time_pc_sec_abs,micros32,micros32_raw,time_local_sec,a0,a1,a2,agent_id,chunk_id
1760899799.4312532,11297258,2892098048,2892.098048,210,80,176,1,20251020_035114
1760899799.4402132,11297293,2892107008,2892.107008,213,80,173,1,20251020_035114
1760899799.4501972,11297332,2892116992,2892.116992,216,80,175,1,20251020_035114
1760899799.4601812,11297371,2892126976,2892.126976,219,81,177,1,20251020_035114
1760899799.4701653,11297410,2892136960,2892.13696,222,80,176,1,20251020_035114
1760899799.4801493,11297449,2892146944,2892.146944,225,81,176,1,20251020_035114
1760899799.4901333,11297488,2892156928,2892.156928,228,81,176,1,20251020_035114
1760899799.5001173,11297527,2892166912,2892.166912,232,81,176,1,20251020_035114
1760899799.5103571,11297567,2892177152,2892.177152,235,81,177,1,20251020_035114
1760899799.5203412,11297606,2892187136,2892.187136,238,82,176,1,20251020_035114
1760899799.5303252,11297645,2892197120,2892.19712,241,82,177,1,20251020_035114
1760899799.5403092,11297684,2892207104,2892.207104,245,82,177,1,20251020_035114
1760899799.5502932,11297723,2892217088,2892.217088,248,83,176,1,20251020_035114
1760899799.5602772,11297762,2892227072,2892.227072,251,84,175,1,20251020_035114
1760899799.5702612,11297801,2892237056,2892.237056,2,86,174,1,20251020_035114
1760899799.5802453,11297840,2892247040,2892.24704,6,87,173,1,20251020_035114
1760899799.5902293,11297879,2892257024,2892.257024,9,88,172,1,20251020_035114
1760899799.6002133,11297918,2892267008,2892.267008,12,88,170,1,20251020_035114
1760899799.6101973,11297957,2892276992,2892.276992,15,89,169,1,20251020_035114
1760899799.620181,11297996,2892286976,2892.286976,18,88,167,1,20251020_035114
1760899799.630165,11298035,2892296960,2892.29696,21,88,166,1,20251020_035114
1760899799.640149,11298074,2892306944,2892.306944,25,87,165,1,20251020_035114
1760899799.6503892,11298114,2892317184,2892.317184,28,86,165,1,20251020_035114
1760899799.6603732,11298153,2892327168,2892.327168,31,86,164,1,20251020_035114
1760899799.6703572,11298192,2892337152,2892.337152,34,87,166,1,20251020_035114
1760899799.6803412,11298231,2892347136,2892.347136,37,84,162,1,20251020_035114
1760899799.6903253,11298270,2892357120,2892.35712,41,83,164,1,20251020_035114
1760899799.7003093,11298309,2892367104,2892.367104,44,83,164,1,20251020_035114
1760899799.7102933,11298348,2892377088,2892.377088,47,82,163,1,20251020_035114
1760899799.7202773,11298387,2892387072,2892.387072,50,81,163,1,20251020_035114
1760899799.730261,11298426,2892397056,2892.397056,53,82,164,1,20251020_035114
1760899799.740245,11298465,2892407040,2892.40704,56,79,162,1,20251020_035114
1760899799.7502291,11298504,2892417024,2892.417024,60,79,163,1,20251020_035114
1760899799.7602131,11298543,2892427008,2892.427008,63,78,162,1,20251020_035114
1760899799.7701972,11298582,2892436992,2892.436992,66,77,163,1,20251020_035114
1760899799.7801812,11298621,2892446976,2892.446976,69,77,161,1,20251020_035114
1760899799.7901652,11298660,2892456960,2892.45696,72,78,163,1,20251020_035114
1760899799.8004053,11298700,2892467200,2892.4672,76,79,164,1,20251020_035114
1760899799.8103893,11298739,2892477184,2892.477184,79,78,163,1,20251020_035114
1760899799.8203733,11298778,2892487168,2892.487168,82,78,164,1,20251020_035114
1760899799.8303573,11298817,2892497152,2892.497152,85,78,163,1,20251020_035114
1760899799.840341,11298856,2892507136,2892.507136,88,78,164,1,20251020_035114
1760899799.850325,11298895,2892517120,2892.51712,92,79,163,1,20251020_035114
1760899799.8603091,11298934,2892527104,2892.527104,95,80,164,1,20251020_035114
1760899799.8702931,11298973,2892537088,2892.537088,98,80,164,1,20251020_035114
1760899799.8802772,11299012,2892547072,2892.547072,101,82,164,1,20251020_035114
1760899799.8902612,11299051,2892557056,2892.557056,104,83,165,1,20251020_035114
1760899799.9002452,11299090,2892567040,2892.56704,107,84,164,1,20251020_035114
1760899799.9102292,11299129,2892577024,2892.577024,111,86,165,1,20251020_035114
1760899799.9202132,11299168,2892587008,2892.587008,114,88,165,1,20251020_035114
1760899799.9301972,11299207,2892596992,2892.596992,117,90,165,1,20251020_035114
1760899799.9404373,11299247,2892607232,2892.607232,120,91,165,1,20251020_035114
1760899799.950421,11299286,2892617216,2892.617216,123,93,166,1,20251020_035114
1760899799.960405,11299325,2892627200,2892.6272,127,95,166,1,20251020_035114
1760899799.9703891,11299364,2892637184,2892.637184,130,96,166,1,20251020_035114
1760899799.9803731,11299403,2892647168,2892.647168,133,99,166,1,20251020_035114
1760899799.9903572,11299442,2892657152,2892.657152,136,101,167,1,20251020_035114
1760899800.0003412,11299481,2892667136,2892.667136,139,103,166,1,20251020_035114
1760899800.0103252,11299520,2892677120,2892.67712,143,105,167,1,20251020_035114
1760899800.0203092,11299559,2892687104,2892.687104,146,107,168,1,20251020_035114
1760899800.0302932,11299598,2892697088,2892.697088,149,107,168,1,20251020_035114
1760899800.0402772,11299637,2892707072,2892.707072,152,109,168,1,20251020_035114
1760899800.0502613,11299676,2892717056,2892.717056,155,109,168,1,20251020_035114
1760899800.0602453,11299715,2892727040,2892.72704,158,110,169,1,20251020_035114
1760899800.0702293,11299754,2892737024,2892.737024,162,111,169,1,20251020_035114
1760899800.0802133,11299793,2892747008,2892.747008,165,112,169,1,20251020_035114
1760899800.0904531,11299833,2892757248,2892.757248,168,113,168,1,20251020_035114
1760899800.1004372,11299872,2892767232,2892.767232,171,113,169,1,20251020_035114
1760899800.1104212,11299911,2892777216,2892.777216,174,113,168,1,20251020_035114
1760899800.1204052,11299950,2892787200,2892.7872,178,114,168,1,20251020_035114
1760899800.1303892,11299989,2892797184,2892.797184,181,114,169,1,20251020_035114
1760899800.1403732,11300028,2892807168,2892.807168,184,115,168,1,20251020_035114
1760899800.1503572,11300067,2892817152,2892.817152,187,116,168,1,20251020_035114
1760899800.1603413,11300106,2892827136,2892.827136,190,116,169,1,20251020_035114
1760899800.1703253,11300145,2892837120,2892.83712,194,116,168,1,20251020_035114
1760899800.1803093,11300184,2892847104,2892.847104,197,115,169,1,20251020_035114
1760899800.1902933,11300223,2892857088,2892.857088,200,114,170,1,20251020_035114
1760899800.200277,11300262,2892867072,2892.867072,203,115,171,1,20251020_035114
1760899800.210261,11300301,2892877056,2892.877056,206,117,171,1,20251020_035114
1760899800.2202451,11300340,2892887040,2892.88704,209,118,174,1,20251020_035114
1760899800.2302291,11300379,2892897024,2892.897024,213,119,175,1,20251020_035114
1760899800.2404692,11300419,2892907264,2892.907264,216,117,175,1,20251020_035114
1760899800.2504532,11300458,2892917248,2892.917248,219,115,176,1,20251020_035114
1760899800.2604373,11300497,2892927232,2892.927232,222,115,175,1,20251020_035114
1760899800.2704213,11300536,2892937216,2892.937216,225,113,175,1,20251020_035114
1760899800.2804053,11300575,2892947200,2892.9472,229,152,176,1,20251020_035114
1760899800.2903893,11300614,2892957184,2892.957184,232,178,176,1,20251020_035114
1760899800.3003733,11300653,2892967168,2892.967168,235,197,175,1,20251020_035114
1760899800.310357,11300692,2892977152,2892.977152,238,196,174,1,20251020_035114
1760899800.320341,11300731,2892987136,2892.987136,241,194,176,1,20251020_035114
1760899800.3303251,11300770,2892997120,2892.99712,244,195,176,1,20251020_035114
1760899800.3403091,11300809,2893007104,2893.007104,248,197,176,1,20251020_035114
1760899800.3502932,11300848,2893017088,2893.017088,251,198,176,1,20251020_035114
1760899800.3602772,11300887,2893027072,2893.027072,254,196,176,1,20251020_035114
1760899800.3702612,11300926,2893037056,2893.037056,2,197,176,1,20251020_035114
1760899800.3805013,11300966,2893047296,2893.047296,5,197,177,1,20251020_035114
1760899800.3904853,11301005,2893057280,2893.05728,9,197,177,1,20251020_035114
1760899800.4004693,11301044,2893067264,2893.067264,12,198,177,1,20251020_035114
1760899800.410453,11301083,2893077248,2893.077248,15,197,176,1,20251020_035114
1760899800.420437,11301122,2893087232,2893.087232,18,197,176,1,20251020_035114
1760899800.430421,11301161,2893097216,2893.097216,21,197,177,1,20251020_035114
1760899800.4404051,11301200,2893107200,2893.1072,25,196,176,1,20251020_035114
1760899800.4503891,11301239,2893117184,2893.117184,28,197,177,1,20251020_035114
1760899800.4603732,11301278,2893127168,2893.127168,31,197,177,1,20251020_035114
1760899800.4703572,11301317,2893137152,2893.137152,34,197,177,1,20251020_035114
1760899800.4803412,11301356,2893147136,2893.147136,37,196,176,1,20251020_035114
1760899800.4903252,11301395,2893157120,2893.15712,40,197,177,1,20251020_035114
1760899800.5003092,11301434,2893167104,2893.167104,44,197,176,1,20251020_035114
1760899800.5102932,11301473,2893177088,2893.177088,47,197,177,1,20251020_035114
1760899800.5202773,11301512,2893187072,2893.187072,50,196,176,1,20251020_035114
1760899800.530517,11301552,2893197312,2893.197312,53,196,177,1,20251020_035114
1760899800.540501,11301591,2893207296,2893.207296,56,195,177,1,20251020_035114
1760899800.5504851,11301630,2893217280,2893.21728,60,195,177,1,20251020_035114
1760899800.5604692,11301669,2893227264,2893.227264,63,195,177,1,20251020_035114
1760899800.5704532,11301708,2893237248,2893.237248,66,195,177,1,20251020_035114
1760899800.5804372,11301747,2893247232,2893.247232,69,194,177,1,20251020_035114
1760899800.5904212,11301786,2893257216,2893.257216,72,193,178,1,20251020_035114
1760899800.6004052,11301825,2893267200,2893.2672,76,192,176,1,20251020_035114
1760899800.6103892,11301864,2893277184,2893.277184,79,191,176,1,20251020_035114
1760899800.6203732,11301903,2893287168,2893.287168,82,190,176,1,20251020_035114
1760899800.6303573,11301942,2893297152,2893.297152,85,189,175,1,20251020_035114
1760899800.6403413,11301981,2893307136,2893.307136,88,188,175,1,20251020_035114
1760899800.6503253,11302020,2893317120,2893.31712,91,188,174,1,20251020_035114
1760899800.6603093,11302059,2893327104,2893.327104,95,188,172,1,20251020_035114
1760899800.6705492,11302099,2893337344,2893.337344,98,186,171,1,20251020_035114
1760899800.6805332,11302138,2893347328,2893.347328,101,185,170,1,20251020_035114
1760899800.6905172,11302177,2893357312,2893.357312,104,186,170,1,20251020_035114
1760899800.7005012,11302216,2893367296,2893.367296,107,187,169,1,20251020_035114
1760899800.7104852,11302255,2893377280,2893.37728,111,186,170,1,20251020_035114
1760899800.7204692,11302294,2893387264,2893.387264,114,185,169,1,20251020_035114
1760899800.7304533,11302333,2893397248,2893.397248,117,185,169,1,20251020_035114
1760899800.7404373,11302372,2893407232,2893.407232,120,185,169,1,20251020_035114
1760899800.7504213,11302411,2893417216,2893.417216,123,184,169,1,20251020_035114
1760899800.7604053,11302450,2893427200,2893.4272,126,184,169,1,20251020_035114
1760899800.7703893,11302489,2893437184,2893.437184,130,185,169,1,20251020_035114
1760899800.780373,11302528,2893447168,2893.447168,133,185,169,1,20251020_035114
1760899800.790357,11302567,2893457152,2893.457152,136,186,169,1,20251020_035114
1760899800.8003411,11302606,2893467136,2893.467136,139,186,170,1,20251020_035114
1760899800.8105812,11302646,2893477376,2893.477376,142,186,170,1,20251020_035114
1760899800.8205652,11302685,2893487360,2893.48736,146,186,171,1,20251020_035114
1760899800.8305492,11302724,2893497344,2893.497344,149,187,171,1,20251020_035114
1760899800.8405333,11302763,2893507328,2893.507328,152,187,171,1,20251020_035114
1760899800.8505173,11302802,2893517312,2893.517312,155,187,172,1,20251020_035114
1760899800.8605013,11302841,2893527296,2893.527296,158,188,171,1,20251020_035114
1760899800.8704853,11302880,2893537280,2893.53728,162,189,173,1,20251020_035114
1760899800.880469,11302919,2893547264,2893.547264,165,188,173,1,20251020_035114
1760899800.890453,11302958,2893557248,2893.557248,168,186,174,1,20251020_035114
1760899800.900437,11302997,2893567232,2893.567232,171,186,175,1,20251020_035114
1760899800.9104211,11303036,2893577216,2893.577216,174,187,175,1,20251020_035114
1760899800.9204051,11303075,2893587200,2893.5872,177,188,175,1,20251020_035114
1760899800.9303892,11303114,2893597184,2893.597184,181,190,175,1,20251020_035114
1760899800.9403732,11303153,2893607168,2893.607168,184,191,176,1,20251020_035114
1760899800.9503572,11303192,2893617152,2893.617152,187,193,175,1,20251020_035114
1760899800.9605973,11303232,2893627392,2893.627392,190,194,176,1,20251020_035114
1760899800.9705813,11303271,2893637376,2893.637376,193,193,175,1,20251020_035114
1760899800.9805653,11303310,2893647360,2893.64736,197,190,176,1,20251020_035114
1760899800.990549,11303349,2893657344,2893.657344,200,190,176,1,20251020_035114
1760899801.000533,11303388,2893667328,2893.667328,203,189,177,1,20251020_035114
1760899801.0105171,11303427,2893677312,2893.677312,206,189,176,1,20251020_035114
1760899801.0205011,11303466,2893687296,2893.687296,209,190,175,1,20251020_035114
1760899801.0304852,11303505,2893697280,2893.69728,213,190,176,1,20251020_035114
1760899801.0404692,11303544,2893707264,2893.707264,216,191,175,1,20251020_035114
1760899801.0504532,11303583,2893717248,2893.717248,219,193,177,1,20251020_035114
1760899801.0604372,11303622,2893727232,2893.727232,222,194,177,1,20251020_035114
1760899801.0704212,11303661,2893737216,2893.737216,225,195,177,1,20251020_035114
1760899801.0804052,11303700,2893747200,2893.7472,228,195,178,1,20251020_035114
1760899801.0903893,11303739,2893757184,2893.757184,232,195,177,1,20251020_035114
1760899801.100629,11303779,2893767424,2893.767424,235,195,174,1,20251020_035114
1760899801.110613,11303818,2893777408,2893.777408,238,196,177,1,20251020_035114
1760899801.1205971,11303857,2893787392,2893.787392,241,196,178,1,20251020_035114
1760899801.1305811,11303896,2893797376,2893.797376,244,196,177,1,20251020_035114
1760899801.1405652,11303935,2893807360,2893.80736,248,196,178,1,20251020_035114
1760899801.1505492,11303974,2893817344,2893.817344,251,196,177,1,20251020_035114
1760899801.1605332,11304013,2893827328,2893.827328,254,196,177,1,20251020_035114
1760899801.1705172,11304052,2893837312,2893.837312,2,196,177,1,20251020_035114
1760899801.1805012,11304091,2893847296,2893.847296,5,196,177,1,20251020_035114
1760899801.1904852,11304130,2893857280,2893.85728,9,196,177,1,20251020_035114
1760899801.2004693,11304169,2893867264,2893.867264,12,196,177,1,20251020_035114
1760899801.2104533,11304208,2893877248,2893.877248,15,196,177,1,20251020_035114
1760899801.2204373,11304247,2893887232,2893.887232,18,196,176,1,20251020_035114
1760899801.2304213,11304286,2893897216,2893.897216,21,196,177,1,20251020_035114
1760899801.2406611,11304326,2893907456,2893.907456,24,196,177,1,20251020_035114
1760899801.2506452,11304365,2893917440,2893.91744,28,196,176,1,20251020_035114
1760899801.2606292,11304404,2893927424,2893.927424,31,196,176,1,20251020_035114
1760899801.2706132,11304443,2893937408,2893.937408,34,196,175,1,20251020_035114
1760899801.2805972,11304482,2893947392,2893.947392,37,196,175,1,20251020_035114
1760899801.2905812,11304521,2893957376,2893.957376,40,196,174,1,20251020_035114
1760899801.3005652,11304560,2893967360,2893.96736,44,196,172,1,20251020_035114
1760899801.3105493,11304599,2893977344,2893.977344,47,196,169,1,20251020_035114
1760899801.3205333,11304638,2893987328,2893.987328,50,196,162,1,20251020_035114
1760899801.3305173,11304677,2893997312,2893.997312,53,196,150,1,20251020_035114
1760899801.3405013,11304716,2894007296,2894.007296,56,196,134,1,20251020_035114
1760899801.350485,11304755,2894017280,2894.01728,60,195,127,1,20251020_035114
1760899801.360469,11304794,2894027264,2894.027264,63,195,121,1,20251020_035114
1760899801.3704531,11304833,2894037248,2894.037248,66,195,115,1,20251020_035114
1760899801.3806932,11304873,2894047488,2894.047488,69,193,104,1,20251020_035114
1760899801.3906772,11304912,2894057472,2894.057472,72,193,96,1,20251020_035114
1760899801.4006612,11304951,2894067456,2894.067456,75,193,96,1,20251020_035114
1760899801.4106452,11304990,2894077440,2894.07744,79,192,98,1,20251020_035114
1760899801.4206293,11305029,2894087424,2894.087424,82,191,98,1,20251020_035114
1760899801.4306133,11305068,2894097408,2894.097408,85,191,95,1,20251020_035114
1760899801.4405973,11305107,2894107392,2894.107392,88,191,98,1,20251020_035114
1760899801.4505813,11305146,2894117376,2894.117376,91,190,97,1,20251020_035114
1760899801.460565,11305185,2894127360,2894.12736,95,190,97,1,20251020_035114
1760899801.470549,11305224,2894137344,2894.137344,98,192,97,1,20251020_035114
1760899801.4805331,11305263,2894147328,2894.147328,101,195,98,1,20251020_035114
1760899801.4905171,11305302,2894157312,2894.157312,104,194,95,1,20251020_035114
1760899801.5005012,11305341,2894167296,2894.167296,107,189,97,1,20251020_035114
1760899801.5104852,11305380,2894177280,2894.17728,110,184,97,1,20251020_035114
1760899801.5204692,11305419,2894187264,2894.187264,114,184,96,1,20251020_035114
1760899801.5307093,11305459,2894197504,2894.197504,117,183,95,1,20251020_035114
1760899801.5406933,11305498,2894207488,2894.207488,120,184,97,1,20251020_035114
1760899801.5506773,11305537,2894217472,2894.217472,123,184,96,1,20251020_035114
1760899801.5606613,11305576,2894227456,2894.227456,126,184,97,1,20251020_035114
1760899801.570645,11305615,2894237440,2894.23744,130,184,98,1,20251020_035114
1760899801.580629,11305654,2894247424,2894.247424,133,184,98,1,20251020_035114
1760899801.5906131,11305693,2894257408,2894.257408,136,184,97,1,20251020_035114
1760899801.6005971,11305732,2894267392,2894.267392,139,184,96,1,20251020_035114
1760899801.6105812,11305771,2894277376,2894.277376,142,184,97,1,20251020_035114
1760899801.6205652,11305810,2894287360,2894.28736,146,184,98,1,20251020_035114
1760899801.6305492,11305849,2894297344,2894.297344,149,183,99,1,20251020_035114
1760899801.6405332,11305888,2894307328,2894.307328,152,184,100,1,20251020_035114
1760899801.6505172,11305927,2894317312,2894.317312,155,182,102,1,20251020_035114
1760899801.6605012,11305966,2894327296,2894.327296,158,181,105,1,20251020_035114
1760899801.670741,11306006,2894337536,2894.337536,161,183,110,1,20251020_035114
1760899801.680725,11306045,2894347520,2894.34752,165,187,120,1,20251020_035114
1760899801.690709,11306084,2894357504,2894.357504,168,184,132,1,20251020_035114
1760899801.7006931,11306123,2894367488,2894.367488,171,184,146,1,20251020_035114
1760899801.7106771,11306162,2894377472,2894.377472,174,183,153,1,20251020_035114
1760899801.7206612,11306201,2894387456,2894.387456,177,183,159,1,20251020_035114
1760899801.7306452,11306240,2894397440,2894.39744,181,182,162,1,20251020_035114
1760899801.7406292,11306279,2894407424,2894.407424,184,180,166,1,20251020_035114
1760899801.7506132,11306318,2894417408,2894.417408,187,181,166,1,20251020_035114
1760899801.7605972,11306357,2894427392,2894.427392,190,181,166,1,20251020_035114
1760899801.7705812,11306396,2894437376,2894.437376,193,181,167,1,20251020_035114
1760899801.7805653,11306435,2894447360,2894.44736,197,180,168,1,20251020_035114
1760899801.7905493,11306474,2894457344,2894.457344,200,180,169,1,20251020_035114
1760899801.8005333,11306513,2894467328,2894.467328,203,181,170,1,20251020_035114
1760899801.8105173,11306552,2894477312,2894.477312,206,181,170,1,20251020_035114
1760899801.8207572,11306592,2894487552,2894.487552,209,182,170,1,20251020_035114
1760899801.8307412,11306631,2894497536,2894.497536,212,183,170,1,20251020_035114
1760899801.8407252,11306670,2894507520,2894.50752,216,184,171,1,20251020_035114
1760899801.8507092,11306709,2894517504,2894.517504,219,185,171,1,20251020_035114
1760899801.8606932,11306748,2894527488,2894.527488,222,186,171,1,20251020_035114
1760899801.8706772,11306787,2894537472,2894.537472,225,188,171,1,20251020_035114
1760899801.8806612,11306826,2894547456,2894.547456,228,191,171,1,20251020_035114
1760899801.8906453,11306865,2894557440,2894.55744,232,191,171,1,20251020_035114
1760899801.9006293,11306904,2894567424,2894.567424,235,192,171,1,20251020_035114
1760899801.9106133,11306943,2894577408,2894.577408,238,193,171,1,20251020_035114
1760899801.9205973,11306982,2894587392,2894.587392,241,194,172,1,20251020_035114
1760899801.930581,11307021,2894597376,2894.597376,244,195,172,1,20251020_035114
1760899801.940565,11307060,2894607360,2894.60736,248,195,171,1,20251020_035114
1760899801.9505491,11307099,2894617344,2894.617344,251,195,171,1,20251020_035114
1760899801.9607892,11307139,2894627584,2894.627584,254,196,171,1,20251020_035114
1760899801.9707732,11307178,2894637568,2894.637568,2,196,171,1,20251020_035114
1760899801.9807572,11307217,2894647552,2894.647552,5,196,171,1,20251020_035114
1760899801.9907413,11307256,2894657536,2894.657536,8,196,170,1,20251020_035114
1760899802.0007253,11307295,2894667520,2894.66752,12,196,169,1,20251020_035114
1760899802.0107093,11307334,2894677504,2894.677504,15,197,169,1,20251020_035114
1760899802.0206933,11307373,2894687488,2894.687488,18,198,169,1,20251020_035114
1760899802.0306773,11307412,2894697472,2894.697472,21,197,169,1,20251020_035114
1760899802.040661,11307451,2894707456,2894.707456,24,197,165,1,20251020_035114
1760899802.050645,11307490,2894717440,2894.71744,28,197,167,1,20251020_035114
1760899802.0606291,11307529,2894727424,2894.727424,31,197,166,1,20251020_035114
1760899802.0706131,11307568,2894737408,2894.737408,34,197,165,1,20251020_035114
1760899802.0805972,11307607,2894747392,2894.747392,37,197,164,1,20251020_035114
1760899802.0905812,11307646,2894757376,2894.757376,40,196,160,1,20251020_035114
1760899802.1005652,11307685,2894767360,2894.76736,43,197,160,1,20251020_035114
1760899802.1108053,11307725,2894777600,2894.7776,47,196,158,1,20251020_035114
1760899802.1207893,11307764,2894787584,2894.787584,50,196,157,1,20251020_035114
1760899802.1307733,11307803,2894797568,2894.797568,53,196,157,1,20251020_035114
1760899802.140757,11307842,2894807552,2894.807552,56,196,152,1,20251020_035114
1760899802.150741,11307881,2894817536,2894.817536,59,196,142,1,20251020_035114
1760899802.160725,11307920,2894827520,2894.82752,63,196,133,1,20251020_035114
1760899802.1707091,11307959,2894837504,2894.837504,66,194,131,1,20251020_035114
1760899802.1806931,11307998,2894847488,2894.847488,69,194,126,1,20251020_035114
1760899802.1906772,11308037,2894857472,2894.857472,72,192,122,1,20251020_035114
1760899802.2006612,11308076,2894867456,2894.867456,75,191,117,1,20251020_035114
1760899802.2106452,11308115,2894877440,2894.87744,79,189,114,1,20251020_035114
1760899802.2206292,11308154,2894887424,2894.887424,82,187,111,1,20251020_035114
1760899802.2306132,11308193,2894897408,2894.897408,85,186,109,1,20251020_035114
1760899802.2405972,11308232,2894907392,2894.907392,88,184,107,1,20251020_035114
1760899802.250837,11308272,2894917632,2894.917632,91,182,105,1,20251020_035114
1760899802.260821,11308311,2894927616,2894.927616,94,181,103,1,20251020_035114
1760899802.2708051,11308350,2894937600,2894.9376,98,179,102,1,20251020_035114
1760899802.2807891,11308389,2894947584,2894.947584,101,177,99,1,20251020_035114
1760899802.2907732,11308428,2894957568,2894.957568,104,176,99,1,20251020_035114
1760899802.3007572,11308467,2894967552,2894.967552,107,174,99,1,20251020_035114
1760899802.3107412,11308506,2894977536,2894.977536,110,173,97,1,20251020_035114
1760899802.3207252,11308545,2894987520,2894.98752,114,171,95,1,20251020_035114
1760899802.3307092,11308584,2894997504,2894.997504,117,171,93,1,20251020_035114
1760899802.3406932,11308623,2895007488,2895.007488,120,171,94,1,20251020_035114
1760899802.3506773,11308662,2895017472,2895.017472,123,171,94,1,20251020_035114
1760899802.3606613,11308701,2895027456,2895.027456,126,171,96,1,20251020_035114
1760899802.3706453,11308740,2895037440,2895.03744,130,171,96,1,20251020_035114
1760899802.3808851,11308780,2895047680,2895.04768,133,171,96,1,20251020_035114
1760899802.3908691,11308819,2895057664,2895.057664,136,172,97,1,20251020_035114
1760899802.4008532,11308858,2895067648,2895.067648,139,173,95,1,20251020_035114
1760899802.4108372,11308897,2895077632,2895.077632,142,175,95,1,20251020_035114
1760899802.4208212,11308936,2895087616,2895.087616,145,176,97,1,20251020_035114
1760899802.4308052,11308975,2895097600,2895.0976,149,174,94,1,20251020_035114
1760899802.4407892,11309014,2895107584,2895.107584,152,175,92,1,20251020_035114
1760899802.4507732,11309053,2895117568,2895.117568,155,177,96,1,20251020_035114
1760899802.4610133,11309093,2895127808,2895.127808,158,179,96,1,20251020_035114
1760899802.470997,11309132,2895137792,2895.137792,161,180,97,1,20251020_035114
1760899802.480981,11309171,2895147776,2895.147776,165,181,99,1,20251020_035114
1760899802.4909651,11309210,2895157760,2895.15776,168,185,101,1,20251020_035114
1760899802.5009491,11309249,2895167744,2895.167744,171,185,104,1,20251020_035114
1760899802.5109332,11309288,2895177728,2895.177728,174,187,107,1,20251020_035114
1760899802.5209172,11309327,2895187712,2895.187712,177,191,110,1,20251020_035114
1760899802.5311573,11309367,2895197952,2895.197952,181,192,114,1,20251020_035114
1760899802.5411413,11309406,2895207936,2895.207936,184,193,120,1,20251020_035114
1760899802.5511253,11309445,2895217920,2895.21792,187,194,127,1,20251020_035114
1760899802.5611093,11309484,2895227904,2895.227904,190,193,130,1,20251020_035114
1760899802.571093,11309523,2895237888,2895.237888,193,193,134,1,20251020_035114
1760899802.581077,11309562,2895247872,2895.247872,197,193,141,1,20251020_035114
1760899802.591061,11309601,2895257856,2895.257856,200,194,146,1,20251020_035114
1760899802.6013012,11309641,2895268096,2895.268096,203,195,153,1,20251020_035114
1760899802.6112852,11309680,2895278080,2895.27808,206,196,158,1,20251020_035114
1760899802.6212692,11309719,2895288064,2895.288064,209,195,162,1,20251020_035114
1760899802.6312532,11309758,2895298048,2895.298048,213,195,164,1,20251020_035114
1760899802.6412373,11309797,2895308032,2895.308032,216,196,164,1,20251020_035114
1760899802.6512213,11309836,2895318016,2895.318016,219,196,166,1,20251020_035114
1760899802.6612053,11309875,2895328000,2895.328,222,197,166,1,20251020_035114
1760899802.6711893,11309914,2895337984,2895.337984,225,196,167,1,20251020_035114
1760899802.681173,11309953,2895347968,2895.347968,228,197,169,1,20251020_035114
1760899802.6914132,11309993,2895358208,2895.358208,232,197,169,1,20251020_035114
1760899802.7013972,11310032,2895368192,2895.368192,235,197,170,1,20251020_035114
1760899802.7113812,11310071,2895378176,2895.378176,238,196,170,1,20251020_035114
1760899802.7213652,11310110,2895388160,2895.38816,241,196,170,1,20251020_035114
1760899802.7313492,11310149,2895398144,2895.398144,244,195,169,1,20251020_035114
1760899802.7413332,11310188,2895408128,2895.408128,248,196,170,1,20251020_035114
1760899802.7513173,11310227,2895418112,2895.418112,251,196,171,1,20251020_035114
1760899802.7613013,11310266,2895428096,2895.428096,254,196,171,1,20251020_035114
1760899802.7712853,11310305,2895438080,2895.43808,2,196,170,1,20251020_035114
1760899802.7812693,11310344,2895448064,2895.448064,5,197,171,1,20251020_035114
1760899802.791253,11310383,2895458048,2895.458048,9,196,171,1,20251020_035114
1760899802.801237,11310422,2895468032,2895.468032,12,196,171,1,20251020_035114
1760899802.8112211,11310461,2895478016,2895.478016,15,196,172,1,20251020_035114
1760899802.8212051,11310500,2895488000,2895.488,18,196,171,1,20251020_035114
1760899802.8314452,11310540,2895498240,2895.49824,21,196,172,1,20251020_035114
1760899802.8414292,11310579,2895508224,2895.508224,24,195,172,1,20251020_035114
1760899802.8514132,11310618,2895518208,2895.518208,28,194,172,1,20251020_035114
1760899802.8613973,11310657,2895528192,2895.528192,31,195,172,1,20251020_035114
1760899802.8713813,11310696,2895538176,2895.538176,34,194,171,1,20251020_035114
1760899802.8813653,11310735,2895548160,2895.54816,37,195,170,1,20251020_035114
1760899802.8913493,11310774,2895558144,2895.558144,40,194,167,1,20251020_035114
1760899802.901333,11310813,2895568128,2895.568128,44,194,166,1,20251020_035114
1760899802.911317,11310852,2895578112,2895.578112,47,194,162,1,20251020_035114
1760899802.9213011,11310891,2895588096,2895.588096,50,194,157,1,20251020_035114
1760899802.9312851,11310930,2895598080,2895.59808,53,194,150,1,20251020_035114
1760899802.9412692,11310969,2895608064,2895.608064,56,194,137,1,20251020_035114
1760899802.9512532,11311008,2895618048,2895.618048,59,194,124,1,20251020_035114
1760899802.9612372,11311047,2895628032,2895.628032,63,194,116,1,20251020_035114
1760899802.9712212,11311086,2895638016,2895.638016,66,193,110,1,20251020_035114
1760899802.9814613,11311126,2895648256,2895.648256,69,193,104,1,20251020_035114
1760899802.9914453,11311165,2895658240,2895.65824,72,193,100,1,20251020_035114
1760899803.001429,11311204,2895668224,2895.668224,75,193,95,1,20251020_035114
1760899803.011413,11311243,2895678208,2895.678208,79,191,96,1,20251020_035114
1760899803.021397,11311282,2895688192,2895.688192,82,191,99,1,20251020_035114
1760899803.0313811,11311321,2895698176,2895.698176,85,189,96,1,20251020_035114
1760899803.0413651,11311360,2895708160,2895.70816,88,187,95,1,20251020_035114
1760899803.0513492,11311399,2895718144,2895.718144,91,185,94,1,20251020_035114
1760899803.0613332,11311438,2895728128,2895.728128,95,183,95,1,20251020_035114
1760899803.0713172,11311477,2895738112,2895.738112,98,181,95,1,20251020_035114
1760899803.0813012,11311516,2895748096,2895.748096,101,181,97,1,20251020_035114
1760899803.0912852,11311555,2895758080,2895.75808,104,180,96,1,20251020_035114
1760899803.1012692,11311594,2895768064,2895.768064,107,178,97,1,20251020_035114
1760899803.1112533,11311633,2895778048,2895.778048,110,178,97,1,20251020_035114
1760899803.121493,11311673,2895788288,2895.788288,114,179,97,1,20251020_035114
1760899803.131477,11311712,2895798272,2895.798272,117,177,96,1,20251020_035114
1760899803.1414611,11311751,2895808256,2895.808256,120,178,96,1,20251020_035114
1760899803.1514452,11311790,2895818240,2895.81824,123,176,95,1,20251020_035114
1760899803.1614292,11311829,2895828224,2895.828224,126,174,96,1,20251020_035114
1760899803.1714132,11311868,2895838208,2895.838208,130,174,96,1,20251020_035114
1760899803.1813972,11311907,2895848192,2895.848192,133,174,97,1,20251020_035114
1760899803.1913812,11311946,2895858176,2895.858176,136,175,98,1,20251020_035114
1760899803.2013652,11311985,2895868160,2895.86816,139,174,99,1,20251020_035114
1760899803.2113492,11312024,2895878144,2895.878144,142,174,98,1,20251020_035114
1760899803.2213333,11312063,2895888128,2895.888128,146,174,100,1,20251020_035114
1760899803.2313173,11312102,2895898112,2895.898112,149,175,101,1,20251020_035114
1760899803.2413013,11312141,2895908096,2895.908096,152,175,102,1,20251020_035114
1760899803.2512853,11312180,2895918080,2895.91808,155,176,103,1,20251020_035114
1760899803.261269,11312219,2895928064,2895.928064,158,177,107,1,20251020_035114
1760899803.2715092,11312259,2895938304,2895.938304,161,179,110,1,20251020_035114
1760899803.2814932,11312298,2895948288,2895.948288,165,180,121,1,20251020_035114
1760899803.2914772,11312337,2895958272,2895.958272,168,181,131,1,20251020_035114
1760899803.3014612,11312376,2895968256,2895.968256,171,183,139,1,20251020_035114
1760899803.3114452,11312415,2895978240,2895.97824,174,183,147,1,20251020_035114
1760899803.3214293,11312454,2895988224,2895.988224,177,183,154,1,20251020_035114
1760899803.3314133,11312493,2895998208,2895.998208,181,183,161,1,20251020_035114
1760899803.3413973,11312532,2896008192,2896.008192,184,183,163,1,20251020_035114
1760899803.3513813,11312571,2896018176,2896.018176,187,183,163,1,20251020_035114
1760899803.3613653,11312610,2896028160,2896.02816,190,184,162,1,20251020_035114
1760899803.371349,11312649,2896038144,2896.038144,193,185,165,1,20251020_035114
1760899803.381333,11312688,2896048128,2896.048128,197,186,166,1,20251020_035114
1760899803.3913171,11312727,2896058112,2896.058112,200,187,166,1,20251020_035114
1760899803.4013011,11312766,2896068096,2896.068096,203,188,167,1,20251020_035114
1760899803.4115412,11312806,2896078336,2896.078336,206,190,168,1,20251020_035114
1760899803.4215252,11312845,2896088320,2896.08832,209,190,168,1,20251020_035114
1760899803.4315093,11312884,2896098304,2896.098304,212,191,167,1,20251020_035114
1760899803.4414933,11312923,2896108288,2896.108288,216,194,168,1,20251020_035114
1760899803.4514773,11312962,2896118272,2896.118272,219,194,168,1,20251020_035114
1760899803.4614613,11313001,2896128256,2896.128256,222,194,168,1,20251020_035114
1760899803.471445,11313040,2896138240,2896.13824,225,194,168,1,20251020_035114
1760899803.481429,11313079,2896148224,2896.148224,228,194,168,1,20251020_035114
1760899803.491413,11313118,2896158208,2896.158208,232,195,169,1,20251020_035114
1760899803.5013971,11313157,2896168192,2896.168192,235,195,169,1,20251020_035114
1760899803.5113811,11313196,2896178176,2896.178176,238,195,169,1,20251020_035114
1760899803.5213652,11313235,2896188160,2896.18816,241,197,170,1,20251020_035114
1760899803.5313492,11313274,2896198144,2896.198144,244,196,169,1,20251020_035114
1760899803.5413332,11313313,2896208128,2896.208128,247,196,170,1,20251020_035114
1760899803.5513172,11313352,2896218112,2896.218112,251,197,170,1,20251020_035114
1760899803.5615573,11313392,2896228352,2896.228352,254,198,169,1,20251020_035114
1760899803.5715413,11313431,2896238336,2896.238336,2,197,168,1,20251020_035114
1760899803.581525,11313470,2896248320,2896.24832,5,197,168,1,20251020_035114
1760899803.591509,11313509,2896258304,2896.258304,8,197,168,1,20251020_035114
1760899803.6014931,11313548,2896268288,2896.268288,12,197,166,1,20251020_035114
1760899803.6114771,11313587,2896278272,2896.278272,15,197,165,1,20251020_035114
1760899803.6214612,11313626,2896288256,2896.288256,18,197,164,1,20251020_035114
1760899803.6314452,11313665,2896298240,2896.29824,21,197,164,1,20251020_035114
1760899803.6414292,11313704,2896308224,2896.308224,24,197,161,1,20251020_035114
1760899803.6514132,11313743,2896318208,2896.318208,28,198,161,1,20251020_035114
1760899803.6613972,11313782,2896328192,2896.328192,31,197,158,1,20251020_035114
1760899803.6713812,11313821,2896338176,2896.338176,34,197,156,1,20251020_035114
1760899803.6813653,11313860,2896348160,2896.34816,37,198,149,1,20251020_035114
1760899803.6913493,11313899,2896358144,2896.358144,40,197,138,1,20251020_035114
1760899803.701589,11313939,2896368384,2896.368384,43,197,127,1,20251020_035114
1760899803.7115731,11313978,2896378368,2896.378368,47,197,116,1,20251020_035114
1760899803.7215571,11314017,2896388352,2896.388352,50,197,107,1,20251020_035114
1760899803.7315412,11314056,2896398336,2896.398336,53,197,101,1,20251020_035114
1760899803.7415252,11314095,2896408320,2896.40832,56,197,97,1,20251020_035114
1760899803.7515092,11314134,2896418304,2896.418304,59,197,93,1,20251020_035114
1760899803.7614932,11314173,2896428288,2896.428288,63,197,93,1,20251020_035114
1760899803.7714772,11314212,2896438272,2896.438272,66,197,94,1,20251020_035114
1760899803.7814612,11314251,2896448256,2896.448256,69,197,93,1,20251020_035114
1760899803.7914453,11314290,2896458240,2896.45824,72,197,95,1,20251020_035114
1760899803.8014293,11314329,2896468224,2896.468224,75,197,94,1,20251020_035114
1760899803.8114133,11314368,2896478208,2896.478208,79,197,90,1,20251020_035114
1760899803.8213973,11314407,2896488192,2896.488192,82,197,92,1,20251020_035114
1760899803.831381,11314446,2896498176,2896.498176,85,197,93,1,20251020_035114
1760899803.841365,11314485,2896508160,2896.50816,88,196,94,1,20251020_035114
1760899803.8516052,11314525,2896518400,2896.5184,91,196,94,1,20251020_035114
1760899803.8615892,11314564,2896528384,2896.528384,94,196,94,1,20251020_035114
1760899803.8715732,11314603,2896538368,2896.538368,98,195,93,1,20251020_035114
1760899803.8815572,11314642,2896548352,2896.548352,101,194,95,1,20251020_035114
1760899803.8915412,11314681,2896558336,2896.558336,104,193,94,1,20251020_035114
1760899803.9015253,11314720,2896568320,2896.56832,107,193,97,1,20251020_035114
1760899803.9115093,11314759,2896578304,2896.578304,110,193,96,1,20251020_035114
1760899803.9214933,11314798,2896588288,2896.588288,114,193,96,1,20251020_035114
1760899803.9314773,11314837,2896598272,2896.598272,117,193,97,1,20251020_035114
1760899803.941461,11314876,2896608256,2896.608256,120,193,98,1,20251020_035114
1760899803.951445,11314915,2896618240,2896.61824,123,193,99,1,20251020_035114
1760899803.961429,11314954,2896628224,2896.628224,126,193,99,1,20251020_035114
1760899803.9714131,11314993,2896638208,2896.638208,130,193,102,1,20251020_035114
1760899803.9813972,11315032,2896648192,2896.648192,133,193,104,1,20251020_035114
1760899803.9916372,11315072,2896658432,2896.658432,136,193,107,1,20251020_035114
1760899804.0016212,11315111,2896668416,2896.668416,139,193,110,1,20251020_035114
1760899804.0116053,11315150,2896678400,2896.6784,142,193,114,1,20251020_035114
1760899804.0215893,11315189,2896688384,2896.688384,145,193,121,1,20251020_035114
1760899804.0315733,11315228,2896698368,2896.698368,149,192,127,1,20251020_035114
1760899804.0415573,11315267,2896708352,2896.708352,152,193,132,1,20251020_035114
1760899804.051541,11315306,2896718336,2896.718336,155,194,137,1,20251020_035114
1760899804.061525,11315345,2896728320,2896.72832,158,194,142,1,20251020_035114
1760899804.0715091,11315384,2896738304,2896.738304,161,194,147,1,20251020_035114
1760899804.0814931,11315423,2896748288,2896.748288,165,195,152,1,20251020_035114
1760899804.0914772,11315462,2896758272,2896.758272,168,194,157,1,20251020_035114
1760899804.1014612,11315501,2896768256,2896.768256,171,194,162,1,20251020_035114
1760899804.1114452,11315540,2896778240,2896.77824,174,194,163,1,20251020_035114
1760899804.1214292,11315579,2896788224,2896.788224,177,194,164,1,20251020_035114
1760899804.1314132,11315618,2896798208,2896.798208,180,194,163,1,20251020_035114
1760899804.1416533,11315658,2896808448,2896.808448,184,194,161,1,20251020_035114
1760899804.1516373,11315697,2896818432,2896.818432,187,194,164,1,20251020_035114
1760899804.161621,11315736,2896828416,2896.828416,190,194,166,1,20251020_035114
1760899804.171605,11315775,2896838400,2896.8384,193,194,166,1,20251020_035114
1760899804.1815891,11315814,2896848384,2896.848384,196,194,165,1,20251020_035114
1760899804.1915731,11315853,2896858368,2896.858368,200,195,167,1,20251020_035114
1760899804.2015572,11315892,2896868352,2896.868352,203,195,167,1,20251020_035114
1760899804.2115412,11315931,2896878336,2896.878336,206,195,167,1,20251020_035114
1760899804.2215252,11315970,2896888320,2896.88832,209,197,169,1,20251020_035114
1760899804.2315092,11316009,2896898304,2896.898304,212,196,168,1,20251020_035114
1760899804.2414932,11316048,2896908288,2896.908288,216,196,168,1,20251020_035114
1760899804.2514772,11316087,2896918272,2896.918272,219,196,169,1,20251020_035114
1760899804.2614613,11316126,2896928256,2896.928256,222,196,170,1,20251020_035114
1760899804.2714453,11316165,2896938240,2896.93824,225,196,169,1,20251020_035114
1760899804.2814293,11316204,2896948224,2896.948224,228,197,167,1,20251020_035114
1760899804.2916691,11316244,2896958464,2896.958464,231,197,168,1,20251020_035114
1760899804.3016531,11316283,2896968448,2896.968448,235,197,169,1,20251020_035114
1760899804.3116372,11316322,2896978432,2896.978432,238,198,169,1,20251020_035114
1760899804.3216212,11316361,2896988416,2896.988416,241,198,170,1,20251020_035114
1760899804.3316052,11316400,2896998400,2896.9984,244,198,170,1,20251020_035114
1760899804.3415892,11316439,2897008384,2897.008384,247,198,171,1,20251020_035114
1760899804.3515732,11316478,2897018368,2897.018368,251,198,170,1,20251020_035114
1760899804.3615572,11316517,2897028352,2897.028352,254,198,170,1,20251020_035114
1760899804.3715413,11316556,2897038336,2897.038336,2,198,168,1,20251020_035114
1760899804.3815253,11316595,2897048320,2897.04832,5,198,170,1,20251020_035114
1760899804.3915093,11316634,2897058304,2897.058304,8,198,169,1,20251020_035114
1760899804.4014933,11316673,2897068288,2897.068288,12,198,169,1,20251020_035114
1760899804.411477,11316712,2897078272,2897.078272,15,198,168,1,20251020_035114
1760899804.421461,11316751,2897088256,2897.088256,18,198,168,1,20251020_035114
1760899804.4317012,11316791,2897098496,2897.098496,21,198,169,1,20251020_035114
1760899804.4416852,11316830,2897108480,2897.10848,23,198,167,1,20251020_035114
1760899804.4516692,11316869,2897118464,2897.118464,25,198,167,1,20251020_035114
1760899804.4616532,11316908,2897128448,2897.128448,28,198,166,1,20251020_035114
1760899804.4716372,11316947,2897138432,2897.138432,30,198,167,1,20251020_035114
1760899804.4816213,11316986,2897148416,2897.148416,32,197,166,1,20251020_035114
1760899804.4916053,11317025,2897158400,2897.1584,34,197,165,1,20251020_035114
1760899804.5015893,11317064,2897168384,2897.168384,37,198,163,1,20251020_035114
1760899804.5115733,11317103,2897178368,2897.178368,39,197,161,1,20251020_035114
1760899804.521557,11317142,2897188352,2897.188352,41,200,161,1,20251020_035114
1760899804.531541,11317181,2897198336,2897.198336,44,197,158,1,20251020_035114
1760899804.5415251,11317220,2897208320,2897.20832,46,197,157,1,20251020_035114
1760899804.5515091,11317259,2897218304,2897.218304,48,197,155,1,20251020_035114
1760899804.5614932,11317298,2897228288,2897.228288,51,197,153,1,20251020_035114
1760899804.5717332,11317338,2897238528,2897.238528,53,196,151,1,20251020_035114
1760899804.5817173,11317377,2897248512,2897.248512,56,197,149,1,20251020_035114
1760899804.5917013,11317416,2897258496,2897.258496,59,196,140,1,20251020_035114
1760899804.6016853,11317455,2897268480,2897.26848,62,196,135,1,20251020_035114
1760899804.6116693,11317494,2897278464,2897.278464,65,196,130,1,20251020_035114
1760899804.6216533,11317533,2897288448,2897.288448,68,196,124,1,20251020_035114
1760899804.631637,11317572,2897298432,2897.298432,72,195,118,1,20251020_035114
1760899804.641621,11317611,2897308416,2897.308416,76,195,114,1,20251020_035114
1760899804.6516051,11317650,2897318400,2897.3184,79,195,109,1,20251020_035114
1760899804.6615891,11317689,2897328384,2897.328384,83,195,106,1,20251020_035114
1760899804.6715732,11317728,2897338368,2897.338368,87,194,102,1,20251020_035114
1760899804.6815572,11317767,2897348352,2897.348352,91,195,99,1,20251020_035114
1760899804.6915412,11317806,2897358336,2897.358336,94,193,96,1,20251020_035114
1760899804.7015252,11317845,2897368320,2897.36832,98,193,95,1,20251020_035114
1760899804.7115092,11317884,2897378304,2897.378304,102,192,96,1,20251020_035114
1760899804.7217493,11317924,2897388544,2897.388544,105,192,95,1,20251020_035114
1760899804.731733,11317963,2897398528,2897.398528,109,191,96,1,20251020_035114
1760899804.741717,11318002,2897408512,2897.408512,112,191,96,1,20251020_035114
1760899804.751701,11318041,2897418496,2897.418496,115,190,96,1,20251020_035114
1760899804.7616851,11318080,2897428480,2897.42848,118,190,96,1,20251020_035114
1760899804.7716691,11318119,2897438464,2897.438464,121,189,94,1,20251020_035114
1760899804.7816532,11318158,2897448448,2897.448448,124,189,95,1,20251020_035114
1760899804.7916372,11318197,2897458432,2897.458432,127,188,95,1,20251020_035114
1760899804.8016212,11318236,2897468416,2897.468416,130,189,96,1,20251020_035114
1760899804.8116052,11318275,2897478400,2897.4784,133,188,97,1,20251020_035114
1760899804.8215892,11318314,2897488384,2897.488384,135,188,97,1,20251020_035114
1760899804.8315732,11318353,2897498368,2897.498368,138,188,97,1,20251020_035114
1760899804.8415573,11318392,2897508352,2897.508352,140,188,98,1,20251020_035114
1760899804.8515413,11318431,2897518336,2897.518336,143,189,100,1,20251020_035114
1760899804.8617811,11318471,2897528576,2897.528576,145,190,101,1,20251020_035114
1760899804.8717651,11318510,2897538560,2897.53856,148,190,102,1,20251020_035114
1760899804.8817492,11318549,2897548544,2897.548544,150,190,103,1,20251020_035114
1760899804.8917332,11318588,2897558528,2897.558528,153,190,105,1,20251020_035114
1760899804.9017172,11318627,2897568512,2897.568512,155,190,108,1,20251020_035114
1760899804.9117012,11318666,2897578496,2897.578496,158,191,112,1,20251020_035114
1760899804.9216852,11318705,2897588480,2897.58848,161,192,116,1,20251020_035114
1760899804.9316692,11318744,2897598464,2897.598464,163,192,124,1,20251020_035114
1760899804.9416533,11318783,2897608448,2897.608448,166,193,128,1,20251020_035114
1760899804.9516373,11318822,2897618432,2897.618432,170,193,132,1,20251020_035114
1760899804.9616213,11318861,2897628416,2897.628416,173,193,138,1,20251020_035114
1760899804.9716053,11318900,2897638400,2897.6384,176,194,142,1,20251020_035114
1760899804.9815893,11318939,2897648384,2897.648384,180,193,155,1,20251020_035114
1760899804.991573,11318978,2897658368,2897.658368,184,194,162,1,20251020_035114
1760899805.001557,11319017,2897668352,2897.668352,188,194,164,1,20251020_035114
1760899805.0117972,11319057,2897678592,2897.678592,193,194,165,1,20251020_035114
1760899805.0217812,11319096,2897688576,2897.688576,197,194,166,1,20251020_035114
1760899805.0317652,11319135,2897698560,2897.69856,201,194,167,1,20251020_035114
1760899805.0417492,11319174,2897708544,2897.708544,205,194,167,1,20251020_035114
1760899805.0517333,11319213,2897718528,2897.718528,209,194,168,1,20251020_035114
1760899805.0617173,11319252,2897728512,2897.728512,213,194,167,1,20251020_035114
1760899805.0717013,11319291,2897738496,2897.738496,217,194,168,1,20251020_035114
1760899805.0816853,11319330,2897748480,2897.74848,221,195,169,1,20251020_035114
1760899805.091669,11319369,2897758464,2897.758464,225,192,163,1,20251020_035114
1760899805.101653,11319408,2897768448,2897.768448,228,195,170,1,20251020_035114
1760899805.111637,11319447,2897778432,2897.778432,232,196,169,1,20251020_035114
1760899805.1216211,11319486,2897788416,2897.788416,235,196,169,1,20251020_035114
1760899805.1316051,11319525,2897798400,2897.7984,239,196,169,1,20251020_035114
1760899805.1415892,11319564,2897808384,2897.808384,242,196,170,1,20251020_035114
1760899805.1518292,11319604,2897818624,2897.818624,245,197,170,1,20251020_035114
1760899805.1618133,11319643,2897828608,2897.828608,248,197,169,1,20251020_035114
1760899805.1717973,11319682,2897838592,2897.838592,251,197,169,1,20251020_035114
1760899805.1817813,11319721,2897848576,2897.848576,254,197,169,1,20251020_035114
1760899805.1917653,11319760,2897858560,2897.85856,2,197,167,1,20251020_035114
1760899805.201749,11319799,2897868544,2897.868544,4,197,168,1,20251020_035114
1760899805.211733,11319838,2897878528,2897.878528,7,197,167,1,20251020_035114
1760899805.2217171,11319877,2897888512,2897.888512,10,197,166,1,20251020_035114
1760899805.2317011,11319916,2897898496,2897.898496,12,197,165,1,20251020_035114
1760899805.2416852,11319955,2897908480,2897.90848,15,198,163,1,20251020_035114
1760899805.2516692,11319994,2897918464,2897.918464,17,197,161,1,20251020_035114
1760899805.2616532,11320033,2897928448,2897.928448,20,198,160,1,20251020_035114
1760899805.2716372,11320072,2897938432,2897.938432,22,197,158,1,20251020_035114
1760899805.2816212,11320111,2897948416,2897.948416,25,198,155,1,20251020_035114
1760899805.2918613,11320151,2897958656,2897.958656,27,197,151,1,20251020_035114
1760899805.3018453,11320190,2897968640,2897.96864,30,198,150,1,20251020_035114
1760899805.311829,11320229,2897978624,2897.978624,33,197,139,1,20251020_035114
1760899805.321813,11320268,2897988608,2897.988608,36,197,130,1,20251020_035114
1760899805.3317971,11320307,2897998592,2897.998592,39,197,124,1,20251020_035114
1760899805.3417811,11320346,2898008576,2898.008576,43,197,117,1,20251020_035114
1760899805.3517652,11320385,2898018560,2898.01856,47,197,111,1,20251020_035114
1760899805.3617492,11320424,2898028544,2898.028544,51,197,105,1,20251020_035114
1760899805.3717332,11320463,2898038528,2898.038528,55,197,100,1,20251020_035114
1760899805.3817172,11320502,2898048512,2898.048512,59,197,98,1,20251020_035114
1760899805.3917012,11320541,2898058496,2898.058496,64,197,93,1,20251020_035114
1760899805.4016852,11320580,2898068480,2898.06848,68,197,95,1,20251020_035114
1760899805.4116693,11320619,2898078464,2898.078464,72,196,94,1,20251020_035114
1760899805.4216533,11320658,2898088448,2898.088448,76,196,93,1,20251020_035114
1760899805.4316373,11320697,2898098432,2898.098432,81,196,93,1,20251020_035114
1760899805.4418771,11320737,2898108672,2898.108672,85,196,94,1,20251020_035114
1760899805.4518611,11320776,2898118656,2898.118656,89,195,93,1,20251020_035114
1760899805.4618452,11320815,2898128640,2898.12864,92,195,94,1,20251020_035114
1760899805.4718292,11320854,2898138624,2898.138624,96,195,93,1,20251020_035114
1760899805.4818132,11320893,2898148608,2898.148608,100,195,93,1,20251020_035114
1760899805.4917972,11320932,2898158592,2898.158592,103,194,94,1,20251020_035114
1760899805.5017812,11320971,2898168576,2898.168576,107,194,94,1,20251020_035114
1760899805.5117652,11321010,2898178560,2898.17856,110,194,94,1,20251020_035114
1760899805.5217493,11321049,2898188544,2898.188544,113,192,96,1,20251020_035114
1760899805.5317333,11321088,2898198528,2898.198528,117,191,95,1,20251020_035114
1760899805.5417173,11321127,2898208512,2898.208512,120,191,95,1,20251020_035114
1760899805.5517013,11321166,2898218496,2898.218496,123,191,96,1,20251020_035114
1760899805.561685,11321205,2898228480,2898.22848,126,191,99,1,20251020_035114
1760899805.571669,11321244,2898238464,2898.238464,128,191,100,1,20251020_035114
1760899805.5819092,11321284,2898248704,2898.248704,131,191,101,1,20251020_035114
1760899805.5918932,11321323,2898258688,2898.258688,134,191,105,1,20251020_035114
1760899805.6018772,11321362,2898268672,2898.268672,137,191,108,1,20251020_035114
1760899805.6118612,11321401,2898278656,2898.278656,140,191,112,1,20251020_035114
1760899805.6218452,11321440,2898288640,2898.28864,142,193,119,1,20251020_035114
1760899805.6318293,11321479,2898298624,2898.298624,146,193,127,1,20251020_035114
1760899805.6418133,11321518,2898308608,2898.308608,149,193,134,1,20251020_035114
1760899805.6517973,11321557,2898318592,2898.318592,152,194,142,1,20251020_035114
1760899805.6617813,11321596,2898328576,2898.328576,156,193,148,1,20251020_035114
1760899805.671765,11321635,2898338560,2898.33856,159,194,152,1,20251020_035114
1760899805.681749,11321674,2898348544,2898.348544,163,194,156,1,20251020_035114
1760899805.6917331,11321713,2898358528,2898.358528,167,194,161,1,20251020_035114
1760899805.7017171,11321752,2898368512,2898.368512,171,193,162,1,20251020_035114
1760899805.7117012,11321791,2898378496,2898.378496,176,194,163,1,20251020_035114
1760899805.7216852,11321830,2898388480,2898.38848,180,193,164,1,20251020_035114
1760899805.7319252,11321870,2898398720,2898.39872,184,193,164,1,20251020_035114
1760899805.7419093,11321909,2898408704,2898.408704,188,193,165,1,20251020_035114
1760899805.7518933,11321948,2898418688,2898.418688,193,193,166,1,20251020_035114
1760899805.7618773,11321987,2898428672,2898.428672,197,194,166,1,20251020_035114
1760899805.7718613,11322026,2898438656,2898.438656,201,194,166,1,20251020_035114
1760899805.781845,11322065,2898448640,2898.44864,205,194,166,1,20251020_035114
1760899805.791829,11322104,2898458624,2898.458624,209,194,168,1,20251020_035114
1760899805.8018131,11322143,2898468608,2898.468608,213,194,167,1,20251020_035114
1760899805.8117971,11322182,2898478592,2898.478592,217,194,165,1,20251020_035114
1760899805.8217812,11322221,2898488576,2898.488576,221,194,167,1,20251020_035114
1760899805.8317652,11322260,2898498560,2898.49856,225,195,168,1,20251020_035114
1760899805.8417492,11322299,2898508544,2898.508544,228,195,167,1,20251020_035114
1760899805.8517332,11322338,2898518528,2898.518528,232,196,168,1,20251020_035114
1760899805.8617172,11322377,2898528512,2898.528512,235,196,168,1,20251020_035114
1760899805.8719573,11322417,2898538752,2898.538752,238,196,168,1,20251020_035114
1760899805.8819413,11322456,2898548736,2898.548736,242,196,168,1,20251020_035114
1760899805.891925,11322495,2898558720,2898.55872,245,196,169,1,20251020_035114
1760899805.901909,11322534,2898568704,2898.568704,248,197,168,1,20251020_035114
1760899805.9118931,11322573,2898578688,2898.578688,251,197,168,1,20251020_035114
1760899805.9218771,11322612,2898588672,2898.588672,254,197,167,1,20251020_035114
1760899805.9318612,11322651,2898598656,2898.598656,2,198,167,1,20251020_035114
1760899805.9418452,11322690,2898608640,2898.60864,4,197,166,1,20251020_035114
1760899805.9518292,11322729,2898618624,2898.618624,7,198,166,1,20251020_035114
1760899805.9618132,11322768,2898628608,2898.628608,10,197,165,1,20251020_035114
1760899805.9717972,11322807,2898638592,2898.638592,12,197,161,1,20251020_035114
1760899805.9817812,11322846,2898648576,2898.648576,15,198,161,1,20251020_035114
1760899805.9917653,11322885,2898658560,2898.65856,17,197,158,1,20251020_035114
1760899806.0017493,11322924,2898668544,2898.668544,20,198,155,1,20251020_035114
1760899806.011989,11322964,2898678784,2898.678784,23,197,152,1,20251020_035114
1760899806.0219731,11323003,2898688768,2898.688768,25,198,151,1,20251020_035114
1760899806.0319571,11323042,2898698752,2898.698752,28,198,147,1,20251020_035114
1760899806.0419412,11323081,2898708736,2898.708736,31,198,146,1,20251020_035114
1760899806.0519252,11323120,2898718720,2898.71872,34,197,140,1,20251020_035114
1760899806.0619092,11323159,2898728704,2898.728704,37,197,130,1,20251020_035114
1760899806.0718932,11323198,2898738688,2898.738688,40,197,127,1,20251020_035114
1760899806.0818772,11323237,2898748672,2898.748672,44,198,125,1,20251020_035114
1760899806.0918612,11323276,2898758656,2898.758656,47,197,123,1,20251020_035114
1760899806.1018453,11323315,2898768640,2898.76864,51,197,119,1,20251020_035114
1760899806.1118293,11323354,2898778624,2898.778624,54,197,112,1,20251020_035114
1760899806.1218133,11323393,2898788608,2898.788608,58,197,108,1,20251020_035114
1760899806.1317973,11323432,2898798592,2898.798592,62,197,106,1,20251020_035114
1760899806.141781,11323471,2898808576,2898.808576,66,197,100,1,20251020_035114
1760899806.151765,11323510,2898818560,2898.81856,71,197,99,1,20251020_035114
1760899806.1620052,11323550,2898828800,2898.8288,75,197,97,1,20251020_035114
1760899806.1719892,11323589,2898838784,2898.838784,79,196,95,1,20251020_035114
1760899806.1819732,11323628,2898848768,2898.848768,83,196,94,1,20251020_035114
1760899806.1919572,11323667,2898858752,2898.858752,87,196,96,1,20251020_035114
1760899806.2019413,11323706,2898868736,2898.868736,91,195,95,1,20251020_035114
1760899806.2119253,11323745,2898878720,2898.87872,95,194,93,1,20251020_035114
1760899806.2219093,11323784,2898888704,2898.888704,98,194,93,1,20251020_035114
1760899806.2318933,11323823,2898898688,2898.898688,102,193,94,1,20251020_035114
1760899806.2418773,11323862,2898908672,2898.908672,105,193,94,1,20251020_035114
1760899806.251861,11323901,2898918656,2898.918656,109,192,95,1,20251020_035114
1760899806.261845,11323940,2898928640,2898.92864,112,191,96,1,20251020_035114
1760899806.2718291,11323979,2898938624,2898.938624,115,190,96,1,20251020_035114
1760899806.2818131,11324018,2898948608,2898.948608,118,189,97,1,20251020_035114
1760899806.2917972,11324057,2898958592,2898.958592,121,189,98,1,20251020_035114
1760899806.3020372,11324097,2898968832,2898.968832,124,189,99,1,20251020_035114
1760899806.3120213,11324136,2898978816,2898.978816,127,189,100,1,20251020_035114
1760899806.3220053,11324175,2898988800,2898.9888,130,190,101,1,20251020_035114
1760899806.3319893,11324214,2898998784,2898.998784,133,191,102,1,20251020_035114
1760899806.3419733,11324253,2899008768,2899.008768,136,190,104,1,20251020_035114
1760899806.351957,11324292,2899018752,2899.018752,138,191,106,1,20251020_035114
1760899806.361941,11324331,2899028736,2899.028736,141,191,109,1,20251020_035114
1760899806.371925,11324370,2899038720,2899.03872,144,192,113,1,20251020_035114
1760899806.3819091,11324409,2899048704,2899.048704,147,192,116,1,20251020_035114
1760899806.3918931,11324448,2899058688,2899.058688,150,193,122,1,20251020_035114
1760899806.4018772,11324487,2899068672,2899.068672,153,193,127,1,20251020_035114
1760899806.4118612,11324526,2899078656,2899.078656,156,193,129,1,20251020_035114
1760899806.4218452,11324565,2899088640,2899.08864,159,194,133,1,20251020_035114
1760899806.4318292,11324604,2899098624,2899.098624,162,194,136,1,20251020_035114
1760899806.4418132,11324643,2899108608,2899.108608,166,194,141,1,20251020_035114
1760899806.4520533,11324683,2899118848,2899.118848,169,194,146,1,20251020_035114
1760899806.462037,11324722,2899128832,2899.128832,173,194,149,1,20251020_035114
1760899806.472021,11324761,2899138816,2899.138816,177,194,152,1,20251020_035114
1760899806.4820051,11324800,2899148800,2899.1488,181,194,156,1,20251020_035114
1760899806.4919891,11324839,2899158784,2899.158784,185,194,162,1,20251020_035114
1760899806.5019732,11324878,2899168768,2899.168768,189,194,163,1,20251020_035114
1760899806.5119572,11324917,2899178752,2899.178752,193,194,163,1,20251020_035114
1760899806.5219412,11324956,2899188736,2899.188736,197,194,163,1,20251020_035114
1760899806.5319252,11324995,2899198720,2899.19872,202,194,165,1,20251020_035114
1760899806.5419092,11325034,2899208704,2899.208704,206,194,165,1,20251020_035114
1760899806.5518932,11325073,2899218688,2899.218688,210,194,166,1,20251020_035114
1760899806.5618773,11325112,2899228672,2899.228672,214,194,167,1,20251020_035114
1760899806.5718613,11325151,2899238656,2899.238656,217,195,167,1,20251020_035114
1760899806.5818453,11325190,2899248640,2899.24864,221,195,166,1,20251020_035114
1760899806.5920851,11325230,2899258880,2899.25888,225,195,168,1,20251020_035114
1760899806.6020691,11325269,2899268864,2899.268864,229,195,168,1,20251020_035114
1760899806.6120532,11325308,2899278848,2899.278848,232,196,168,1,20251020_035114
1760899806.6220372,11325347,2899288832,2899.288832,236,196,167,1,20251020_035114
1760899806.6320212,11325386,2899298816,2899.298816,239,196,167,1,20251020_035114
1760899806.6420052,11325425,2899308800,2899.3088,242,197,169,1,20251020_035114
1760899806.6519892,11325464,2899318784,2899.318784,245,197,169,1,20251020_035114
1760899806.6619732,11325503,2899328768,2899.328768,248,197,169,1,20251020_035114
1760899806.6719573,11325542,2899338752,2899.338752,251,197,169,1,20251020_035114
1760899806.6819413,11325581,2899348736,2899.348736,254,197,170,1,20251020_035114
1760899806.6919253,11325620,2899358720,2899.35872,2,197,169,1,20251020_035114
1760899806.7019093,11325659,2899368704,2899.368704,5,197,169,1,20251020_035114
1760899806.711893,11325698,2899378688,2899.378688,7,197,169,1,20251020_035114
1760899806.721877,11325737,2899388672,2899.388672,10,197,169,1,20251020_035114
1760899806.7321172,11325777,2899398912,2899.398912,12,197,169,1,20251020_035114
1760899806.7421012,11325816,2899408896,2899.408896,15,198,169,1,20251020_035114
1760899806.7520852,11325855,2899418880,2899.41888,17,198,169,1,20251020_035114
1760899806.7620692,11325894,2899428864,2899.428864,19,198,169,1,20251020_035114
1760899806.7720532,11325933,2899438848,2899.438848,22,198,169,1,20251020_035114
1760899806.7820373,11325972,2899448832,2899.448832,24,197,169,1,20251020_035114
1760899806.7920213,11326011,2899458816,2899.458816,26,198,169,1,20251020_035114
1760899806.8020053,11326050,2899468800,2899.4688,28,197,168,1,20251020_035114
1760899806.8119893,11326089,2899478784,2899.478784,30,197,166,1,20251020_035114
1760899806.821973,11326128,2899488768,2899.488768,33,198,167,1,20251020_035114
1760899806.831957,11326167,2899498752,2899.498752,35,197,169,1,20251020_035114
1760899806.841941,11326206,2899508736,2899.508736,37,197,167,1,20251020_035114
1760899806.8519251,11326245,2899518720,2899.51872,39,197,166,1,20251020_035114
1760899806.8619092,11326284,2899528704,2899.528704,41,197,165,1,20251020_035114
1760899806.8718932,11326323,2899538688,2899.538688,43,197,164,1,20251020_035114
1760899806.8821332,11326363,2899548928,2899.548928,45,196,163,1,20251020_035114
1760899806.8921173,11326402,2899558912,2899.558912,47,197,162,1,20251020_035114
1760899806.9021013,11326441,2899568896,2899.568896,50,197,159,1,20251020_035114
1760899806.9120853,11326480,2899578880,2899.57888,52,197,155,1,20251020_035114
1760899806.9220693,11326519,2899588864,2899.588864,55,197,151,1,20251020_035114
1760899806.932053,11326558,2899598848,2899.598848,57,197,144,1,20251020_035114
1760899806.942037,11326597,2899608832,2899.608832,60,196,137,1,20251020_035114
1760899806.9520211,11326636,2899618816,2899.618816,63,197,127,1,20251020_035114
1760899806.9620051,11326675,2899628800,2899.6288,67,196,121,1,20251020_035114
1760899806.9719892,11326714,2899638784,2899.638784,71,196,115,1,20251020_035114
1760899806.9819732,11326753,2899648768,2899.648768,74,196,109,1,20251020_035114
1760899806.9919572,11326792,2899658752,2899.658752,78,196,104,1,20251020_035114
1760899807.0019412,11326831,2899668736,2899.668736,82,196,101,1,20251020_035114
1760899807.0119252,11326870,2899678720,2899.67872,86,196,97,1,20251020_035114
1760899807.0221653,11326910,2899688960,2899.68896,90,196,96,1,20251020_035114
1760899807.0321493,11326949,2899698944,2899.698944,94,196,97,1,20251020_035114
1760899807.042133,11326988,2899708928,2899.708928,97,195,94,1,20251020_035114
1760899807.052117,11327027,2899718912,2899.718912,101,195,94,1,20251020_035114
1760899807.0621011,11327066,2899728896,2899.728896,105,195,96,1,20251020_035114
1760899807.0720851,11327105,2899738880,2899.73888,108,194,95,1,20251020_035114
1760899807.0820692,11327144,2899748864,2899.748864,111,193,97,1,20251020_035114
1760899807.0920532,11327183,2899758848,2899.758848,115,193,96,1,20251020_035114
1760899807.1020372,11327222,2899768832,2899.768832,118,193,96,1,20251020_035114
1760899807.1120212,11327261,2899778816,2899.778816,121,193,95,1,20251020_035114
1760899807.1220052,11327300,2899788800,2899.7888,124,192,96,1,20251020_035114
1760899807.1319892,11327339,2899798784,2899.798784,127,192,98,1,20251020_035114
1760899807.1419733,11327378,2899808768,2899.808768,129,192,98,1,20251020_035114
1760899807.1519573,11327417,2899818752,2899.818752,132,193,98,1,20251020_035114
1760899807.1619413,11327456,2899828736,2899.828736,135,193,99,1,20251020_035114
1760899807.1721811,11327496,2899838976,2899.838976,137,192,100,1,20251020_035114
1760899807.1821651,11327535,2899848960,2899.84896,140,193,102,1,20251020_035114
1760899807.1921492,11327574,2899858944,2899.858944,143,193,103,1,20251020_035114
1760899807.2021332,11327613,2899868928,2899.868928,145,194,105,1,20251020_035114
1760899807.2121172,11327652,2899878912,2899.878912,148,194,108,1,20251020_035114
1760899807.2221012,11327691,2899888896,2899.888896,150,194,114,1,20251020_035114
1760899807.2320852,11327730,2899898880,2899.89888,153,195,122,1,20251020_035114
1760899807.2420692,11327769,2899908864,2899.908864,156,195,128,1,20251020_035114
1760899807.2520533,11327808,2899918848,2899.918848,160,195,136,1,20251020_035114
1760899807.2620373,11327847,2899928832,2899.928832,163,196,142,1,20251020_035114
1760899807.2720213,11327886,2899938816,2899.938816,167,196,150,1,20251020_035114
1760899807.2820053,11327925,2899948800,2899.9488,171,196,161,1,20251020_035114
1760899807.291989,11327964,2899958784,2899.958784,175,196,163,1,20251020_035114
1760899807.301973,11328003,2899968768,2899.968768,179,195,163,1,20251020_035114
1760899807.3122132,11328043,2899979008,2899.979008,183,196,165,1,20251020_035114
1760899807.3221972,11328082,2899988992,2899.988992,188,196,166,1,20251020_035114
1760899807.3321812,11328121,2899998976,2899.998976,192,195,167,1,20251020_035114
1760899807.3421652,11328160,2900008960,2900.00896,196,196,167,1,20251020_035114
1760899807.3521492,11328199,2900018944,2900.018944,200,195,166,1,20251020_035114
1760899807.3621333,11328238,2900028928,2900.028928,205,196,168,1,20251020_035114
1760899807.3721173,11328277,2900038912,2900.038912,209,196,167,1,20251020_035114
1760899807.3821013,11328316,2900048896,2900.048896,213,196,167,1,20251020_035114
1760899807.3920853,11328355,2900058880,2900.05888,217,196,168,1,20251020_035114
1760899807.402069,11328394,2900068864,2900.068864,220,196,168,1,20251020_035114
1760899807.412053,11328433,2900078848,2900.078848,224,196,169,1,20251020_035114
1760899807.4220371,11328472,2900088832,2900.088832,228,196,167,1,20251020_035114
1760899807.4320211,11328511,2900098816,2900.098816,231,196,168,1,20251020_035114
1760899807.4420052,11328550,2900108800,2900.1088,235,196,169,1,20251020_035114
1760899807.4519892,11328589,2900118784,2900.118784,238,197,169,1,20251020_035114
1760899807.4622293,11328629,2900129024,2900.129024,241,197,170,1,20251020_035114
1760899807.4722133,11328668,2900139008,2900.139008,245,197,169,1,20251020_035114
1760899807.4821973,11328707,2900148992,2900.148992,248,198,169,1,20251020_035114
1760899807.4921813,11328746,2900158976,2900.158976,251,197,168,1,20251020_035114
1760899807.5021653,11328785,2900168960,2900.16896,253,198,169,1,20251020_035114
1760899807.512149,11328824,2900178944,2900.178944,1,197,167,1,20251020_035114
1760899807.522133,11328863,2900188928,2900.188928,4,197,167,1,20251020_035114
1760899807.5321171,11328902,2900198912,2900.198912,7,197,165,1,20251020_035114
1760899807.5421011,11328941,2900208896,2900.208896,9,198,164,1,20251020_035114
1760899807.5520852,11328980,2900218880,2900.21888,12,198,162,1,20251020_035114
1760899807.5620692,11329019,2900228864,2900.228864,15,198,160,1,20251020_035114
1760899807.5720532,11329058,2900238848,2900.238848,17,198,157,1,20251020_035114
1760899807.5820372,11329097,2900248832,2900.248832,20,198,154,1,20251020_035114
1760899807.5920212,11329136,2900258816,2900.258816,23,197,151,1,20251020_035114
1760899807.6022613,11329176,2900269056,2900.269056,25,197,149,1,20251020_035114
1760899807.612245,11329215,2900279040,2900.27904,28,198,144,1,20251020_035114
1760899807.622229,11329254,2900289024,2900.289024,31,197,136,1,20251020_035114
1760899807.632213,11329293,2900299008,2900.299008,34,197,128,1,20251020_035114
1760899807.6421971,11329332,2900308992,2900.308992,38,197,124,1,20251020_035114
1760899807.6521811,11329371,2900318976,2900.318976,41,197,118,1,20251020_035114
1760899807.6621652,11329410,2900328960,2900.32896,45,197,113,1,20251020_035114
1760899807.6721492,11329449,2900338944,2900.338944,49,197,107,1,20251020_035114
1760899807.6821332,11329488,2900348928,2900.348928,53,197,103,1,20251020_035114
1760899807.6921172,11329527,2900358912,2900.358912,57,197,99,1,20251020_035114
1760899807.7021012,11329566,2900368896,2900.368896,62,197,96,1,20251020_035114
1760899807.7120852,11329605,2900378880,2900.37888,66,197,94,1,20251020_035114
1760899807.7220693,11329644,2900388864,2900.388864,70,197,95,1,20251020_035114
1760899807.7320533,11329683,2900398848,2900.398848,75,197,95,1,20251020_035114
1760899807.7420373,11329722,2900408832,2900.408832,79,196,95,1,20251020_035114
1760899807.7522771,11329762,2900419072,2900.419072,83,196,94,1,20251020_035114
1760899807.7622612,11329801,2900429056,2900.429056,87,195,92,1,20251020_035114
1760899807.7722452,11329840,2900439040,2900.43904,91,195,93,1,20251020_035114
1760899807.7822292,11329879,2900449024,2900.449024,95,195,94,1,20251020_035114
1760899807.7922132,11329918,2900459008,2900.459008,98,195,94,1,20251020_035114
1760899807.8021972,11329957,2900468992,2900.468992,102,195,94,1,20251020_035114
1760899807.8121812,11329996,2900478976,2900.478976,105,194,93,1,20251020_035114
1760899807.8221653,11330035,2900488960,2900.48896,109,194,92,1,20251020_035114
1760899807.8321493,11330074,2900498944,2900.498944,112,193,94,1,20251020_035114
1760899807.8421333,11330113,2900508928,2900.508928,115,193,95,1,20251020_035114
1760899807.8521173,11330152,2900518912,2900.518912,118,192,95,1,20251020_035114
1760899807.8621013,11330191,2900528896,2900.528896,121,192,97,1,20251020_035114
1760899807.872085,11330230,2900538880,2900.53888,124,192,99,1,20251020_035114
1760899807.882069,11330269,2900548864,2900.548864,127,193,101,1,20251020_035114
1760899807.8923092,11330309,2900559104,2900.559104,130,193,104,1,20251020_035114
1760899807.9022932,11330348,2900569088,2900.569088,133,194,106,1,20251020_035114
1760899807.9122772,11330387,2900579072,2900.579072,136,194,110,1,20251020_035114
1760899807.9222612,11330426,2900589056,2900.589056,139,194,116,1,20251020_035114
1760899807.9322453,11330465,2900599040,2900.59904,142,195,124,1,20251020_035114
1760899807.9422293,11330504,2900609024,2900.609024,145,195,128,1,20251020_035114
1760899807.9522133,11330543,2900619008,2900.619008,148,195,134,1,20251020_035114
1760899807.9621973,11330582,2900628992,2900.628992,151,195,138,1,20251020_035114
1760899807.972181,11330621,2900638976,2900.638976,155,195,143,1,20251020_035114
1760899807.982165,11330660,2900648960,2900.64896,158,195,148,1,20251020_035114
1760899807.992149,11330699,2900658944,2900.658944,162,195,154,1,20251020_035114
1760899808.0021331,11330738,2900668928,2900.668928,166,196,160,1,20251020_035114
1760899808.0121171,11330777,2900678912,2900.678912,170,195,162,1,20251020_035114
1760899808.0221012,11330816,2900688896,2900.688896,174,195,164,1,20251020_035114
1760899808.0320852,11330855,2900698880,2900.69888,178,196,162,1,20251020_035114
1760899808.0423253,11330895,2900709120,2900.70912,183,195,162,1,20251020_035114
1760899808.0523093,11330934,2900719104,2900.719104,187,196,163,1,20251020_035114
1760899808.0622933,11330973,2900729088,2900.729088,191,196,165,1,20251020_035114
1760899808.0722773,11331012,2900739072,2900.739072,195,195,165,1,20251020_035114
1760899808.082261,11331051,2900749056,2900.749056,199,195,166,1,20251020_035114
1760899808.092245,11331090,2900759040,2900.75904,204,195,167,1,20251020_035114
1760899808.102229,11331129,2900769024,2900.769024,208,196,167,1,20251020_035114
1760899808.1122131,11331168,2900779008,2900.779008,212,195,168,1,20251020_035114
1760899808.1221972,11331207,2900788992,2900.788992,216,196,168,1,20251020_035114
1760899808.1321812,11331246,2900798976,2900.798976,219,196,168,1,20251020_035114
1760899808.1421652,11331285,2900808960,2900.80896,223,196,168,1,20251020_035114
1760899808.1521492,11331324,2900818944,2900.818944,227,196,168,1,20251020_035114
1760899808.1621332,11331363,2900828928,2900.828928,230,196,168,1,20251020_035114
1760899808.1721172,11331402,2900838912,2900.838912,234,196,169,1,20251020_035114
1760899808.1823573,11331442,2900849152,2900.849152,237,196,169,1,20251020_035114
1760899808.192341,11331481,2900859136,2900.859136,241,197,169,1,20251020_035114
1760899808.202325,11331520,2900869120,2900.86912,244,197,168,1,20251020_035114
1760899808.2123091,11331559,2900879104,2900.879104,247,197,167,1,20251020_035114
1760899808.2222931,11331598,2900889088,2900.889088,250,197,168,1,20251020_035114
1760899808.2322772,11331637,2900899072,2900.899072,253,197,168,1,20251020_035114
1760899808.2422612,11331676,2900909056,2900.909056,1,197,167,1,20251020_035114
1760899808.2522452,11331715,2900919040,2900.91904,3,198,168,1,20251020_035114
1760899808.2622292,11331754,2900929024,2900.929024,6,198,165,1,20251020_035114
1760899808.2722132,11331793,2900939008,2900.939008,9,197,165,1,20251020_035114
1760899808.2821972,11331832,2900948992,2900.948992,11,198,166,1,20251020_035114
1760899808.2921813,11331871,2900958976,2900.958976,14,197,165,1,20251020_035114
1760899808.3021653,11331910,2900968960,2900.96896,16,198,164,1,20251020_035114
1760899808.3121493,11331949,2900978944,2900.978944,19,198,165,1,20251020_035114
1760899808.3221333,11331988,2900988928,2900.988928,21,198,164,1,20251020_035114
1760899808.3323731,11332028,2900999168,2900.999168,23,198,164,1,20251020_035114
1760899808.3423572,11332067,2901009152,2901.009152,26,198,164,1,20251020_035114
1760899808.3523412,11332106,2901019136,2901.019136,28,197,163,1,20251020_035114
1760899808.3623252,11332145,2901029120,2901.02912,30,197,164,1,20251020_035114
1760899808.3723092,11332184,2901039104,2901.039104,33,198,164,1,20251020_035114
1760899808.3822932,11332223,2901049088,2901.049088,35,198,164,1,20251020_035114
1760899808.3922772,11332262,2901059072,2901.059072,37,197,164,1,20251020_035114
1760899808.4022613,11332301,2901069056,2901.069056,39,197,163,1,20251020_035114
1760899808.4122453,11332340,2901079040,2901.07904,41,197,163,1,20251020_035114
1760899808.4222293,11332379,2901089024,2901.089024,44,197,162,1,20251020_035114
1760899808.4322133,11332418,2901099008,2901.099008,46,198,162,1,20251020_035114
1760899808.442197,11332457,2901108992,2901.108992,48,197,159,1,20251020_035114
1760899808.452181,11332496,2901118976,2901.118976,50,196,158,1,20251020_035114
1760899808.462165,11332535,2901128960,2901.12896,53,197,156,1,20251020_035114
1760899808.4724052,11332575,2901139200,2901.1392,55,197,155,1,20251020_035114
1760899808.4823892,11332614,2901149184,2901.149184,58,197,152,1,20251020_035114
1760899808.4923732,11332653,2901159168,2901.159168,60,197,151,1,20251020_035114
1760899808.5023572,11332692,2901169152,2901.169152,63,196,147,1,20251020_035114
1760899808.5123413,11332731,2901179136,2901.179136,66,197,144,1,20251020_035114
1760899808.5223253,11332770,2901189120,2901.18912,68,197,140,1,20251020_035114
1760899808.5323093,11332809,2901199104,2901.199104,72,197,134,1,20251020_035114
1760899808.5422933,11332848,2901209088,2901.209088,75,197,130,1,20251020_035114
1760899808.552277,11332887,2901219072,2901.219072,78,196,127,1,20251020_035114
1760899808.562261,11332926,2901229056,2901.229056,81,196,123,1,20251020_035114
1760899808.5722451,11332965,2901239040,2901.23904,85,196,117,1,20251020_035114
1760899808.5822291,11333004,2901249024,2901.249024,88,196,111,1,20251020_035114
1760899808.5922132,11333043,2901259008,2901.259008,92,196,108,1,20251020_035114
1760899808.6021972,11333082,2901268992,2901.268992,96,196,106,1,20251020_035114
1760899808.6124372,11333122,2901279232,2901.279232,99,196,102,1,20251020_035114
1760899808.6224213,11333161,2901289216,2901.289216,103,196,99,1,20251020_035114
1760899808.6324053,11333200,2901299200,2901.2992,106,196,97,1,20251020_035114
1760899808.6423893,11333239,2901309184,2901.309184,110,195,94,1,20251020_035114
1760899808.6523733,11333278,2901319168,2901.319168,113,195,95,1,20251020_035114
1760899808.662357,11333317,2901329152,2901.329152,116,195,94,1,20251020_035114
1760899808.672341,11333356,2901339136,2901.339136,119,195,96,1,20251020_035114
1760899808.6823251,11333395,2901349120,2901.34912,122,197,98,1,20251020_035114
1760899808.6923091,11333434,2901359104,2901.359104,125,194,97,1,20251020_035114
1760899808.7022932,11333473,2901369088,2901.369088,128,195,97,1,20251020_035114
1760899808.7122772,11333512,2901379072,2901.379072,131,195,98,1,20251020_035114
1760899808.7222612,11333551,2901389056,2901.389056,133,195,99,1,20251020_035114
1760899808.7322452,11333590,2901399040,2901.39904,136,195,99,1,20251020_035114
1760899808.7422292,11333629,2901409024,2901.409024,139,195,101,1,20251020_035114
1760899808.7524693,11333669,2901419264,2901.419264,141,195,103,1,20251020_035114
1760899808.7624533,11333708,2901429248,2901.429248,144,195,104,1,20251020_035114
1760899808.772437,11333747,2901439232,2901.439232,146,195,106,1,20251020_035114
1760899808.782421,11333786,2901449216,2901.449216,149,196,108,1,20251020_035114
1760899808.7924051,11333825,2901459200,2901.4592,152,195,110,1,20251020_035114
1760899808.8023891,11333864,2901469184,2901.469184,154,196,114,1,20251020_035114
1760899808.8126292,11333904,2901479424,2901.479424,157,196,119,1,20251020_035114
1760899808.8226132,11333943,2901489408,2901.489408,160,196,125,1,20251020_035114
1760899808.8325973,11333982,2901499392,2901.499392,163,196,129,1,20251020_035114
1760899808.8425813,11334021,2901509376,2901.509376,166,196,134,1,20251020_035114
1760899808.8525653,11334060,2901519360,2901.51936,170,196,139,1,20251020_035114
1760899808.8625493,11334099,2901529344,2901.529344,173,196,143,1,20251020_035114
1760899808.872533,11334138,2901539328,2901.539328,177,196,149,1,20251020_035114
1760899808.882517,11334177,2901549312,2901.549312,181,196,155,1,20251020_035114
1760899808.8927572,11334217,2901559552,2901.559552,185,196,163,1,20251020_035114
1760899808.9027412,11334256,2901569536,2901.569536,189,196,163,1,20251020_035114
1760899808.9127252,11334295,2901579520,2901.57952,193,196,166,1,20251020_035114
1760899808.9227092,11334334,2901589504,2901.589504,198,197,166,1,20251020_035114
1760899808.9326932,11334373,2901599488,2901.599488,202,197,166,1,20251020_035114
1760899808.9426773,11334412,2901609472,2901.609472,206,197,167,1,20251020_035114
1760899808.9526613,11334451,2901619456,2901.619456,210,197,168,1,20251020_035114
1760899808.9626453,11334490,2901629440,2901.62944,214,197,168,1,20251020_035114
1760899808.9728851,11334530,2901639680,2901.63968,218,197,168,1,20251020_035114
1760899808.9828691,11334569,2901649664,2901.649664,222,197,169,1,20251020_035114
1760899808.9928532,11334608,2901659648,2901.659648,225,197,169,1,20251020_035114
1760899809.0028372,11334647,2901669632,2901.669632,229,197,169,1,20251020_035114
1760899809.0128212,11334686,2901679616,2901.679616,233,197,168,1,20251020_035114
1760899809.0228052,11334725,2901689600,2901.6896,236,197,169,1,20251020_035114
1760899809.0330453,11334765,2901699840,2901.69984,239,198,169,1,20251020_035114
1760899809.0430293,11334804,2901709824,2901.709824,242,197,169,1,20251020_035114
1760899809.053013,11334843,2901719808,2901.719808,246,198,170,1,20251020_035114
1760899809.062997,11334882,2901729792,2901.729792,249,198,169,1,20251020_035114
1760899809.072981,11334921,2901739776,2901.739776,252,198,169,1,20251020_035114
1760899809.0829651,11334960,2901749760,2901.74976,254,197,168,1,20251020_035114
1760899809.0929492,11334999,2901759744,2901.759744,2,198,168,1,20251020_035114
1760899809.1029332,11335038,2901769728,2901.769728,5,198,167,1,20251020_035114
1760899809.1131732,11335078,2901779968,2901.779968,8,198,167,1,20251020_035114
1760899809.1231573,11335117,2901789952,2901.789952,10,198,166,1,20251020_035114
1760899809.1331413,11335156,2901799936,2901.799936,13,198,165,1,20251020_035114
1760899809.1431253,11335195,2901809920,2901.80992,15,198,165,1,20251020_035114
1760899809.1531093,11335234,2901819904,2901.819904,18,198,163,1,20251020_035114
1760899809.163093,11335273,2901829888,2901.829888,20,198,162,1,20251020_035114
1760899809.173077,11335312,2901839872,2901.839872,23,198,160,1,20251020_035114
1760899809.1830611,11335351,2901849856,2901.849856,25,198,157,1,20251020_035114
1760899809.1930451,11335390,2901859840,2901.85984,28,198,154,1,20251020_035114
1760899809.2032852,11335430,2901870080,2901.87008,30,198,149,1,20251020_035114
1760899809.2132692,11335469,2901880064,2901.880064,33,197,147,1,20251020_035114
1760899809.2232533,11335508,2901890048,2901.890048,36,198,138,1,20251020_035114
1760899809.2332373,11335547,2901900032,2901.900032,39,198,128,1,20251020_035114
1760899809.2432213,11335586,2901910016,2901.910016,42,198,124,1,20251020_035114
1760899809.2532053,11335625,2901920000,2901.92,46,197,115,1,20251020_035114
1760899809.2631893,11335664,2901929984,2901.929984,50,198,109,1,20251020_035114
1760899809.273173,11335703,2901939968,2901.939968,54,197,103,1,20251020_035114
1760899809.283157,11335742,2901949952,2901.949952,58,198,100,1,20251020_035114
1760899809.2931411,11335781,2901959936,2901.959936,63,197,96,1,20251020_035114
1760899809.3031251,11335820,2901969920,2901.96992,67,197,93,1,20251020_035114
1760899809.3131092,11335859,2901979904,2901.979904,71,197,94,1,20251020_035114
1760899809.3230932,11335898,2901989888,2901.989888,75,197,94,1,20251020_035114
1760899809.3330772,11335937,2901999872,2901.999872,80,197,92,1,20251020_035114
1760899809.3430612,11335976,2902009856,2902.009856,84,197,93,1,20251020_035114
1760899809.3533013,11336016,2902020096,2902.020096,88,197,95,1,20251020_035114
1760899809.3632853,11336055,2902030080,2902.03008,92,196,94,1,20251020_035114
1760899809.373269,11336094,2902040064,2902.040064,95,196,93,1,20251020_035114
1760899809.383253,11336133,2902050048,2902.050048,99,196,95,1,20251020_035114
1760899809.393237,11336172,2902060032,2902.060032,103,195,94,1,20251020_035114
1760899809.4032211,11336211,2902070016,2902.070016,106,195,96,1,20251020_035114
1760899809.4132051,11336250,2902080000,2902.08,109,195,94,1,20251020_035114
1760899809.4231892,11336289,2902089984,2902.089984,113,195,96,1,20251020_035114
1760899809.4331732,11336328,2902099968,2902.099968,116,195,95,1,20251020_035114
1760899809.4431572,11336367,2902109952,2902.109952,119,194,97,1,20251020_035114
1760899809.4531412,11336406,2902119936,2902.119936,122,194,97,1,20251020_035114
1760899809.4631252,11336445,2902129920,2902.12992,125,195,99,1,20251020_035114
1760899809.4731092,11336484,2902139904,2902.139904,128,195,101,1,20251020_035114
1760899809.4830933,11336523,2902149888,2902.149888,131,195,103,1,20251020_035114
1760899809.493333,11336563,2902160128,2902.160128,133,195,105,1,20251020_035114
1760899809.503317,11336602,2902170112,2902.170112,136,196,109,1,20251020_035114
1760899809.5133011,11336641,2902180096,2902.180096,139,196,114,1,20251020_035114
1760899809.5232852,11336680,2902190080,2902.19008,142,196,121,1,20251020_035114
1760899809.5332692,11336719,2902200064,2902.200064,145,196,127,1,20251020_035114
1760899809.5432532,11336758,2902210048,2902.210048,148,197,135,1,20251020_035114
1760899809.5532372,11336797,2902220032,2902.220032,152,197,142,1,20251020_035114
1760899809.5632212,11336836,2902230016,2902.230016,155,197,146,1,20251020_035114
1760899809.5732052,11336875,2902240000,2902.24,159,197,152,1,20251020_035114
1760899809.5831892,11336914,2902249984,2902.249984,163,197,158,1,20251020_035114
1760899809.5931733,11336953,2902259968,2902.259968,167,196,162,1,20251020_035114
1760899809.6031573,11336992,2902269952,2902.269952,171,197,162,1,20251020_035114
1760899809.6131413,11337031,2902279936,2902.279936,175,197,163,1,20251020_035114
1760899809.6231253,11337070,2902289920,2902.28992,180,197,163,1,20251020_035114
1760899809.633109,11337109,2902299904,2902.299904,184,197,164,1,20251020_035114
1760899809.6433492,11337149,2902310144,2902.310144,188,196,164,1,20251020_035114
1760899809.6533332,11337188,2902320128,2902.320128,192,198,166,1,20251020_035114
1760899809.6633172,11337227,2902330112,2902.330112,196,197,166,1,20251020_035114
1760899809.6733012,11337266,2902340096,2902.340096,201,196,166,1,20251020_035114
1760899809.6832852,11337305,2902350080,2902.35008,205,197,166,1,20251020_035114
1760899809.6932693,11337344,2902360064,2902.360064,209,196,166,1,20251020_035114
1760899809.7032533,11337383,2902370048,2902.370048,213,197,166,1,20251020_035114
1760899809.7132373,11337422,2902380032,2902.380032,217,197,167,1,20251020_035114
1760899809.7232213,11337461,2902390016,2902.390016,221,197,167,1,20251020_035114
1760899809.7332053,11337500,2902400000,2902.4,224,197,167,1,20251020_035114
1760899809.743189,11337539,2902409984,2902.409984,228,197,168,1,20251020_035114
1760899809.753173,11337578,2902419968,2902.419968,231,197,168,1,20251020_035114
1760899809.7634132,11337618,2902430208,2902.430208,235,197,167,1,20251020_035114
1760899809.7733972,11337657,2902440192,2902.440192,238,197,168,1,20251020_035114
1760899809.7833812,11337696,2902450176,2902.450176,241,198,168,1,20251020_035114
1760899809.7933652,11337735,2902460160,2902.46016,245,197,166,1,20251020_035114
1760899809.8033493,11337774,2902470144,2902.470144,248,198,167,1,20251020_035114
1760899809.8133333,11337813,2902480128,2902.480128,251,197,167,1,20251020_035114
1760899809.8233173,11337852,2902490112,2902.490112,254,198,167,1,20251020_035114
1760899809.8333013,11337891,2902500096,2902.500096,1,198,167,1,20251020_035114
1760899809.843285,11337930,2902510080,2902.51008,4,198,165,1,20251020_035114
1760899809.853269,11337969,2902520064,2902.520064,7,198,165,1,20251020_035114
1760899809.863253,11338008,2902530048,2902.530048,9,198,164,1,20251020_035114
1760899809.8732371,11338047,2902540032,2902.540032,12,197,162,1,20251020_035114
1760899809.8832211,11338086,2902550016,2902.550016,15,197,162,1,20251020_035114
1760899809.8932052,11338125,2902560000,2902.56,17,198,159,1,20251020_035114
1760899809.9031892,11338164,2902569984,2902.569984,20,197,158,1,20251020_035114
1760899809.9134293,11338204,2902580224,2902.580224,22,198,157,1,20251020_035114
1760899809.9234133,11338243,2902590208,2902.590208,25,198,156,1,20251020_035114
1760899809.9333973,11338282,2902600192,2902.600192,27,198,154,1,20251020_035114
1760899809.9433813,11338321,2902610176,2902.610176,30,198,151,1,20251020_035114
1760899809.953365,11338360,2902620160,2902.62016,33,198,147,1,20251020_035114
1760899809.963349,11338399,2902630144,2902.630144,35,198,142,1,20251020_035114
1760899809.9733331,11338438,2902640128,2902.640128,38,198,139,1,20251020_035114
1760899809.9833171,11338477,2902650112,2902.650112,42,197,128,1,20251020_035114
1760899809.9933012,11338516,2902660096,2902.660096,45,197,125,1,20251020_035114
1760899810.0032852,11338555,2902670080,2902.67008,48,198,121,1,20251020_035114
1760899810.0132692,11338594,2902680064,2902.680064,52,197,118,1,20251020_035114
1760899810.0232532,11338633,2902690048,2902.690048,56,198,115,1,20251020_035114
1760899810.0332372,11338672,2902700032,2902.700032,60,197,110,1,20251020_035114
1760899810.0432212,11338711,2902710016,2902.710016,64,198,108,1,20251020_035114
1760899810.0534613,11338751,2902720256,2902.720256,68,197,104,1,20251020_035114
1760899810.063445,11338790,2902730240,2902.73024,72,197,102,1,20251020_035114
1760899810.073429,11338829,2902740224,2902.740224,76,197,100,1,20251020_035114
1760899810.0834131,11338868,2902750208,2902.750208,80,197,98,1,20251020_035114
1760899810.0933971,11338907,2902760192,2902.760192,84,197,96,1,20251020_035114
1760899810.1033812,11338946,2902770176,2902.770176,88,197,96,1,20251020_035114
1760899810.1133652,11338985,2902780160,2902.78016,92,197,97,1,20251020_035114
1760899810.1233492,11339024,2902790144,2902.790144,96,196,95,1,20251020_035114
1760899810.1333332,11339063,2902800128,2902.800128,99,196,95,1,20251020_035114
1760899810.1433172,11339102,2902810112,2902.810112,103,196,93,1,20251020_035114
1760899810.1533012,11339141,2902820096,2902.820096,106,196,95,1,20251020_035114
1760899810.1632853,11339180,2902830080,2902.83008,110,196,96,1,20251020_035114
1760899810.1732693,11339219,2902840064,2902.840064,113,196,96,1,20251020_035114
1760899810.1832533,11339258,2902850048,2902.850048,116,196,96,1,20251020_035114
1760899810.1932373,11339297,2902860032,2902.860032,119,195,96,1,20251020_035114
1760899810.2034771,11339337,2902870272,2902.870272,122,196,99,1,20251020_035114
1760899810.2134612,11339376,2902880256,2902.880256,125,196,100,1,20251020_035114
1760899810.2234452,11339415,2902890240,2902.89024,128,196,101,1,20251020_035114
1760899810.2334292,11339454,2902900224,2902.900224,131,196,102,1,20251020_035114
1760899810.2434132,11339493,2902910208,2902.910208,134,196,104,1,20251020_035114
1760899810.2533972,11339532,2902920192,2902.920192,136,196,108,1,20251020_035114
1760899810.2633812,11339571,2902930176,2902.930176,139,196,111,1,20251020_035114
1760899810.2733653,11339610,2902940160,2902.94016,142,197,115,1,20251020_035114
1760899810.2833493,11339649,2902950144,2902.950144,145,197,123,1,20251020_035114
1760899810.2933333,11339688,2902960128,2902.960128,148,197,128,1,20251020_035114
1760899810.3033173,11339727,2902970112,2902.970112,151,196,133,1,20251020_035114
1760899810.313301,11339766,2902980096,2902.980096,154,197,138,1,20251020_035114
1760899810.323285,11339805,2902990080,2902.99008,158,197,141,1,20251020_035114
1760899810.3332691,11339844,2903000064,2903.000064,161,197,144,1,20251020_035114
1760899810.3435092,11339884,2903010304,2903.010304,165,197,148,1,20251020_035114
1760899810.3534932,11339923,2903020288,2903.020288,169,197,151,1,20251020_035114
1760899810.3634772,11339962,2903030272,2903.030272,173,197,154,1,20251020_035114
1760899810.3734612,11340001,2903040256,2903.040256,177,197,158,1,20251020_035114
1760899810.3834453,11340040,2903050240,2903.05024,181,197,162,1,20251020_035114
1760899810.3934293,11340079,2903060224,2903.060224,185,197,162,1,20251020_035114
1760899810.4034133,11340118,2903070208,2903.070208,189,197,163,1,20251020_035114
1760899810.4133973,11340157,2903080192,2903.080192,194,196,163,1,20251020_035114
1760899810.423381,11340196,2903090176,2903.090176,198,197,165,1,20251020_035114
1760899810.433365,11340235,2903100160,2903.10016,202,196,165,1,20251020_035114
1760899810.4433491,11340274,2903110144,2903.110144,206,197,166,1,20251020_035114
1760899810.4533331,11340313,2903120128,2903.120128,210,197,166,1,20251020_035114
1760899810.4633172,11340352,2903130112,2903.130112,214,197,166,1,20251020_035114
1760899810.4733012,11340391,2903140096,2903.140096,218,197,167,1,20251020_035114
1760899810.4835413,11340431,2903150336,2903.150336,222,197,167,1,20251020_035114
1760899810.4935253,11340470,2903160320,2903.16032,225,197,167,1,20251020_035114
1760899810.5035093,11340509,2903170304,2903.170304,229,197,168,1,20251020_035114
1760899810.5134933,11340548,2903180288,2903.180288,233,197,166,1,20251020_035114
1760899810.5234773,11340587,2903190272,2903.190272,236,198,168,1,20251020_035114
1760899810.533461,11340626,2903200256,2903.200256,239,198,167,1,20251020_035114
1760899810.543445,11340665,2903210240,2903.21024,243,197,167,1,20251020_035114
1760899810.5534291,11340704,2903220224,2903.220224,246,198,168,1,20251020_035114
1760899810.5634131,11340743,2903230208,2903.230208,249,198,168,1,20251020_035114
1760899810.5733972,11340782,2903240192,2903.240192,252,197,168,1,20251020_035114
1760899810.5833812,11340821,2903250176,2903.250176,254,197,168,1,20251020_035114
1760899810.5933652,11340860,2903260160,2903.26016,2,198,170,1,20251020_035114
1760899810.6033492,11340899,2903270144,2903.270144,5,198,170,1,20251020_035114
1760899810.6133332,11340938,2903280128,2903.280128,8,198,168,1,20251020_035114
1760899810.6233172,11340977,2903290112,2903.290112,10,199,169,1,20251020_035114
1760899810.633557,11341017,2903300352,2903.300352,13,198,170,1,20251020_035114
1760899810.643541,11341056,2903310336,2903.310336,15,198,169,1,20251020_035114
1760899810.653525,11341095,2903320320,2903.32032,17,198,168,1,20251020_035114
1760899810.6635091,11341134,2903330304,2903.330304,20,198,169,1,20251020_035114
1760899810.6734931,11341173,2903340288,2903.340288,22,198,169,1,20251020_035114
1760899810.6834772,11341212,2903350272,2903.350272,24,199,168,1,20251020_035114
1760899810.6934612,11341251,2903360256,2903.360256,26,198,168,1,20251020_035114
1760899810.7034452,11341290,2903370240,2903.37024,29,198,168,1,20251020_035114
1760899810.7134292,11341329,2903380224,2903.380224,31,198,167,1,20251020_035114
1760899810.7234132,11341368,2903390208,2903.390208,33,198,168,1,20251020_035114
1760899810.7333972,11341407,2903400192,2903.400192,35,198,166,1,20251020_035114
1760899810.7433813,11341446,2903410176,2903.410176,37,198,166,1,20251020_035114
1760899810.7533653,11341485,2903420160,2903.42016,39,198,164,1,20251020_035114
1760899810.7633493,11341524,2903430144,2903.430144,41,198,164,1,20251020_035114
1760899810.7733333,11341563,2903440128,2903.440128,43,199,164,1,20251020_035114
1760899810.7835732,11341603,2903450368,2903.450368,46,197,161,1,20251020_035114
1760899810.7935572,11341642,2903460352,2903.460352,48,198,160,1,20251020_035114
1760899810.8035412,11341681,2903470336,2903.470336,50,198,158,1,20251020_035114
1760899810.8135252,11341720,2903480320,2903.48032,53,198,156,1,20251020_035114
1760899810.8235092,11341759,2903490304,2903.490304,55,198,152,1,20251020_035114
1760899810.8334932,11341798,2903500288,2903.500288,58,198,148,1,20251020_035114
1760899810.8434772,11341837,2903510272,2903.510272,60,198,144,1,20251020_035114
1760899810.8534613,11341876,2903520256,2903.520256,63,197,132,1,20251020_035114
1760899810.8634453,11341915,2903530240,2903.53024,67,198,126,1,20251020_035114
1760899810.8734293,11341954,2903540224,2903.540224,70,197,120,1,20251020_035114
1760899810.8834133,11341993,2903550208,2903.550208,74,198,114,1,20251020_035114
1760899810.893397,11342032,2903560192,2903.560192,78,197,107,1,20251020_035114
1760899810.903381,11342071,2903570176,2903.570176,81,198,104,1,20251020_035114
1760899810.9133651,11342110,2903580160,2903.58016,85,198,100,1,20251020_035114
1760899810.9236052,11342150,2903590400,2903.5904,89,198,96,1,20251020_035114
1760899810.9335892,11342189,2903600384,2903.600384,93,198,94,1,20251020_035114
1760899810.9435732,11342228,2903610368,2903.610368,97,197,96,1,20251020_035114
1760899810.9535573,11342267,2903620352,2903.620352,101,197,95,1,20251020_035114
1760899810.9635413,11342306,2903630336,2903.630336,104,197,94,1,20251020_035114
1760899810.9735253,11342345,2903640320,2903.64032,107,197,93,1,20251020_035114
1760899810.9835093,11342384,2903650304,2903.650304,111,197,94,1,20251020_035114
1760899810.9934933,11342423,2903660288,2903.660288,114,198,95,1,20251020_035114
1760899811.003477,11342462,2903670272,2903.670272,117,197,95,1,20251020_035114
1760899811.013461,11342501,2903680256,2903.680256,120,197,96,1,20251020_035114
1760899811.0234451,11342540,2903690240,2903.69024,123,197,96,1,20251020_035114
1760899811.0334291,11342579,2903700224,2903.700224,126,197,96,1,20251020_035114
1760899811.0434132,11342618,2903710208,2903.710208,129,197,96,1,20251020_035114
1760899811.0533972,11342657,2903720192,2903.720192,132,197,97,1,20251020_035114
1760899811.0633812,11342696,2903730176,2903.730176,134,197,98,1,20251020_035114
1760899811.0736213,11342736,2903740416,2903.740416,137,197,99,1,20251020_035114
1760899811.0836053,11342775,2903750400,2903.7504,140,197,98,1,20251020_035114
1760899811.0935893,11342814,2903760384,2903.760384,142,197,102,1,20251020_035114
1760899811.103573,11342853,2903770368,2903.770368,145,197,103,1,20251020_035114
1760899811.113557,11342892,2903780352,2903.780352,147,198,106,1,20251020_035114
1760899811.123541,11342931,2903790336,2903.790336,150,197,109,1,20251020_035114
1760899811.1335251,11342970,2903800320,2903.80032,152,198,116,1,20251020_035114
1760899811.1435091,11343009,2903810304,2903.810304,155,197,122,1,20251020_035114
1760899811.1534932,11343048,2903820288,2903.820288,158,198,128,1,20251020_035114
1760899811.1634772,11343087,2903830272,2903.830272,162,197,136,1,20251020_035114
1760899811.1734612,11343126,2903840256,2903.840256,165,198,142,1,20251020_035114
1760899811.1834452,11343165,2903850240,2903.85024,169,198,150,1,20251020_035114
1760899811.1934292,11343204,2903860224,2903.860224,173,198,160,1,20251020_035114
1760899811.2034132,11343243,2903870208,2903.870208,177,198,162,1,20251020_035114
1760899811.213653,11343283,2903880448,2903.880448,181,198,163,1,20251020_035114
1760899811.223637,11343322,2903890432,2903.890432,185,198,164,1,20251020_035114
1760899811.2336211,11343361,2903900416,2903.900416,190,198,165,1,20251020_035114
1760899811.2436051,11343400,2903910400,2903.9104,194,198,165,1,20251020_035114
1760899811.2535892,11343439,2903920384,2903.920384,198,197,165,1,20251020_035114
1760899811.2635732,11343478,2903930368,2903.930368,202,198,166,1,20251020_035114
1760899811.2735572,11343517,2903940352,2903.940352,206,198,167,1,20251020_035114
1760899811.2835412,11343556,2903950336,2903.950336,210,198,166,1,20251020_035114
1760899811.2935252,11343595,2903960320,2903.96032,214,198,167,1,20251020_035114
1760899811.3035092,11343634,2903970304,2903.970304,218,198,168,1,20251020_035114
1760899811.3134933,11343673,2903980288,2903.980288,222,198,168,1,20251020_035114
1760899811.3234773,11343712,2903990272,2903.990272,226,198,168,1,20251020_035114
1760899811.3334613,11343751,2904000256,2904.000256,229,197,168,1,20251020_035114
1760899811.3434453,11343790,2904010240,2904.01024,233,198,168,1,20251020_035114
1760899811.3534293,11343829,2904020224,2904.020224,236,198,168,1,20251020_035114
1760899811.3636692,11343869,2904030464,2904.030464,240,198,168,1,20251020_035114
1760899811.3736532,11343908,2904040448,2904.040448,243,198,168,1,20251020_035114
1760899811.3836372,11343947,2904050432,2904.050432,246,198,170,1,20251020_035114
1760899811.3936212,11343986,2904060416,2904.060416,249,199,169,1,20251020_035114
1760899811.4036052,11344025,2904070400,2904.0704,252,199,168,1,20251020_035114
1760899811.4135892,11344064,2904080384,2904.080384,0,198,168,1,20251020_035114
1760899811.4235733,11344103,2904090368,2904.090368,2,199,166,1,20251020_035114
1760899811.4335573,11344142,2904100352,2904.100352,5,199,165,1,20251020_035114
1760899811.4435413,11344181,2904110336,2904.110336,8,199,166,1,20251020_035114
1760899811.4535253,11344220,2904120320,2904.12032,10,199,164,1,20251020_035114
1760899811.463509,11344259,2904130304,2904.130304,13,198,161,1,20251020_035114
1760899811.473493,11344298,2904140288,2904.140288,16,199,159,1,20251020_035114
1760899811.483477,11344337,2904150272,2904.150272,18,199,156,1,20251020_035114
1760899811.4934611,11344376,2904160256,2904.160256,21,198,152,1,20251020_035114
1760899811.5037012,11344416,2904170496,2904.170496,24,198,150,1,20251020_035114
1760899811.5136852,11344455,2904180480,2904.18048,26,198,148,1,20251020_035114
1760899811.5236692,11344494,2904190464,2904.190464,29,199,143,1,20251020_035114
1760899811.5336533,11344533,2904200448,2904.200448,32,199,135,1,20251020_035114
1760899811.5436373,11344572,2904210432,2904.210432,35,198,128,1,20251020_035114
1760899811.5536213,11344611,2904220416,2904.220416,39,198,122,1,20251020_035114
1760899811.5636053,11344650,2904230400,2904.2304,43,198,117,1,20251020_035114
1760899811.573589,11344689,2904240384,2904.240384,46,198,112,1,20251020_035114
1760899811.583573,11344728,2904250368,2904.250368,50,199,105,1,20251020_035114
1760899811.5935571,11344767,2904260352,2904.260352,55,198,101,1,20251020_035114
1760899811.6035411,11344806,2904270336,2904.270336,59,198,97,1,20251020_035114
1760899811.6135252,11344845,2904280320,2904.28032,63,199,94,1,20251020_035114
1760899811.6235092,11344884,2904290304,2904.290304,68,198,94,1,20251020_035114
1760899811.6334932,11344923,2904300288,2904.300288,72,198,95,1,20251020_035114
1760899811.6437333,11344963,2904310528,2904.310528,76,198,94,1,20251020_035114
1760899811.6537173,11345002,2904320512,2904.320512,80,198,94,1,20251020_035114
1760899811.6637013,11345041,2904330496,2904.330496,84,197,93,1,20251020_035114
1760899811.6736853,11345080,2904340480,2904.34048,88,198,93,1,20251020_035114
1760899811.683669,11345119,2904350464,2904.350464,92,197,93,1,20251020_035114
1760899811.693653,11345158,2904360448,2904.360448,96,197,94,1,20251020_035114
1760899811.7036371,11345197,2904370432,2904.370432,99,197,94,1,20251020_035114
1760899811.7136211,11345236,2904380416,2904.380416,103,197,95,1,20251020_035114
1760899811.7236052,11345275,2904390400,2904.3904,106,197,96,1,20251020_035114
1760899811.7335892,11345314,2904400384,2904.400384,110,197,95,1,20251020_035114
1760899811.7435732,11345353,2904410368,2904.410368,113,197,95,1,20251020_035114
1760899811.7535572,11345392,2904420352,2904.420352,116,197,96,1,20251020_035114
1760899811.7635412,11345431,2904430336,2904.430336,119,197,97,1,20251020_035114
1760899811.7735252,11345470,2904440320,2904.44032,122,197,98,1,20251020_035114
1760899811.7835093,11345509,2904450304,2904.450304,125,197,100,1,20251020_035114
1760899811.793749,11345549,2904460544,2904.460544,128,197,102,1,20251020_035114
1760899811.803733,11345588,2904470528,2904.470528,131,198,104,1,20251020_035114
1760899811.8137171,11345627,2904480512,2904.480512,134,197,108,1,20251020_035114
1760899811.8237011,11345666,2904490496,2904.490496,137,197,112,1,20251020_035114
1760899811.8336852,11345705,2904500480,2904.50048,140,197,121,1,20251020_035114
1760899811.8436692,11345744,2904510464,2904.510464,143,198,127,1,20251020_035114
1760899811.8536532,11345783,2904520448,2904.520448,146,197,131,1,20251020_035114
1760899811.8636372,11345822,2904530432,2904.530432,149,197,137,1,20251020_035114
1760899811.8736212,11345861,2904540416,2904.540416,153,198,142,1,20251020_035114
1760899811.8836052,11345900,2904550400,2904.5504,156,198,146,1,20251020_035114
1760899811.8935893,11345939,2904560384,2904.560384,160,198,153,1,20251020_035114
1760899811.9035733,11345978,2904570368,2904.570368,164,198,161,1,20251020_035114
1760899811.9135573,11346017,2904580352,2904.580352,168,198,162,1,20251020_035114
1760899811.9235413,11346056,2904590336,2904.590336,172,198,163,1,20251020_035114
1760899811.9337811,11346096,2904600576,2904.600576,176,198,164,1,20251020_035114
1760899811.9437652,11346135,2904610560,2904.61056,181,198,164,1,20251020_035114
1760899811.9537492,11346174,2904620544,2904.620544,185,198,165,1,20251020_035114
1760899811.9637332,11346213,2904630528,2904.630528,189,197,164,1,20251020_035114
1760899811.9737172,11346252,2904640512,2904.640512,194,197,165,1,20251020_035114
1760899811.9837012,11346291,2904650496,2904.650496,198,197,166,1,20251020_035114
1760899811.9936852,11346330,2904660480,2904.66048,202,197,167,1,20251020_035114
1760899812.0036693,11346369,2904670464,2904.670464,206,197,167,1,20251020_035114
1760899812.0136533,11346408,2904680448,2904.680448,210,197,168,1,20251020_035114
1760899812.0236373,11346447,2904690432,2904.690432,214,198,167,1,20251020_035114
1760899812.0336213,11346486,2904700416,2904.700416,218,198,167,1,20251020_035114
1760899812.043605,11346525,2904710400,2904.7104,222,198,168,1,20251020_035114
1760899812.053589,11346564,2904720384,2904.720384,225,198,166,1,20251020_035114
1760899812.0635731,11346603,2904730368,2904.730368,229,198,167,1,20251020_035114
1760899812.0738132,11346643,2904740608,2904.740608,233,198,167,1,20251020_035114
1760899812.0837972,11346682,2904750592,2904.750592,236,198,168,1,20251020_035114
1760899812.0937812,11346721,2904760576,2904.760576,239,198,168,1,20251020_035114
1760899812.1037652,11346760,2904770560,2904.77056,242,198,168,1,20251020_035114
1760899812.1137493,11346799,2904780544,2904.780544,246,198,168,1,20251020_035114
1760899812.1237333,11346838,2904790528,2904.790528,249,198,168,1,20251020_035114
1760899812.1337173,11346877,2904800512,2904.800512,252,198,168,1,20251020_035114
1760899812.1437013,11346916,2904810496,2904.810496,254,198,167,1,20251020_035114
1760899812.153685,11346955,2904820480,2904.82048,2,198,167,1,20251020_035114
1760899812.163669,11346994,2904830464,2904.830464,5,198,166,1,20251020_035114
1760899812.1736531,11347033,2904840448,2904.840448,8,198,164,1,20251020_035114
1760899812.1836371,11347072,2904850432,2904.850432,10,198,164,1,20251020_035114
1760899812.1936212,11347111,2904860416,2904.860416,13,198,165,1,20251020_035114
1760899812.2036052,11347150,2904870400,2904.8704,15,199,164,1,20251020_035114
1760899812.2135892,11347189,2904880384,2904.880384,18,199,163,1,20251020_035114
1760899812.2238293,11347229,2904890624,2904.890624,20,198,163,1,20251020_035114
1760899812.2338133,11347268,2904900608,2904.900608,23,199,163,1,20251020_035114
1760899812.2437973,11347307,2904910592,2904.910592,25,198,162,1,20251020_035114
1760899812.2537813,11347346,2904920576,2904.920576,27,199,163,1,20251020_035114
1760899812.263765,11347385,2904930560,2904.93056,30,198,162,1,20251020_035114
1760899812.273749,11347424,2904940544,2904.940544,32,199,161,1,20251020_035114
1760899812.2837331,11347463,2904950528,2904.950528,34,198,162,1,20251020_035114
1760899812.2937171,11347502,2904960512,2904.960512,36,199,161,1,20251020_035114
1760899812.3037012,11347541,2904970496,2904.970496,39,198,160,1,20251020_035114
1760899812.3136852,11347580,2904980480,2904.98048,41,198,160,1,20251020_035114
1760899812.3236692,11347619,2904990464,2904.990464,43,199,159,1,20251020_035114
1760899812.3336532,11347658,2905000448,2905.000448,46,198,158,1,20251020_035114
1760899812.3436372,11347697,2905010432,2905.010432,48,198,156,1,20251020_035114
1760899812.3536212,11347736,2905020416,2905.020416,50,198,156,1,20251020_035114
1760899812.363861,11347776,2905030656,2905.030656,53,198,155,1,20251020_035114
1760899812.373845,11347815,2905040640,2905.04064,55,198,154,1,20251020_035114
1760899812.383829,11347854,2905050624,2905.050624,58,198,152,1,20251020_035114
1760899812.3938131,11347893,2905060608,2905.060608,60,198,150,1,20251020_035114
1760899812.4037971,11347932,2905070592,2905.070592,63,198,148,1,20251020_035114
1760899812.4137812,11347971,2905080576,2905.080576,66,199,144,1,20251020_035114
1760899812.4237652,11348010,2905090560,2905.09056,68,198,140,1,20251020_035114
1760899812.4337492,11348049,2905100544,2905.100544,72,198,133,1,20251020_035114
1760899812.4437332,11348088,2905110528,2905.110528,75,198,127,1,20251020_035114
1760899812.4537172,11348127,2905120512,2905.120512,78,198,125,1,20251020_035114
1760899812.4637012,11348166,2905130496,2905.130496,82,198,120,1,20251020_035114
1760899812.4736853,11348205,2905140480,2905.14048,85,198,117,1,20251020_035114
1760899812.4836693,11348244,2905150464,2905.150464,89,198,113,1,20251020_035114
1760899812.4936533,11348283,2905160448,2905.160448,92,197,110,1,20251020_035114
1760899812.5036373,11348322,2905170432,2905.170432,96,198,106,1,20251020_035114
1760899812.5138772,11348362,2905180672,2905.180672,99,198,103,1,20251020_035114
1760899812.5238612,11348401,2905190656,2905.190656,103,197,101,1,20251020_035114
1760899812.5338452,11348440,2905200640,2905.20064,106,198,97,1,20251020_035114
1760899812.5438292,11348479,2905210624,2905.210624,110,199,95,1,20251020_035114
1760899812.5538132,11348518,2905220608,2905.220608,113,197,93,1,20251020_035114
1760899812.5637972,11348557,2905230592,2905.230592,116,197,95,1,20251020_035114
1760899812.5737813,11348596,2905240576,2905.240576,119,197,95,1,20251020_035114
1760899812.5837653,11348635,2905250560,2905.25056,122,197,96,1,20251020_035114
1760899812.5937493,11348674,2905260544,2905.260544,125,198,96,1,20251020_035114
1760899812.6037333,11348713,2905270528,2905.270528,128,198,94,1,20251020_035114
1760899812.6137173,11348752,2905280512,2905.280512,131,198,96,1,20251020_035114
1760899812.623701,11348791,2905290496,2905.290496,133,197,95,1,20251020_035114
1760899812.633685,11348830,2905300480,2905.30048,136,198,97,1,20251020_035114
1760899812.6436691,11348869,2905310464,2905.310464,139,198,98,1,20251020_035114
1760899812.6536531,11348908,2905320448,2905.320448,141,198,99,1,20251020_035114
1760899812.6638932,11348948,2905330688,2905.330688,144,198,100,1,20251020_035114
1760899812.6738772,11348987,2905340672,2905.340672,146,198,102,1,20251020_035114
1760899812.6838613,11349026,2905350656,2905.350656,149,198,104,1,20251020_035114
1760899812.6938453,11349065,2905360640,2905.36064,151,198,105,1,20251020_035114
1760899812.7038293,11349104,2905370624,2905.370624,154,198,108,1,20251020_035114
1760899812.7138133,11349143,2905380608,2905.380608,156,198,110,1,20251020_035114
1760899812.723797,11349182,2905390592,2905.390592,159,198,115,1,20251020_035114
1760899812.733781,11349221,2905400576,2905.400576,162,198,122,1,20251020_035114
1760899812.743765,11349260,2905410560,2905.41056,165,198,127,1,20251020_035114
1760899812.7537491,11349299,2905420544,2905.420544,168,198,132,1,20251020_035114
1760899812.7637331,11349338,2905430528,2905.430528,171,198,136,1,20251020_035114
1760899812.7737172,11349377,2905440512,2905.440512,175,198,140,1,20251020_035114
1760899812.7837012,11349416,2905450496,2905.450496,178,198,145,1,20251020_035114
1760899812.7936852,11349455,2905460480,2905.46048,182,198,152,1,20251020_035114
1760899812.8039253,11349495,2905470720,2905.47072,186,198,161,1,20251020_035114
1760899812.8139093,11349534,2905480704,2905.480704,190,198,164,1,20251020_035114
1760899812.8238933,11349573,2905490688,2905.490688,194,198,163,1,20251020_035114
1760899812.833877,11349612,2905500672,2905.500672,199,198,164,1,20251020_035114
1760899812.843861,11349651,2905510656,2905.510656,203,198,165,1,20251020_035114
1760899812.8538451,11349690,2905520640,2905.52064,207,197,165,1,20251020_035114
1760899812.8638291,11349729,2905530624,2905.530624,211,198,166,1,20251020_035114
1760899812.8738132,11349768,2905540608,2905.540608,215,198,166,1,20251020_035114
1760899812.8837972,11349807,2905550592,2905.550592,219,198,167,1,20251020_035114
1760899812.8937812,11349846,2905560576,2905.560576,222,198,167,1,20251020_035114
1760899812.9037652,11349885,2905570560,2905.57056,226,198,167,1,20251020_035114
1760899812.9137492,11349924,2905580544,2905.580544,230,199,167,1,20251020_035114
1760899812.9237332,11349963,2905590528,2905.590528,233,198,168,1,20251020_035114
1760899812.9337173,11350002,2905600512,2905.600512,237,198,168,1,20251020_035114
1760899812.9437013,11350041,2905610496,2905.610496,240,199,168,1,20251020_035114
1760899812.953941,11350081,2905620736,2905.620736,243,199,168,1,20251020_035114
1760899812.9639251,11350120,2905630720,2905.63072,246,199,168,1,20251020_035114
1760899812.9739091,11350159,2905640704,2905.640704,249,199,168,1,20251020_035114
1760899812.9838932,11350198,2905650688,2905.650688,252,199,168,1,20251020_035114
1760899812.9938772,11350237,2905660672,2905.660672,0,199,166,1,20251020_035114
1760899813.0038612,11350276,2905670656,2905.670656,3,199,167,1,20251020_035114
1760899813.0138452,11350315,2905680640,2905.68064,5,199,166,1,20251020_035114
1760899813.0238292,11350354,2905690624,2905.690624,8,199,166,1,20251020_035114
1760899813.0338132,11350393,2905700608,2905.700608,11,199,166,1,20251020_035114
1760899813.0437973,11350432,2905710592,2905.710592,13,199,164,1,20251020_035114
1760899813.0537813,11350471,2905720576,2905.720576,16,199,163,1,20251020_035114
1760899813.0637653,11350510,2905730560,2905.73056,18,199,163,1,20251020_035114
1760899813.0737493,11350549,2905740544,2905.740544,21,199,162,1,20251020_035114
1760899813.083733,11350588,2905750528,2905.750528,23,199,160,1,20251020_035114
1760899813.0939732,11350628,2905760768,2905.760768,25,199,157,1,20251020_035114
1760899813.1039572,11350667,2905770752,2905.770752,28,199,153,1,20251020_035114
1760899813.1139412,11350706,2905780736,2905.780736,31,198,150,1,20251020_035114
1760899813.1239252,11350745,2905790720,2905.79072,33,198,147,1,20251020_035114
1760899813.1339092,11350784,2905800704,2905.800704,36,199,141,1,20251020_035114
1760899813.1438932,11350823,2905810688,2905.810688,39,199,130,1,20251020_035114
1760899813.1538773,11350862,2905820672,2905.820672,43,199,127,1,20251020_035114
1760899813.1638613,11350901,2905830656,2905.830656,46,199,118,1,20251020_035114
1760899813.1738453,11350940,2905840640,2905.84064,50,199,111,1,20251020_035114
1760899813.1838293,11350979,2905850624,2905.850624,54,199,106,1,20251020_035114
1760899813.193813,11351018,2905860608,2905.860608,58,198,102,1,20251020_035114
1760899813.203797,11351057,2905870592,2905.870592,62,199,98,1,20251020_035114
1760899813.213781,11351096,2905880576,2905.880576,67,198,94,1,20251020_035114
1760899813.2237651,11351135,2905890560,2905.89056,71,198,94,1,20251020_035114
1760899813.2337492,11351174,2905900544,2905.900544,75,199,95,1,20251020_035114
1760899813.2439892,11351214,2905910784,2905.910784,79,198,94,1,20251020_035114
1760899813.2539732,11351253,2905920768,2905.920768,83,198,94,1,20251020_035114
1760899813.2639573,11351292,2905930752,2905.930752,87,198,96,1,20251020_035114
1760899813.2739413,11351331,2905940736,2905.940736,91,197,94,1,20251020_035114
1760899813.2839253,11351370,2905950720,2905.95072,95,199,96,1,20251020_035114
1760899813.2939093,11351409,2905960704,2905.960704,99,198,95,1,20251020_035114
1760899813.303893,11351448,2905970688,2905.970688,102,198,96,1,20251020_035114
1760899813.313877,11351487,2905980672,2905.980672,106,198,95,1,20251020_035114
1760899813.3238611,11351526,2905990656,2905.990656,109,198,96,1,20251020_035114
1760899813.3338451,11351565,2906000640,2906.00064,112,198,97,1,20251020_035114
1760899813.3438292,11351604,2906010624,2906.010624,116,198,95,1,20251020_035114
1760899813.3538132,11351643,2906020608,2906.020608,119,197,96,1,20251020_035114
1760899813.3637972,11351682,2906030592,2906.030592,122,198,98,1,20251020_035114
1760899813.3737812,11351721,2906040576,2906.040576,125,197,99,1,20251020_035114
1760899813.3837652,11351760,2906050560,2906.05056,127,198,101,1,20251020_035114
1760899813.3940053,11351800,2906060800,2906.0608,130,198,103,1,20251020_035114
1760899813.4039893,11351839,2906070784,2906.070784,133,197,105,1,20251020_035114
1760899813.413973,11351878,2906080768,2906.080768,136,198,110,1,20251020_035114
1760899813.423957,11351917,2906090752,2906.090752,139,198,116,1,20251020_035114
1760899813.4339411,11351956,2906100736,2906.100736,142,198,124,1,20251020_035114
1760899813.4439251,11351995,2906110720,2906.11072,145,198,129,1,20251020_035114
1760899813.4539092,11352034,2906120704,2906.120704,148,198,137,1,20251020_035114
1760899813.4638932,11352073,2906130688,2906.130688,152,198,144,1,20251020_035114
1760899813.4738772,11352112,2906140672,2906.140672,155,198,151,1,20251020_035114
1760899813.4838612,11352151,2906150656,2906.150656,159,198,154,1,20251020_035114
1760899813.4938452,11352190,2906160640,2906.16064,163,198,160,1,20251020_035114
1760899813.5038292,11352229,2906170624,2906.170624,167,198,161,1,20251020_035114
1760899813.5138133,11352268,2906180608,2906.180608,171,198,161,1,20251020_035114
1760899813.5237973,11352307,2906190592,2906.190592,176,198,163,1,20251020_035114
1760899813.534037,11352347,2906200832,2906.200832,180,198,163,1,20251020_035114
1760899813.5440211,11352386,2906210816,2906.210816,184,198,164,1,20251020_035114
1760899813.5540051,11352425,2906220800,2906.2208,188,198,165,1,20251020_035114
1760899813.5639892,11352464,2906230784,2906.230784,193,198,165,1,20251020_035114
1760899813.5739732,11352503,2906240768,2906.240768,197,198,165,1,20251020_035114
1760899813.5839572,11352542,2906250752,2906.250752,201,198,166,1,20251020_035114
1760899813.5939412,11352581,2906260736,2906.260736,205,198,166,1,20251020_035114
1760899813.6039252,11352620,2906270720,2906.27072,209,197,166,1,20251020_035114
1760899813.6139092,11352659,2906280704,2906.280704,213,198,166,1,20251020_035114
1760899813.6238933,11352698,2906290688,2906.290688,217,198,167,1,20251020_035114
1760899813.6338773,11352737,2906300672,2906.300672,221,198,167,1,20251020_035114
1760899813.6438613,11352776,2906310656,2906.310656,225,198,166,1,20251020_035114
1760899813.6538453,11352815,2906320640,2906.32064,228,198,167,1,20251020_035114
1760899813.663829,11352854,2906330624,2906.330624,232,198,167,1,20251020_035114
1760899813.673813,11352893,2906340608,2906.340608,235,198,168,1,20251020_035114
1760899813.6840532,11352933,2906350848,2906.350848,239,199,168,1,20251020_035114
1760899813.6940372,11352972,2906360832,2906.360832,242,198,168,1,20251020_035114
1760899813.7040212,11353011,2906370816,2906.370816,245,199,168,1,20251020_035114
1760899813.7140052,11353050,2906380800,2906.3808,248,199,168,1,20251020_035114
1760899813.7239892,11353089,2906390784,2906.390784,251,199,168,1,20251020_035114
1760899813.7339733,11353128,2906400768,2906.400768,254,198,167,1,20251020_035114
1760899813.7439573,11353167,2906410752,2906.410752,2,199,166,1,20251020_035114
1760899813.7539413,11353206,2906420736,2906.420736,4,198,166,1,20251020_035114
1760899813.7639253,11353245,2906430720,2906.43072,7,199,164,1,20251020_035114
1760899813.773909,11353284,2906440704,2906.440704,10,199,163,1,20251020_035114
1760899813.783893,11353323,2906450688,2906.450688,12,198,162,1,20251020_035114
1760899813.7938771,11353362,2906460672,2906.460672,15,199,161,1,20251020_035114
1760899813.8038611,11353401,2906470656,2906.470656,17,199,161,1,20251020_035114
1760899813.8138452,11353440,2906480640,2906.48064,20,199,160,1,20251020_035114
1760899813.8238292,11353479,2906490624,2906.490624,22,200,159,1,20251020_035114
1760899813.8340693,11353519,2906500864,2906.500864,25,199,157,1,20251020_035114
1760899813.8440533,11353558,2906510848,2906.510848,27,199,154,1,20251020_035114
1760899813.8540373,11353597,2906520832,2906.520832,30,199,150,1,20251020_035114
1760899813.8640213,11353636,2906530816,2906.530816,33,199,146,1,20251020_035114
1760899813.8740053,11353675,2906540800,2906.5408,36,198,138,1,20251020_035114
1760899813.883989,11353714,2906550784,2906.550784,39,199,136,1,20251020_035114
1760899813.893973,11353753,2906560768,2906.560768,42,199,127,1,20251020_035114
1760899813.9039571,11353792,2906570752,2906.570752,45,198,120,1,20251020_035114
1760899813.9139411,11353831,2906580736,2906.580736,49,199,117,1,20251020_035114
1760899813.9239252,11353870,2906590720,2906.59072,53,198,114,1,20251020_035114
1760899813.9339092,11353909,2906600704,2906.600704,57,198,111,1,20251020_035114
1760899813.9438932,11353948,2906610688,2906.610688,61,199,107,1,20251020_035114
1760899813.9538772,11353987,2906620672,2906.620672,65,198,104,1,20251020_035114
1760899813.9638612,11354026,2906630656,2906.630656,69,199,101,1,20251020_035114
1760899813.9741013,11354066,2906640896,2906.640896,73,199,99,1,20251020_035114
1760899813.984085,11354105,2906650880,2906.65088,77,199,96,1,20251020_035114
1760899813.994069,11354144,2906660864,2906.660864,81,198,93,1,20251020_035114
1760899814.004053,11354183,2906670848,2906.670848,85,198,94,1,20251020_035114
1760899814.0140371,11354222,2906680832,2906.680832,89,198,95,1,20251020_035114
1760899814.0240211,11354261,2906690816,2906.690816,93,199,94,1,20251020_035114
1760899814.0340052,11354300,2906700800,2906.7008,97,198,93,1,20251020_035114
1760899814.0439892,11354339,2906710784,2906.710784,100,198,94,1,20251020_035114
1760899814.0539732,11354378,2906720768,2906.720768,104,198,94,1,20251020_035114
1760899814.0639572,11354417,2906730752,2906.730752,107,197,95,1,20251020_035114
1760899814.0739412,11354456,2906740736,2906.740736,111,198,93,1,20251020_035114
1760899814.0839252,11354495,2906750720,2906.75072,114,198,95,1,20251020_035114
1760899814.0939093,11354534,2906760704,2906.760704,117,199,96,1,20251020_035114
1760899814.1038933,11354573,2906770688,2906.770688,120,198,97,1,20251020_035114
1760899814.1138773,11354612,2906780672,2906.780672,123,198,97,1,20251020_035114
1760899814.1241171,11354652,2906790912,2906.790912,126,198,99,1,20251020_035114
1760899814.1341012,11354691,2906800896,2906.800896,129,198,101,1,20251020_035114
1760899814.1440852,11354730,2906810880,2906.81088,132,198,103,1,20251020_035114
1760899814.1540692,11354769,2906820864,2906.820864,134,198,104,1,20251020_035114
1760899814.1640532,11354808,2906830848,2906.830848,137,198,107,1,20251020_035114
1760899814.1740372,11354847,2906840832,2906.840832,140,197,111,1,20251020_035114
1760899814.1840212,11354886,2906850816,2906.850816,143,198,115,1,20251020_035114
1760899814.1940053,11354925,2906860800,2906.8608,146,199,122,1,20251020_035114
1760899814.2039893,11354964,2906870784,2906.870784,149,198,127,1,20251020_035114
1760899814.2139733,11355003,2906880768,2906.880768,152,198,133,1,20251020_035114
1760899814.2239573,11355042,2906890752,2906.890752,155,198,137,1,20251020_035114
1760899814.2339413,11355081,2906900736,2906.900736,159,198,142,1,20251020_035114
1760899814.243925,11355120,2906910720,2906.91072,162,198,145,1,20251020_035114
1760899814.253909,11355159,2906920704,2906.920704,166,198,148,1,20251020_035114
1760899814.2638931,11355198,2906930688,2906.930688,170,198,152,1,20251020_035114
1760899814.2741332,11355238,2906940928,2906.940928,174,199,155,1,20251020_035114
1760899814.2841172,11355277,2906950912,2906.950912,178,198,160,1,20251020_035114
1760899814.2941012,11355316,2906960896,2906.960896,182,198,161,1,20251020_035114
1760899814.3040853,11355355,2906970880,2906.97088,186,198,163,1,20251020_035114
1760899814.3140693,11355394,2906980864,2906.980864,191,198,162,1,20251020_035114
1760899814.3240533,11355433,2906990848,2906.990848,195,199,163,1,20251020_035114
1760899814.3340373,11355472,2907000832,2907.000832,199,198,164,1,20251020_035114
1760899814.344021,11355511,2907010816,2907.010816,203,198,165,1,20251020_035114
1760899814.354005,11355550,2907020800,2907.0208,207,198,165,1,20251020_035114
1760899814.363989,11355589,2907030784,2907.030784,211,198,166,1,20251020_035114
1760899814.3739731,11355628,2907040768,2907.040768,215,198,165,1,20251020_035114
1760899814.3839571,11355667,2907050752,2907.050752,219,198,167,1,20251020_035114
1760899814.3939412,11355706,2907060736,2907.060736,223,198,167,1,20251020_035114
1760899814.4039252,11355745,2907070720,2907.07072,227,198,167,1,20251020_035114
1760899814.4141653,11355785,2907080960,2907.08096,230,198,167,1,20251020_035114
1760899814.4241493,11355824,2907090944,2907.090944,234,199,167,1,20251020_035114
1760899814.4341333,11355863,2907100928,2907.100928,237,198,168,1,20251020_035114
1760899814.4441173,11355902,2907110912,2907.110912,240,199,168,1,20251020_035114
1760899814.454101,11355941,2907120896,2907.120896,243,199,167,1,20251020_035114
1760899814.464085,11355980,2907130880,2907.13088,246,199,168,1,20251020_035114
1760899814.474069,11356019,2907140864,2907.140864,249,199,168,1,20251020_035114
1760899814.4840531,11356058,2907150848,2907.150848,252,199,168,1,20251020_035114
1760899814.4940372,11356097,2907160832,2907.160832,0,199,168,1,20251020_035114
1760899814.5040212,11356136,2907170816,2907.170816,3,199,169,1,20251020_035114
1760899814.5140052,11356175,2907180800,2907.1808,6,199,169,1,20251020_035114
1760899814.5239892,11356214,2907190784,2907.190784,8,199,169,1,20251020_035114
1760899814.5339732,11356253,2907200768,2907.200768,11,199,169,1,20251020_035114
1760899814.5439572,11356292,2907210752,2907.210752,13,199,170,1,20251020_035114
1760899814.5541973,11356332,2907220992,2907.220992,16,199,168,1,20251020_035114
1760899814.564181,11356371,2907230976,2907.230976,18,199,170,1,20251020_035114
1760899814.574165,11356410,2907240960,2907.24096,20,199,169,1,20251020_035114
1760899814.5841491,11356449,2907250944,2907.250944,23,201,170,1,20251020_035114
1760899814.5941331,11356488,2907260928,2907.260928,25,199,167,1,20251020_035114
1760899814.6041172,11356527,2907270912,2907.270912,27,199,168,1,20251020_035114
1760899814.6141012,11356566,2907280896,2907.280896,29,199,168,1,20251020_035114
1760899814.6240852,11356605,2907290880,2907.29088,31,199,167,1,20251020_035114
1760899814.6340692,11356644,2907300864,2907.300864,33,199,167,1,20251020_035114
1760899814.6440532,11356683,2907310848,2907.310848,35,199,167,1,20251020_035114
1760899814.6540372,11356722,2907320832,2907.320832,38,199,166,1,20251020_035114
1760899814.6640213,11356761,2907330816,2907.330816,40,199,166,1,20251020_035114
1760899814.674261,11356801,2907341056,2907.341056,42,199,164,1,20251020_035114
1760899814.684245,11356840,2907351040,2907.35104,44,199,164,1,20251020_035114
1760899814.6942291,11356879,2907361024,2907.361024,46,199,164,1,20251020_035114
1760899814.7042131,11356918,2907371008,2907.371008,48,199,163,1,20251020_035114
1760899814.7141972,11356957,2907380992,2907.380992,50,199,161,1,20251020_035114
1760899814.7241812,11356996,2907390976,2907.390976,52,199,160,1,20251020_035114
1760899814.7341652,11357035,2907400960,2907.40096,55,199,158,1,20251020_035114
1760899814.7441492,11357074,2907410944,2907.410944,57,199,155,1,20251020_035114
1760899814.7543893,11357114,2907421184,2907.421184,60,199,152,1,20251020_035114
1760899814.7643733,11357153,2907431168,2907.431168,62,199,149,1,20251020_035114
1760899814.7743573,11357192,2907441152,2907.441152,65,199,142,1,20251020_035114
1760899814.784341,11357231,2907451136,2907.451136,68,199,136,1,20251020_035114
1760899814.794325,11357270,2907461120,2907.46112,71,199,127,1,20251020_035114
1760899814.8043091,11357309,2907471104,2907.471104,75,199,121,1,20251020_035114
1760899814.8145492,11357349,2907481344,2907.481344,78,199,115,1,20251020_035114
1760899814.8245332,11357388,2907491328,2907.491328,82,199,110,1,20251020_035114
1760899814.8345172,11357427,2907501312,2907.501312,86,199,104,1,20251020_035114
1760899814.8445013,11357466,2907511296,2907.511296,89,199,101,1,20251020_035114
1760899814.8544853,11357505,2907521280,2907.52128,93,198,97,1,20251020_035114
1760899814.8644693,11357544,2907531264,2907.531264,97,199,94,1,20251020_035114
1760899814.8744533,11357583,2907541248,2907.541248,101,198,96,1,20251020_035114
1760899814.884437,11357622,2907551232,2907.551232,104,198,95,1,20251020_035114
1760899814.8946772,11357662,2907561472,2907.561472,108,198,94,1,20251020_035114
1760899814.9046612,11357701,2907571456,2907.571456,111,198,94,1,20251020_035114
1760899814.9146452,11357740,2907581440,2907.58144,114,198,93,1,20251020_035114
1760899814.9246292,11357779,2907591424,2907.591424,117,198,94,1,20251020_035114
1760899814.9346132,11357818,2907601408,2907.601408,120,198,94,1,20251020_035114
1760899814.9445972,11357857,2907611392,2907.611392,123,198,94,1,20251020_035114
1760899814.9545813,11357896,2907621376,2907.621376,126,198,96,1,20251020_035114
1760899814.964821,11357936,2907631616,2907.631616,129,199,97,1,20251020_035114
1760899814.974805,11357975,2907641600,2907.6416,132,198,96,1,20251020_035114
1760899814.9847891,11358014,2907651584,2907.651584,134,198,98,1,20251020_035114
1760899814.9947731,11358053,2907661568,2907.661568,137,198,100,1,20251020_035114
1760899815.0047572,11358092,2907671552,2907.671552,140,198,99,1,20251020_035114
1760899815.0147412,11358131,2907681536,2907.681536,142,198,102,1,20251020_035114
1760899815.0247252,11358170,2907691520,2907.69152,145,198,105,1,20251020_035114
1760899815.0349653,11358210,2907701760,2907.70176,147,198,107,1,20251020_035114
1760899815.0449493,11358249,2907711744,2907.711744,150,198,112,1,20251020_035114
1760899815.0549333,11358288,2907721728,2907.721728,153,198,119,1,20251020_035114
1760899815.064917,11358327,2907731712,2907.731712,156,199,127,1,20251020_035114
1760899815.074901,11358366,2907741696,2907.741696,159,199,134,1,20251020_035114
1760899815.0848851,11358405,2907751680,2907.75168,163,199,142,1,20251020_035114
1760899815.0948691,11358444,2907761664,2907.761664,166,198,148,1,20251020_035114
1760899815.1048532,11358483,2907771648,2907.771648,170,199,156,1,20251020_035114
1760899815.1150932,11358523,2907781888,2907.781888,174,199,160,1,20251020_035114
1760899815.1250772,11358562,2907791872,2907.791872,178,198,162,1,20251020_035114
1760899815.1350613,11358601,2907801856,2907.801856,183,199,163,1,20251020_035114
1760899815.1450453,11358640,2907811840,2907.81184,187,198,164,1,20251020_035114
1760899815.1550293,11358679,2907821824,2907.821824,191,199,164,1,20251020_035114
1760899815.1650133,11358718,2907831808,2907.831808,195,199,164,1,20251020_035114
1760899815.1752532,11358758,2907842048,2907.842048,200,199,165,1,20251020_035114
1760899815.1852372,11358797,2907852032,2907.852032,204,198,165,1,20251020_035114
1760899815.1952212,11358836,2907862016,2907.862016,208,199,166,1,20251020_035114
1760899815.2052052,11358875,2907872000,2907.872,212,199,165,1,20251020_035114
1760899815.2151892,11358914,2907881984,2907.881984,216,199,166,1,20251020_035114
1760899815.2251732,11358953,2907891968,2907.891968,220,198,167,1,20251020_035114
1760899815.2351573,11358992,2907901952,2907.901952,223,199,167,1,20251020_035114
1760899815.2451413,11359031,2907911936,2907.911936,227,199,167,1,20251020_035114
1760899815.255381,11359071,2907922176,2907.922176,231,199,167,1,20251020_035114
1760899815.2653651,11359110,2907932160,2907.93216,234,199,167,1,20251020_035114
1760899815.2753491,11359149,2907942144,2907.942144,237,199,168,1,20251020_035114
1760899815.2853332,11359188,2907952128,2907.952128,241,199,168,1,20251020_035114
1760899815.2953172,11359227,2907962112,2907.962112,244,199,168,1,20251020_035114
1760899815.3053012,11359266,2907972096,2907.972096,247,200,168,1,20251020_035114
1760899815.3152852,11359305,2907982080,2907.98208,250,199,168,1,20251020_035114
1760899815.3252692,11359344,2907992064,2907.992064,253,200,166,1,20251020_035114
1760899815.3352532,11359383,2908002048,2908.002048,1,199,166,1,20251020_035114
1760899815.3452373,11359422,2908012032,2908.012032,3,200,166,1,20251020_035114
1760899815.3552213,11359461,2908022016,2908.022016,6,199,164,1,20251020_035114
1760899815.3652053,11359500,2908032000,2908.032,9,200,163,1,20251020_035114
1760899815.3751893,11359539,2908041984,2908.041984,11,199,160,1,20251020_035114
1760899815.385173,11359578,2908051968,2908.051968,14,200,159,1,20251020_035114
1760899815.3954132,11359618,2908062208,2908.062208,17,200,156,1,20251020_035114
1760899815.4053972,11359657,2908072192,2908.072192,19,199,153,1,20251020_035114
1760899815.4153812,11359696,2908082176,2908.082176,22,200,150,1,20251020_035114
1760899815.4253652,11359735,2908092160,2908.09216,25,199,148,1,20251020_035114
1760899815.4353492,11359774,2908102144,2908.102144,28,200,145,1,20251020_035114
1760899815.4453332,11359813,2908112128,2908.112128,30,200,139,1,20251020_035114
1760899815.4553173,11359852,2908122112,2908.122112,34,199,132,1,20251020_035114
1760899815.4653013,11359891,2908132096,2908.132096,37,199,127,1,20251020_035114
1760899815.4752853,11359930,2908142080,2908.14208,40,200,122,1,20251020_035114
1760899815.4852693,11359969,2908152064,2908.152064,44,199,117,1,20251020_035114
1760899815.495253,11360008,2908162048,2908.162048,48,199,112,1,20251020_035114
1760899815.505237,11360047,2908172032,2908.172032,52,199,106,1,20251020_035114
1760899815.515221,11360086,2908182016,2908.182016,56,199,98,1,20251020_035114
1760899815.5252051,11360125,2908192000,2908.192,60,199,95,1,20251020_035114
1760899815.5354452,11360165,2908202240,2908.20224,65,199,93,1,20251020_035114
1760899815.5454292,11360204,2908212224,2908.212224,69,200,94,1,20251020_035114
1760899815.5554132,11360243,2908222208,2908.222208,73,199,94,1,20251020_035114
1760899815.5653973,11360282,2908232192,2908.232192,77,198,93,1,20251020_035114
1760899815.5753813,11360321,2908242176,2908.242176,81,199,93,1,20251020_035114
1760899815.5853653,11360360,2908252160,2908.25216,85,199,95,1,20251020_035114
1760899815.5953493,11360399,2908262144,2908.262144,89,199,94,1,20251020_035114
1760899815.605333,11360438,2908272128,2908.272128,93,198,95,1,20251020_035114
1760899815.615317,11360477,2908282112,2908.282112,97,198,96,1,20251020_035114
1760899815.6253011,11360516,2908292096,2908.292096,101,199,97,1,20251020_035114
1760899815.6352851,11360555,2908302080,2908.30208,104,198,96,1,20251020_035114
1760899815.6452692,11360594,2908312064,2908.312064,107,198,97,1,20251020_035114
1760899815.6552532,11360633,2908322048,2908.322048,111,198,96,1,20251020_035114
1760899815.6652372,11360672,2908332032,2908.332032,114,198,96,1,20251020_035114
1760899815.6754773,11360712,2908342272,2908.342272,117,198,96,1,20251020_035114
1760899815.6854613,11360751,2908352256,2908.352256,120,198,99,1,20251020_035114
1760899815.6954453,11360790,2908362240,2908.36224,123,198,100,1,20251020_035114
1760899815.7054293,11360829,2908372224,2908.372224,126,198,101,1,20251020_035114
1760899815.715413,11360868,2908382208,2908.382208,129,198,104,1,20251020_035114
1760899815.725397,11360907,2908392192,2908.392192,132,199,107,1,20251020_035114
1760899815.7353811,11360946,2908402176,2908.402176,135,199,113,1,20251020_035114
1760899815.7453651,11360985,2908412160,2908.41216,138,199,119,1,20251020_035114
1760899815.7553492,11361024,2908422144,2908.422144,141,199,127,1,20251020_035114
1760899815.7653332,11361063,2908432128,2908.432128,144,198,131,1,20251020_035114
1760899815.7753172,11361102,2908442112,2908.442112,147,198,139,1,20251020_035114
1760899815.7853012,11361141,2908452096,2908.452096,151,199,142,1,20251020_035114
1760899815.7952852,11361180,2908462080,2908.46208,154,199,146,1,20251020_035114
1760899815.8052692,11361219,2908472064,2908.472064,158,199,152,1,20251020_035114
1760899815.8152533,11361258,2908482048,2908.482048,162,198,156,1,20251020_035114
1760899815.825493,11361298,2908492288,2908.492288,166,199,161,1,20251020_035114
1760899815.835477,11361337,2908502272,2908.502272,170,198,162,1,20251020_035114
1760899815.8454611,11361376,2908512256,2908.512256,174,198,163,1,20251020_035114
1760899815.8554451,11361415,2908522240,2908.52224,178,198,163,1,20251020_035114
1760899815.8654292,11361454,2908532224,2908.532224,183,199,163,1,20251020_035114
1760899815.8754132,11361493,2908542208,2908.542208,187,199,165,1,20251020_035114
1760899815.8853972,11361532,2908552192,2908.552192,191,198,163,1,20251020_035114
1760899815.8953812,11361571,2908562176,2908.562176,195,198,165,1,20251020_035114
1760899815.9053652,11361610,2908572160,2908.57216,200,198,166,1,20251020_035114
1760899815.9153492,11361649,2908582144,2908.582144,204,199,166,1,20251020_035114
1760899815.9253333,11361688,2908592128,2908.592128,208,199,167,1,20251020_035114
1760899815.9353173,11361727,2908602112,2908.602112,212,198,166,1,20251020_035114
1760899815.9453013,11361766,2908612096,2908.612096,216,199,167,1,20251020_035114
1760899815.9552853,11361805,2908622080,2908.62208,220,199,167,1,20251020_035114
1760899815.9655252,11361845,2908632320,2908.63232,224,199,168,1,20251020_035114
1760899815.9755092,11361884,2908642304,2908.642304,227,199,168,1,20251020_035114
1760899815.9854932,11361923,2908652288,2908.652288,231,199,165,1,20251020_035114
1760899815.9954772,11361962,2908662272,2908.662272,234,199,167,1,20251020_035114
1760899816.0054612,11362001,2908672256,2908.672256,238,199,168,1,20251020_035114
1760899816.0154452,11362040,2908682240,2908.68224,241,199,168,1,20251020_035114
1760899816.0254292,11362079,2908692224,2908.692224,244,200,168,1,20251020_035114
1760899816.0354133,11362118,2908702208,2908.702208,247,199,168,1,20251020_035114
1760899816.0453973,11362157,2908712192,2908.712192,250,199,168,1,20251020_035114
1760899816.0553813,11362196,2908722176,2908.722176,253,199,168,1,20251020_035114
1760899816.0653653,11362235,2908732160,2908.73216,1,200,167,1,20251020_035114
1760899816.075349,11362274,2908742144,2908.742144,3,199,166,1,20251020_035114
1760899816.085333,11362313,2908752128,2908.752128,6,199,165,1,20251020_035114
1760899816.0953171,11362352,2908762112,2908.762112,9,200,166,1,20251020_035114
1760899816.1055572,11362392,2908772352,2908.772352,11,200,165,1,20251020_035114
1760899816.1155412,11362431,2908782336,2908.782336,14,199,164,1,20251020_035114
1760899816.1255252,11362470,2908792320,2908.79232,16,200,166,1,20251020_035114
1760899816.1355093,11362509,2908802304,2908.802304,19,200,164,1,20251020_035114
1760899816.1454933,11362548,2908812288,2908.812288,21,199,165,1,20251020_035114
1760899816.1554773,11362587,2908822272,2908.822272,24,200,164,1,20251020_035114
1760899816.1654613,11362626,2908832256,2908.832256,26,200,164,1,20251020_035114
1760899816.1754453,11362665,2908842240,2908.84224,28,199,163,1,20251020_035114
1760899816.185429,11362704,2908852224,2908.852224,30,200,164,1,20251020_035114
1760899816.195413,11362743,2908862208,2908.862208,33,199,162,1,20251020_035114
1760899816.2053971,11362782,2908872192,2908.872192,35,200,161,1,20251020_035114
1760899816.2153811,11362821,2908882176,2908.882176,37,200,162,1,20251020_035114
1760899816.2253652,11362860,2908892160,2908.89216,39,199,161,1,20251020_035114
1760899816.2353492,11362899,2908902144,2908.902144,42,199,160,1,20251020_035114
1760899816.2453332,11362938,2908912128,2908.912128,44,199,159,1,20251020_035114
1760899816.2555733,11362978,2908922368,2908.922368,46,199,160,1,20251020_035114
1760899816.2655573,11363017,2908932352,2908.932352,48,199,158,1,20251020_035114
1760899816.2755413,11363056,2908942336,2908.942336,51,200,156,1,20251020_035114
1760899816.285525,11363095,2908952320,2908.95232,53,199,157,1,20251020_035114
1760899816.295509,11363134,2908962304,2908.962304,56,199,155,1,20251020_035114
1760899816.305493,11363173,2908972288,2908.972288,58,199,154,1,20251020_035114
1760899816.3154771,11363212,2908982272,2908.982272,61,199,152,1,20251020_035114
1760899816.3254611,11363251,2908992256,2908.992256,63,199,149,1,20251020_035114
1760899816.3354452,11363290,2909002240,2909.00224,66,199,148,1,20251020_035114
1760899816.3454292,11363329,2909012224,2909.012224,69,199,146,1,20251020_035114
1760899816.3554132,11363368,2909022208,2909.022208,71,200,138,1,20251020_035114
1760899816.3653972,11363407,2909032192,2909.032192,75,199,133,1,20251020_035114
1760899816.3753812,11363446,2909042176,2909.042176,78,199,129,1,20251020_035114
1760899816.3853652,11363485,2909052160,2909.05216,81,198,127,1,20251020_035114
1760899816.395605,11363525,2909062400,2909.0624,84,199,122,1,20251020_035114
1760899816.405589,11363564,2909072384,2909.072384,88,199,117,1,20251020_035114
1760899816.4155731,11363603,2909082368,2909.082368,91,199,112,1,20251020_035114
1760899816.4255571,11363642,2909092352,2909.092352,95,199,109,1,20251020_035114
1760899816.4355412,11363681,2909102336,2909.102336,99,198,104,1,20251020_035114
1760899816.4455252,11363720,2909112320,2909.11232,102,198,101,1,20251020_035114
1760899816.4555092,11363759,2909122304,2909.122304,106,198,99,1,20251020_035114
1760899816.4654932,11363798,2909132288,2909.132288,109,198,96,1,20251020_035114
1760899816.4754772,11363837,2909142272,2909.142272,112,198,91,1,20251020_035114
1760899816.4854612,11363876,2909152256,2909.152256,115,199,94,1,20251020_035114
1760899816.4954453,11363915,2909162240,2909.16224,118,198,95,1,20251020_035114
1760899816.5054293,11363954,2909172224,2909.172224,122,198,96,1,20251020_035114
1760899816.5154133,11363993,2909182208,2909.182208,124,198,95,1,20251020_035114
1760899816.5253973,11364032,2909192192,2909.192192,127,198,96,1,20251020_035114
1760899816.5356371,11364072,2909202432,2909.202432,130,198,97,1,20251020_035114
1760899816.5456212,11364111,2909212416,2909.212416,133,198,97,1,20251020_035114
1760899816.5556052,11364150,2909222400,2909.2224,135,199,98,1,20251020_035114
1760899816.5655892,11364189,2909232384,2909.232384,138,198,99,1,20251020_035114
1760899816.5755732,11364228,2909242368,2909.242368,141,198,100,1,20251020_035114
1760899816.5855572,11364267,2909252352,2909.252352,143,199,101,1,20251020_035114
1760899816.5955412,11364306,2909262336,2909.262336,146,199,103,1,20251020_035114
1760899816.6055253,11364345,2909272320,2909.27232,148,198,103,1,20251020_035114
1760899816.6155093,11364384,2909282304,2909.282304,151,199,107,1,20251020_035114
1760899816.6254933,11364423,2909292288,2909.292288,153,199,110,1,20251020_035114
1760899816.6354773,11364462,2909302272,2909.302272,156,198,113,1,20251020_035114
1760899816.645461,11364501,2909312256,2909.312256,159,199,118,1,20251020_035114
1760899816.655445,11364540,2909322240,2909.32224,161,198,124,1,20251020_035114
1760899816.665429,11364579,2909332224,2909.332224,165,198,129,1,20251020_035114
1760899816.6754131,11364618,2909342208,2909.342208,168,199,134,1,20251020_035114
1760899816.6856532,11364658,2909352448,2909.352448,171,199,140,1,20251020_035114
1760899816.6956372,11364697,2909362432,2909.362432,175,198,143,1,20251020_035114
1760899816.7056212,11364736,2909372416,2909.372416,178,198,151,1,20251020_035114
1760899816.7156053,11364775,2909382400,2909.3824,182,198,160,1,20251020_035114
1760899816.7255893,11364814,2909392384,2909.392384,187,199,161,1,20251020_035114
1760899816.7355733,11364853,2909402368,2909.402368,191,198,163,1,20251020_035114
1760899816.7455573,11364892,2909412352,2909.412352,195,198,164,1,20251020_035114
1760899816.755541,11364931,2909422336,2909.422336,199,199,164,1,20251020_035114
1760899816.765525,11364970,2909432320,2909.43232,203,199,165,1,20251020_035114
1760899816.775509,11365009,2909442304,2909.442304,207,198,165,1,20251020_035114
1760899816.7854931,11365048,2909452288,2909.452288,212,198,166,1,20251020_035114
1760899816.7954772,11365087,2909462272,2909.462272,215,199,166,1,20251020_035114
1760899816.8054612,11365126,2909472256,2909.472256,219,198,166,1,20251020_035114
1760899816.8154452,11365165,2909482240,2909.48224,223,199,167,1,20251020_035114
1760899816.8256853,11365205,2909492480,2909.49248,227,199,167,1,20251020_035114
1760899816.8356693,11365244,2909502464,2909.502464,230,199,167,1,20251020_035114
1760899816.8456533,11365283,2909512448,2909.512448,234,200,168,1,20251020_035114
1760899816.8556373,11365322,2909522432,2909.522432,237,199,168,1,20251020_035114
1760899816.865621,11365361,2909532416,2909.532416,240,199,167,1,20251020_035114
1760899816.875605,11365400,2909542400,2909.5424,244,200,168,1,20251020_035114
1760899816.8855891,11365439,2909552384,2909.552384,247,200,167,1,20251020_035114
1760899816.8955731,11365478,2909562368,2909.562368,250,200,168,1,20251020_035114
1760899816.9055572,11365517,2909572352,2909.572352,253,200,168,1,20251020_035114
1760899816.9155412,11365556,2909582336,2909.582336,0,200,167,1,20251020_035114
1760899816.9255252,11365595,2909592320,2909.59232,3,199,166,1,20251020_035114
1760899816.9355092,11365634,2909602304,2909.602304,6,200,167,1,20251020_035114
1760899816.9454932,11365673,2909612288,2909.612288,8,200,166,1,20251020_035114
1760899816.9554772,11365712,2909622272,2909.622272,11,200,166,1,20251020_035114
1760899816.9654613,11365751,2909632256,2909.632256,13,200,164,1,20251020_035114
1760899816.975701,11365791,2909642496,2909.642496,16,200,164,1,20251020_035114
1760899816.985685,11365830,2909652480,2909.65248,18,200,162,1,20251020_035114
1760899816.9956691,11365869,2909662464,2909.662464,21,200,161,1,20251020_035114
1760899817.0056531,11365908,2909672448,2909.672448,23,200,159,1,20251020_035114
1760899817.0156372,11365947,2909682432,2909.682432,26,200,155,1,20251020_035114
1760899817.0256212,11365986,2909692416,2909.692416,28,199,152,1,20251020_035114
1760899817.0356052,11366025,2909702400,2909.7024,31,200,149,1,20251020_035114
1760899817.0455892,11366064,2909712384,2909.712384,34,199,145,1,20251020_035114
1760899817.0555732,11366103,2909722368,2909.722368,37,200,135,1,20251020_035114
1760899817.0655572,11366142,2909732352,2909.732352,40,199,127,1,20251020_035114
1760899817.0755413,11366181,2909742336,2909.742336,43,200,123,1,20251020_035114
1760899817.0855253,11366220,2909752320,2909.75232,47,200,116,1,20251020_035114
1760899817.0955093,11366259,2909762304,2909.762304,51,199,110,1,20251020_035114
1760899817.1054933,11366298,2909772288,2909.772288,55,200,105,1,20251020_035114
1760899817.1157331,11366338,2909782528,2909.782528,59,199,103,1,20251020_035114
1760899817.1257172,11366377,2909792512,2909.792512,63,199,98,1,20251020_035114
1760899817.1357012,11366416,2909802496,2909.802496,67,199,94,1,20251020_035114
1760899817.1456852,11366455,2909812480,2909.81248,72,199,95,1,20251020_035114
1760899817.1556692,11366494,2909822464,2909.822464,76,199,95,1,20251020_035114
1760899817.1656532,11366533,2909832448,2909.832448,80,199,94,1,20251020_035114
1760899817.1756372,11366572,2909842432,2909.842432,84,199,94,1,20251020_035114
1760899817.1856213,11366611,2909852416,2909.852416,88,199,96,1,20251020_035114
1760899817.1956053,11366650,2909862400,2909.8624,92,199,95,1,20251020_035114
1760899817.2055893,11366689,2909872384,2909.872384,96,199,96,1,20251020_035114
1760899817.2155733,11366728,2909882368,2909.882368,99,199,96,1,20251020_035114
1760899817.225557,11366767,2909892352,2909.892352,103,199,96,1,20251020_035114
1760899817.235541,11366806,2909902336,2909.902336,106,198,96,1,20251020_035114
1760899817.2455251,11366845,2909912320,2909.91232,110,198,94,1,20251020_035114
1760899817.2555091,11366884,2909922304,2909.922304,113,198,94,1,20251020_035114
1760899817.2657492,11366924,2909932544,2909.932544,116,198,96,1,20251020_035114
1760899817.2757332,11366963,2909942528,2909.942528,119,198,98,1,20251020_035114
1760899817.2857172,11367002,2909952512,2909.952512,122,198,98,1,20251020_035114
1760899817.2957013,11367041,2909962496,2909.962496,125,198,98,1,20251020_035114
1760899817.3056853,11367080,2909972480,2909.97248,128,199,100,1,20251020_035114
1760899817.3156693,11367119,2909982464,2909.982464,131,199,104,1,20251020_035114
1760899817.3256533,11367158,2909992448,2909.992448,134,198,107,1,20251020_035114
1760899817.335637,11367197,2910002432,2910.002432,137,198,111,1,20251020_035114
1760899817.345621,11367236,2910012416,2910.012416,139,198,117,1,20251020_035114
1760899817.3556051,11367275,2910022400,2910.0224,142,198,127,1,20251020_035114
1760899817.3655891,11367314,2910032384,2910.032384,146,199,132,1,20251020_035114
1760899817.3755732,11367353,2910042368,2910.042368,149,198,138,1,20251020_035114
1760899817.3855572,11367392,2910052352,2910.052352,152,199,142,1,20251020_035114
1760899817.3955412,11367431,2910062336,2910.062336,156,199,147,1,20251020_035114
1760899817.4057813,11367471,2910072576,2910.072576,160,198,154,1,20251020_035114
1760899817.4157653,11367510,2910082560,2910.08256,164,199,161,1,20251020_035114
1760899817.4257493,11367549,2910092544,2910.092544,168,199,162,1,20251020_035114
1760899817.4357333,11367588,2910102528,2910.102528,172,198,163,1,20251020_035114
1760899817.445717,11367627,2910112512,2910.112512,176,199,164,1,20251020_035114
1760899817.455701,11367666,2910122496,2910.122496,181,198,164,1,20251020_035114
1760899817.4656851,11367705,2910132480,2910.13248,185,199,165,1,20251020_035114
1760899817.4756691,11367744,2910142464,2910.142464,189,198,165,1,20251020_035114
1760899817.4856532,11367783,2910152448,2910.152448,194,199,165,1,20251020_035114
1760899817.4956372,11367822,2910162432,2910.162432,198,198,165,1,20251020_035114
1760899817.5056212,11367861,2910172416,2910.172416,202,199,166,1,20251020_035114
1760899817.5156052,11367900,2910182400,2910.1824,206,198,166,1,20251020_035114
1760899817.5255892,11367939,2910192384,2910.192384,210,199,166,1,20251020_035114
1760899817.5355732,11367978,2910202368,2910.202368,214,199,167,1,20251020_035114
1760899817.5455573,11368017,2910212352,2910.212352,218,199,167,1,20251020_035114
1760899817.555797,11368057,2910222592,2910.222592,222,198,167,1,20251020_035114
1760899817.565781,11368096,2910232576,2910.232576,226,199,168,1,20251020_035114
1760899817.5757651,11368135,2910242560,2910.24256,229,199,168,1,20251020_035114
1760899817.5857491,11368174,2910252544,2910.252544,233,199,168,1,20251020_035114
1760899817.5957332,11368213,2910262528,2910.262528,236,199,167,1,20251020_035114
1760899817.6057172,11368252,2910272512,2910.272512,240,199,167,1,20251020_035114
1760899817.6157012,11368291,2910282496,2910.282496,243,199,168,1,20251020_035114
1760899817.6256852,11368330,2910292480,2910.29248,246,199,168,1,20251020_035114
1760899817.6356692,11368369,2910302464,2910.302464,249,199,165,1,20251020_035114
1760899817.6456532,11368408,2910312448,2910.312448,252,199,166,1,20251020_035114
1760899817.6556373,11368447,2910322432,2910.322432,0,200,167,1,20251020_035114
1760899817.6656213,11368486,2910332416,2910.332416,2,200,165,1,20251020_035114
1760899817.6756053,11368525,2910342400,2910.3424,5,199,164,1,20251020_035114
1760899817.6855893,11368564,2910352384,2910.352384,8,200,163,1,20251020_035114
1760899817.6958292,11368604,2910362624,2910.362624,10,199,161,1,20251020_035114
1760899817.7058132,11368643,2910372608,2910.372608,13,199,160,1,20251020_035114
1760899817.7157972,11368682,2910382592,2910.382592,16,200,159,1,20251020_035114
1760899817.7257812,11368721,2910392576,2910.392576,18,199,156,1,20251020_035114
1760899817.7357652,11368760,2910402560,2910.40256,21,200,154,1,20251020_035114
1760899817.7457492,11368799,2910412544,2910.412544,23,201,155,1,20251020_035114
1760899817.7557333,11368838,2910422528,2910.422528,26,199,152,1,20251020_035114
1760899817.7657173,11368877,2910432512,2910.432512,29,199,150,1,20251020_035114
1760899817.7757013,11368916,2910442496,2910.442496,31,200,147,1,20251020_035114
1760899817.7856853,11368955,2910452480,2910.45248,34,200,143,1,20251020_035114
1760899817.7956693,11368994,2910462464,2910.462464,37,199,138,1,20251020_035114
1760899817.805653,11369033,2910472448,2910.472448,40,200,132,1,20251020_035114
1760899817.815637,11369072,2910482432,2910.482432,44,201,127,1,20251020_035114
1760899817.8256211,11369111,2910492416,2910.492416,47,199,124,1,20251020_035114
1760899817.8358612,11369151,2910502656,2910.502656,51,200,117,1,20251020_035114
1760899817.8458452,11369190,2910512640,2910.51264,54,200,112,1,20251020_035114
1760899817.8558292,11369229,2910522624,2910.522624,58,199,108,1,20251020_035114
1760899817.8658133,11369268,2910532608,2910.532608,62,199,106,1,20251020_035114
1760899817.8757973,11369307,2910542592,2910.542592,66,199,104,1,20251020_035114
1760899817.8857813,11369346,2910552576,2910.552576,70,199,102,1,20251020_035114
1760899817.8957653,11369385,2910562560,2910.56256,75,199,99,1,20251020_035114
1760899817.905749,11369424,2910572544,2910.572544,79,199,97,1,20251020_035114
1760899817.915733,11369463,2910582528,2910.582528,83,199,94,1,20251020_035114
1760899817.925717,11369502,2910592512,2910.592512,87,199,95,1,20251020_035114
1760899817.9357011,11369541,2910602496,2910.602496,91,199,95,1,20251020_035114
1760899817.9456851,11369580,2910612480,2910.61248,94,200,94,1,20251020_035114
1760899817.9556692,11369619,2910622464,2910.622464,98,199,94,1,20251020_035114
1760899817.9656532,11369658,2910632448,2910.632448,102,199,95,1,20251020_035114
1760899817.9756372,11369697,2910642432,2910.642432,105,198,96,1,20251020_035114
1760899817.9858773,11369737,2910652672,2910.652672,109,198,96,1,20251020_035114
1760899817.9958613,11369776,2910662656,2910.662656,112,199,93,1,20251020_035114
1760899818.0058453,11369815,2910672640,2910.67264,115,198,96,1,20251020_035114
1760899818.015829,11369854,2910682624,2910.682624,118,198,96,1,20251020_035114
1760899818.025813,11369893,2910692608,2910.692608,121,198,98,1,20251020_035114
1760899818.035797,11369932,2910702592,2910.702592,124,198,99,1,20251020_035114
1760899818.0457811,11369971,2910712576,2910.712576,127,199,100,1,20251020_035114
1760899818.0557652,11370010,2910722560,2910.72256,130,198,102,1,20251020_035114
1760899818.0657492,11370049,2910732544,2910.732544,133,198,104,1,20251020_035114
1760899818.0757332,11370088,2910742528,2910.742528,136,199,107,1,20251020_035114
1760899818.0857172,11370127,2910752512,2910.752512,138,198,109,1,20251020_035114
1760899818.0957012,11370166,2910762496,2910.762496,141,199,114,1,20251020_035114
1760899818.1056852,11370205,2910772480,2910.77248,144,198,119,1,20251020_035114
1760899818.1156693,11370244,2910782464,2910.782464,147,198,126,1,20251020_035114
1760899818.125909,11370284,2910792704,2910.792704,150,199,131,1,20251020_035114
1760899818.135893,11370323,2910802688,2910.802688,153,198,135,1,20251020_035114
1760899818.1458771,11370362,2910812672,2910.812672,157,198,138,1,20251020_035114
1760899818.1558611,11370401,2910822656,2910.822656,160,199,142,1,20251020_035114
1760899818.1658452,11370440,2910832640,2910.83264,164,199,144,1,20251020_035114
1760899818.1758292,11370479,2910842624,2910.842624,167,199,147,1,20251020_035114
1760899818.1858132,11370518,2910852608,2910.852608,171,199,150,1,20251020_035114
1760899818.1957972,11370557,2910862592,2910.862592,175,198,152,1,20251020_035114
1760899818.2057812,11370596,2910872576,2910.872576,179,201,159,1,20251020_035114
1760899818.2157652,11370635,2910882560,2910.88256,183,199,162,1,20251020_035114
1760899818.2257493,11370674,2910892544,2910.892544,188,198,162,1,20251020_035114
1760899818.2357333,11370713,2910902528,2910.902528,192,198,162,1,20251020_035114
1760899818.2457173,11370752,2910912512,2910.912512,196,198,163,1,20251020_035114
1760899818.2557013,11370791,2910922496,2910.922496,200,199,164,1,20251020_035114
1760899818.265685,11370830,2910932480,2910.93248,204,198,165,1,20251020_035114
1760899818.2759252,11370870,2910942720,2910.94272,208,199,167,1,20251020_035114
1760899818.2859092,11370909,2910952704,2910.952704,212,199,166,1,20251020_035114
1760899818.2958932,11370948,2910962688,2910.962688,216,199,167,1,20251020_035114
1760899818.3058772,11370987,2910972672,2910.972672,220,199,166,1,20251020_035114
1760899818.3158612,11371026,2910982656,2910.982656,224,199,167,1,20251020_035114
1760899818.3258452,11371065,2910992640,2910.99264,227,199,167,1,20251020_035114
1760899818.3358293,11371104,2911002624,2911.002624,231,199,167,1,20251020_035114
1760899818.3458133,11371143,2911012608,2911.012608,234,199,166,1,20251020_035114
1760899818.3557973,11371182,2911022592,2911.022592,238,199,166,1,20251020_035114
1760899818.3657813,11371221,2911032576,2911.032576,241,200,168,1,20251020_035114
1760899818.375765,11371260,2911042560,2911.04256,244,199,168,1,20251020_035114
1760899818.385749,11371299,2911052544,2911.052544,247,200,167,1,20251020_035114
1760899818.395733,11371338,2911062528,2911.062528,250,199,168,1,20251020_035114
1760899818.4057171,11371377,2911072512,2911.072512,253,199,168,1,20251020_035114
1760899818.4159572,11371417,2911082752,2911.082752,1,200,167,1,20251020_035114
1760899818.4259412,11371456,2911092736,2911.092736,4,200,168,1,20251020_035114
1760899818.4359252,11371495,2911102720,2911.10272,6,199,168,1,20251020_035114
1760899818.4459093,11371534,2911112704,2911.112704,9,199,169,1,20251020_035114
1760899818.4558933,11371573,2911122688,2911.122688,11,200,169,1,20251020_035114
1760899818.4658773,11371612,2911132672,2911.132672,14,199,168,1,20251020_035114
1760899818.4758613,11371651,2911142656,2911.142656,16,200,169,1,20251020_035114
1760899818.485845,11371690,2911152640,2911.15264,19,200,170,1,20251020_035114
1760899818.495829,11371729,2911162624,2911.162624,21,200,169,1,20251020_035114
1760899818.5058131,11371768,2911172608,2911.172608,23,200,168,1,20251020_035114
1760899818.5157971,11371807,2911182592,2911.182592,25,200,169,1,20251020_035114
1760899818.5257812,11371846,2911192576,2911.192576,28,202,171,1,20251020_035114
1760899818.5357652,11371885,2911202560,2911.20256,30,200,168,1,20251020_035114
1760899818.5457492,11371924,2911212544,2911.212544,32,200,169,1,20251020_035114
1760899818.5557332,11371963,2911222528,2911.222528,34,199,166,1,20251020_035114
1760899818.5659733,11372003,2911232768,2911.232768,36,200,166,1,20251020_035114
1760899818.5759573,11372042,2911242752,2911.242752,38,200,166,1,20251020_035114
1760899818.5859413,11372081,2911252736,2911.252736,40,200,163,1,20251020_035114
1760899818.595925,11372120,2911262720,2911.26272,42,200,164,1,20251020_035114
1760899818.605909,11372159,2911272704,2911.272704,45,200,163,1,20251020_035114
1760899818.6158931,11372198,2911282688,2911.282688,47,200,161,1,20251020_035114
1760899818.6258771,11372237,2911292672,2911.292672,49,199,159,1,20251020_035114
1760899818.6358612,11372276,2911302656,2911.302656,51,200,156,1,20251020_035114
1760899818.6458452,11372315,2911312640,2911.31264,54,199,152,1,20251020_035114
1760899818.6558292,11372354,2911322624,2911.322624,56,199,148,1,20251020_035114
1760899818.6658132,11372393,2911332608,2911.332608,59,199,146,1,20251020_035114
1760899818.6757972,11372432,2911342592,2911.342592,62,199,135,1,20251020_035114
1760899818.6857812,11372471,2911352576,2911.352576,65,199,127,1,20251020_035114
1760899818.6957653,11372510,2911362560,2911.36256,69,199,121,1,20251020_035114
1760899818.706005,11372550,2911372800,2911.3728,72,199,116,1,20251020_035114
1760899818.715989,11372589,2911382784,2911.382784,76,199,110,1,20251020_035114
1760899818.7259731,11372628,2911392768,2911.392768,80,199,105,1,20251020_035114
1760899818.7359571,11372667,2911402752,2911.402752,84,199,102,1,20251020_035114
1760899818.7459412,11372706,2911412736,2911.412736,88,199,96,1,20251020_035114
1760899818.7559252,11372745,2911422720,2911.42272,92,199,95,1,20251020_035114
1760899818.7659092,11372784,2911432704,2911.432704,95,199,95,1,20251020_035114
1760899818.7758932,11372823,2911442688,2911.442688,99,198,94,1,20251020_035114
1760899818.7858772,11372862,2911452672,2911.452672,103,198,93,1,20251020_035114
1760899818.7958612,11372901,2911462656,2911.462656,106,198,93,1,20251020_035114
1760899818.8058453,11372940,2911472640,2911.47264,109,199,95,1,20251020_035114
1760899818.8158293,11372979,2911482624,2911.482624,113,198,95,1,20251020_035114
1760899818.8258133,11373018,2911492608,2911.492608,116,198,96,1,20251020_035114
1760899818.8357973,11373057,2911502592,2911.502592,119,198,96,1,20251020_035114
1760899818.845781,11373096,2911512576,2911.512576,122,198,96,1,20251020_035114
1760899818.8560212,11373136,2911522816,2911.522816,125,198,96,1,20251020_035114
1760899818.8660052,11373175,2911532800,2911.5328,128,199,98,1,20251020_035114
1760899818.8759892,11373214,2911542784,2911.542784,131,198,96,1,20251020_035114
1760899818.8859732,11373253,2911552768,2911.552768,133,198,97,1,20251020_035114
1760899818.8959572,11373292,2911562752,2911.562752,136,198,98,1,20251020_035114
1760899818.9059412,11373331,2911572736,2911.572736,139,198,100,1,20251020_035114
1760899818.9159253,11373370,2911582720,2911.58272,141,199,100,1,20251020_035114
1760899818.9259093,11373409,2911592704,2911.592704,144,198,103,1,20251020_035114
1760899818.9358933,11373448,2911602688,2911.602688,146,199,106,1,20251020_035114
1760899818.9458773,11373487,2911612672,2911.612672,149,199,110,1,20251020_035114
1760899818.955861,11373526,2911622656,2911.622656,152,198,116,1,20251020_035114
1760899818.965845,11373565,2911632640,2911.63264,154,198,126,1,20251020_035114
1760899818.9758291,11373604,2911642624,2911.642624,158,198,131,1,20251020_035114
1760899818.9858131,11373643,2911652608,2911.652608,161,198,138,1,20251020_035114
1760899818.9960532,11373683,2911662848,2911.662848,164,199,146,1,20251020_035114
1760899819.0060372,11373722,2911672832,2911.672832,168,199,152,1,20251020_035114
1760899819.0160213,11373761,2911682816,2911.682816,172,198,160,1,20251020_035114
1760899819.0260053,11373800,2911692800,2911.6928,176,198,161,1,20251020_035114
1760899819.0359893,11373839,2911702784,2911.702784,181,199,162,1,20251020_035114
1760899819.0459733,11373878,2911712768,2911.712768,185,198,163,1,20251020_035114
1760899819.0559573,11373917,2911722752,2911.722752,189,198,164,1,20251020_035114
1760899819.065941,11373956,2911732736,2911.732736,193,199,163,1,20251020_035114
1760899819.075925,11373995,2911742720,2911.74272,197,199,165,1,20251020_035114
1760899819.0859091,11374034,2911752704,2911.752704,202,199,165,1,20251020_035114
1760899819.0958931,11374073,2911762688,2911.762688,206,199,165,1,20251020_035114
1760899819.1058772,11374112,2911772672,2911.772672,210,199,165,1,20251020_035114
1760899819.1158612,11374151,2911782656,2911.782656,214,199,166,1,20251020_035114
1760899819.1258452,11374190,2911792640,2911.79264,218,199,166,1,20251020_035114
1760899819.1358292,11374229,2911802624,2911.802624,221,199,166,1,20251020_035114
1760899819.1460693,11374269,2911812864,2911.812864,225,199,167,1,20251020_035114
1760899819.1560533,11374308,2911822848,2911.822848,229,199,166,1,20251020_035114
1760899819.166037,11374347,2911832832,2911.832832,232,199,166,1,20251020_035114
1760899819.176021,11374386,2911842816,2911.842816,236,199,167,1,20251020_035114
1760899819.186005,11374425,2911852800,2911.8528,239,200,167,1,20251020_035114
1760899819.1959891,11374464,2911862784,2911.862784,242,200,167,1,20251020_035114
1760899819.2059731,11374503,2911872768,2911.872768,245,200,166,1,20251020_035114
1760899819.2159572,11374542,2911882752,2911.882752,248,199,166,1,20251020_035114
1760899819.2259412,11374581,2911892736,2911.892736,251,199,165,1,20251020_035114
1760899819.2359252,11374620,2911902720,2911.90272,254,200,166,1,20251020_035114
1760899819.2459092,11374659,2911912704,2911.912704,2,200,166,1,20251020_035114
1760899819.2558932,11374698,2911922688,2911.922688,5,200,165,1,20251020_035114
1760899819.2658772,11374737,2911932672,2911.932672,7,200,164,1,20251020_035114
1760899819.2758613,11374776,2911942656,2911.942656,10,199,162,1,20251020_035114
1760899819.286101,11374816,2911952896,2911.952896,13,200,161,1,20251020_035114
1760899819.2960851,11374855,2911962880,2911.96288,15,199,159,1,20251020_035114
1760899819.3060691,11374894,2911972864,2911.972864,18,200,155,1,20251020_035114
1760899819.3160532,11374933,2911982848,2911.982848,20,200,153,1,20251020_035114
1760899819.3260372,11374972,2911992832,2911.992832,23,200,150,1,20251020_035114
1760899819.3360212,11375011,2912002816,2912.002816,26,200,147,1,20251020_035114
1760899819.3460052,11375050,2912012800,2912.0128,29,200,145,1,20251020_035114
1760899819.3559892,11375089,2912022784,2912.022784,32,200,134,1,20251020_035114
1760899819.3659732,11375128,2912032768,2912.032768,35,200,127,1,20251020_035114
1760899819.3759573,11375167,2912042752,2912.042752,38,200,124,1,20251020_035114
1760899819.3859413,11375206,2912052736,2912.052736,42,199,118,1,20251020_035114
1760899819.3959253,11375245,2912062720,2912.06272,46,200,113,1,20251020_035114
1760899819.4059093,11375284,2912072704,2912.072704,50,200,107,1,20251020_035114
1760899819.4158933,11375323,2912082688,2912.082688,54,200,103,1,20251020_035114
1760899819.425877,11375362,2912092672,2912.092672,58,199,98,1,20251020_035114
1760899819.4361172,11375402,2912102912,2912.102912,62,199,95,1,20251020_035114
1760899819.4461012,11375441,2912112896,2912.112896,67,199,96,1,20251020_035114
1760899819.4560852,11375480,2912122880,2912.12288,71,199,94,1,20251020_035114
1760899819.4660692,11375519,2912132864,2912.132864,75,199,95,1,20251020_035114
1760899819.4760532,11375558,2912142848,2912.142848,79,199,95,1,20251020_035114
1760899819.4860373,11375597,2912152832,2912.152832,83,200,94,1,20251020_035114
1760899819.4960213,11375636,2912162816,2912.162816,87,199,96,1,20251020_035114
1760899819.5060053,11375675,2912172800,2912.1728,91,198,97,1,20251020_035114
1760899819.5159893,11375714,2912182784,2912.182784,95,199,95,1,20251020_035114
1760899819.525973,11375753,2912192768,2912.192768,99,199,96,1,20251020_035114
1760899819.535957,11375792,2912202752,2912.202752,102,198,96,1,20251020_035114
1760899819.545941,11375831,2912212736,2912.212736,106,198,97,1,20251020_035114
1760899819.5559251,11375870,2912222720,2912.22272,109,198,95,1,20251020_035114
1760899819.5659091,11375909,2912232704,2912.232704,112,198,96,1,20251020_035114
1760899819.5761492,11375949,2912242944,2912.242944,116,198,97,1,20251020_035114
1760899819.5861332,11375988,2912252928,2912.252928,119,198,98,1,20251020_035114
1760899819.5961173,11376027,2912262912,2912.262912,122,198,99,1,20251020_035114
1760899819.6061013,11376066,2912272896,2912.272896,125,198,101,1,20251020_035114
1760899819.6160853,11376105,2912282880,2912.28288,128,198,103,1,20251020_035114
1760899819.6260693,11376144,2912292864,2912.292864,130,198,105,1,20251020_035114
1760899819.636053,11376183,2912302848,2912.302848,133,199,110,1,20251020_035114
1760899819.646037,11376222,2912312832,2912.312832,136,199,114,1,20251020_035114
1760899819.656021,11376261,2912322816,2912.322816,139,199,120,1,20251020_035114
1760899819.6660051,11376300,2912332800,2912.3328,142,198,127,1,20251020_035114
1760899819.6759892,11376339,2912342784,2912.342784,145,199,132,1,20251020_035114
1760899819.6859732,11376378,2912352768,2912.352768,149,198,137,1,20251020_035114
1760899819.6959572,11376417,2912362752,2912.362752,152,199,141,1,20251020_035114
1760899819.7059412,11376456,2912372736,2912.372736,155,199,146,1,20251020_035114
1760899819.7159252,11376495,2912382720,2912.38272,159,199,153,1,20251020_035114
1760899819.7261653,11376535,2912392960,2912.39296,163,199,159,1,20251020_035114
1760899819.7361493,11376574,2912402944,2912.402944,167,198,161,1,20251020_035114
1760899819.746133,11376613,2912412928,2912.412928,172,198,162,1,20251020_035114
1760899819.756117,11376652,2912422912,2912.422912,176,198,162,1,20251020_035114
1760899819.7661011,11376691,2912432896,2912.432896,180,199,164,1,20251020_035114
1760899819.7760851,11376730,2912442880,2912.44288,184,199,163,1,20251020_035114
1760899819.7860692,11376769,2912452864,2912.452864,189,199,166,1,20251020_035114
1760899819.7960532,11376808,2912462848,2912.462848,193,198,165,1,20251020_035114
1760899819.8060372,11376847,2912472832,2912.472832,197,198,166,1,20251020_035114
1760899819.8160212,11376886,2912482816,2912.482816,201,199,166,1,20251020_035114
1760899819.8260052,11376925,2912492800,2912.4928,205,198,166,1,20251020_035114
1760899819.8359892,11376964,2912502784,2912.502784,210,199,166,1,20251020_035114
1760899819.8459733,11377003,2912512768,2912.512768,214,199,166,1,20251020_035114
1760899819.8559573,11377042,2912522752,2912.522752,217,198,166,1,20251020_035114
1760899819.8659413,11377081,2912532736,2912.532736,221,199,167,1,20251020_035114
1760899819.8761811,11377121,2912542976,2912.542976,225,199,167,1,20251020_035114
1760899819.8861651,11377160,2912552960,2912.55296,229,199,167,1,20251020_035114
1760899819.8961492,11377199,2912562944,2912.562944,232,199,168,1,20251020_035114
1760899819.9061332,11377238,2912572928,2912.572928,236,199,168,1,20251020_035114
1760899819.9161172,11377277,2912582912,2912.582912,239,200,168,1,20251020_035114
1760899819.9261012,11377316,2912592896,2912.592896,242,200,168,1,20251020_035114
1760899819.9360852,11377355,2912602880,2912.60288,245,200,168,1,20251020_035114
1760899819.9460692,11377394,2912612864,2912.612864,248,199,167,1,20251020_035114
1760899819.9560533,11377433,2912622848,2912.622848,251,200,167,1,20251020_035114
1760899819.9660373,11377472,2912632832,2912.632832,254,200,168,1,20251020_035114
1760899819.9760213,11377511,2912642816,2912.642816,2,199,165,1,20251020_035114
1760899819.9860053,11377550,2912652800,2912.6528,5,200,165,1,20251020_035114
1760899819.995989,11377589,2912662784,2912.662784,7,200,164,1,20251020_035114
1760899820.005973,11377628,2912672768,2912.672768,10,200,165,1,20251020_035114
1760899820.0162132,11377668,2912683008,2912.683008,12,200,165,1,20251020_035114
1760899820.0261972,11377707,2912692992,2912.692992,15,200,163,1,20251020_035114
1760899820.0361812,11377746,2912702976,2912.702976,17,200,162,1,20251020_035114
1760899820.0461652,11377785,2912712960,2912.71296,20,200,162,1,20251020_035114
1760899820.0561492,11377824,2912722944,2912.722944,22,200,163,1,20251020_035114
1760899820.0661333,11377863,2912732928,2912.732928,25,200,162,1,20251020_035114
1760899820.0761173,11377902,2912742912,2912.742912,27,200,161,1,20251020_035114
1760899820.0861013,11377941,2912752896,2912.752896,29,200,162,1,20251020_035114
1760899820.0960853,11377980,2912762880,2912.76288,32,200,161,1,20251020_035114
1760899820.106069,11378019,2912772864,2912.772864,34,200,160,1,20251020_035114
1760899820.116053,11378058,2912782848,2912.782848,36,200,160,1,20251020_035114
1760899820.1260371,11378097,2912792832,2912.792832,39,200,160,1,20251020_035114
1760899820.1360211,11378136,2912802816,2912.802816,41,200,158,1,20251020_035114
1760899820.1460052,11378175,2912812800,2912.8128,43,199,159,1,20251020_035114
1760899820.1559892,11378214,2912822784,2912.822784,45,200,158,1,20251020_035114
1760899820.1662292,11378254,2912833024,2912.833024,48,200,156,1,20251020_035114
1760899820.1762133,11378293,2912843008,2912.843008,50,200,155,1,20251020_035114
1760899820.1861973,11378332,2912852992,2912.852992,53,200,153,1,20251020_035114
1760899820.1961813,11378371,2912862976,2912.862976,55,199,150,1,20251020_035114
1760899820.2061653,11378410,2912872960,2912.87296,58,200,150,1,20251020_035114
1760899820.216149,11378449,2912882944,2912.882944,60,199,149,1,20251020_035114
1760899820.226133,11378488,2912892928,2912.892928,63,199,148,1,20251020_035114
1760899820.2361171,11378527,2912902912,2912.902912,66,199,142,1,20251020_035114
1760899820.2461011,11378566,2912912896,2912.912896,69,199,139,1,20251020_035114
1760899820.2560852,11378605,2912922880,2912.92288,72,199,133,1,20251020_035114
1760899820.2660692,11378644,2912932864,2912.932864,75,199,128,1,20251020_035114
1760899820.2760532,11378683,2912942848,2912.942848,78,199,126,1,20251020_035114
1760899820.2860372,11378722,2912952832,2912.952832,82,199,124,1,20251020_035114
1760899820.2960212,11378761,2912962816,2912.962816,85,200,118,1,20251020_035114
1760899820.3060052,11378800,2912972800,2912.9728,89,199,113,1,20251020_035114
1760899820.3162453,11378840,2912983040,2912.98304,92,199,108,1,20251020_035114
1760899820.326229,11378879,2912993024,2912.993024,96,199,106,1,20251020_035114
1760899820.336213,11378918,2913003008,2913.003008,99,198,103,1,20251020_035114
1760899820.3461971,11378957,2913012992,2913.012992,103,198,100,1,20251020_035114
1760899820.3561811,11378996,2913022976,2913.022976,106,199,98,1,20251020_035114
1760899820.3661652,11379035,2913032960,2913.03296,110,198,96,1,20251020_035114
1760899820.3761492,11379074,2913042944,2913.042944,113,198,92,1,20251020_035114
1760899820.3861332,11379113,2913052928,2913.052928,116,198,96,1,20251020_035114
1760899820.3961172,11379152,2913062912,2913.062912,119,198,96,1,20251020_035114
1760899820.4061012,11379191,2913072896,2913.072896,122,198,96,1,20251020_035114
1760899820.4160852,11379230,2913082880,2913.08288,125,198,96,1,20251020_035114
1760899820.4260693,11379269,2913092864,2913.092864,128,198,95,1,20251020_035114
1760899820.4360533,11379308,2913102848,2913.102848,131,198,96,1,20251020_035114
1760899820.4460373,11379347,2913112832,2913.112832,133,198,97,1,20251020_035114
1760899820.4562771,11379387,2913123072,2913.123072,136,198,97,1,20251020_035114
1760899820.4662611,11379426,2913133056,2913.133056,139,198,98,1,20251020_035114
1760899820.4762452,11379465,2913143040,2913.14304,141,198,100,1,20251020_035114
1760899820.4862292,11379504,2913153024,2913.153024,144,198,100,1,20251020_035114
1760899820.4962132,11379543,2913163008,2913.163008,146,198,101,1,20251020_035114
1760899820.5061972,11379582,2913172992,2913.172992,149,198,103,1,20251020_035114
1760899820.5161812,11379621,2913182976,2913.182976,151,198,105,1,20251020_035114
1760899820.5261652,11379660,2913192960,2913.19296,153,198,106,1,20251020_035114
1760899820.5361493,11379699,2913202944,2913.202944,156,198,110,1,20251020_035114
1760899820.5461333,11379738,2913212928,2913.212928,159,198,113,1,20251020_035114
1760899820.5561173,11379777,2913222912,2913.222912,161,198,120,1,20251020_035114
1760899820.5661013,11379816,2913232896,2913.232896,164,198,126,1,20251020_035114
1760899820.576085,11379855,2913242880,2913.24288,167,198,130,1,20251020_035114
1760899820.586069,11379894,2913252864,2913.252864,171,198,134,1,20251020_035114
1760899820.5960531,11379933,2913262848,2913.262848,174,198,139,1,20251020_035114
1760899820.6062932,11379973,2913273088,2913.273088,178,198,144,1,20251020_035114
1760899820.6162772,11380012,2913283072,2913.283072,181,198,152,1,20251020_035114
1760899820.6262612,11380051,2913293056,2913.293056,185,199,161,1,20251020_035114
1760899820.6362453,11380090,2913303040,2913.30304,190,198,162,1,20251020_035114
1760899820.6462293,11380129,2913313024,2913.313024,194,198,162,1,20251020_035114
1760899820.6562133,11380168,2913323008,2913.323008,198,198,164,1,20251020_035114
1760899820.6661973,11380207,2913332992,2913.332992,202,198,164,1,20251020_035114
1760899820.6761813,11380246,2913342976,2913.342976,206,199,164,1,20251020_035114
1760899820.686165,11380285,2913352960,2913.35296,210,199,165,1,20251020_035114
1760899820.696149,11380324,2913362944,2913.362944,214,199,166,1,20251020_035114
1760899820.7061331,11380363,2913372928,2913.372928,218,199,166,1,20251020_035114
1760899820.7161171,11380402,2913382912,2913.382912,222,199,167,1,20251020_035114
1760899820.7261012,11380441,2913392896,2913.392896,226,199,167,1,20251020_035114
1760899820.7360852,11380480,2913402880,2913.40288,229,200,167,1,20251020_035114
1760899820.7463253,11380520,2913413120,2913.41312,233,199,167,1,20251020_035114
1760899820.7563093,11380559,2913423104,2913.423104,236,199,167,1,20251020_035114
1760899820.7662933,11380598,2913433088,2913.433088,240,200,167,1,20251020_035114
1760899820.7762773,11380637,2913443072,2913.443072,243,199,168,1,20251020_035114
1760899820.786261,11380676,2913453056,2913.453056,246,199,167,1,20251020_035114
1760899820.796245,11380715,2913463040,2913.46304,249,200,167,1,20251020_035114
1760899820.806229,11380754,2913473024,2913.473024,252,200,167,1,20251020_035114
1760899820.8162131,11380793,2913483008,2913.483008,0,200,167,1,20251020_035114
1760899820.8261971,11380832,2913492992,2913.492992,2,199,166,1,20251020_035114
1760899820.8361812,11380871,2913502976,2913.502976,5,200,166,1,20251020_035114
1760899820.8461652,11380910,2913512960,2913.51296,8,200,166,1,20251020_035114
1760899820.8561492,11380949,2913522944,2913.522944,10,200,164,1,20251020_035114
1760899820.8661332,11380988,2913532928,2913.532928,13,200,165,1,20251020_035114
1760899820.8761172,11381027,2913542912,2913.542912,15,200,163,1,20251020_035114
1760899820.8863573,11381067,2913553152,2913.553152,18,200,162,1,20251020_035114
1760899820.896341,11381106,2913563136,2913.563136,20,200,160,1,20251020_035114
1760899820.906325,11381145,2913573120,2913.57312,23,200,157,1,20251020_035114
1760899820.916309,11381184,2913583104,2913.583104,25,200,155,1,20251020_035114
1760899820.9262931,11381223,2913593088,2913.593088,28,200,152,1,20251020_035114
1760899820.9362772,11381262,2913603072,2913.603072,30,200,148,1,20251020_035114
1760899820.9462612,11381301,2913613056,2913.613056,33,200,144,1,20251020_035114
1760899820.9562452,11381340,2913623040,2913.62304,36,200,132,1,20251020_035114
1760899820.9662292,11381379,2913633024,2913.633024,40,199,127,1,20251020_035114
1760899820.9762132,11381418,2913643008,2913.643008,43,200,120,1,20251020_035114
1760899820.9861972,11381457,2913652992,2913.652992,47,200,113,1,20251020_035114
1760899820.9961812,11381496,2913662976,2913.662976,51,199,107,1,20251020_035114
1760899821.0061653,11381535,2913672960,2913.67296,55,200,103,1,20251020_035114
1760899821.0161493,11381574,2913682944,2913.682944,59,200,98,1,20251020_035114
1760899821.0261333,11381613,2913692928,2913.692928,63,199,96,1,20251020_035114
1760899821.0363731,11381653,2913703168,2913.703168,68,199,93,1,20251020_035114
1760899821.0463572,11381692,2913713152,2913.713152,72,200,97,1,20251020_035114
1760899821.0563412,11381731,2913723136,2913.723136,76,199,95,1,20251020_035114
1760899821.0663252,11381770,2913733120,2913.73312,80,199,94,1,20251020_035114
1760899821.0763092,11381809,2913743104,2913.743104,84,199,94,1,20251020_035114
1760899821.0862932,11381848,2913753088,2913.753088,88,199,94,1,20251020_035114
1760899821.0962772,11381887,2913763072,2913.763072,92,199,95,1,20251020_035114
1760899821.1062613,11381926,2913773056,2913.773056,96,199,95,1,20251020_035114
1760899821.1162453,11381965,2913783040,2913.78304,100,199,96,1,20251020_035114
1760899821.1262293,11382004,2913793024,2913.793024,103,198,96,1,20251020_035114
1760899821.1362133,11382043,2913803008,2913.803008,107,199,96,1,20251020_035114
1760899821.1461973,11382082,2913812992,2913.812992,110,198,96,1,20251020_035114
1760899821.156181,11382121,2913822976,2913.822976,113,198,96,1,20251020_035114
1760899821.166165,11382160,2913832960,2913.83296,116,198,97,1,20251020_035114
1760899821.1764052,11382200,2913843200,2913.8432,120,197,97,1,20251020_035114
1760899821.1863892,11382239,2913853184,2913.853184,123,198,99,1,20251020_035114
1760899821.1963732,11382278,2913863168,2913.863168,125,198,100,1,20251020_035114
1760899821.2063572,11382317,2913873152,2913.873152,128,198,102,1,20251020_035114
1760899821.2163413,11382356,2913883136,2913.883136,131,199,104,1,20251020_035114
1760899821.2263253,11382395,2913893120,2913.89312,134,199,108,1,20251020_035114
1760899821.2363093,11382434,2913903104,2913.903104,137,198,112,1,20251020_035114
1760899821.2462933,11382473,2913913088,2913.913088,140,198,119,1,20251020_035114
1760899821.256277,11382512,2913923072,2913.923072,143,198,127,1,20251020_035114
1760899821.266261,11382551,2913933056,2913.933056,146,198,133,1,20251020_035114
1760899821.276245,11382590,2913943040,2913.94304,149,198,139,1,20251020_035114
1760899821.2862291,11382629,2913953024,2913.953024,153,199,142,1,20251020_035114
1760899821.2964692,11382669,2913963264,2913.963264,156,199,148,1,20251020_035114
1760899821.3064532,11382708,2913973248,2913.973248,160,198,154,1,20251020_035114
1760899821.3164372,11382747,2913983232,2913.983232,164,198,160,1,20251020_035114
1760899821.3264213,11382786,2913993216,2913.993216,168,198,162,1,20251020_035114
1760899821.3364053,11382825,2914003200,2914.0032,173,198,163,1,20251020_035114
1760899821.3463893,11382864,2914013184,2914.013184,177,198,164,1,20251020_035114
1760899821.3563733,11382903,2914023168,2914.023168,181,198,163,1,20251020_035114
1760899821.366357,11382942,2914033152,2914.033152,186,198,165,1,20251020_035114
1760899821.376341,11382981,2914043136,2914.043136,190,200,166,1,20251020_035114
1760899821.3863251,11383020,2914053120,2914.05312,194,198,166,1,20251020_035114
1760899821.3965652,11383060,2914063360,2914.06336,198,198,166,1,20251020_035114
1760899821.4065492,11383099,2914073344,2914.073344,203,198,166,1,20251020_035114
1760899821.4165332,11383138,2914083328,2914.083328,207,199,167,1,20251020_035114
1760899821.4265172,11383177,2914093312,2914.093312,211,199,167,1,20251020_035114
1760899821.4365013,11383216,2914103296,2914.103296,215,199,167,1,20251020_035114
1760899821.4464853,11383255,2914113280,2914.11328,219,199,167,1,20251020_035114
1760899821.4564693,11383294,2914123264,2914.123264,223,199,168,1,20251020_035114
1760899821.4664533,11383333,2914133248,2914.133248,226,199,168,1,20251020_035114
1760899821.476437,11383372,2914143232,2914.143232,230,200,168,1,20251020_035114
1760899821.486421,11383411,2914153216,2914.153216,233,200,168,1,20251020_035114
1760899821.4964051,11383450,2914163200,2914.1632,237,200,168,1,20251020_035114
1760899821.5063891,11383489,2914173184,2914.173184,240,200,169,1,20251020_035114
1760899821.5163732,11383528,2914183168,2914.183168,243,200,168,1,20251020_035114
1760899821.5263572,11383567,2914193152,2914.193152,246,200,168,1,20251020_035114
1760899821.5363412,11383606,2914203136,2914.203136,249,199,167,1,20251020_035114
1760899821.5465813,11383646,2914213376,2914.213376,252,199,166,1,20251020_035114
1760899821.5565653,11383685,2914223360,2914.22336,0,200,166,1,20251020_035114
1760899821.5665493,11383724,2914233344,2914.233344,3,200,166,1,20251020_035114
1760899821.5765333,11383763,2914243328,2914.243328,5,200,165,1,20251020_035114
1760899821.586517,11383802,2914253312,2914.253312,8,200,164,1,20251020_035114
1760899821.596501,11383841,2914263296,2914.263296,11,200,162,1,20251020_035114
1760899821.6064851,11383880,2914273280,2914.27328,13,200,159,1,20251020_035114
1760899821.6164691,11383919,2914283264,2914.283264,16,200,156,1,20251020_035114
1760899821.6264532,11383958,2914293248,2914.293248,19,200,154,1,20251020_035114
1760899821.6364372,11383997,2914303232,2914.303232,21,200,152,1,20251020_035114
1760899821.6464212,11384036,2914313216,2914.313216,24,199,149,1,20251020_035114
1760899821.6564052,11384075,2914323200,2914.3232,27,200,148,1,20251020_035114
1760899821.6663892,11384114,2914333184,2914.333184,29,200,145,1,20251020_035114
1760899821.6763732,11384153,2914343168,2914.343168,32,200,137,1,20251020_035114
1760899821.686613,11384193,2914353408,2914.353408,35,200,135,1,20251020_035114
1760899821.696597,11384232,2914363392,2914.363392,39,200,131,1,20251020_035114
1760899821.706581,11384271,2914373376,2914.373376,42,200,126,1,20251020_035114
1760899821.7165651,11384310,2914383360,2914.38336,45,200,120,1,20251020_035114
1760899821.7265491,11384349,2914393344,2914.393344,49,200,119,1,20251020_035114
1760899821.7365332,11384388,2914403328,2914.403328,53,200,114,1,20251020_035114
1760899821.7465172,11384427,2914413312,2914.413312,57,200,110,1,20251020_035114
1760899821.7565012,11384466,2914423296,2914.423296,61,200,106,1,20251020_035114
1760899821.7664852,11384505,2914433280,2914.43328,65,200,104,1,20251020_035114
1760899821.7764692,11384544,2914443264,2914.443264,69,200,100,1,20251020_035114
1760899821.7864532,11384583,2914453248,2914.453248,73,199,99,1,20251020_035114
1760899821.7964373,11384622,2914463232,2914.463232,77,199,96,1,20251020_035114
1760899821.8064213,11384661,2914473216,2914.473216,81,199,94,1,20251020_035114
1760899821.8164053,11384700,2914483200,2914.4832,85,199,96,1,20251020_035114
1760899821.8263893,11384739,2914493184,2914.493184,89,199,96,1,20251020_035114
1760899821.8366292,11384779,2914503424,2914.503424,93,198,95,1,20251020_035114
1760899821.8466132,11384818,2914513408,2914.513408,97,198,95,1,20251020_035114
1760899821.8565972,11384857,2914523392,2914.523392,101,199,94,1,20251020_035114
1760899821.8665812,11384896,2914533376,2914.533376,104,199,93,1,20251020_035114
1760899821.8765652,11384935,2914543360,2914.54336,107,199,94,1,20251020_035114
1760899821.8865492,11384974,2914553344,2914.553344,111,198,96,1,20251020_035114
1760899821.8965333,11385013,2914563328,2914.563328,114,198,96,1,20251020_035114
1760899821.9065173,11385052,2914573312,2914.573312,117,198,97,1,20251020_035114
1760899821.9165013,11385091,2914583296,2914.583296,120,198,98,1,20251020_035114
1760899821.9264853,11385130,2914593280,2914.59328,123,199,99,1,20251020_035114
1760899821.9364693,11385169,2914603264,2914.603264,126,198,100,1,20251020_035114
1760899821.946453,11385208,2914613248,2914.613248,129,198,102,1,20251020_035114
1760899821.956437,11385247,2914623232,2914.623232,132,198,103,1,20251020_035114
1760899821.9666772,11385287,2914633472,2914.633472,135,198,107,1,20251020_035114
1760899821.9766612,11385326,2914643456,2914.643456,137,198,110,1,20251020_035114
1760899821.9866452,11385365,2914653440,2914.65344,140,198,115,1,20251020_035114
1760899821.9966292,11385404,2914663424,2914.663424,143,198,121,1,20251020_035114
1760899822.0066133,11385443,2914673408,2914.673408,146,198,127,1,20251020_035114
1760899822.0165973,11385482,2914683392,2914.683392,149,198,129,1,20251020_035114
1760899822.0265813,11385521,2914693376,2914.693376,153,198,134,1,20251020_035114
1760899822.0368211,11385561,2914703616,2914.703616,156,199,138,1,20251020_035114
1760899822.0468051,11385600,2914713600,2914.7136,159,198,142,1,20251020_035114
1760899822.0567892,11385639,2914723584,2914.723584,163,199,145,1,20251020_035114
1760899822.0667732,11385678,2914733568,2914.733568,167,198,150,1,20251020_035114
1760899822.0767572,11385717,2914743552,2914.743552,171,198,155,1,20251020_035114
1760899822.0867412,11385756,2914753536,2914.753536,175,198,160,1,20251020_035114
1760899822.0967252,11385795,2914763520,2914.76352,179,198,162,1,20251020_035114
1760899822.1069653,11385835,2914773760,2914.77376,183,198,162,1,20251020_035114
1760899822.116949,11385874,2914783744,2914.783744,187,198,163,1,20251020_035114
1760899822.126933,11385913,2914793728,2914.793728,192,198,162,1,20251020_035114
1760899822.136917,11385952,2914803712,2914.803712,196,199,164,1,20251020_035114
1760899822.1469011,11385991,2914813696,2914.813696,200,199,165,1,20251020_035114
1760899822.1568851,11386030,2914823680,2914.82368,204,199,166,1,20251020_035114
1760899822.1668692,11386069,2914833664,2914.833664,208,199,165,1,20251020_035114
1760899822.1771092,11386109,2914843904,2914.843904,212,199,166,1,20251020_035114
1760899822.1870933,11386148,2914853888,2914.853888,216,199,167,1,20251020_035114
1760899822.1970773,11386187,2914863872,2914.863872,220,199,166,1,20251020_035114
1760899822.2070613,11386226,2914873856,2914.873856,224,199,167,1,20251020_035114
1760899822.2170453,11386265,2914883840,2914.88384,228,199,167,1,20251020_035114
1760899822.227029,11386304,2914893824,2914.893824,231,200,167,1,20251020_035114
1760899822.237013,11386343,2914903808,2914.903808,235,199,167,1,20251020_035114
1760899822.246997,11386382,2914913792,2914.913792,238,200,168,1,20251020_035114
1760899822.2572372,11386422,2914924032,2914.924032,241,200,167,1,20251020_035114
1760899822.2672212,11386461,2914934016,2914.934016,244,200,168,1,20251020_035114
1760899822.2772052,11386500,2914944000,2914.944,247,200,168,1,20251020_035114
1760899822.2871892,11386539,2914953984,2914.953984,250,200,168,1,20251020_035114
1760899822.2971733,11386578,2914963968,2914.963968,253,200,168,1,20251020_035114
1760899822.3071573,11386617,2914973952,2914.973952,1,200,168,1,20251020_035114
1760899822.3171413,11386656,2914983936,2914.983936,4,200,168,1,20251020_035114
1760899822.3271253,11386695,2914993920,2914.99392,6,199,168,1,20251020_035114
1760899822.337109,11386734,2915003904,2915.003904,9,200,168,1,20251020_035114
1760899822.347093,11386773,2915013888,2915.013888,12,200,168,1,20251020_035114
1760899822.3570771,11386812,2915023872,2915.023872,14,199,169,1,20251020_035114
1760899822.3670611,11386851,2915033856,2915.033856,16,200,169,1,20251020_035114
1760899822.3770452,11386890,2915043840,2915.04384,19,200,168,1,20251020_035114
1760899822.3870292,11386929,2915053824,2915.053824,21,200,169,1,20251020_035114
1760899822.3972692,11386969,2915064064,2915.064064,23,200,169,1,20251020_035114
1760899822.4072533,11387008,2915074048,2915.074048,25,200,168,1,20251020_035114
1760899822.4172373,11387047,2915084032,2915.084032,28,199,168,1,20251020_035114
1760899822.4272213,11387086,2915094016,2915.094016,30,200,168,1,20251020_035114
1760899822.4372053,11387125,2915104000,2915.104,32,199,166,1,20251020_035114
1760899822.447189,11387164,2915113984,2915.113984,34,200,169,1,20251020_035114
1760899822.457173,11387203,2915123968,2915.123968,36,200,168,1,20251020_035114
1760899822.4671571,11387242,2915133952,2915.133952,38,200,167,1,20251020_035114
1760899822.4771411,11387281,2915143936,2915.143936,40,200,166,1,20251020_035114
1760899822.4871252,11387320,2915153920,2915.15392,42,200,165,1,20251020_035114
1760899822.4971092,11387359,2915163904,2915.163904,44,200,164,1,20251020_035114
1760899822.5070932,11387398,2915173888,2915.173888,47,200,163,1,20251020_035114
1760899822.5170772,11387437,2915183872,2915.183872,49,200,162,1,20251020_035114
1760899822.5270612,11387476,2915193856,2915.193856,51,200,162,1,20251020_035114
1760899822.5373013,11387516,2915204096,2915.204096,53,199,160,1,20251020_035114
1760899822.5472853,11387555,2915214080,2915.21408,55,200,159,1,20251020_035114
1760899822.557269,11387594,2915224064,2915.224064,58,200,157,1,20251020_035114
1760899822.567253,11387633,2915234048,2915.234048,60,200,155,1,20251020_035114
1760899822.5772371,11387672,2915244032,2915.244032,63,199,151,1,20251020_035114
1760899822.5872211,11387711,2915254016,2915.254016,65,200,146,1,20251020_035114
1760899822.5972052,11387750,2915264000,2915.264,68,200,135,1,20251020_035114
1760899822.6071892,11387789,2915273984,2915.273984,71,199,127,1,20251020_035114
1760899822.6171732,11387828,2915283968,2915.283968,75,200,120,1,20251020_035114
1760899822.6271572,11387867,2915293952,2915.293952,78,199,114,1,20251020_035114
1760899822.6371412,11387906,2915303936,2915.303936,82,199,108,1,20251020_035114
1760899822.6471252,11387945,2915313920,2915.31392,86,199,104,1,20251020_035114
1760899822.6571093,11387984,2915323904,2915.323904,90,199,99,1,20251020_035114
1760899822.6670933,11388023,2915333888,2915.333888,94,199,96,1,20251020_035114
1760899822.6770773,11388062,2915343872,2915.343872,97,199,95,1,20251020_035114
1760899822.6873171,11388102,2915354112,2915.354112,101,199,96,1,20251020_035114
1760899822.6973011,11388141,2915364096,2915.364096,105,199,95,1,20251020_035114
1760899822.7072852,11388180,2915374080,2915.37408,108,198,96,1,20251020_035114
1760899822.7172692,11388219,2915384064,2915.384064,111,198,93,1,20251020_035114
1760899822.7272532,11388258,2915394048,2915.394048,114,198,94,1,20251020_035114
1760899822.7372372,11388297,2915404032,2915.404032,118,198,94,1,20251020_035114
1760899822.7472212,11388336,2915414016,2915.414016,121,198,96,1,20251020_035114
1760899822.7572052,11388375,2915424000,2915.424,124,198,96,1,20251020_035114
1760899822.7671893,11388414,2915433984,2915.433984,126,198,96,1,20251020_035114
1760899822.7771733,11388453,2915443968,2915.443968,129,198,96,1,20251020_035114
1760899822.7871573,11388492,2915453952,2915.453952,132,198,98,1,20251020_035114
1760899822.7971413,11388531,2915463936,2915.463936,135,198,98,1,20251020_035114
1760899822.807125,11388570,2915473920,2915.47392,137,199,100,1,20251020_035114
1760899822.817109,11388609,2915483904,2915.483904,140,198,100,1,20251020_035114
1760899822.8270931,11388648,2915493888,2915.493888,142,198,103,1,20251020_035114
1760899822.8373332,11388688,2915504128,2915.504128,145,198,106,1,20251020_035114
1760899822.8473172,11388727,2915514112,2915.514112,148,198,108,1,20251020_035114
1760899822.8573012,11388766,2915524096,2915.524096,150,198,115,1,20251020_035114
1760899822.8672853,11388805,2915534080,2915.53408,153,198,122,1,20251020_035114
1760899822.8772693,11388844,2915544064,2915.544064,156,198,128,1,20251020_035114
1760899822.8872533,11388883,2915554048,2915.554048,159,198,133,1,20251020_035114
1760899822.8972373,11388922,2915564032,2915.564032,163,198,142,1,20251020_035114
1760899822.9072213,11388961,2915574016,2915.574016,166,199,150,1,20251020_035114
1760899822.917205,11389000,2915584000,2915.584,170,199,160,1,20251020_035114
1760899822.927189,11389039,2915593984,2915.593984,175,198,161,1,20251020_035114
1760899822.9371731,11389078,2915603968,2915.603968,179,199,162,1,20251020_035114
1760899822.9471571,11389117,2915613952,2915.613952,183,198,162,1,20251020_035114
1760899822.9571412,11389156,2915623936,2915.623936,187,199,165,1,20251020_035114
1760899822.9673812,11389196,2915634176,2915.634176,192,199,165,1,20251020_035114
1760899822.9773653,11389235,2915644160,2915.64416,196,198,165,1,20251020_035114
1760899822.9873493,11389274,2915654144,2915.654144,200,198,166,1,20251020_035114
1760899822.9973333,11389313,2915664128,2915.664128,204,199,166,1,20251020_035114
1760899823.0073173,11389352,2915674112,2915.674112,208,199,167,1,20251020_035114
1760899823.017301,11389391,2915684096,2915.684096,212,200,167,1,20251020_035114
1760899823.027285,11389430,2915694080,2915.69408,216,200,168,1,20251020_035114
1760899823.037269,11389469,2915704064,2915.704064,220,199,167,1,20251020_035114
1760899823.0472531,11389508,2915714048,2915.714048,224,199,167,1,20251020_035114
1760899823.0572371,11389547,2915724032,2915.724032,227,199,168,1,20251020_035114
1760899823.0672212,11389586,2915734016,2915.734016,231,199,166,1,20251020_035114
1760899823.0772052,11389625,2915744000,2915.744,234,200,168,1,20251020_035114
1760899823.0871892,11389664,2915753984,2915.753984,238,199,168,1,20251020_035114
1760899823.0971732,11389703,2915763968,2915.763968,241,200,168,1,20251020_035114
1760899823.1074133,11389743,2915774208,2915.774208,244,200,169,1,20251020_035114
1760899823.1173973,11389782,2915784192,2915.784192,247,201,169,1,20251020_035114
1760899823.127381,11389821,2915794176,2915.794176,250,200,167,1,20251020_035114
1760899823.137365,11389860,2915804160,2915.80416,253,200,168,1,20251020_035114
1760899823.147349,11389899,2915814144,2915.814144,1,200,167,1,20251020_035114
1760899823.1573331,11389938,2915824128,2915.824128,4,200,166,1,20251020_035114
1760899823.1673172,11389977,2915834112,2915.834112,6,200,165,1,20251020_035114
1760899823.1773012,11390016,2915844096,2915.844096,9,200,165,1,20251020_035114
1760899823.1872852,11390055,2915854080,2915.85408,12,200,161,1,20251020_035114
1760899823.1972692,11390094,2915864064,2915.864064,14,200,161,1,20251020_035114
1760899823.2072532,11390133,2915874048,2915.874048,17,200,158,1,20251020_035114
1760899823.2172372,11390172,2915884032,2915.884032,19,200,155,1,20251020_035114
1760899823.2272213,11390211,2915894016,2915.894016,22,200,152,1,20251020_035114
1760899823.2372053,11390250,2915904000,2915.904,25,200,149,1,20251020_035114
1760899823.247445,11390290,2915914240,2915.91424,27,200,145,1,20251020_035114
1760899823.2574291,11390329,2915924224,2915.924224,30,199,138,1,20251020_035114
1760899823.2674131,11390368,2915934208,2915.934208,33,200,131,1,20251020_035114
1760899823.2773972,11390407,2915944192,2915.944192,37,200,126,1,20251020_035114
1760899823.2873812,11390446,2915954176,2915.954176,40,199,121,1,20251020_035114
1760899823.2973652,11390485,2915964160,2915.96416,44,200,116,1,20251020_035114
1760899823.3073492,11390524,2915974144,2915.974144,48,199,110,1,20251020_035114
1760899823.3173332,11390563,2915984128,2915.984128,52,200,105,1,20251020_035114
1760899823.3273172,11390602,2915994112,2915.994112,56,200,101,1,20251020_035114
1760899823.3373013,11390641,2916004096,2916.004096,60,200,97,1,20251020_035114
1760899823.3472853,11390680,2916014080,2916.01408,65,200,93,1,20251020_035114
1760899823.3572693,11390719,2916024064,2916.024064,69,200,96,1,20251020_035114
1760899823.3672533,11390758,2916034048,2916.034048,73,199,93,1,20251020_035114
1760899823.377237,11390797,2916044032,2916.044032,77,199,94,1,20251020_035114
1760899823.387221,11390836,2916054016,2916.054016,82,200,95,1,20251020_035114
1760899823.3974612,11390876,2916064256,2916.064256,86,201,93,1,20251020_035114
1760899823.4074452,11390915,2916074240,2916.07424,89,200,94,1,20251020_035114
1760899823.4174292,11390954,2916084224,2916.084224,93,199,94,1,20251020_035114
1760899823.4274132,11390993,2916094208,2916.094208,97,199,95,1,20251020_035114
1760899823.4373972,11391032,2916104192,2916.104192,101,199,95,1,20251020_035114
1760899823.4473813,11391071,2916114176,2916.114176,104,199,94,1,20251020_035114
1760899823.4573653,11391110,2916124160,2916.12416,108,199,94,1,20251020_035114
1760899823.4673493,11391149,2916134144,2916.134144,111,199,95,1,20251020_035114
1760899823.4773333,11391188,2916144128,2916.144128,114,198,96,1,20251020_035114
1760899823.487317,11391227,2916154112,2916.154112,117,198,96,1,20251020_035114
1760899823.497301,11391266,2916164096,2916.164096,120,198,98,1,20251020_035114
1760899823.507285,11391305,2916174080,2916.17408,123,198,99,1,20251020_035114
1760899823.5172691,11391344,2916184064,2916.184064,126,198,100,1,20251020_035114
1760899823.5272532,11391383,2916194048,2916.194048,129,198,102,1,20251020_035114
1760899823.5372372,11391422,2916204032,2916.204032,132,198,105,1,20251020_035114
1760899823.5474772,11391462,2916214272,2916.214272,135,198,108,1,20251020_035114
1760899823.5574613,11391501,2916224256,2916.224256,138,198,113,1,20251020_035114
1760899823.5674453,11391540,2916234240,2916.23424,141,198,120,1,20251020_035114
1760899823.5774293,11391579,2916244224,2916.244224,144,198,127,1,20251020_035114
1760899823.5874133,11391618,2916254208,2916.254208,147,198,132,1,20251020_035114
1760899823.597397,11391657,2916264192,2916.264192,150,198,138,1,20251020_035114
1760899823.607381,11391696,2916274176,2916.274176,153,199,143,1,20251020_035114
1760899823.6173651,11391735,2916284160,2916.28416,157,199,148,1,20251020_035114
1760899823.6273491,11391774,2916294144,2916.294144,161,199,152,1,20251020_035114
1760899823.6373332,11391813,2916304128,2916.304128,165,198,160,1,20251020_035114
1760899823.6473172,11391852,2916314112,2916.314112,169,198,161,1,20251020_035114
1760899823.6573012,11391891,2916324096,2916.324096,173,198,161,1,20251020_035114
1760899823.6672852,11391930,2916334080,2916.33408,177,199,162,1,20251020_035114
1760899823.6772692,11391969,2916344064,2916.344064,181,199,161,1,20251020_035114
1760899823.6875093,11392009,2916354304,2916.354304,186,198,164,1,20251020_035114
1760899823.6974933,11392048,2916364288,2916.364288,190,199,164,1,20251020_035114
1760899823.707477,11392087,2916374272,2916.374272,194,198,164,1,20251020_035114
1760899823.717461,11392126,2916384256,2916.384256,198,198,165,1,20251020_035114
1760899823.7274451,11392165,2916394240,2916.39424,202,199,165,1,20251020_035114
1760899823.7374291,11392204,2916404224,2916.404224,207,198,166,1,20251020_035114
1760899823.7474132,11392243,2916414208,2916.414208,211,199,166,1,20251020_035114
1760899823.7573972,11392282,2916424192,2916.424192,215,199,166,1,20251020_035114
1760899823.7673812,11392321,2916434176,2916.434176,218,200,167,1,20251020_035114
1760899823.7773652,11392360,2916444160,2916.44416,222,199,167,1,20251020_035114
1760899823.7873492,11392399,2916454144,2916.454144,226,199,168,1,20251020_035114
1760899823.7973332,11392438,2916464128,2916.464128,229,199,167,1,20251020_035114
1760899823.8073173,11392477,2916474112,2916.474112,233,199,167,1,20251020_035114
1760899823.8173013,11392516,2916484096,2916.484096,236,200,168,1,20251020_035114
1760899823.827541,11392556,2916494336,2916.494336,240,200,168,1,20251020_035114
1760899823.8375251,11392595,2916504320,2916.50432,243,200,167,1,20251020_035114
1760899823.8475091,11392634,2916514304,2916.514304,246,200,168,1,20251020_035114
1760899823.8574932,11392673,2916524288,2916.524288,249,200,167,1,20251020_035114
1760899823.8674772,11392712,2916534272,2916.534272,252,199,166,1,20251020_035114
1760899823.8774612,11392751,2916544256,2916.544256,0,200,166,1,20251020_035114
1760899823.8874452,11392790,2916554240,2916.55424,3,200,165,1,20251020_035114
1760899823.8974292,11392829,2916564224,2916.564224,5,200,164,1,20251020_035114
1760899823.9074132,11392868,2916574208,2916.574208,8,200,164,1,20251020_035114
1760899823.9173973,11392907,2916584192,2916.584192,11,200,164,1,20251020_035114
1760899823.9273813,11392946,2916594176,2916.594176,13,200,163,1,20251020_035114
1760899823.9373653,11392985,2916604160,2916.60416,16,200,163,1,20251020_035114
1760899823.9473493,11393024,2916614144,2916.614144,18,200,163,1,20251020_035114
1760899823.957333,11393063,2916624128,2916.624128,21,200,160,1,20251020_035114
1760899823.9675732,11393103,2916634368,2916.634368,23,200,163,1,20251020_035114
1760899823.9775572,11393142,2916644352,2916.644352,25,200,163,1,20251020_035114
1760899823.9875412,11393181,2916654336,2916.654336,28,200,163,1,20251020_035114
1760899823.9975252,11393220,2916664320,2916.66432,30,200,163,1,20251020_035114
1760899824.0075092,11393259,2916674304,2916.674304,32,200,162,1,20251020_035114
1760899824.0174932,11393298,2916684288,2916.684288,34,200,162,1,20251020_035114
1760899824.0274773,11393337,2916694272,2916.694272,37,199,162,1,20251020_035114
1760899824.0374613,11393376,2916704256,2916.704256,39,199,162,1,20251020_035114
1760899824.0474453,11393415,2916714240,2916.71424,41,199,162,1,20251020_035114
1760899824.0574293,11393454,2916724224,2916.724224,43,199,160,1,20251020_035114
1760899824.067413,11393493,2916734208,2916.734208,46,201,162,1,20251020_035114
1760899824.077397,11393532,2916744192,2916.744192,48,199,160,1,20251020_035114
1760899824.0873811,11393571,2916754176,2916.754176,50,200,160,1,20251020_035114
1760899824.0973651,11393610,2916764160,2916.76416,52,200,159,1,20251020_035114
1760899824.1073492,11393649,2916774144,2916.774144,55,200,158,1,20251020_035114
1760899824.1175892,11393689,2916784384,2916.784384,57,200,155,1,20251020_035114
1760899824.1275733,11393728,2916794368,2916.794368,59,199,154,1,20251020_035114
1760899824.1375573,11393767,2916804352,2916.804352,62,200,152,1,20251020_035114
1760899824.1475413,11393806,2916814336,2916.814336,64,200,149,1,20251020_035114
1760899824.1575253,11393845,2916824320,2916.82432,67,199,146,1,20251020_035114
1760899824.1675093,11393884,2916834304,2916.834304,70,199,139,1,20251020_035114
1760899824.177493,11393923,2916844288,2916.844288,73,199,131,1,20251020_035114
1760899824.187477,11393962,2916854272,2916.854272,76,199,128,1,20251020_035114
1760899824.1974611,11394001,2916864256,2916.864256,80,199,126,1,20251020_035114
1760899824.2074451,11394040,2916874240,2916.87424,83,201,121,1,20251020_035114
1760899824.2174292,11394079,2916884224,2916.884224,87,199,115,1,20251020_035114
1760899824.2274132,11394118,2916894208,2916.894208,90,199,110,1,20251020_035114
1760899824.2373972,11394157,2916904192,2916.904192,94,199,107,1,20251020_035114
1760899824.2473812,11394196,2916914176,2916.914176,97,199,105,1,20251020_035114
1760899824.2576213,11394236,2916924416,2916.924416,101,198,102,1,20251020_035114
1760899824.2676053,11394275,2916934400,2916.9344,104,198,99,1,20251020_035114
1760899824.277589,11394314,2916944384,2916.944384,108,198,96,1,20251020_035114
1760899824.287573,11394353,2916954368,2916.954368,111,198,93,1,20251020_035114
1760899824.297557,11394392,2916964352,2916.964352,114,198,93,1,20251020_035114
1760899824.3075411,11394431,2916974336,2916.974336,118,198,94,1,20251020_035114
1760899824.3175251,11394470,2916984320,2916.98432,121,198,97,1,20251020_035114
1760899824.3275092,11394509,2916994304,2916.994304,124,199,98,1,20251020_035114
1760899824.3374932,11394548,2917004288,2917.004288,126,198,98,1,20251020_035114
1760899824.3474772,11394587,2917014272,2917.014272,129,198,97,1,20251020_035114
1760899824.3574612,11394626,2917024256,2917.024256,132,198,97,1,20251020_035114
1760899824.3674452,11394665,2917034240,2917.03424,135,198,99,1,20251020_035114
1760899824.3774292,11394704,2917044224,2917.044224,137,198,100,1,20251020_035114
1760899824.3874133,11394743,2917054208,2917.054208,140,198,101,1,20251020_035114
1760899824.3973973,11394782,2917064192,2917.064192,142,198,103,1,20251020_035114
1760899824.4076371,11394822,2917074432,2917.074432,145,198,105,1,20251020_035114
1760899824.4176211,11394861,2917084416,2917.084416,148,198,107,1,20251020_035114
1760899824.4276052,11394900,2917094400,2917.0944,150,199,109,1,20251020_035114
1760899824.4375892,11394939,2917104384,2917.104384,153,199,111,1,20251020_035114
1760899824.4475732,11394978,2917114368,2917.114368,156,198,116,1,20251020_035114
1760899824.4575572,11395017,2917124352,2917.124352,158,198,121,1,20251020_035114
1760899824.4675412,11395056,2917134336,2917.134336,161,198,127,1,20251020_035114
1760899824.4775252,11395095,2917144320,2917.14432,165,198,132,1,20251020_035114
1760899824.4875093,11395134,2917154304,2917.154304,168,199,135,1,20251020_035114
1760899824.4974933,11395173,2917164288,2917.164288,171,198,139,1,20251020_035114
1760899824.5074773,11395212,2917174272,2917.174272,175,199,144,1,20251020_035114
1760899824.5174613,11395251,2917184256,2917.184256,178,199,148,1,20251020_035114
1760899824.5274453,11395290,2917194240,2917.19424,182,198,160,1,20251020_035114
1760899824.537429,11395329,2917204224,2917.204224,187,199,163,1,20251020_035114
1760899824.5476692,11395369,2917214464,2917.214464,191,198,164,1,20251020_035114
1760899824.5576532,11395408,2917224448,2917.224448,195,199,164,1,20251020_035114
1760899824.5676372,11395447,2917234432,2917.234432,199,199,166,1,20251020_035114
1760899824.5776212,11395486,2917244416,2917.244416,204,199,166,1,20251020_035114
1760899824.5876052,11395525,2917254400,2917.2544,208,199,167,1,20251020_035114
1760899824.5975893,11395564,2917264384,2917.264384,212,199,167,1,20251020_035114
1760899824.6075733,11395603,2917274368,2917.274368,216,199,167,1,20251020_035114
1760899824.6175573,11395642,2917284352,2917.284352,220,199,167,1,20251020_035114
1760899824.6275413,11395681,2917294336,2917.294336,223,199,167,1,20251020_035114
1760899824.637525,11395720,2917304320,2917.30432,227,199,168,1,20251020_035114
1760899824.647509,11395759,2917314304,2917.314304,231,199,169,1,20251020_035114
1760899824.657493,11395798,2917324288,2917.324288,234,200,168,1,20251020_035114
1760899824.6674771,11395837,2917334272,2917.334272,237,200,169,1,20251020_035114
1760899824.6774611,11395876,2917344256,2917.344256,241,200,169,1,20251020_035114
1760899824.6874452,11395915,2917354240,2917.35424,244,200,169,1,20251020_035114
1760899824.6976852,11395955,2917364480,2917.36448,247,200,169,1,20251020_035114
1760899824.7076693,11395994,2917374464,2917.374464,250,201,169,1,20251020_035114
1760899824.7176533,11396033,2917384448,2917.384448,253,200,168,1,20251020_035114
1760899824.7276373,11396072,2917394432,2917.394432,1,200,167,1,20251020_035114
1760899824.7376213,11396111,2917404416,2917.404416,3,200,167,1,20251020_035114
1760899824.747605,11396150,2917414400,2917.4144,6,199,166,1,20251020_035114
1760899824.757589,11396189,2917424384,2917.424384,9,200,165,1,20251020_035114
1760899824.767573,11396228,2917434368,2917.434368,11,200,164,1,20251020_035114
1760899824.7775571,11396267,2917444352,2917.444352,14,200,163,1,20251020_035114
1760899824.7875412,11396306,2917454336,2917.454336,16,200,161,1,20251020_035114
1760899824.7975252,11396345,2917464320,2917.46432,19,200,161,1,20251020_035114
1760899824.8075092,11396384,2917474304,2917.474304,21,200,159,1,20251020_035114
1760899824.8174932,11396423,2917484288,2917.484288,24,200,158,1,20251020_035114
1760899824.8274772,11396462,2917494272,2917.494272,26,200,154,1,20251020_035114
1760899824.8377173,11396502,2917504512,2917.504512,29,200,151,1,20251020_035114
1760899824.8477013,11396541,2917514496,2917.514496,32,200,148,1,20251020_035114
1760899824.857685,11396580,2917524480,2917.52448,34,200,140,1,20251020_035114
1760899824.867669,11396619,2917534464,2917.534464,38,199,131,1,20251020_035114
1760899824.8776531,11396658,2917544448,2917.544448,41,200,126,1,20251020_035114
1760899824.8876371,11396697,2917554432,2917.554432,44,199,119,1,20251020_035114
1760899824.8976212,11396736,2917564416,2917.564416,48,200,109,1,20251020_035114
1760899824.9076052,11396775,2917574400,2917.5744,52,200,107,1,20251020_035114
1760899824.9175892,11396814,2917584384,2917.584384,56,200,103,1,20251020_035114
1760899824.9275732,11396853,2917594368,2917.594368,61,199,100,1,20251020_035114
1760899824.9375572,11396892,2917604352,2917.604352,65,199,93,1,20251020_035114
1760899824.9475412,11396931,2917614336,2917.614336,69,200,96,1,20251020_035114
1760899824.9575253,11396970,2917624320,2917.62432,74,199,95,1,20251020_035114
1760899824.9675093,11397009,2917634304,2917.634304,78,199,94,1,20251020_035114
1760899824.9774933,11397048,2917644288,2917.644288,82,199,94,1,20251020_035114
1760899824.9877331,11397088,2917654528,2917.654528,86,200,95,1,20251020_035114
1760899824.9977171,11397127,2917664512,2917.664512,90,200,96,1,20251020_035114
1760899825.0077012,11397166,2917674496,2917.674496,94,200,96,1,20251020_035114
1760899825.0176852,11397205,2917684480,2917.68448,97,199,96,1,20251020_035114
1760899825.0276692,11397244,2917694464,2917.694464,101,199,96,1,20251020_035114
1760899825.0376532,11397283,2917704448,2917.704448,104,198,97,1,20251020_035114
1760899825.0476372,11397322,2917714432,2917.714432,108,198,95,1,20251020_035114
1760899825.0576212,11397361,2917724416,2917.724416,111,198,96,1,20251020_035114
1760899825.0676053,11397400,2917734400,2917.7344,114,198,97,1,20251020_035114
1760899825.0775893,11397439,2917744384,2917.744384,118,199,97,1,20251020_035114
1760899825.0875733,11397478,2917754368,2917.754368,121,198,100,1,20251020_035114
1760899825.0975573,11397517,2917764352,2917.764352,124,198,100,1,20251020_035114
1760899825.107541,11397556,2917774336,2917.774336,127,198,102,1,20251020_035114
1760899825.117525,11397595,2917784320,2917.78432,129,199,105,1,20251020_035114
1760899825.1277652,11397635,2917794560,2917.79456,132,199,108,1,20251020_035114
1760899825.1377492,11397674,2917804544,2917.804544,135,198,112,1,20251020_035114
1760899825.1477332,11397713,2917814528,2917.814528,138,198,116,1,20251020_035114
1760899825.1577172,11397752,2917824512,2917.824512,141,198,124,1,20251020_035114
1760899825.1677012,11397791,2917834496,2917.834496,144,198,130,1,20251020_035114
1760899825.1776853,11397830,2917844480,2917.84448,147,198,136,1,20251020_035114
1760899825.1876693,11397869,2917854464,2917.854464,151,198,140,1,20251020_035114
1760899825.1976533,11397908,2917864448,2917.864448,154,199,146,1,20251020_035114
1760899825.2076373,11397947,2917874432,2917.874432,158,198,150,1,20251020_035114
1760899825.217621,11397986,2917884416,2917.884416,162,199,157,1,20251020_035114
1760899825.227605,11398025,2917894400,2917.8944,166,199,161,1,20251020_035114
1760899825.2375891,11398064,2917904384,2917.904384,170,199,162,1,20251020_035114
1760899825.2475731,11398103,2917914368,2917.914368,174,199,162,1,20251020_035114
1760899825.2575572,11398142,2917924352,2917.924352,179,200,163,1,20251020_035114
1760899825.2677972,11398182,2917934592,2917.934592,183,198,164,1,20251020_035114
1760899825.2777812,11398221,2917944576,2917.944576,187,199,164,1,20251020_035114
1760899825.2877653,11398260,2917954560,2917.95456,191,199,164,1,20251020_035114
1760899825.2977493,11398299,2917964544,2917.964544,196,199,166,1,20251020_035114
1760899825.3077333,11398338,2917974528,2917.974528,200,198,165,1,20251020_035114
1760899825.3177173,11398377,2917984512,2917.984512,204,199,166,1,20251020_035114
1760899825.327701,11398416,2917994496,2917.994496,208,199,167,1,20251020_035114
1760899825.337685,11398455,2918004480,2918.00448,212,199,166,1,20251020_035114
1760899825.3476691,11398494,2918014464,2918.014464,216,199,166,1,20251020_035114
1760899825.3576531,11398533,2918024448,2918.024448,220,199,166,1,20251020_035114
1760899825.3676372,11398572,2918034432,2918.034432,224,200,165,1,20251020_035114
1760899825.3776212,11398611,2918044416,2918.044416,227,199,167,1,20251020_035114
1760899825.3876052,11398650,2918054400,2918.0544,231,199,168,1,20251020_035114
1760899825.3975892,11398689,2918064384,2918.064384,234,200,167,1,20251020_035114
1760899825.4075732,11398728,2918074368,2918.074368,238,200,168,1,20251020_035114
1760899825.4178133,11398768,2918084608,2918.084608,241,200,168,1,20251020_035114
1760899825.4277973,11398807,2918094592,2918.094592,244,200,168,1,20251020_035114
1760899825.437781,11398846,2918104576,2918.104576,247,200,167,1,20251020_035114
1760899825.447765,11398885,2918114560,2918.11456,250,200,169,1,20251020_035114
1760899825.4577491,11398924,2918124544,2918.124544,253,200,167,1,20251020_035114
1760899825.4677331,11398963,2918134528,2918.134528,1,200,166,1,20251020_035114
1760899825.4777172,11399002,2918144512,2918.144512,4,200,165,1,20251020_035114
1760899825.4877012,11399041,2918154496,2918.154496,6,199,163,1,20251020_035114
1760899825.4976852,11399080,2918164480,2918.16448,9,200,165,1,20251020_035114
1760899825.5076692,11399119,2918174464,2918.174464,12,200,161,1,20251020_035114
1760899825.5176532,11399158,2918184448,2918.184448,14,200,159,1,20251020_035114
1760899825.5276372,11399197,2918194432,2918.194432,17,199,157,1,20251020_035114
1760899825.5376213,11399236,2918204416,2918.204416,19,199,156,1,20251020_035114
1760899825.5476053,11399275,2918214400,2918.2144,22,200,155,1,20251020_035114
1760899825.557845,11399315,2918224640,2918.22464,25,200,153,1,20251020_035114
1760899825.5678291,11399354,2918234624,2918.234624,27,200,154,1,20251020_035114
1760899825.5778131,11399393,2918244608,2918.244608,30,200,150,1,20251020_035114
1760899825.5877972,11399432,2918254592,2918.254592,32,200,145,1,20251020_035114
1760899825.5977812,11399471,2918264576,2918.264576,35,200,138,1,20251020_035114
1760899825.6077652,11399510,2918274560,2918.27456,39,199,134,1,20251020_035114
1760899825.6177492,11399549,2918284544,2918.284544,42,200,130,1,20251020_035114
1760899825.6277332,11399588,2918294528,2918.294528,45,200,124,1,20251020_035114
1760899825.6377172,11399627,2918304512,2918.304512,49,200,118,1,20251020_035114
1760899825.6477013,11399666,2918314496,2918.314496,53,199,114,1,20251020_035114
1760899825.6576853,11399705,2918324480,2918.32448,56,200,111,1,20251020_035114
1760899825.6676693,11399744,2918334464,2918.334464,60,200,108,1,20251020_035114
1760899825.6776533,11399783,2918344448,2918.344448,64,200,105,1,20251020_035114
1760899825.687637,11399822,2918354432,2918.354432,69,199,104,1,20251020_035114
1760899825.697621,11399861,2918364416,2918.364416,73,200,99,1,20251020_035114
1760899825.7078612,11399901,2918374656,2918.374656,77,200,97,1,20251020_035114
1760899825.7178452,11399940,2918384640,2918.38464,81,199,94,1,20251020_035114
1760899825.7278292,11399979,2918394624,2918.394624,85,199,94,1,20251020_035114
1760899825.7378132,11400018,2918404608,2918.404608,89,199,96,1,20251020_035114
1760899825.7477973,11400057,2918414592,2918.414592,93,199,95,1,20251020_035114
1760899825.7577813,11400096,2918424576,2918.424576,97,199,94,1,20251020_035114
1760899825.7677653,11400135,2918434560,2918.43456,100,200,93,1,20251020_035114
1760899825.7777493,11400174,2918444544,2918.444544,104,199,93,1,20251020_035114
1760899825.7877333,11400213,2918454528,2918.454528,107,198,95,1,20251020_035114
1760899825.797717,11400252,2918464512,2918.464512,111,198,95,1,20251020_035114
1760899825.807701,11400291,2918474496,2918.474496,114,198,96,1,20251020_035114
1760899825.8176851,11400330,2918484480,2918.48448,117,198,97,1,20251020_035114
1760899825.8276691,11400369,2918494464,2918.494464,120,198,97,1,20251020_035114
1760899825.8376532,11400408,2918504448,2918.504448,123,199,99,1,20251020_035114
1760899825.8478932,11400448,2918514688,2918.514688,126,198,99,1,20251020_035114
1760899825.8578773,11400487,2918524672,2918.524672,129,198,100,1,20251020_035114
1760899825.8678613,11400526,2918534656,2918.534656,132,198,102,1,20251020_035114
1760899825.8778453,11400565,2918544640,2918.54464,134,198,103,1,20251020_035114
1760899825.8878293,11400604,2918554624,2918.554624,137,198,106,1,20251020_035114
1760899825.897813,11400643,2918564608,2918.564608,140,198,110,1,20251020_035114
1760899825.907797,11400682,2918574592,2918.574592,143,199,116,1,20251020_035114
1760899825.917781,11400721,2918584576,2918.584576,145,198,122,1,20251020_035114
1760899825.9277651,11400760,2918594560,2918.59456,149,199,127,1,20251020_035114
1760899825.9377491,11400799,2918604544,2918.604544,152,198,132,1,20251020_035114
1760899825.9477332,11400838,2918614528,2918.614528,155,198,137,1,20251020_035114
1760899825.9577172,11400877,2918624512,2918.624512,158,199,141,1,20251020_035114
1760899825.9677012,11400916,2918634496,2918.634496,162,199,144,1,20251020_035114
1760899825.9776852,11400955,2918644480,2918.64448,166,199,148,1,20251020_035114
1760899825.9876692,11400994,2918654464,2918.654464,169,199,150,1,20251020_035114
1760899825.9979093,11401034,2918664704,2918.664704,173,199,156,1,20251020_035114
1760899826.007893,11401073,2918674688,2918.674688,178,198,160,1,20251020_035114
1760899826.017877,11401112,2918684672,2918.684672,182,198,163,1,20251020_035114
1760899826.027861,11401151,2918694656,2918.694656,186,199,161,1,20251020_035114
1760899826.0378451,11401190,2918704640,2918.70464,190,198,162,1,20251020_035114
1760899826.0478292,11401229,2918714624,2918.714624,194,199,162,1,20251020_035114
1760899826.0578132,11401268,2918724608,2918.724608,199,199,165,1,20251020_035114
1760899826.0677972,11401307,2918734592,2918.734592,203,199,164,1,20251020_035114
1760899826.0777812,11401346,2918744576,2918.744576,207,199,165,1,20251020_035114
1760899826.0877652,11401385,2918754560,2918.75456,211,199,165,1,20251020_035114
1760899826.0977492,11401424,2918764544,2918.764544,215,199,166,1,20251020_035114
1760899826.1077332,11401463,2918774528,2918.774528,219,199,167,1,20251020_035114
1760899826.1177173,11401502,2918784512,2918.784512,222,199,167,1,20251020_035114
1760899826.1277013,11401541,2918794496,2918.794496,226,199,167,1,20251020_035114
1760899826.1379411,11401581,2918804736,2918.804736,230,199,167,1,20251020_035114
1760899826.1479251,11401620,2918814720,2918.81472,233,199,168,1,20251020_035114
1760899826.1579092,11401659,2918824704,2918.824704,237,199,167,1,20251020_035114
1760899826.1678932,11401698,2918834688,2918.834688,240,199,167,1,20251020_035114
1760899826.1778772,11401737,2918844672,2918.844672,243,199,167,1,20251020_035114
1760899826.1878612,11401776,2918854656,2918.854656,246,200,167,1,20251020_035114
1760899826.1978452,11401815,2918864640,2918.86464,249,200,167,1,20251020_035114
1760899826.2078292,11401854,2918874624,2918.874624,252,200,168,1,20251020_035114
1760899826.2178133,11401893,2918884608,2918.884608,0,200,168,1,20251020_035114
1760899826.2277973,11401932,2918894592,2918.894592,3,200,169,1,20251020_035114
1760899826.2377813,11401971,2918904576,2918.904576,5,200,170,1,20251020_035114
1760899826.2477653,11402010,2918914560,2918.91456,8,200,168,1,20251020_035114
1760899826.2577493,11402049,2918924544,2918.924544,11,200,170,1,20251020_035114
1760899826.267733,11402088,2918934528,2918.934528,13,200,169,1,20251020_035114
1760899826.2779732,11402128,2918944768,2918.944768,15,200,169,1,20251020_035114
1760899826.2879572,11402167,2918954752,2918.954752,18,200,169,1,20251020_035114
1760899826.2979412,11402206,2918964736,2918.964736,20,200,168,1,20251020_035114
1760899826.3079252,11402245,2918974720,2918.97472,22,199,168,1,20251020_035114
1760899826.3179092,11402284,2918984704,2918.984704,25,200,169,1,20251020_035114
1760899826.3278933,11402323,2918994688,2918.994688,27,200,169,1,20251020_035114
1760899826.3378773,11402362,2919004672,2919.004672,29,200,168,1,20251020_035114
1760899826.3478613,11402401,2919014656,2919.014656,31,200,166,1,20251020_035114
1760899826.3578453,11402440,2919024640,2919.02464,33,200,168,1,20251020_035114
1760899826.367829,11402479,2919034624,2919.034624,35,200,167,1,20251020_035114
1760899826.377813,11402518,2919044608,2919.044608,37,200,166,1,20251020_035114
1760899826.387797,11402557,2919054592,2919.054592,39,200,166,1,20251020_035114
1760899826.3977811,11402596,2919064576,2919.064576,42,200,167,1,20251020_035114
1760899826.4077652,11402635,2919074560,2919.07456,44,200,166,1,20251020_035114
1760899826.4180052,11402675,2919084800,2919.0848,46,199,165,1,20251020_035114
1760899826.4279892,11402714,2919094784,2919.094784,48,200,161,1,20251020_035114
1760899826.4379733,11402753,2919104768,2919.104768,50,199,160,1,20251020_035114
1760899826.4479573,11402792,2919114752,2919.114752,52,199,159,1,20251020_035114
1760899826.4579413,11402831,2919124736,2919.124736,55,199,158,1,20251020_035114
1760899826.4679253,11402870,2919134720,2919.13472,57,199,154,1,20251020_035114
1760899826.477909,11402909,2919144704,2919.144704,60,199,151,1,20251020_035114
1760899826.487893,11402948,2919154688,2919.154688,62,200,150,1,20251020_035114
1760899826.4978771,11402987,2919164672,2919.164672,65,199,136,1,20251020_035114
1760899826.5078611,11403026,2919174656,2919.174656,68,199,129,1,20251020_035114
1760899826.5178452,11403065,2919184640,2919.18464,72,199,124,1,20251020_035114
1760899826.5278292,11403104,2919194624,2919.194624,75,199,117,1,20251020_035114
1760899826.5378132,11403143,2919204608,2919.204608,79,199,112,1,20251020_035114
1760899826.5477972,11403182,2919214592,2919.214592,83,199,106,1,20251020_035114
1760899826.5577812,11403221,2919224576,2919.224576,86,200,102,1,20251020_035114
1760899826.5680213,11403261,2919234816,2919.234816,90,199,99,1,20251020_035114
1760899826.5780053,11403300,2919244800,2919.2448,94,199,94,1,20251020_035114
1760899826.587989,11403339,2919254784,2919.254784,98,199,96,1,20251020_035114
1760899826.597973,11403378,2919264768,2919.264768,101,199,94,1,20251020_035114
1760899826.6079571,11403417,2919274752,2919.274752,105,199,95,1,20251020_035114
1760899826.6179411,11403456,2919284736,2919.284736,108,199,96,1,20251020_035114
1760899826.6279252,11403495,2919294720,2919.29472,112,198,95,1,20251020_035114
1760899826.6379092,11403534,2919304704,2919.304704,115,198,94,1,20251020_035114
1760899826.6478932,11403573,2919314688,2919.314688,118,198,95,1,20251020_035114
1760899826.6578772,11403612,2919324672,2919.324672,121,198,96,1,20251020_035114
1760899826.6678612,11403651,2919334656,2919.334656,124,198,96,1,20251020_035114
1760899826.6778452,11403690,2919344640,2919.34464,127,198,98,1,20251020_035114
1760899826.6878293,11403729,2919354624,2919.354624,130,198,97,1,20251020_035114
1760899826.6978133,11403768,2919364608,2919.364608,132,198,98,1,20251020_035114
1760899826.708053,11403808,2919374848,2919.374848,135,198,99,1,20251020_035114
1760899826.7180371,11403847,2919384832,2919.384832,138,198,100,1,20251020_035114
1760899826.7280211,11403886,2919394816,2919.394816,140,198,101,1,20251020_035114
1760899826.7380052,11403925,2919404800,2919.4048,143,198,103,1,20251020_035114
1760899826.7479892,11403964,2919414784,2919.414784,145,198,105,1,20251020_035114
1760899826.7579732,11404003,2919424768,2919.424768,148,198,108,1,20251020_035114
1760899826.7679572,11404042,2919434752,2919.434752,151,198,113,1,20251020_035114
1760899826.7779412,11404081,2919444736,2919.444736,153,198,122,1,20251020_035114
1760899826.7879252,11404120,2919454720,2919.45472,156,198,127,1,20251020_035114
1760899826.7979093,11404159,2919464704,2919.464704,160,198,133,1,20251020_035114
1760899826.8078933,11404198,2919474688,2919.474688,163,199,140,1,20251020_035114
1760899826.8178773,11404237,2919484672,2919.484672,166,199,147,1,20251020_035114
1760899826.8278613,11404276,2919494656,2919.494656,170,198,158,1,20251020_035114
1760899826.837845,11404315,2919504640,2919.50464,175,199,162,1,20251020_035114
1760899826.847829,11404354,2919514624,2919.514624,179,198,162,1,20251020_035114
1760899826.8580692,11404394,2919524864,2919.524864,183,199,164,1,20251020_035114
1760899826.8680532,11404433,2919534848,2919.534848,187,199,165,1,20251020_035114
1760899826.8780372,11404472,2919544832,2919.544832,192,199,165,1,20251020_035114
1760899826.8880212,11404511,2919554816,2919.554816,196,198,165,1,20251020_035114
1760899826.8980052,11404550,2919564800,2919.5648,200,199,166,1,20251020_035114
1760899826.9079893,11404589,2919574784,2919.574784,204,199,166,1,20251020_035114
1760899826.9179733,11404628,2919584768,2919.584768,208,198,166,1,20251020_035114
1760899826.9279573,11404667,2919594752,2919.594752,212,199,167,1,20251020_035114
1760899826.9379413,11404706,2919604736,2919.604736,216,199,166,1,20251020_035114
1760899826.947925,11404745,2919614720,2919.61472,220,199,167,1,20251020_035114
1760899826.957909,11404784,2919624704,2919.624704,224,199,167,1,20251020_035114
1760899826.9678931,11404823,2919634688,2919.634688,228,199,169,1,20251020_035114
1760899826.9778771,11404862,2919644672,2919.644672,231,199,167,1,20251020_035114
1760899826.9878612,11404901,2919654656,2919.654656,235,199,168,1,20251020_035114
1760899826.9981012,11404941,2919664896,2919.664896,238,200,169,1,20251020_035114
1760899827.0080853,11404980,2919674880,2919.67488,241,200,168,1,20251020_035114
1760899827.0180693,11405019,2919684864,2919.684864,244,199,168,1,20251020_035114
1760899827.0280533,11405058,2919694848,2919.694848,247,199,168,1,20251020_035114
1760899827.0380373,11405097,2919704832,2919.704832,250,200,168,1,20251020_035114
1760899827.0480213,11405136,2919714816,2919.714816,253,200,167,1,20251020_035114
1760899827.058005,11405175,2919724800,2919.7248,1,199,168,1,20251020_035114
1760899827.067989,11405214,2919734784,2919.734784,4,199,166,1,20251020_035114
1760899827.0779731,11405253,2919744768,2919.744768,6,200,165,1,20251020_035114
1760899827.0879571,11405292,2919754752,2919.754752,9,200,164,1,20251020_035114
1760899827.0979412,11405331,2919764736,2919.764736,12,200,163,1,20251020_035114
1760899827.1079252,11405370,2919774720,2919.77472,14,200,161,1,20251020_035114
1760899827.1179092,11405409,2919784704,2919.784704,17,200,158,1,20251020_035114
1760899827.1278932,11405448,2919794688,2919.794688,19,200,155,1,20251020_035114
1760899827.1378772,11405487,2919804672,2919.804672,22,200,153,1,20251020_035114
1760899827.1481173,11405527,2919814912,2919.814912,25,200,147,1,20251020_035114
1760899827.158101,11405566,2919824896,2919.824896,27,200,146,1,20251020_035114
1760899827.168085,11405605,2919834880,2919.83488,30,200,139,1,20251020_035114
1760899827.178069,11405644,2919844864,2919.844864,34,200,129,1,20251020_035114
1760899827.1880531,11405683,2919854848,2919.854848,37,200,126,1,20251020_035114
1760899827.1980371,11405722,2919864832,2919.864832,40,200,120,1,20251020_035114
1760899827.2080212,11405761,2919874816,2919.874816,44,200,115,1,20251020_035114
1760899827.2180052,11405800,2919884800,2919.8848,48,200,111,1,20251020_035114
1760899827.2279892,11405839,2919894784,2919.894784,52,200,106,1,20251020_035114
1760899827.2379732,11405878,2919904768,2919.904768,56,199,102,1,20251020_035114
1760899827.2479572,11405917,2919914752,2919.914752,60,200,97,1,20251020_035114
1760899827.2579412,11405956,2919924736,2919.924736,65,199,93,1,20251020_035114
1760899827.2679253,11405995,2919934720,2919.93472,69,199,95,1,20251020_035114
1760899827.2779093,11406034,2919944704,2919.944704,73,200,95,1,20251020_035114
1760899827.288149,11406074,2919954944,2919.954944,78,199,96,1,20251020_035114
1760899827.2981331,11406113,2919964928,2919.964928,82,200,94,1,20251020_035114
1760899827.3081172,11406152,2919974912,2919.974912,86,199,93,1,20251020_035114
1760899827.3181012,11406191,2919984896,2919.984896,90,199,95,1,20251020_035114
1760899827.3280852,11406230,2919994880,2919.99488,93,199,95,1,20251020_035114
1760899827.3380692,11406269,2920004864,2920.004864,97,198,94,1,20251020_035114
1760899827.3480532,11406308,2920014848,2920.014848,101,199,95,1,20251020_035114
1760899827.3580372,11406347,2920024832,2920.024832,104,199,94,1,20251020_035114
1760899827.3680212,11406386,2920034816,2920.034816,108,199,95,1,20251020_035114
1760899827.3780053,11406425,2920044800,2920.0448,111,199,96,1,20251020_035114
1760899827.3879893,11406464,2920054784,2920.054784,114,199,98,1,20251020_035114
1760899827.3979733,11406503,2920064768,2920.064768,117,198,98,1,20251020_035114
1760899827.4079573,11406542,2920074752,2920.074752,120,198,98,1,20251020_035114
1760899827.417941,11406581,2920084736,2920.084736,123,198,100,1,20251020_035114
1760899827.4281812,11406621,2920094976,2920.094976,126,198,101,1,20251020_035114
1760899827.4381652,11406660,2920104960,2920.10496,129,198,104,1,20251020_035114
1760899827.4481492,11406699,2920114944,2920.114944,132,198,106,1,20251020_035114
1760899827.4581332,11406738,2920124928,2920.124928,135,198,111,1,20251020_035114
1760899827.4681172,11406777,2920134912,2920.134912,138,198,116,1,20251020_035114
1760899827.4781013,11406816,2920144896,2920.144896,141,198,124,1,20251020_035114
1760899827.4880853,11406855,2920154880,2920.15488,144,198,128,1,20251020_035114
1760899827.4980693,11406894,2920164864,2920.164864,147,199,135,1,20251020_035114
1760899827.5080533,11406933,2920174848,2920.174848,150,199,139,1,20251020_035114
1760899827.5180373,11406972,2920184832,2920.184832,154,198,144,1,20251020_035114
1760899827.528021,11407011,2920194816,2920.194816,158,199,149,1,20251020_035114
1760899827.538005,11407050,2920204800,2920.2048,161,199,156,1,20251020_035114
1760899827.5479891,11407089,2920214784,2920.214784,165,198,161,1,20251020_035114
1760899827.5579731,11407128,2920224768,2920.224768,170,198,162,1,20251020_035114
1760899827.5679572,11407167,2920234752,2920.234752,174,199,162,1,20251020_035114
1760899827.5781972,11407207,2920244992,2920.244992,178,198,162,1,20251020_035114
1760899827.5881813,11407246,2920254976,2920.254976,182,198,162,1,20251020_035114
1760899827.5981653,11407285,2920264960,2920.26496,186,198,164,1,20251020_035114
1760899827.6081493,11407324,2920274944,2920.274944,191,199,165,1,20251020_035114
1760899827.6181333,11407363,2920284928,2920.284928,195,198,165,1,20251020_035114
1760899827.628117,11407402,2920294912,2920.294912,199,198,165,1,20251020_035114
1760899827.638101,11407441,2920304896,2920.304896,203,199,165,1,20251020_035114
1760899827.648085,11407480,2920314880,2920.31488,207,199,165,1,20251020_035114
1760899827.6580691,11407519,2920324864,2920.324864,211,198,166,1,20251020_035114
1760899827.6680532,11407558,2920334848,2920.334848,215,199,167,1,20251020_035114
1760899827.6780372,11407597,2920344832,2920.344832,219,199,167,1,20251020_035114
1760899827.6880212,11407636,2920354816,2920.354816,223,199,167,1,20251020_035114
1760899827.6980052,11407675,2920364800,2920.3648,227,199,167,1,20251020_035114
1760899827.7079892,11407714,2920374784,2920.374784,230,199,168,1,20251020_035114
1760899827.7182293,11407754,2920385024,2920.385024,234,199,167,1,20251020_035114
1760899827.7282133,11407793,2920395008,2920.395008,237,199,167,1,20251020_035114
1760899827.738197,11407832,2920404992,2920.404992,240,199,165,1,20251020_035114
1760899827.748181,11407871,2920414976,2920.414976,243,200,168,1,20251020_035114
1760899827.7581651,11407910,2920424960,2920.42496,246,200,168,1,20251020_035114
1760899827.7681491,11407949,2920434944,2920.434944,249,200,167,1,20251020_035114
1760899827.7781332,11407988,2920444928,2920.444928,252,200,166,1,20251020_035114
1760899827.7881172,11408027,2920454912,2920.454912,0,200,167,1,20251020_035114
1760899827.7981012,11408066,2920464896,2920.464896,3,200,166,1,20251020_035114
1760899827.8080852,11408105,2920474880,2920.47488,6,200,165,1,20251020_035114
1760899827.8180692,11408144,2920484864,2920.484864,8,200,163,1,20251020_035114
1760899827.8280532,11408183,2920494848,2920.494848,11,200,162,1,20251020_035114
1760899827.8380373,11408222,2920504832,2920.504832,14,200,162,1,20251020_035114
1760899827.8480213,11408261,2920514816,2920.514816,16,200,163,1,20251020_035114
1760899827.8580053,11408300,2920524800,2920.5248,19,200,161,1,20251020_035114
1760899827.8682451,11408340,2920535040,2920.53504,21,200,161,1,20251020_035114
1760899827.8782291,11408379,2920545024,2920.545024,23,199,158,1,20251020_035114
1760899827.8882132,11408418,2920555008,2920.555008,26,200,160,1,20251020_035114
1760899827.8981972,11408457,2920564992,2920.564992,28,200,159,1,20251020_035114
1760899827.9081812,11408496,2920574976,2920.574976,31,199,159,1,20251020_035114
1760899827.9181652,11408535,2920584960,2920.58496,33,200,158,1,20251020_035114
1760899827.9281492,11408574,2920594944,2920.594944,35,200,156,1,20251020_035114
1760899827.9381332,11408613,2920604928,2920.604928,38,200,157,1,20251020_035114
1760899827.9481173,11408652,2920614912,2920.614912,40,200,157,1,20251020_035114
1760899827.9581013,11408691,2920624896,2920.624896,43,200,157,1,20251020_035114
1760899827.9680853,11408730,2920634880,2920.63488,45,200,157,1,20251020_035114
1760899827.9780693,11408769,2920644864,2920.644864,47,200,157,1,20251020_035114
1760899827.988053,11408808,2920654848,2920.654848,50,200,155,1,20251020_035114
1760899827.998037,11408847,2920664832,2920.664832,52,200,153,1,20251020_035114
1760899828.0082772,11408887,2920675072,2920.675072,55,200,152,1,20251020_035114
1760899828.0182612,11408926,2920685056,2920.685056,57,200,149,1,20251020_035114
1760899828.0282452,11408965,2920695040,2920.69504,60,199,146,1,20251020_035114
1760899828.0382292,11409004,2920705024,2920.705024,63,199,140,1,20251020_035114
1760899828.0482132,11409043,2920715008,2920.715008,66,199,134,1,20251020_035114
1760899828.0581973,11409082,2920724992,2920.724992,69,199,128,1,20251020_035114
1760899828.0681813,11409121,2920734976,2920.734976,72,199,127,1,20251020_035114
1760899828.0781653,11409160,2920744960,2920.74496,76,199,122,1,20251020_035114
1760899828.0881493,11409199,2920754944,2920.754944,79,199,119,1,20251020_035114
1760899828.098133,11409238,2920764928,2920.764928,83,199,113,1,20251020_035114
1760899828.108117,11409277,2920774912,2920.774912,86,199,109,1,20251020_035114
1760899828.1181011,11409316,2920784896,2920.784896,90,199,106,1,20251020_035114
1760899828.1280851,11409355,2920794880,2920.79488,94,199,104,1,20251020_035114
1760899828.1380692,11409394,2920804864,2920.804864,97,199,101,1,20251020_035114
1760899828.1483092,11409434,2920815104,2920.815104,101,198,98,1,20251020_035114
1760899828.1582932,11409473,2920825088,2920.825088,104,199,97,1,20251020_035114
1760899828.1682773,11409512,2920835072,2920.835072,108,198,94,1,20251020_035114
1760899828.1782613,11409551,2920845056,2920.845056,111,198,96,1,20251020_035114
1760899828.1882453,11409590,2920855040,2920.85504,114,198,96,1,20251020_035114
1760899828.1982293,11409629,2920865024,2920.865024,118,199,96,1,20251020_035114
1760899828.208213,11409668,2920875008,2920.875008,121,198,96,1,20251020_035114
1760899828.218197,11409707,2920884992,2920.884992,124,198,96,1,20251020_035114
1760899828.2281811,11409746,2920894976,2920.894976,126,198,97,1,20251020_035114
1760899828.2381651,11409785,2920904960,2920.90496,129,198,97,1,20251020_035114
1760899828.2481492,11409824,2920914944,2920.914944,132,198,97,1,20251020_035114
1760899828.2581332,11409863,2920924928,2920.924928,135,198,98,1,20251020_035114
1760899828.2681172,11409902,2920934912,2920.934912,137,198,98,1,20251020_035114
1760899828.2781012,11409941,2920944896,2920.944896,140,197,99,1,20251020_035114
1760899828.2880852,11409980,2920954880,2920.95488,142,198,99,1,20251020_035114
1760899828.2983253,11410020,2920965120,2920.96512,145,198,101,1,20251020_035114
1760899828.3083093,11410059,2920975104,2920.975104,147,198,102,1,20251020_035114
1760899828.318293,11410098,2920985088,2920.985088,150,199,104,1,20251020_035114
1760899828.328277,11410137,2920995072,2920.995072,152,198,107,1,20251020_035114
1760899828.3382611,11410176,2921005056,2921.005056,155,198,109,1,20251020_035114
1760899828.3482451,11410215,2921015040,2921.01504,157,198,111,1,20251020_035114
1760899828.3582292,11410254,2921025024,2921.025024,160,198,117,1,20251020_035114
1760899828.3682132,11410293,2921035008,2921.035008,163,198,124,1,20251020_035114
1760899828.3781972,11410332,2921044992,2921.044992,166,198,128,1,20251020_035114
1760899828.3884373,11410372,2921055232,2921.055232,169,199,132,1,20251020_035114
1760899828.3984213,11410411,2921065216,2921.065216,172,198,136,1,20251020_035114
1760899828.4084053,11410450,2921075200,2921.0752,176,198,140,1,20251020_035114
1760899828.418389,11410489,2921085184,2921.085184,179,199,145,1,20251020_035114
1760899828.428373,11410528,2921095168,2921.095168,183,198,152,1,20251020_035114
1760899828.438357,11410567,2921105152,2921.105152,187,199,160,1,20251020_035114
1760899828.4483411,11410606,2921115136,2921.115136,191,198,162,1,20251020_035114
1760899828.4583251,11410645,2921125120,2921.12512,196,198,162,1,20251020_035114
1760899828.4683092,11410684,2921135104,2921.135104,200,198,161,1,20251020_035114
1760899828.4782932,11410723,2921145088,2921.145088,204,199,164,1,20251020_035114
1760899828.4882772,11410762,2921155072,2921.155072,208,199,165,1,20251020_035114
1760899828.4982612,11410801,2921165056,2921.165056,212,199,165,1,20251020_035114
1760899828.5082452,11410840,2921175040,2921.17504,216,199,166,1,20251020_035114
1760899828.5184853,11410880,2921185280,2921.18528,220,199,166,1,20251020_035114
1760899828.528469,11410919,2921195264,2921.195264,223,199,166,1,20251020_035114
1760899828.538453,11410958,2921205248,2921.205248,227,198,166,1,20251020_035114
1760899828.548437,11410997,2921215232,2921.215232,231,199,167,1,20251020_035114
1760899828.5584211,11411036,2921225216,2921.225216,234,199,167,1,20251020_035114
1760899828.5684052,11411075,2921235200,2921.2352,237,199,167,1,20251020_035114
1760899828.5783892,11411114,2921245184,2921.245184,241,200,168,1,20251020_035114
1760899828.5883732,11411153,2921255168,2921.255168,244,200,167,1,20251020_035114
1760899828.5983572,11411192,2921265152,2921.265152,247,199,167,1,20251020_035114
1760899828.6083412,11411231,2921275136,2921.275136,250,199,167,1,20251020_035114
1760899828.6183252,11411270,2921285120,2921.28512,253,200,167,1,20251020_035114
1760899828.6283092,11411309,2921295104,2921.295104,1,200,166,1,20251020_035114
1760899828.6382933,11411348,2921305088,2921.305088,3,199,166,1,20251020_035114
1760899828.6482773,11411387,2921315072,2921.315072,6,200,166,1,20251020_035114
1760899828.6585171,11411427,2921325312,2921.325312,9,200,166,1,20251020_035114
1760899828.6685011,11411466,2921335296,2921.335296,11,200,166,1,20251020_035114
1760899828.6784852,11411505,2921345280,2921.34528,14,199,163,1,20251020_035114
1760899828.6884692,11411544,2921355264,2921.355264,16,199,162,1,20251020_035114
1760899828.6984532,11411583,2921365248,2921.365248,19,200,161,1,20251020_035114
1760899828.7084372,11411622,2921375232,2921.375232,21,200,160,1,20251020_035114
1760899828.7184212,11411661,2921385216,2921.385216,24,199,158,1,20251020_035114
1760899828.7284052,11411700,2921395200,2921.3952,26,200,157,1,20251020_035114
1760899828.7383893,11411739,2921405184,2921.405184,29,200,154,1,20251020_035114
1760899828.7483733,11411778,2921415168,2921.415168,31,200,150,1,20251020_035114
1760899828.7583573,11411817,2921425152,2921.425152,34,200,146,1,20251020_035114
1760899828.7683413,11411856,2921435136,2921.435136,37,200,137,1,20251020_035114
1760899828.778325,11411895,2921445120,2921.44512,40,200,127,1,20251020_035114
1760899828.7885652,11411935,2921455360,2921.45536,43,200,123,1,20251020_035114
1760899828.7985492,11411974,2921465344,2921.465344,47,200,115,1,20251020_035114
1760899828.8085332,11412013,2921475328,2921.475328,51,199,107,1,20251020_035114
1760899828.8185172,11412052,2921485312,2921.485312,55,199,102,1,20251020_035114
1760899828.8285012,11412091,2921495296,2921.495296,59,199,99,1,20251020_035114
1760899828.8384852,11412130,2921505280,2921.50528,64,200,96,1,20251020_035114
1760899828.8484693,11412169,2921515264,2921.515264,68,199,94,1,20251020_035114
1760899828.8584533,11412208,2921525248,2921.525248,72,199,97,1,20251020_035114
1760899828.8684373,11412247,2921535232,2921.535232,76,199,94,1,20251020_035114
1760899828.8784213,11412286,2921545216,2921.545216,81,199,93,1,20251020_035114
1760899828.888405,11412325,2921555200,2921.5552,85,199,94,1,20251020_035114
1760899828.898389,11412364,2921565184,2921.565184,89,199,93,1,20251020_035114
1760899828.908373,11412403,2921575168,2921.575168,92,198,96,1,20251020_035114
1760899828.9183571,11412442,2921585152,2921.585152,96,199,96,1,20251020_035114
1760899828.9285972,11412482,2921595392,2921.595392,100,199,96,1,20251020_035114
1760899828.9385812,11412521,2921605376,2921.605376,103,198,95,1,20251020_035114
1760899828.9485652,11412560,2921615360,2921.61536,107,198,96,1,20251020_035114
1760899828.9585493,11412599,2921625344,2921.625344,110,200,97,1,20251020_035114
1760899828.9685333,11412638,2921635328,2921.635328,113,198,96,1,20251020_035114
1760899828.9785173,11412677,2921645312,2921.645312,117,198,95,1,20251020_035114
1760899828.9885013,11412716,2921655296,2921.655296,120,199,96,1,20251020_035114
1760899828.998485,11412755,2921665280,2921.66528,123,198,97,1,20251020_035114
1760899829.008469,11412794,2921675264,2921.675264,126,198,98,1,20251020_035114
1760899829.0184531,11412833,2921685248,2921.685248,128,198,98,1,20251020_035114
1760899829.0284371,11412872,2921695232,2921.695232,131,198,101,1,20251020_035114
1760899829.0386772,11412912,2921705472,2921.705472,134,198,104,1,20251020_035114
1760899829.0486612,11412951,2921715456,2921.715456,137,197,106,1,20251020_035114
1760899829.0586452,11412990,2921725440,2921.72544,139,198,110,1,20251020_035114
1760899829.0686293,11413029,2921735424,2921.735424,142,198,116,1,20251020_035114
1760899829.0786133,11413068,2921745408,2921.745408,145,198,127,1,20251020_035114
1760899829.0885973,11413107,2921755392,2921.755392,148,198,133,1,20251020_035114
1760899829.0985813,11413146,2921765376,2921.765376,152,199,140,1,20251020_035114
1760899829.1088212,11413186,2921775616,2921.775616,155,198,146,1,20251020_035114
1760899829.1188052,11413225,2921785600,2921.7856,159,199,150,1,20251020_035114
1760899829.1287892,11413264,2921795584,2921.795584,163,198,153,1,20251020_035114
1760899829.1387732,11413303,2921805568,2921.805568,167,198,160,1,20251020_035114
1760899829.1487572,11413342,2921815552,2921.815552,171,199,161,1,20251020_035114
1760899829.1587412,11413381,2921825536,2921.825536,175,199,162,1,20251020_035114
1760899829.1687253,11413420,2921835520,2921.83552,180,199,161,1,20251020_035114
1760899829.178965,11413460,2921845760,2921.84576,184,198,162,1,20251020_035114
1760899829.188949,11413499,2921855744,2921.855744,188,199,164,1,20251020_035114
1760899829.1989331,11413538,2921865728,2921.865728,192,198,164,1,20251020_035114
1760899829.2089171,11413577,2921875712,2921.875712,197,199,165,1,20251020_035114
1760899829.2189012,11413616,2921885696,2921.885696,201,199,165,1,20251020_035114
1760899829.2288852,11413655,2921895680,2921.89568,205,199,165,1,20251020_035114
1760899829.2388692,11413694,2921905664,2921.905664,209,198,165,1,20251020_035114
1760899829.2488532,11413733,2921915648,2921.915648,213,199,166,1,20251020_035114
1760899829.2590933,11413773,2921925888,2921.925888,217,199,166,1,20251020_035114
1760899829.2690773,11413812,2921935872,2921.935872,221,198,164,1,20251020_035114
1760899829.2790613,11413851,2921945856,2921.945856,225,198,166,1,20251020_035114
1760899829.289045,11413890,2921955840,2921.95584,228,199,167,1,20251020_035114
1760899829.299029,11413929,2921965824,2921.965824,232,199,167,1,20251020_035114
1760899829.3090131,11413968,2921975808,2921.975808,235,199,167,1,20251020_035114
1760899829.3192532,11414008,2921986048,2921.986048,239,199,167,1,20251020_035114
1760899829.3292372,11414047,2921996032,2921.996032,242,200,167,1,20251020_035114
1760899829.3392212,11414086,2922006016,2922.006016,245,200,165,1,20251020_035114
1760899829.3492053,11414125,2922016000,2922.016,248,200,166,1,20251020_035114
1760899829.3591893,11414164,2922025984,2922.025984,251,200,165,1,20251020_035114
1760899829.3691733,11414203,2922035968,2922.035968,254,200,165,1,20251020_035114
1760899829.3791573,11414242,2922045952,2922.045952,2,200,164,1,20251020_035114
1760899829.389141,11414281,2922055936,2922.055936,4,200,163,1,20251020_035114
1760899829.3993812,11414321,2922066176,2922.066176,7,200,162,1,20251020_035114
1760899829.4093652,11414360,2922076160,2922.07616,10,199,160,1,20251020_035114
1760899829.4193492,11414399,2922086144,2922.086144,12,200,158,1,20251020_035114
1760899829.4293332,11414438,2922096128,2922.096128,15,200,157,1,20251020_035114
1760899829.4393172,11414477,2922106112,2922.106112,18,200,155,1,20251020_035114
1760899829.4493012,11414516,2922116096,2922.116096,20,200,154,1,20251020_035114
1760899829.4592853,11414555,2922126080,2922.12608,23,200,152,1,20251020_035114
1760899829.4692693,11414594,2922136064,2922.136064,26,200,150,1,20251020_035114
1760899829.4792533,11414633,2922146048,2922.146048,28,200,147,1,20251020_035114
1760899829.4892373,11414672,2922156032,2922.156032,31,200,139,1,20251020_035114
1760899829.499221,11414711,2922166016,2922.166016,34,200,131,1,20251020_035114
1760899829.509205,11414750,2922176000,2922.176,38,199,126,1,20251020_035114
1760899829.5191891,11414789,2922185984,2922.185984,41,200,118,1,20251020_035114
1760899829.5291731,11414828,2922195968,2922.195968,45,200,114,1,20251020_035114
1760899829.5391572,11414867,2922205952,2922.205952,49,200,110,1,20251020_035114
1760899829.5493972,11414907,2922216192,2922.216192,53,200,104,1,20251020_035114
1760899829.5593812,11414946,2922226176,2922.226176,57,200,101,1,20251020_035114
1760899829.5693653,11414985,2922236160,2922.23616,61,201,99,1,20251020_035114
1760899829.5793493,11415024,2922246144,2922.246144,66,200,96,1,20251020_035114
1760899829.5893333,11415063,2922256128,2922.256128,70,200,93,1,20251020_035114
1760899829.5993173,11415102,2922266112,2922.266112,74,199,94,1,20251020_035114
1760899829.609301,11415141,2922276096,2922.276096,78,199,94,1,20251020_035114
1760899829.619285,11415180,2922286080,2922.28608,82,199,94,1,20251020_035114
1760899829.6292691,11415219,2922296064,2922.296064,86,199,94,1,20251020_035114
1760899829.6392531,11415258,2922306048,2922.306048,90,199,93,1,20251020_035114
1760899829.6492372,11415297,2922316032,2922.316032,94,199,93,1,20251020_035114
1760899829.6592212,11415336,2922326016,2922.326016,98,198,95,1,20251020_035114
1760899829.6692052,11415375,2922336000,2922.336,101,198,95,1,20251020_035114
1760899829.6791892,11415414,2922345984,2922.345984,105,199,96,1,20251020_035114
1760899829.6894293,11415454,2922356224,2922.356224,108,199,94,1,20251020_035114
1760899829.6994133,11415493,2922366208,2922.366208,112,198,94,1,20251020_035114
1760899829.7093973,11415532,2922376192,2922.376192,115,198,96,1,20251020_035114
1760899829.719381,11415571,2922386176,2922.386176,118,198,97,1,20251020_035114
1760899829.729365,11415610,2922396160,2922.39616,121,198,97,1,20251020_035114
1760899829.7393491,11415649,2922406144,2922.406144,124,198,98,1,20251020_035114
1760899829.7493331,11415688,2922416128,2922.416128,127,198,100,1,20251020_035114
1760899829.7593172,11415727,2922426112,2922.426112,130,198,102,1,20251020_035114
1760899829.7693012,11415766,2922436096,2922.436096,132,198,104,1,20251020_035114
1760899829.7792852,11415805,2922446080,2922.44608,135,199,107,1,20251020_035114
1760899829.7892692,11415844,2922456064,2922.456064,138,198,112,1,20251020_035114
1760899829.7992532,11415883,2922466048,2922.466048,141,198,118,1,20251020_035114
1760899829.8092372,11415922,2922476032,2922.476032,144,198,127,1,20251020_035114
1760899829.8192213,11415961,2922486016,2922.486016,147,198,131,1,20251020_035114
1760899829.829461,11416001,2922496256,2922.496256,150,198,136,1,20251020_035114
1760899829.839445,11416040,2922506240,2922.50624,154,199,137,1,20251020_035114
1760899829.8494291,11416079,2922516224,2922.516224,157,199,143,1,20251020_035114
1760899829.8594131,11416118,2922526208,2922.526208,161,198,148,1,20251020_035114
1760899829.8693972,11416157,2922536192,2922.536192,165,199,154,1,20251020_035114
1760899829.8793812,11416196,2922546176,2922.546176,169,198,158,1,20251020_035114
1760899829.8893652,11416235,2922556160,2922.55616,173,198,161,1,20251020_035114
1760899829.8993492,11416274,2922566144,2922.566144,177,199,162,1,20251020_035114
1760899829.9093332,11416313,2922576128,2922.576128,182,198,161,1,20251020_035114
1760899829.9193172,11416352,2922586112,2922.586112,186,198,161,1,20251020_035114
1760899829.9293013,11416391,2922596096,2922.596096,190,198,163,1,20251020_035114
1760899829.9392853,11416430,2922606080,2922.60608,194,198,164,1,20251020_035114
1760899829.9492693,11416469,2922616064,2922.616064,198,199,163,1,20251020_035114
1760899829.9592533,11416508,2922626048,2922.626048,203,199,165,1,20251020_035114
1760899829.969237,11416547,2922636032,2922.636032,207,198,165,1,20251020_035114
1760899829.9794772,11416587,2922646272,2922.646272,211,199,166,1,20251020_035114
1760899829.9894612,11416626,2922656256,2922.656256,215,199,165,1,20251020_035114
1760899829.9994452,11416665,2922666240,2922.66624,219,199,165,1,20251020_035114
1760899830.0094292,11416704,2922676224,2922.676224,222,199,166,1,20251020_035114
1760899830.0194132,11416743,2922686208,2922.686208,226,199,166,1,20251020_035114
1760899830.0293972,11416782,2922696192,2922.696192,230,199,167,1,20251020_035114
1760899830.0393813,11416821,2922706176,2922.706176,233,199,167,1,20251020_035114
1760899830.0493653,11416860,2922716160,2922.71616,237,200,167,1,20251020_035114
1760899830.0593493,11416899,2922726144,2922.726144,240,199,167,1,20251020_035114
1760899830.0693333,11416938,2922736128,2922.736128,243,199,167,1,20251020_035114
1760899830.079317,11416977,2922746112,2922.746112,246,200,167,1,20251020_035114
1760899830.089301,11417016,2922756096,2922.756096,249,199,166,1,20251020_035114
1760899830.0992851,11417055,2922766080,2922.76608,252,199,165,1,20251020_035114
1760899830.1092691,11417094,2922776064,2922.776064,0,199,166,1,20251020_035114
1760899830.1195092,11417134,2922786304,2922.786304,3,200,166,1,20251020_035114
1760899830.1294932,11417173,2922796288,2922.796288,5,200,165,1,20251020_035114
1760899830.1394773,11417212,2922806272,2922.806272,8,199,165,1,20251020_035114
1760899830.1494613,11417251,2922816256,2922.816256,11,200,166,1,20251020_035114
1760899830.1594453,11417290,2922826240,2922.82624,13,199,165,1,20251020_035114
1760899830.1694293,11417329,2922836224,2922.836224,16,199,166,1,20251020_035114
1760899830.1794133,11417368,2922846208,2922.846208,18,199,166,1,20251020_035114
1760899830.189397,11417407,2922856192,2922.856192,20,200,166,1,20251020_035114
1760899830.199381,11417446,2922866176,2922.866176,22,199,166,1,20251020_035114
1760899830.2093651,11417485,2922876160,2922.87616,25,200,167,1,20251020_035114
1760899830.2193491,11417524,2922886144,2922.886144,27,200,167,1,20251020_035114
1760899830.2293332,11417563,2922896128,2922.896128,29,199,166,1,20251020_035114
1760899830.2393172,11417602,2922906112,2922.906112,31,200,167,1,20251020_035114
1760899830.2493012,11417641,2922916096,2922.916096,33,200,167,1,20251020_035114
1760899830.2595413,11417681,2922926336,2922.926336,35,200,167,1,20251020_035114
1760899830.2695253,11417720,2922936320,2922.93632,37,199,167,1,20251020_035114
1760899830.2795093,11417759,2922946304,2922.946304,39,200,167,1,20251020_035114
1760899830.289493,11417798,2922956288,2922.956288,41,200,167,1,20251020_035114
1760899830.299477,11417837,2922966272,2922.966272,43,200,166,1,20251020_035114
1760899830.309461,11417876,2922976256,2922.976256,45,199,166,1,20251020_035114
1760899830.3194451,11417915,2922986240,2922.98624,47,200,165,1,20251020_035114
1760899830.3294291,11417954,2922996224,2922.996224,50,200,164,1,20251020_035114
1760899830.3394132,11417993,2923006208,2923.006208,52,199,163,1,20251020_035114
1760899830.3493972,11418032,2923016192,2923.016192,54,199,162,1,20251020_035114
1760899830.3593812,11418071,2923026176,2923.026176,56,199,161,1,20251020_035114
1760899830.3693652,11418110,2923036160,2923.03616,58,199,159,1,20251020_035114
1760899830.3793492,11418149,2923046144,2923.046144,60,200,157,1,20251020_035114
1760899830.3893332,11418188,2923056128,2923.056128,63,199,154,1,20251020_035114
1760899830.399573,11418228,2923066368,2923.066368,65,199,151,1,20251020_035114
1760899830.409557,11418267,2923076352,2923.076352,68,199,150,1,20251020_035114
1760899830.4195411,11418306,2923086336,2923.086336,71,199,144,1,20251020_035114
1760899830.4295251,11418345,2923096320,2923.09632,73,199,140,1,20251020_035114
1760899830.4395092,11418384,2923106304,2923.106304,77,198,130,1,20251020_035114
1760899830.4494932,11418423,2923116288,2923.116288,80,198,126,1,20251020_035114
1760899830.4594772,11418462,2923126272,2923.126272,83,199,117,1,20251020_035114
1760899830.4694612,11418501,2923136256,2923.136256,87,199,112,1,20251020_035114
1760899830.4794452,11418540,2923146240,2923.14624,91,199,107,1,20251020_035114
1760899830.4894292,11418579,2923156224,2923.156224,94,198,102,1,20251020_035114
1760899830.4994133,11418618,2923166208,2923.166208,98,198,97,1,20251020_035114
1760899830.5093973,11418657,2923176192,2923.176192,101,198,94,1,20251020_035114
1760899830.5193813,11418696,2923186176,2923.186176,105,198,94,1,20251020_035114
1760899830.5293653,11418735,2923196160,2923.19616,108,198,95,1,20251020_035114
1760899830.5393493,11418774,2923206144,2923.206144,112,198,97,1,20251020_035114
1760899830.5495892,11418814,2923216384,2923.216384,115,198,97,1,20251020_035114
1760899830.5595732,11418853,2923226368,2923.226368,118,198,97,1,20251020_035114
1760899830.5695572,11418892,2923236352,2923.236352,121,198,98,1,20251020_035114
1760899830.5795412,11418931,2923246336,2923.246336,124,198,98,1,20251020_035114
1760899830.5895252,11418970,2923256320,2923.25632,127,198,98,1,20251020_035114
1760899830.5995092,11419009,2923266304,2923.266304,130,198,98,1,20251020_035114
1760899830.6094933,11419048,2923276288,2923.276288,132,199,98,1,20251020_035114
1760899830.6194773,11419087,2923286272,2923.286272,135,198,100,1,20251020_035114
1760899830.6294613,11419126,2923296256,2923.296256,138,198,102,1,20251020_035114
1760899830.6394453,11419165,2923306240,2923.30624,140,198,104,1,20251020_035114
1760899830.649429,11419204,2923316224,2923.316224,143,198,106,1,20251020_035114
1760899830.659413,11419243,2923326208,2923.326208,146,198,107,1,20251020_035114
1760899830.669397,11419282,2923336192,2923.336192,148,198,111,1,20251020_035114
1760899830.6793811,11419321,2923346176,2923.346176,151,198,115,1,20251020_035114
1760899830.6896212,11419361,2923356416,2923.356416,154,199,123,1,20251020_035114
1760899830.6996052,11419400,2923366400,2923.3664,157,199,130,1,20251020_035114
1760899830.7095892,11419439,2923376384,2923.376384,160,199,136,1,20251020_035114
1760899830.7195733,11419478,2923386368,2923.386368,164,198,141,1,20251020_035114
1760899830.7295573,11419517,2923396352,2923.396352,167,199,149,1,20251020_035114
1760899830.7395413,11419556,2923406336,2923.406336,171,199,157,1,20251020_035114
1760899830.7495253,11419595,2923416320,2923.41632,176,199,162,1,20251020_035114
1760899830.759509,11419634,2923426304,2923.426304,180,198,162,1,20251020_035114
1760899830.769493,11419673,2923436288,2923.436288,184,199,161,1,20251020_035114
1760899830.7794771,11419712,2923446272,2923.446272,188,198,164,1,20251020_035114
1760899830.7894611,11419751,2923456256,2923.456256,193,198,165,1,20251020_035114
1760899830.7994452,11419790,2923466240,2923.46624,197,198,164,1,20251020_035114
1760899830.8094292,11419829,2923476224,2923.476224,201,199,165,1,20251020_035114
1760899830.8194132,11419868,2923486208,2923.486208,205,198,166,1,20251020_035114
1760899830.8293972,11419907,2923496192,2923.496192,209,198,166,1,20251020_035114
1760899830.8396373,11419947,2923506432,2923.506432,213,199,166,1,20251020_035114
1760899830.8496213,11419986,2923516416,2923.516416,217,199,168,1,20251020_035114
1760899830.8596053,11420025,2923526400,2923.5264,221,199,167,1,20251020_035114
1760899830.869589,11420064,2923536384,2923.536384,225,199,166,1,20251020_035114
1760899830.879573,11420103,2923546368,2923.546368,228,199,166,1,20251020_035114
1760899830.8895571,11420142,2923556352,2923.556352,232,199,168,1,20251020_035114
1760899830.8995411,11420181,2923566336,2923.566336,235,200,168,1,20251020_035114
1760899830.9095252,11420220,2923576320,2923.57632,239,200,168,1,20251020_035114
1760899830.9195092,11420259,2923586304,2923.586304,242,200,168,1,20251020_035114
1760899830.9294932,11420298,2923596288,2923.596288,245,200,167,1,20251020_035114
1760899830.9394772,11420337,2923606272,2923.606272,248,200,168,1,20251020_035114
1760899830.9494612,11420376,2923616256,2923.616256,251,199,167,1,20251020_035114
1760899830.9594452,11420415,2923626240,2923.62624,254,200,167,1,20251020_035114
1760899830.9694293,11420454,2923636224,2923.636224,2,200,165,1,20251020_035114
1760899830.9794133,11420493,2923646208,2923.646208,4,200,165,1,20251020_035114
1760899830.989653,11420533,2923656448,2923.656448,7,200,164,1,20251020_035114
1760899830.9996371,11420572,2923666432,2923.666432,10,199,162,1,20251020_035114
1760899831.0096211,11420611,2923676416,2923.676416,12,200,160,1,20251020_035114
1760899831.0196052,11420650,2923686400,2923.6864,15,200,159,1,20251020_035114
1760899831.0295892,11420689,2923696384,2923.696384,18,200,156,1,20251020_035114
1760899831.0395732,11420728,2923706368,2923.706368,20,200,152,1,20251020_035114
1760899831.0495572,11420767,2923716352,2923.716352,23,200,151,1,20251020_035114
1760899831.0595412,11420806,2923726336,2923.726336,26,200,148,1,20251020_035114
1760899831.0695252,11420845,2923736320,2923.73632,28,200,146,1,20251020_035114
1760899831.0795093,11420884,2923746304,2923.746304,31,199,134,1,20251020_035114
1760899831.0894933,11420923,2923756288,2923.756288,34,200,128,1,20251020_035114
1760899831.0994773,11420962,2923766272,2923.766272,38,200,124,1,20251020_035114
1760899831.1094613,11421001,2923776256,2923.776256,41,200,119,1,20251020_035114
1760899831.119445,11421040,2923786240,2923.78624,45,200,112,1,20251020_035114
1760899831.1296852,11421080,2923796480,2923.79648,49,200,108,1,20251020_035114
1760899831.1396692,11421119,2923806464,2923.806464,53,199,103,1,20251020_035114
1760899831.1496532,11421158,2923816448,2923.816448,57,199,99,1,20251020_035114
1760899831.1596372,11421197,2923826432,2923.826432,62,199,95,1,20251020_035114
1760899831.1696212,11421236,2923836416,2923.836416,66,200,94,1,20251020_035114
1760899831.1796052,11421275,2923846400,2923.8464,70,200,95,1,20251020_035114
1760899831.1895893,11421314,2923856384,2923.856384,75,199,95,1,20251020_035114
1760899831.1995733,11421353,2923866368,2923.866368,79,199,94,1,20251020_035114
1760899831.2095573,11421392,2923876352,2923.876352,83,199,94,1,20251020_035114
1760899831.2195413,11421431,2923886336,2923.886336,87,199,94,1,20251020_035114
1760899831.229525,11421470,2923896320,2923.89632,91,199,95,1,20251020_035114
1760899831.239509,11421509,2923906304,2923.906304,95,199,95,1,20251020_035114
1760899831.2494931,11421548,2923916288,2923.916288,98,198,96,1,20251020_035114
1760899831.2594771,11421587,2923926272,2923.926272,102,198,96,1,20251020_035114
1760899831.2697172,11421627,2923936512,2923.936512,105,198,96,1,20251020_035114
1760899831.2797012,11421666,2923946496,2923.946496,109,198,97,1,20251020_035114
1760899831.2896852,11421705,2923956480,2923.95648,112,198,98,1,20251020_035114
1760899831.2996693,11421744,2923966464,2923.966464,115,197,94,1,20251020_035114
1760899831.3096533,11421783,2923976448,2923.976448,118,198,97,1,20251020_035114
1760899831.3196373,11421822,2923986432,2923.986432,121,198,98,1,20251020_035114
1760899831.3296213,11421861,2923996416,2923.996416,124,198,101,1,20251020_035114
1760899831.339605,11421900,2924006400,2924.0064,127,198,101,1,20251020_035114
1760899831.349589,11421939,2924016384,2924.016384,130,198,102,1,20251020_035114
1760899831.3595731,11421978,2924026368,2924.026368,133,198,106,1,20251020_035114
1760899831.3695571,11422017,2924036352,2924.036352,136,199,110,1,20251020_035114
1760899831.3795412,11422056,2924046336,2924.046336,139,198,116,1,20251020_035114
1760899831.3895252,11422095,2924056320,2924.05632,142,198,126,1,20251020_035114
1760899831.3995092,11422134,2924066304,2924.066304,145,198,129,1,20251020_035114
1760899831.4094932,11422173,2924076288,2924.076288,148,198,135,1,20251020_035114
1760899831.4197333,11422213,2924086528,2924.086528,151,199,142,1,20251020_035114
1760899831.4297173,11422252,2924096512,2924.096512,155,199,147,1,20251020_035114
1760899831.4397013,11422291,2924106496,2924.106496,159,199,152,1,20251020_035114
1760899831.449685,11422330,2924116480,2924.11648,163,198,158,1,20251020_035114
1760899831.459669,11422369,2924126464,2924.126464,167,199,160,1,20251020_035114
1760899831.4696531,11422408,2924136448,2924.136448,171,199,161,1,20251020_035114
1760899831.4796371,11422447,2924146432,2924.146432,175,199,162,1,20251020_035114
1760899831.4896212,11422486,2924156416,2924.156416,179,199,162,1,20251020_035114
1760899831.4996052,11422525,2924166400,2924.1664,184,199,164,1,20251020_035114
1760899831.5095892,11422564,2924176384,2924.176384,188,199,164,1,20251020_035114
1760899831.5195732,11422603,2924186368,2924.186368,192,198,164,1,20251020_035114
1760899831.5295572,11422642,2924196352,2924.196352,196,198,165,1,20251020_035114
1760899831.5395412,11422681,2924206336,2924.206336,201,199,166,1,20251020_035114
1760899831.5495253,11422720,2924216320,2924.21632,205,199,165,1,20251020_035114
1760899831.559765,11422760,2924226560,2924.22656,209,198,166,1,20251020_035114
1760899831.569749,11422799,2924236544,2924.236544,213,198,166,1,20251020_035114
1760899831.5797331,11422838,2924246528,2924.246528,217,199,166,1,20251020_035114
1760899831.5897171,11422877,2924256512,2924.256512,220,199,166,1,20251020_035114
1760899831.5997012,11422916,2924266496,2924.266496,224,199,166,1,20251020_035114
1760899831.6096852,11422955,2924276480,2924.27648,228,199,167,1,20251020_035114
1760899831.6196692,11422994,2924286464,2924.286464,231,198,167,1,20251020_035114
1760899831.6296532,11423033,2924296448,2924.296448,235,199,167,1,20251020_035114
1760899831.6396372,11423072,2924306432,2924.306432,238,200,167,1,20251020_035114
1760899831.6496212,11423111,2924316416,2924.316416,241,199,167,1,20251020_035114
1760899831.6596053,11423150,2924326400,2924.3264,245,199,166,1,20251020_035114
1760899831.6695893,11423189,2924336384,2924.336384,248,200,167,1,20251020_035114
1760899831.6795733,11423228,2924346368,2924.346368,251,200,166,1,20251020_035114
1760899831.6895573,11423267,2924356352,2924.356352,253,199,165,1,20251020_035114
1760899831.699541,11423306,2924366336,2924.366336,1,199,164,1,20251020_035114
1760899831.7097812,11423346,2924376576,2924.376576,4,201,165,1,20251020_035114
1760899831.7197652,11423385,2924386560,2924.38656,7,199,163,1,20251020_035114
1760899831.7297492,11423424,2924396544,2924.396544,9,200,162,1,20251020_035114
1760899831.7397332,11423463,2924406528,2924.406528,12,200,163,1,20251020_035114
1760899831.7497172,11423502,2924416512,2924.416512,15,200,159,1,20251020_035114
1760899831.7597013,11423541,2924426496,2924.426496,17,200,160,1,20251020_035114
1760899831.7696853,11423580,2924436480,2924.43648,20,200,159,1,20251020_035114
1760899831.7796693,11423619,2924446464,2924.446464,22,200,159,1,20251020_035114
1760899831.7896533,11423658,2924456448,2924.456448,25,199,158,1,20251020_035114
1760899831.7996373,11423697,2924466432,2924.466432,27,200,158,1,20251020_035114
1760899831.809621,11423736,2924476416,2924.476416,29,200,158,1,20251020_035114
1760899831.819605,11423775,2924486400,2924.4864,32,199,157,1,20251020_035114
1760899831.8295891,11423814,2924496384,2924.496384,34,199,156,1,20251020_035114
1760899831.8395731,11423853,2924506368,2924.506368,37,200,156,1,20251020_035114
1760899831.8498132,11423893,2924516608,2924.516608,39,199,153,1,20251020_035114
1760899831.8597972,11423932,2924526592,2924.526592,42,199,152,1,20251020_035114
1760899831.8697813,11423971,2924536576,2924.536576,44,200,151,1,20251020_035114
1760899831.8797653,11424010,2924546560,2924.54656,47,200,152,1,20251020_035114
1760899831.8897493,11424049,2924556544,2924.556544,49,200,150,1,20251020_035114
1760899831.8997333,11424088,2924566528,2924.566528,52,199,146,1,20251020_035114
1760899831.909717,11424127,2924576512,2924.576512,55,200,145,1,20251020_035114
1760899831.919701,11424166,2924586496,2924.586496,57,200,140,1,20251020_035114
1760899831.929685,11424205,2924596480,2924.59648,60,199,134,1,20251020_035114
1760899831.9396691,11424244,2924606464,2924.606464,64,199,130,1,20251020_035114
1760899831.9496531,11424283,2924616448,2924.616448,67,199,127,1,20251020_035114
1760899831.9596372,11424322,2924626432,2924.626432,70,199,122,1,20251020_035114
1760899831.9696212,11424361,2924636416,2924.636416,74,199,117,1,20251020_035114
1760899831.9796052,11424400,2924646400,2924.6464,78,199,113,1,20251020_035114
1760899831.9898453,11424440,2924656640,2924.65664,81,199,110,1,20251020_035114
1760899831.9998293,11424479,2924666624,2924.666624,85,199,106,1,20251020_035114
1760899832.0098133,11424518,2924676608,2924.676608,89,199,104,1,20251020_035114
1760899832.019797,11424557,2924686592,2924.686592,93,199,100,1,20251020_035114
1760899832.029781,11424596,2924696576,2924.696576,96,199,96,1,20251020_035114
1760899832.0397651,11424635,2924706560,2924.70656,100,198,94,1,20251020_035114
1760899832.0497491,11424674,2924716544,2924.716544,104,199,93,1,20251020_035114
1760899832.0597332,11424713,2924726528,2924.726528,107,199,96,1,20251020_035114
1760899832.0697172,11424752,2924736512,2924.736512,110,199,96,1,20251020_035114
1760899832.0797012,11424791,2924746496,2924.746496,114,198,95,1,20251020_035114
1760899832.0896852,11424830,2924756480,2924.75648,117,198,96,1,20251020_035114
1760899832.0996692,11424869,2924766464,2924.766464,120,198,98,1,20251020_035114
1760899832.1096532,11424908,2924776448,2924.776448,123,198,99,1,20251020_035114
1760899832.1196373,11424947,2924786432,2924.786432,126,198,100,1,20251020_035114
1760899832.1296213,11424986,2924796416,2924.796416,129,198,99,1,20251020_035114
1760899832.139861,11425026,2924806656,2924.806656,131,198,101,1,20251020_035114
1760899832.1498451,11425065,2924816640,2924.81664,134,198,101,1,20251020_035114
1760899832.1598291,11425104,2924826624,2924.826624,137,199,103,1,20251020_035114
1760899832.1698132,11425143,2924836608,2924.836608,139,199,103,1,20251020_035114
1760899832.1797972,11425182,2924846592,2924.846592,142,198,104,1,20251020_035114
1760899832.1897812,11425221,2924856576,2924.856576,145,199,105,1,20251020_035114
1760899832.1997652,11425260,2924866560,2924.86656,147,199,107,1,20251020_035114
1760899832.2097492,11425299,2924876544,2924.876544,150,199,108,1,20251020_035114
1760899832.2197332,11425338,2924886528,2924.886528,152,198,110,1,20251020_035114
1760899832.2297173,11425377,2924896512,2924.896512,155,198,114,1,20251020_035114
1760899832.2397013,11425416,2924906496,2924.906496,158,199,116,1,20251020_035114
1760899832.2496853,11425455,2924916480,2924.91648,161,198,123,1,20251020_035114
1760899832.2596693,11425494,2924926464,2924.926464,164,198,128,1,20251020_035114
1760899832.269653,11425533,2924936448,2924.936448,167,199,132,1,20251020_035114
1760899832.2798932,11425573,2924946688,2924.946688,170,198,137,1,20251020_035114
1760899832.2898772,11425612,2924956672,2924.956672,174,198,140,1,20251020_035114
1760899832.2998612,11425651,2924966656,2924.966656,177,198,144,1,20251020_035114
1760899832.3098452,11425690,2924976640,2924.97664,181,199,149,1,20251020_035114
1760899832.3198292,11425729,2924986624,2924.986624,185,198,155,1,20251020_035114
1760899832.3298132,11425768,2924996608,2924.996608,189,198,161,1,20251020_035114
1760899832.3397973,11425807,2925006592,2925.006592,193,198,162,1,20251020_035114
1760899832.3497813,11425846,2925016576,2925.016576,197,198,162,1,20251020_035114
1760899832.3597653,11425885,2925026560,2925.02656,201,198,162,1,20251020_035114
1760899832.3697493,11425924,2925036544,2925.036544,205,199,165,1,20251020_035114
1760899832.379733,11425963,2925046528,2925.046528,209,199,164,1,20251020_035114
1760899832.389717,11426002,2925056512,2925.056512,213,199,165,1,20251020_035114
1760899832.399701,11426041,2925066496,2925.066496,217,199,166,1,20251020_035114
1760899832.4099412,11426081,2925076736,2925.076736,221,199,166,1,20251020_035114
1760899832.4199252,11426120,2925086720,2925.08672,225,199,166,1,20251020_035114
1760899832.4299092,11426159,2925096704,2925.096704,229,199,166,1,20251020_035114
1760899832.4398932,11426198,2925106688,2925.106688,232,199,167,1,20251020_035114
1760899832.4498773,11426237,2925116672,2925.116672,235,199,167,1,20251020_035114
1760899832.4598613,11426276,2925126656,2925.126656,239,200,167,1,20251020_035114
1760899832.4698453,11426315,2925136640,2925.13664,242,200,168,1,20251020_035114
1760899832.4798293,11426354,2925146624,2925.146624,245,199,167,1,20251020_035114
1760899832.489813,11426393,2925156608,2925.156608,248,200,168,1,20251020_035114
1760899832.499797,11426432,2925166592,2925.166592,251,199,167,1,20251020_035114
1760899832.5097811,11426471,2925176576,2925.176576,254,200,168,1,20251020_035114
1760899832.5197651,11426510,2925186560,2925.18656,2,200,167,1,20251020_035114
1760899832.5297492,11426549,2925196544,2925.196544,4,200,167,1,20251020_035114
1760899832.5397332,11426588,2925206528,2925.206528,7,200,167,1,20251020_035114
1760899832.5497172,11426627,2925216512,2925.216512,10,200,166,1,20251020_035114
1760899832.5599573,11426667,2925226752,2925.226752,12,200,166,1,20251020_035114
1760899832.5699413,11426706,2925236736,2925.236736,15,200,165,1,20251020_035114
1760899832.5799253,11426745,2925246720,2925.24672,17,200,164,1,20251020_035114
1760899832.5899093,11426784,2925256704,2925.256704,20,200,164,1,20251020_035114
1760899832.599893,11426823,2925266688,2925.266688,22,200,163,1,20251020_035114
1760899832.609877,11426862,2925276672,2925.276672,24,200,161,1,20251020_035114
1760899832.6198611,11426901,2925286656,2925.286656,27,200,159,1,20251020_035114
1760899832.6298451,11426940,2925296640,2925.29664,29,200,158,1,20251020_035114
1760899832.6398292,11426979,2925306624,2925.306624,32,200,155,1,20251020_035114
1760899832.6498132,11427018,2925316608,2925.316608,34,200,152,1,20251020_035114
1760899832.6597972,11427057,2925326592,2925.326592,37,200,148,1,20251020_035114
1760899832.6697812,11427096,2925336576,2925.336576,39,200,146,1,20251020_035114
1760899832.6797652,11427135,2925346560,2925.34656,42,200,134,1,20251020_035114
1760899832.6897492,11427174,2925356544,2925.356544,45,200,127,1,20251020_035114
1760899832.6999893,11427214,2925366784,2925.366784,49,200,118,1,20251020_035114
1760899832.709973,11427253,2925376768,2925.376768,53,199,112,1,20251020_035114
1760899832.719957,11427292,2925386752,2925.386752,57,200,108,1,20251020_035114
1760899832.7299411,11427331,2925396736,2925.396736,61,199,103,1,20251020_035114
1760899832.7399251,11427370,2925406720,2925.40672,65,200,98,1,20251020_035114
1760899832.7499092,11427409,2925416704,2925.416704,69,199,95,1,20251020_035114
1760899832.7598932,11427448,2925426688,2925.426688,74,199,96,1,20251020_035114
1760899832.7698772,11427487,2925436672,2925.436672,78,199,94,1,20251020_035114
1760899832.7798612,11427526,2925446656,2925.446656,82,199,94,1,20251020_035114
1760899832.7898452,11427565,2925456640,2925.45664,86,199,93,1,20251020_035114
1760899832.7998292,11427604,2925466624,2925.466624,90,198,94,1,20251020_035114
1760899832.8098133,11427643,2925476608,2925.476608,94,199,96,1,20251020_035114
1760899832.8197973,11427682,2925486592,2925.486592,97,200,97,1,20251020_035114
1760899832.8297813,11427721,2925496576,2925.496576,101,199,96,1,20251020_035114
1760899832.8400211,11427761,2925506816,2925.506816,105,198,97,1,20251020_035114
1760899832.8500051,11427800,2925516800,2925.5168,108,198,95,1,20251020_035114
1760899832.8599892,11427839,2925526784,2925.526784,111,198,96,1,20251020_035114
1760899832.8699732,11427878,2925536768,2925.536768,114,198,96,1,20251020_035114
1760899832.8799572,11427917,2925546752,2925.546752,118,198,97,1,20251020_035114
1760899832.8899412,11427956,2925556736,2925.556736,121,198,97,1,20251020_035114
1760899832.8999252,11427995,2925566720,2925.56672,124,198,98,1,20251020_035114
1760899832.9099092,11428034,2925576704,2925.576704,126,198,98,1,20251020_035114
1760899832.9198933,11428073,2925586688,2925.586688,129,198,98,1,20251020_035114
1760899832.9298773,11428112,2925596672,2925.596672,132,198,98,1,20251020_035114
1760899832.9398613,11428151,2925606656,2925.606656,135,198,98,1,20251020_035114
1760899832.9498453,11428190,2925616640,2925.61664,137,199,101,1,20251020_035114
1760899832.959829,11428229,2925626624,2925.626624,140,198,103,1,20251020_035114
1760899832.969813,11428268,2925636608,2925.636608,143,198,105,1,20251020_035114
1760899832.9797971,11428307,2925646592,2925.646592,145,199,111,1,20251020_035114
1760899832.9900372,11428347,2925656832,2925.656832,148,198,117,1,20251020_035114
1760899833.0000212,11428386,2925666816,2925.666816,151,198,126,1,20251020_035114
1760899833.0100052,11428425,2925676800,2925.6768,154,198,130,1,20251020_035114
1760899833.0199893,11428464,2925686784,2925.686784,157,199,138,1,20251020_035114
1760899833.0299733,11428503,2925696768,2925.696768,161,198,142,1,20251020_035114
1760899833.0399573,11428542,2925706752,2925.706752,164,199,149,1,20251020_035114
1760899833.0499413,11428581,2925716736,2925.716736,168,198,157,1,20251020_035114
1760899833.0599253,11428620,2925726720,2925.72672,173,198,161,1,20251020_035114
1760899833.069909,11428659,2925736704,2925.736704,177,198,161,1,20251020_035114
1760899833.079893,11428698,2925746688,2925.746688,181,198,160,1,20251020_035114
1760899833.0898771,11428737,2925756672,2925.756672,185,198,163,1,20251020_035114
1760899833.0998611,11428776,2925766656,2925.766656,189,198,163,1,20251020_035114
1760899833.1098452,11428815,2925776640,2925.77664,194,198,164,1,20251020_035114
1760899833.1198292,11428854,2925786624,2925.786624,198,198,164,1,20251020_035114
1760899833.1300693,11428894,2925796864,2925.796864,202,199,164,1,20251020_035114
1760899833.1400533,11428933,2925806848,2925.806848,206,198,165,1,20251020_035114
1760899833.1500373,11428972,2925816832,2925.816832,210,199,165,1,20251020_035114
1760899833.1600213,11429011,2925826816,2925.826816,214,199,165,1,20251020_035114
1760899833.170005,11429050,2925836800,2925.8368,218,199,166,1,20251020_035114
1760899833.179989,11429089,2925846784,2925.846784,222,199,166,1,20251020_035114
1760899833.189973,11429128,2925856768,2925.856768,226,199,166,1,20251020_035114
1760899833.1999571,11429167,2925866752,2925.866752,229,199,167,1,20251020_035114
1760899833.2099411,11429206,2925876736,2925.876736,233,200,167,1,20251020_035114
1760899833.2199252,11429245,2925886720,2925.88672,236,199,166,1,20251020_035114
1760899833.2299092,11429284,2925896704,2925.896704,239,200,166,1,20251020_035114
1760899833.2398932,11429323,2925906688,2925.906688,243,199,166,1,20251020_035114
1760899833.2498772,11429362,2925916672,2925.916672,246,201,168,1,20251020_035114
1760899833.2598612,11429401,2925926656,2925.926656,249,201,167,1,20251020_035114
1760899833.2698452,11429440,2925936640,2925.93664,252,200,166,1,20251020_035114
1760899833.280085,11429480,2925946880,2925.94688,254,200,166,1,20251020_035114
1760899833.290069,11429519,2925956864,2925.956864,2,200,163,1,20251020_035114
1760899833.3000531,11429558,2925966848,2925.966848,5,200,165,1,20251020_035114
1760899833.3100371,11429597,2925976832,2925.976832,8,200,161,1,20251020_035114
1760899833.3200212,11429636,2925986816,2925.986816,10,200,162,1,20251020_035114
1760899833.3300052,11429675,2925996800,2925.9968,13,200,159,1,20251020_035114
1760899833.3399892,11429714,2926006784,2926.006784,16,199,158,1,20251020_035114
1760899833.3499732,11429753,2926016768,2926.016768,18,200,155,1,20251020_035114
1760899833.3599572,11429792,2926026752,2926.026752,21,200,154,1,20251020_035114
1760899833.3699412,11429831,2926036736,2926.036736,23,200,151,1,20251020_035114
1760899833.3799253,11429870,2926046720,2926.04672,26,200,149,1,20251020_035114
1760899833.3899093,11429909,2926056704,2926.056704,29,200,147,1,20251020_035114
1760899833.3998933,11429948,2926066688,2926.066688,32,200,141,1,20251020_035114
1760899833.4098773,11429987,2926076672,2926.076672,35,200,134,1,20251020_035114
1760899833.4198613,11430026,2926086656,2926.086656,38,200,127,1,20251020_035114
1760899833.4301012,11430066,2926096896,2926.096896,41,199,122,1,20251020_035114
1760899833.4400852,11430105,2926106880,2926.10688,45,200,116,1,20251020_035114
1760899833.4500692,11430144,2926116864,2926.116864,49,199,109,1,20251020_035114
1760899833.4600532,11430183,2926126848,2926.126848,53,200,107,1,20251020_035114
1760899833.4700372,11430222,2926136832,2926.136832,57,200,104,1,20251020_035114
1760899833.4800212,11430261,2926146816,2926.146816,61,200,100,1,20251020_035114
1760899833.4900053,11430300,2926156800,2926.1568,65,199,98,1,20251020_035114
1760899833.4999893,11430339,2926166784,2926.166784,70,199,94,1,20251020_035114
1760899833.5099733,11430378,2926176768,2926.176768,74,199,93,1,20251020_035114
1760899833.5199573,11430417,2926186752,2926.186752,78,199,95,1,20251020_035114
1760899833.529941,11430456,2926196736,2926.196736,82,199,95,1,20251020_035114
1760899833.539925,11430495,2926206720,2926.20672,86,199,94,1,20251020_035114
1760899833.549909,11430534,2926216704,2926.216704,90,199,94,1,20251020_035114
1760899833.5598931,11430573,2926226688,2926.226688,94,199,94,1,20251020_035114
1760899833.5701332,11430613,2926236928,2926.236928,98,199,94,1,20251020_035114
1760899833.5801172,11430652,2926246912,2926.246912,101,199,96,1,20251020_035114
1760899833.5901012,11430691,2926256896,2926.256896,105,198,96,1,20251020_035114
1760899833.6000853,11430730,2926266880,2926.26688,108,198,95,1,20251020_035114
1760899833.6100693,11430769,2926276864,2926.276864,112,198,95,1,20251020_035114
1760899833.6200533,11430808,2926286848,2926.286848,115,198,94,1,20251020_035114
1760899833.6300373,11430847,2926296832,2926.296832,118,198,97,1,20251020_035114
1760899833.640021,11430886,2926306816,2926.306816,121,198,97,1,20251020_035114
1760899833.650005,11430925,2926316800,2926.3168,124,198,98,1,20251020_035114
1760899833.659989,11430964,2926326784,2926.326784,127,198,100,1,20251020_035114
1760899833.6699731,11431003,2926336768,2926.336768,130,198,101,1,20251020_035114
1760899833.6799572,11431042,2926346752,2926.346752,132,198,103,1,20251020_035114
1760899833.6899412,11431081,2926356736,2926.356736,135,198,105,1,20251020_035114
1760899833.6999252,11431120,2926366720,2926.36672,138,198,109,1,20251020_035114
1760899833.7101653,11431160,2926376960,2926.37696,141,198,116,1,20251020_035114
1760899833.7201493,11431199,2926386944,2926.386944,144,198,122,1,20251020_035114
1760899833.7301333,11431238,2926396928,2926.396928,147,199,127,1,20251020_035114
1760899833.7401173,11431277,2926406912,2926.406912,150,199,133,1,20251020_035114
1760899833.750101,11431316,2926416896,2926.416896,153,198,137,1,20251020_035114
1760899833.760085,11431355,2926426880,2926.42688,157,199,141,1,20251020_035114
1760899833.7700691,11431394,2926436864,2926.436864,160,199,145,1,20251020_035114
1760899833.7800531,11431433,2926446848,2926.446848,164,199,151,1,20251020_035114
1760899833.7900372,11431472,2926456832,2926.456832,168,198,157,1,20251020_035114
1760899833.8000212,11431511,2926466816,2926.466816,172,198,160,1,20251020_035114
1760899833.8100052,11431550,2926476800,2926.4768,176,198,161,1,20251020_035114
1760899833.8199892,11431589,2926486784,2926.486784,181,198,162,1,20251020_035114
1760899833.8299732,11431628,2926496768,2926.496768,185,198,162,1,20251020_035114
1760899833.8399572,11431667,2926506752,2926.506752,189,198,163,1,20251020_035114
1760899833.8499413,11431706,2926516736,2926.516736,193,198,164,1,20251020_035114
1760899833.860181,11431746,2926526976,2926.526976,197,198,164,1,20251020_035114
1760899833.870165,11431785,2926536960,2926.53696,202,198,163,1,20251020_035114
1760899833.8801491,11431824,2926546944,2926.546944,206,199,165,1,20251020_035114
1760899833.8901331,11431863,2926556928,2926.556928,210,198,165,1,20251020_035114
1760899833.9001172,11431902,2926566912,2926.566912,214,199,164,1,20251020_035114
1760899833.9101012,11431941,2926576896,2926.576896,218,199,165,1,20251020_035114
1760899833.9200852,11431980,2926586880,2926.58688,222,199,166,1,20251020_035114
1760899833.9300692,11432019,2926596864,2926.596864,225,199,166,1,20251020_035114
1760899833.9400532,11432058,2926606848,2926.606848,229,199,166,1,20251020_035114
1760899833.9500372,11432097,2926616832,2926.616832,232,199,165,1,20251020_035114
1760899833.9600213,11432136,2926626816,2926.626816,236,199,166,1,20251020_035114
1760899833.9700053,11432175,2926636800,2926.6368,239,200,167,1,20251020_035114
1760899833.9799893,11432214,2926646784,2926.646784,242,200,166,1,20251020_035114
1760899833.9899733,11432253,2926656768,2926.656768,245,200,167,1,20251020_035114
1760899834.0002131,11432293,2926667008,2926.667008,248,200,167,1,20251020_035114
1760899834.0101972,11432332,2926676992,2926.676992,251,200,167,1,20251020_035114
1760899834.0201812,11432371,2926686976,2926.686976,254,199,166,1,20251020_035114
1760899834.0301652,11432410,2926696960,2926.69696,2,200,166,1,20251020_035114
1760899834.0401492,11432449,2926706944,2926.706944,5,200,165,1,20251020_035114
1760899834.0501332,11432488,2926716928,2926.716928,7,200,165,1,20251020_035114
1760899834.0601172,11432527,2926726912,2926.726912,10,200,165,1,20251020_035114
1760899834.0701013,11432566,2926736896,2926.736896,13,200,165,1,20251020_035114
1760899834.0800853,11432605,2926746880,2926.74688,15,200,164,1,20251020_035114
1760899834.0900693,11432644,2926756864,2926.756864,17,200,164,1,20251020_035114
1760899834.1000533,11432683,2926766848,2926.766848,20,200,164,1,20251020_035114
1760899834.110037,11432722,2926776832,2926.776832,22,200,165,1,20251020_035114
1760899834.120021,11432761,2926786816,2926.786816,24,200,164,1,20251020_035114
1760899834.1300051,11432800,2926796800,2926.7968,27,200,166,1,20251020_035114
1760899834.1399891,11432839,2926806784,2926.806784,29,200,165,1,20251020_035114
1760899834.1502292,11432879,2926817024,2926.817024,31,200,165,1,20251020_035114
1760899834.1602132,11432918,2926827008,2926.827008,33,200,165,1,20251020_035114
1760899834.1701972,11432957,2926836992,2926.836992,35,200,165,1,20251020_035114
1760899834.1801813,11432996,2926846976,2926.846976,37,200,165,1,20251020_035114
1760899834.1901653,11433035,2926856960,2926.85696,40,199,165,1,20251020_035114
1760899834.2001493,11433074,2926866944,2926.866944,42,200,164,1,20251020_035114
1760899834.2101333,11433113,2926876928,2926.876928,44,200,164,1,20251020_035114
1760899834.220117,11433152,2926886912,2926.886912,46,200,164,1,20251020_035114
1760899834.230101,11433191,2926896896,2926.896896,48,199,163,1,20251020_035114
1760899834.2400851,11433230,2926906880,2926.90688,50,200,163,1,20251020_035114
1760899834.2500691,11433269,2926916864,2926.916864,52,200,163,1,20251020_035114
1760899834.2600532,11433308,2926926848,2926.926848,54,200,162,1,20251020_035114
1760899834.2700372,11433347,2926936832,2926.936832,56,200,161,1,20251020_035114
1760899834.2800212,11433386,2926946816,2926.946816,58,200,160,1,20251020_035114
1760899834.2902613,11433426,2926957056,2926.957056,61,200,160,1,20251020_035114
1760899834.3002453,11433465,2926967040,2926.96704,63,200,159,1,20251020_035114
1760899834.3102293,11433504,2926977024,2926.977024,65,199,155,1,20251020_035114
1760899834.3202133,11433543,2926987008,2926.987008,68,199,154,1,20251020_035114
1760899834.330197,11433582,2926996992,2926.996992,70,199,153,1,20251020_035114
1760899834.340181,11433621,2927006976,2927.006976,73,199,151,1,20251020_035114
1760899834.3501651,11433660,2927016960,2927.01696,76,199,145,1,20251020_035114
1760899834.3601491,11433699,2927026944,2927.026944,79,199,135,1,20251020_035114
1760899834.3701332,11433738,2927036928,2927.036928,82,199,127,1,20251020_035114
1760899834.3801172,11433777,2927046912,2927.046912,85,199,121,1,20251020_035114
1760899834.3901012,11433816,2927056896,2927.056896,89,199,115,1,20251020_035114
1760899834.4000852,11433855,2927066880,2927.06688,92,199,109,1,20251020_035114
1760899834.4100692,11433894,2927076864,2927.076864,96,199,105,1,20251020_035114
1760899834.4200532,11433933,2927086848,2927.086848,99,199,102,1,20251020_035114
1760899834.430293,11433973,2927097088,2927.097088,103,199,98,1,20251020_035114
1760899834.440277,11434012,2927107072,2927.107072,106,198,94,1,20251020_035114
1760899834.450261,11434051,2927117056,2927.117056,110,198,97,1,20251020_035114
1760899834.4602451,11434090,2927127040,2927.12704,113,198,97,1,20251020_035114
1760899834.4702291,11434129,2927137024,2927.137024,116,198,97,1,20251020_035114
1760899834.4802132,11434168,2927147008,2927.147008,119,198,97,1,20251020_035114
1760899834.4901972,11434207,2927156992,2927.156992,122,198,99,1,20251020_035114
1760899834.5001812,11434246,2927166976,2927.166976,125,198,98,1,20251020_035114
1760899834.5101652,11434285,2927176960,2927.17696,128,198,100,1,20251020_035114
1760899834.5201492,11434324,2927186944,2927.186944,131,198,101,1,20251020_035114
1760899834.5301332,11434363,2927196928,2927.196928,134,198,102,1,20251020_035114
1760899834.5401173,11434402,2927206912,2927.206912,136,198,104,1,20251020_035114
1760899834.5501013,11434441,2927216896,2927.216896,139,198,106,1,20251020_035114
1760899834.5600853,11434480,2927226880,2927.22688,142,198,107,1,20251020_035114
1760899834.5700693,11434519,2927236864,2927.236864,144,198,110,1,20251020_035114
1760899834.5803092,11434559,2927247104,2927.247104,147,198,113,1,20251020_035114
1760899834.5902932,11434598,2927257088,2927.257088,150,198,118,1,20251020_035114
1760899834.6002772,11434637,2927267072,2927.267072,153,198,123,1,20251020_035114
1760899834.6102612,11434676,2927277056,2927.277056,156,198,127,1,20251020_035114
1760899834.6202452,11434715,2927287040,2927.28704,159,198,132,1,20251020_035114
1760899834.6302292,11434754,2927297024,2927.297024,162,197,138,1,20251020_035114
1760899834.6402133,11434793,2927307008,2927.307008,166,198,144,1,20251020_035114
1760899834.6501973,11434832,2927316992,2927.316992,170,198,151,1,20251020_035114
1760899834.6601813,11434871,2927326976,2927.326976,174,198,159,1,20251020_035114
1760899834.6701653,11434910,2927336960,2927.33696,178,198,161,1,20251020_035114
1760899834.6801493,11434949,2927346944,2927.346944,182,199,163,1,20251020_035114
1760899834.690133,11434988,2927356928,2927.356928,186,199,162,1,20251020_035114
1760899834.700117,11435027,2927366912,2927.366912,191,198,164,1,20251020_035114
1760899834.7101011,11435066,2927376896,2927.376896,195,198,165,1,20251020_035114
1760899834.7203412,11435106,2927387136,2927.387136,199,199,165,1,20251020_035114
1760899834.7303252,11435145,2927397120,2927.39712,203,199,166,1,20251020_035114
1760899834.7403092,11435184,2927407104,2927.407104,208,199,166,1,20251020_035114
1760899834.7502933,11435223,2927417088,2927.417088,212,198,166,1,20251020_035114
1760899834.7602773,11435262,2927427072,2927.427072,216,198,167,1,20251020_035114
1760899834.7702613,11435301,2927437056,2927.437056,219,198,167,1,20251020_035114
1760899834.7802453,11435340,2927447040,2927.44704,223,199,166,1,20251020_035114
1760899834.790229,11435379,2927457024,2927.457024,227,199,167,1,20251020_035114
1760899834.800213,11435418,2927467008,2927.467008,230,200,167,1,20251020_035114
1760899834.810197,11435457,2927476992,2927.476992,234,200,168,1,20251020_035114
1760899834.8201811,11435496,2927486976,2927.486976,237,200,167,1,20251020_035114
1760899834.8301651,11435535,2927496960,2927.49696,241,200,169,1,20251020_035114
1760899834.8401492,11435574,2927506944,2927.506944,244,200,168,1,20251020_035114
1760899834.8503892,11435614,2927517184,2927.517184,247,200,167,1,20251020_035114
1760899834.8603733,11435653,2927527168,2927.527168,250,200,167,1,20251020_035114
1760899834.8703573,11435692,2927537152,2927.537152,253,199,167,1,20251020_035114
1760899834.8803413,11435731,2927547136,2927.547136,1,200,167,1,20251020_035114
1760899834.8903253,11435770,2927557120,2927.55712,3,200,166,1,20251020_035114
1760899834.900309,11435809,2927567104,2927.567104,6,200,164,1,20251020_035114
1760899834.9105492,11435849,2927577344,2927.577344,9,200,163,1,20251020_035114
1760899834.9205332,11435888,2927587328,2927.587328,11,200,162,1,20251020_035114
1760899834.9305172,11435927,2927597312,2927.597312,14,201,160,1,20251020_035114
1760899834.9405012,11435966,2927607296,2927.607296,16,199,158,1,20251020_035114
1760899834.9504852,11436005,2927617280,2927.61728,19,200,156,1,20251020_035114
1760899834.9604692,11436044,2927627264,2927.627264,22,200,151,1,20251020_035114
1760899834.9704533,11436083,2927637248,2927.637248,24,200,150,1,20251020_035114
1760899834.9804373,11436122,2927647232,2927.647232,27,199,145,1,20251020_035114
1760899834.990677,11436162,2927657472,2927.657472,30,200,142,1,20251020_035114
1760899835.0006611,11436201,2927667456,2927.667456,33,200,131,1,20251020_035114
1760899835.0106452,11436240,2927677440,2927.67744,36,200,126,1,20251020_035114
1760899835.0206292,11436279,2927687424,2927.687424,40,200,119,1,20251020_035114
1760899835.0306132,11436318,2927697408,2927.697408,44,200,114,1,20251020_035114
1760899835.0405972,11436357,2927707392,2927.707392,48,200,110,1,20251020_035114
1760899835.0505812,11436396,2927717376,2927.717376,52,200,105,1,20251020_035114
1760899835.0605652,11436435,2927727360,2927.72736,56,200,100,1,20251020_035114
1760899835.0708053,11436475,2927737600,2927.7376,60,199,96,1,20251020_035114
1760899835.080789,11436514,2927747584,2927.747584,65,200,94,1,20251020_035114
1760899835.090773,11436553,2927757568,2927.757568,69,200,96,1,20251020_035114
1760899835.1007571,11436592,2927767552,2927.767552,73,200,95,1,20251020_035114
1760899835.1107411,11436631,2927777536,2927.777536,77,199,94,1,20251020_035114
1760899835.1207252,11436670,2927787520,2927.78752,82,199,94,1,20251020_035114
1760899835.1309652,11436710,2927797760,2927.79776,86,199,96,1,20251020_035114
1760899835.1409492,11436749,2927807744,2927.807744,89,199,96,1,20251020_035114
1760899835.1509333,11436788,2927817728,2927.817728,93,199,93,1,20251020_035114
1760899835.1609173,11436827,2927827712,2927.827712,97,199,93,1,20251020_035114
1760899835.1709013,11436866,2927837696,2927.837696,101,199,95,1,20251020_035114
1760899835.1808853,11436905,2927847680,2927.84768,104,199,96,1,20251020_035114
1760899835.190869,11436944,2927857664,2927.857664,108,198,95,1,20251020_035114
1760899835.2011092,11436984,2927867904,2927.867904,111,198,96,1,20251020_035114
1760899835.2110932,11437023,2927877888,2927.877888,114,198,96,1,20251020_035114
1760899835.2210772,11437062,2927887872,2927.887872,117,199,98,1,20251020_035114
1760899835.2310612,11437101,2927897856,2927.897856,120,198,98,1,20251020_035114
1760899835.2410452,11437140,2927907840,2927.90784,123,198,98,1,20251020_035114
1760899835.2510293,11437179,2927917824,2927.917824,126,198,99,1,20251020_035114
1760899835.2610133,11437218,2927927808,2927.927808,129,198,103,1,20251020_035114
1760899835.271253,11437258,2927938048,2927.938048,132,198,107,1,20251020_035114
1760899835.2812371,11437297,2927948032,2927.948032,135,198,110,1,20251020_035114
1760899835.2912211,11437336,2927958016,2927.958016,138,198,114,1,20251020_035114
1760899835.3012052,11437375,2927968000,2927.968,141,198,123,1,20251020_035114
1760899835.3111892,11437414,2927977984,2927.977984,144,198,128,1,20251020_035114
1760899835.3211732,11437453,2927987968,2927.987968,147,198,134,1,20251020_035114
1760899835.3311572,11437492,2927997952,2927.997952,150,198,139,1,20251020_035114
1760899835.3413973,11437532,2928008192,2928.008192,154,198,143,1,20251020_035114
1760899835.3513813,11437571,2928018176,2928.018176,157,198,148,1,20251020_035114
1760899835.3613653,11437610,2928028160,2928.02816,161,198,155,1,20251020_035114
1760899835.371349,11437649,2928038144,2928.038144,165,198,160,1,20251020_035114
1760899835.381333,11437688,2928048128,2928.048128,170,198,161,1,20251020_035114
1760899835.3913171,11437727,2928058112,2928.058112,174,198,162,1,20251020_035114
1760899835.4013011,11437766,2928068096,2928.068096,178,198,162,1,20251020_035114
1760899835.4112852,11437805,2928078080,2928.07808,182,198,164,1,20251020_035114
1760899835.4212692,11437844,2928088064,2928.088064,187,198,165,1,20251020_035114
1760899835.4312532,11437883,2928098048,2928.098048,191,198,165,1,20251020_035114
1760899835.4412372,11437922,2928108032,2928.108032,195,199,166,1,20251020_035114
1760899835.4512212,11437961,2928118016,2928.118016,199,199,166,1,20251020_035114
1760899835.4614613,11438001,2928128256,2928.128256,204,199,167,1,20251020_035114
1760899835.471445,11438040,2928138240,2928.13824,208,199,167,1,20251020_035114
1760899835.481429,11438079,2928148224,2928.148224,212,199,166,1,20251020_035114
1760899835.491413,11438118,2928158208,2928.158208,216,199,167,1,20251020_035114
1760899835.5013971,11438157,2928168192,2928.168192,220,199,167,1,20251020_035114
1760899835.5113811,11438196,2928178176,2928.178176,223,199,167,1,20251020_035114
1760899835.5213652,11438235,2928188160,2928.18816,227,199,166,1,20251020_035114
1760899835.5313492,11438274,2928198144,2928.198144,231,200,168,1,20251020_035114
1760899835.5413332,11438313,2928208128,2928.208128,234,200,168,1,20251020_035114
1760899835.5513172,11438352,2928218112,2928.218112,237,200,168,1,20251020_035114
1760899835.5613012,11438391,2928228096,2928.228096,241,200,169,1,20251020_035114
1760899835.5712852,11438430,2928238080,2928.23808,244,200,168,1,20251020_035114
1760899835.5812693,11438469,2928248064,2928.248064,247,199,167,1,20251020_035114
1760899835.5912533,11438508,2928258048,2928.258048,250,200,167,1,20251020_035114
1760899835.6014931,11438548,2928268288,2928.268288,253,202,167,1,20251020_035114
1760899835.6114771,11438587,2928278272,2928.278272,1,200,165,1,20251020_035114
1760899835.6214612,11438626,2928288256,2928.288256,3,200,164,1,20251020_035114
1760899835.6314452,11438665,2928298240,2928.29824,6,200,163,1,20251020_035114
1760899835.6414292,11438704,2928308224,2928.308224,9,200,161,1,20251020_035114
1760899835.6514132,11438743,2928318208,2928.318208,12,200,157,1,20251020_035114
1760899835.6613972,11438782,2928328192,2928.328192,14,200,156,1,20251020_035114
1760899835.6713812,11438821,2928338176,2928.338176,17,200,156,1,20251020_035114
1760899835.6813653,11438860,2928348160,2928.34816,19,200,151,1,20251020_035114
1760899835.6913493,11438899,2928358144,2928.358144,22,200,154,1,20251020_035114
1760899835.7013333,11438938,2928368128,2928.368128,25,199,152,1,20251020_035114
1760899835.7113173,11438977,2928378112,2928.378112,27,199,151,1,20251020_035114
1760899835.7213013,11439016,2928388096,2928.388096,30,200,152,1,20251020_035114
1760899835.731285,11439055,2928398080,2928.39808,33,200,150,1,20251020_035114
1760899835.741269,11439094,2928408064,2928.408064,35,199,149,1,20251020_035114
1760899835.7515092,11439134,2928418304,2928.418304,38,199,147,1,20251020_035114
1760899835.7614932,11439173,2928428288,2928.428288,41,200,142,1,20251020_035114
1760899835.7714772,11439212,2928438272,2928.438272,44,199,138,1,20251020_035114
1760899835.7814612,11439251,2928448256,2928.448256,47,199,135,1,20251020_035114
1760899835.7914453,11439290,2928458240,2928.45824,50,200,129,1,20251020_035114
1760899835.8014293,11439329,2928468224,2928.468224,53,200,127,1,20251020_035114
1760899835.8114133,11439368,2928478208,2928.478208,57,199,124,1,20251020_035114
1760899835.8213973,11439407,2928488192,2928.488192,60,199,118,1,20251020_035114
1760899835.831381,11439446,2928498176,2928.498176,64,200,114,1,20251020_035114
1760899835.841365,11439485,2928508160,2928.50816,68,200,110,1,20251020_035114
1760899835.851349,11439524,2928518144,2928.518144,72,200,108,1,20251020_035114
1760899835.8613331,11439563,2928528128,2928.528128,76,199,105,1,20251020_035114
1760899835.8713171,11439602,2928538112,2928.538112,80,199,102,1,20251020_035114
1760899835.8813012,11439641,2928548096,2928.548096,84,199,99,1,20251020_035114
1760899835.8915412,11439681,2928558336,2928.558336,88,199,95,1,20251020_035114
1760899835.9015253,11439720,2928568320,2928.56832,91,199,94,1,20251020_035114
1760899835.9115093,11439759,2928578304,2928.578304,95,199,95,1,20251020_035114
1760899835.9214933,11439798,2928588288,2928.588288,99,199,95,1,20251020_035114
1760899835.9314773,11439837,2928598272,2928.598272,102,199,95,1,20251020_035114
1760899835.941461,11439876,2928608256,2928.608256,106,199,94,1,20251020_035114
1760899835.951445,11439915,2928618240,2928.61824,109,198,94,1,20251020_035114
1760899835.961429,11439954,2928628224,2928.628224,113,198,94,1,20251020_035114
1760899835.9714131,11439993,2928638208,2928.638208,116,198,96,1,20251020_035114
1760899835.9813972,11440032,2928648192,2928.648192,119,198,96,1,20251020_035114
1760899835.9913812,11440071,2928658176,2928.658176,122,198,97,1,20251020_035114
1760899836.0013652,11440110,2928668160,2928.66816,125,197,98,1,20251020_035114
1760899836.0113492,11440149,2928678144,2928.678144,128,198,98,1,20251020_035114
1760899836.0213332,11440188,2928688128,2928.688128,130,198,98,1,20251020_035114
1760899836.0313172,11440227,2928698112,2928.698112,133,198,100,1,20251020_035114
1760899836.0415573,11440267,2928708352,2928.708352,136,198,102,1,20251020_035114
1760899836.051541,11440306,2928718336,2928.718336,138,198,103,1,20251020_035114
1760899836.061525,11440345,2928728320,2928.72832,141,197,104,1,20251020_035114
1760899836.0715091,11440384,2928738304,2928.738304,144,198,106,1,20251020_035114
1760899836.0814931,11440423,2928748288,2928.748288,146,198,107,1,20251020_035114
1760899836.0914772,11440462,2928758272,2928.758272,149,198,108,1,20251020_035114
1760899836.1014612,11440501,2928768256,2928.768256,151,198,110,1,20251020_035114
1760899836.1114452,11440540,2928778240,2928.77824,154,198,113,1,20251020_035114
1760899836.1214292,11440579,2928788224,2928.788224,157,197,117,1,20251020_035114
1760899836.1314132,11440618,2928798208,2928.798208,160,198,121,1,20251020_035114
1760899836.1413972,11440657,2928808192,2928.808192,163,198,127,1,20251020_035114
1760899836.1513813,11440696,2928818176,2928.818176,166,198,130,1,20251020_035114
1760899836.1613653,11440735,2928828160,2928.82816,169,198,133,1,20251020_035114
1760899836.1713493,11440774,2928838144,2928.838144,172,198,137,1,20251020_035114
1760899836.1815891,11440814,2928848384,2928.848384,176,198,141,1,20251020_035114
1760899836.1915731,11440853,2928858368,2928.858368,179,198,145,1,20251020_035114
1760899836.2015572,11440892,2928868352,2928.868352,183,199,151,1,20251020_035114
1760899836.2115412,11440931,2928878336,2928.878336,187,198,156,1,20251020_035114
1760899836.2215252,11440970,2928888320,2928.88832,191,198,161,1,20251020_035114
1760899836.2315092,11441009,2928898304,2928.898304,195,198,163,1,20251020_035114
1760899836.2414932,11441048,2928908288,2928.908288,199,199,162,1,20251020_035114
1760899836.2514772,11441087,2928918272,2928.918272,204,199,164,1,20251020_035114
1760899836.2614613,11441126,2928928256,2928.928256,208,198,164,1,20251020_035114
1760899836.2714453,11441165,2928938240,2928.93824,212,198,164,1,20251020_035114
1760899836.2814293,11441204,2928948224,2928.948224,216,199,165,1,20251020_035114
1760899836.2914133,11441243,2928958208,2928.958208,219,199,165,1,20251020_035114
1760899836.301397,11441282,2928968192,2928.968192,223,199,165,1,20251020_035114
1760899836.311381,11441321,2928978176,2928.978176,227,199,166,1,20251020_035114
1760899836.3216212,11441361,2928988416,2928.988416,230,200,166,1,20251020_035114
1760899836.3316052,11441400,2928998400,2928.9984,234,200,166,1,20251020_035114
1760899836.3415892,11441439,2929008384,2929.008384,237,200,167,1,20251020_035114
1760899836.3515732,11441478,2929018368,2929.018368,240,200,167,1,20251020_035114
1760899836.3615572,11441517,2929028352,2929.028352,244,199,166,1,20251020_035114
1760899836.3715413,11441556,2929038336,2929.038336,247,200,168,1,20251020_035114
1760899836.3815253,11441595,2929048320,2929.04832,250,200,167,1,20251020_035114
1760899836.3915093,11441634,2929058304,2929.058304,253,199,167,1,20251020_035114
1760899836.4014933,11441673,2929068288,2929.068288,0,200,167,1,20251020_035114
1760899836.411477,11441712,2929078272,2929.078272,3,200,167,1,20251020_035114
1760899836.421461,11441751,2929088256,2929.088256,6,200,167,1,20251020_035114
1760899836.4314451,11441790,2929098240,2929.09824,8,200,167,1,20251020_035114
1760899836.4414291,11441829,2929108224,2929.108224,11,199,166,1,20251020_035114
1760899836.4514132,11441868,2929118208,2929.118208,13,200,166,1,20251020_035114
1760899836.4613972,11441907,2929128192,2929.128192,16,200,166,1,20251020_035114
1760899836.4716372,11441947,2929138432,2929.138432,18,200,164,1,20251020_035114
1760899836.4816213,11441986,2929148416,2929.148416,21,200,165,1,20251020_035114
1760899836.4916053,11442025,2929158400,2929.1584,23,200,165,1,20251020_035114
1760899836.5015893,11442064,2929168384,2929.168384,25,200,165,1,20251020_035114
1760899836.5115733,11442103,2929178368,2929.178368,28,200,163,1,20251020_035114
1760899836.521557,11442142,2929188352,2929.188352,30,200,163,1,20251020_035114
1760899836.531541,11442181,2929198336,2929.198336,32,200,161,1,20251020_035114
1760899836.5415251,11442220,2929208320,2929.20832,34,200,160,1,20251020_035114
1760899836.5515091,11442259,2929218304,2929.218304,37,200,158,1,20251020_035114
1760899836.5614932,11442298,2929228288,2929.228288,39,200,156,1,20251020_035114
1760899836.5714772,11442337,2929238272,2929.238272,41,200,154,1,20251020_035114
1760899836.5814612,11442376,2929248256,2929.248256,44,199,150,1,20251020_035114
1760899836.5914452,11442415,2929258240,2929.25824,47,200,142,1,20251020_035114
1760899836.6014292,11442454,2929268224,2929.268224,50,200,128,1,20251020_035114
1760899836.6116693,11442494,2929278464,2929.278464,53,200,123,1,20251020_035114
1760899836.6216533,11442533,2929288448,2929.288448,57,199,115,1,20251020_035114
1760899836.631637,11442572,2929298432,2929.298432,61,200,109,1,20251020_035114
1760899836.641621,11442611,2929308416,2929.308416,65,200,104,1,20251020_035114
1760899836.6516051,11442650,2929318400,2929.3184,69,199,100,1,20251020_035114
1760899836.6615891,11442689,2929328384,2929.328384,73,199,96,1,20251020_035114
1760899836.6715732,11442728,2929338368,2929.338368,77,199,94,1,20251020_035114
1760899836.6815572,11442767,2929348352,2929.348352,81,199,95,1,20251020_035114
1760899836.6915412,11442806,2929358336,2929.358336,85,199,95,1,20251020_035114
1760899836.7015252,11442845,2929368320,2929.36832,89,199,93,1,20251020_035114
1760899836.7115092,11442884,2929378304,2929.378304,93,198,93,1,20251020_035114
1760899836.7214932,11442923,2929388288,2929.388288,97,199,96,1,20251020_035114
1760899836.7314773,11442962,2929398272,2929.398272,101,199,94,1,20251020_035114
1760899836.7414613,11443001,2929408256,2929.408256,104,199,96,1,20251020_035114
1760899836.751701,11443041,2929418496,2929.418496,108,198,96,1,20251020_035114
1760899836.7616851,11443080,2929428480,2929.42848,111,198,97,1,20251020_035114
1760899836.7716691,11443119,2929438464,2929.438464,114,198,96,1,20251020_035114
1760899836.7816532,11443158,2929448448,2929.448448,117,198,96,1,20251020_035114
1760899836.7916372,11443197,2929458432,2929.458432,120,198,96,1,20251020_035114
1760899836.8016212,11443236,2929468416,2929.468416,123,198,97,1,20251020_035114
1760899836.8116052,11443275,2929478400,2929.4784,126,198,98,1,20251020_035114
1760899836.8215892,11443314,2929488384,2929.488384,129,198,98,1,20251020_035114
1760899836.8315732,11443353,2929498368,2929.498368,132,198,97,1,20251020_035114
1760899836.8415573,11443392,2929508352,2929.508352,134,197,98,1,20251020_035114
1760899836.8515413,11443431,2929518336,2929.518336,137,197,100,1,20251020_035114
1760899836.8615253,11443470,2929528320,2929.52832,140,197,101,1,20251020_035114
1760899836.8715093,11443509,2929538304,2929.538304,142,197,103,1,20251020_035114
1760899836.881493,11443548,2929548288,2929.548288,145,198,105,1,20251020_035114
1760899836.891477,11443587,2929558272,2929.558272,147,198,108,1,20251020_035114
1760899836.9017172,11443627,2929568512,2929.568512,150,197,114,1,20251020_035114
1760899836.9117012,11443666,2929578496,2929.578496,153,197,123,1,20251020_035114
1760899836.9216852,11443705,2929588480,2929.58848,156,198,129,1,20251020_035114
1760899836.9316692,11443744,2929598464,2929.598464,159,198,135,1,20251020_035114
1760899836.9416533,11443783,2929608448,2929.608448,163,198,142,1,20251020_035114
1760899836.9516373,11443822,2929618432,2929.618432,166,198,148,1,20251020_035114
1760899836.9616213,11443861,2929628416,2929.628416,170,198,157,1,20251020_035114
1760899836.9716053,11443900,2929638400,2929.6384,174,198,159,1,20251020_035114
1760899836.9815893,11443939,2929648384,2929.648384,179,198,161,1,20251020_035114
1760899836.991573,11443978,2929658368,2929.658368,183,198,160,1,20251020_035114
1760899837.001557,11444017,2929668352,2929.668352,187,198,161,1,20251020_035114
1760899837.0115411,11444056,2929678336,2929.678336,191,198,162,1,20251020_035114
1760899837.0215251,11444095,2929688320,2929.68832,195,198,163,1,20251020_035114
1760899837.0315092,11444134,2929698304,2929.698304,200,198,164,1,20251020_035114
1760899837.0414932,11444173,2929708288,2929.708288,204,198,164,1,20251020_035114
1760899837.0517333,11444213,2929718528,2929.718528,208,198,164,1,20251020_035114
1760899837.0617173,11444252,2929728512,2929.728512,212,198,165,1,20251020_035114
1760899837.0717013,11444291,2929738496,2929.738496,216,199,166,1,20251020_035114
1760899837.0816853,11444330,2929748480,2929.74848,219,199,166,1,20251020_035114
1760899837.091669,11444369,2929758464,2929.758464,223,199,165,1,20251020_035114
1760899837.101653,11444408,2929768448,2929.768448,227,199,166,1,20251020_035114
1760899837.111637,11444447,2929778432,2929.778432,230,199,166,1,20251020_035114
1760899837.1216211,11444486,2929788416,2929.788416,234,199,166,1,20251020_035114
1760899837.1316051,11444525,2929798400,2929.7984,237,199,167,1,20251020_035114
1760899837.1415892,11444564,2929808384,2929.808384,241,200,167,1,20251020_035114
1760899837.1515732,11444603,2929818368,2929.818368,244,199,167,1,20251020_035114
1760899837.1615572,11444642,2929828352,2929.828352,247,200,166,1,20251020_035114
1760899837.1715412,11444681,2929838336,2929.838336,250,200,165,1,20251020_035114
1760899837.1815252,11444720,2929848320,2929.84832,253,200,165,1,20251020_035114
1760899837.1917653,11444760,2929858560,2929.85856,1,200,164,1,20251020_035114
1760899837.201749,11444799,2929868544,2929.868544,3,200,163,1,20251020_035114
1760899837.211733,11444838,2929878528,2929.878528,6,200,162,1,20251020_035114
1760899837.2217171,11444877,2929888512,2929.888512,9,200,160,1,20251020_035114
1760899837.2317011,11444916,2929898496,2929.898496,11,200,157,1,20251020_035114
1760899837.2416852,11444955,2929908480,2929.90848,14,200,155,1,20251020_035114
1760899837.2516692,11444994,2929918464,2929.918464,17,200,153,1,20251020_035114
1760899837.2616532,11445033,2929928448,2929.928448,20,200,151,1,20251020_035114
1760899837.2716372,11445072,2929938432,2929.938432,22,200,148,1,20251020_035114
1760899837.2816212,11445111,2929948416,2929.948416,25,200,147,1,20251020_035114
1760899837.2916052,11445150,2929958400,2929.9584,28,200,142,1,20251020_035114
1760899837.3015893,11445189,2929968384,2929.968384,31,199,132,1,20251020_035114
1760899837.3115733,11445228,2929978368,2929.978368,34,200,126,1,20251020_035114
1760899837.3215573,11445267,2929988352,2929.988352,38,199,119,1,20251020_035114
1760899837.3317971,11445307,2929998592,2929.998592,41,200,113,1,20251020_035114
1760899837.3417811,11445346,2930008576,2930.008576,45,200,109,1,20251020_035114
1760899837.3517652,11445385,2930018560,2930.01856,49,200,104,1,20251020_035114
1760899837.3617492,11445424,2930028544,2930.028544,54,200,100,1,20251020_035114
1760899837.3717332,11445463,2930038528,2930.038528,58,200,96,1,20251020_035114
1760899837.3817172,11445502,2930048512,2930.048512,62,200,92,1,20251020_035114
1760899837.3917012,11445541,2930058496,2930.058496,67,200,92,1,20251020_035114
1760899837.4016852,11445580,2930068480,2930.06848,71,200,94,1,20251020_035114
1760899837.4116693,11445619,2930078464,2930.078464,75,200,97,1,20251020_035114
1760899837.4216533,11445658,2930088448,2930.088448,79,200,95,1,20251020_035114
1760899837.4316373,11445697,2930098432,2930.098432,83,199,94,1,20251020_035114
1760899837.4416213,11445736,2930108416,2930.108416,87,199,93,1,20251020_035114
1760899837.451605,11445775,2930118400,2930.1184,91,199,94,1,20251020_035114
1760899837.461589,11445814,2930128384,2930.128384,95,199,94,1,20251020_035114
1760899837.471573,11445853,2930138368,2930.138368,99,199,94,1,20251020_035114
1760899837.4818132,11445893,2930148608,2930.148608,102,199,94,1,20251020_035114
1760899837.4917972,11445932,2930158592,2930.158592,106,198,94,1,20251020_035114
1760899837.5017812,11445971,2930168576,2930.168576,109,198,95,1,20251020_035114
1760899837.5117652,11446010,2930178560,2930.17856,112,198,94,1,20251020_035114
1760899837.5217493,11446049,2930188544,2930.188544,116,198,96,1,20251020_035114
1760899837.5317333,11446088,2930198528,2930.198528,119,198,96,1,20251020_035114
1760899837.5417173,11446127,2930208512,2930.208512,122,198,95,1,20251020_035114
1760899837.5517013,11446166,2930218496,2930.218496,125,198,98,1,20251020_035114
1760899837.561685,11446205,2930228480,2930.22848,128,198,98,1,20251020_035114
1760899837.571669,11446244,2930238464,2930.238464,130,197,103,1,20251020_035114
1760899837.581653,11446283,2930248448,2930.248448,133,198,103,1,20251020_035114
1760899837.5916371,11446322,2930258432,2930.258432,136,198,106,1,20251020_035114
1760899837.6016212,11446361,2930268416,2930.268416,139,198,111,1,20251020_035114
1760899837.6116052,11446400,2930278400,2930.2784,142,198,117,1,20251020_035114
1760899837.6215892,11446439,2930288384,2930.288384,145,198,126,1,20251020_035114
1760899837.6318293,11446479,2930298624,2930.298624,148,198,128,1,20251020_035114
1760899837.6418133,11446518,2930308608,2930.308608,151,198,133,1,20251020_035114
1760899837.6517973,11446557,2930318592,2930.318592,154,198,138,1,20251020_035114
1760899837.6617813,11446596,2930328576,2930.328576,158,198,143,1,20251020_035114
1760899837.671765,11446635,2930338560,2930.33856,162,198,149,1,20251020_035114
1760899837.681749,11446674,2930348544,2930.348544,165,198,155,1,20251020_035114
1760899837.6917331,11446713,2930358528,2930.358528,170,198,158,1,20251020_035114
1760899837.7017171,11446752,2930368512,2930.368512,174,198,162,1,20251020_035114
1760899837.7117012,11446791,2930378496,2930.378496,178,197,161,1,20251020_035114
1760899837.7216852,11446830,2930388480,2930.38848,182,198,161,1,20251020_035114
1760899837.7316692,11446869,2930398464,2930.398464,187,198,162,1,20251020_035114
1760899837.7416532,11446908,2930408448,2930.408448,191,198,164,1,20251020_035114
1760899837.7516372,11446947,2930418432,2930.418432,195,198,163,1,20251020_035114
1760899837.7616212,11446986,2930428416,2930.428416,199,198,164,1,20251020_035114
1760899837.7718613,11447026,2930438656,2930.438656,203,198,163,1,20251020_035114
1760899837.781845,11447065,2930448640,2930.44864,208,198,164,1,20251020_035114
1760899837.791829,11447104,2930458624,2930.458624,212,198,165,1,20251020_035114
1760899837.8018131,11447143,2930468608,2930.468608,216,199,165,1,20251020_035114
1760899837.8117971,11447182,2930478592,2930.478592,219,198,166,1,20251020_035114
1760899837.8217812,11447221,2930488576,2930.488576,223,199,165,1,20251020_035114
1760899837.8317652,11447260,2930498560,2930.49856,227,200,166,1,20251020_035114
1760899837.8417492,11447299,2930508544,2930.508544,230,199,166,1,20251020_035114
1760899837.8517332,11447338,2930518528,2930.518528,234,200,167,1,20251020_035114
1760899837.8617172,11447377,2930528512,2930.528512,237,200,166,1,20251020_035114
1760899837.8717012,11447416,2930538496,2930.538496,241,200,167,1,20251020_035114
1760899837.8816853,11447455,2930548480,2930.54848,244,200,166,1,20251020_035114
1760899837.8916693,11447494,2930558464,2930.558464,247,200,167,1,20251020_035114
1760899837.9016533,11447533,2930568448,2930.568448,250,199,166,1,20251020_035114
1760899837.9118931,11447573,2930578688,2930.578688,253,200,167,1,20251020_035114
1760899837.9218771,11447612,2930588672,2930.588672,0,199,165,1,20251020_035114
1760899837.9318612,11447651,2930598656,2930.598656,3,200,165,1,20251020_035114
1760899837.9418452,11447690,2930608640,2930.60864,6,200,166,1,20251020_035114
1760899837.9518292,11447729,2930618624,2930.618624,9,200,165,1,20251020_035114
1760899837.9618132,11447768,2930628608,2930.628608,11,200,165,1,20251020_035114
1760899837.9717972,11447807,2930638592,2930.638592,14,200,164,1,20251020_035114
1760899837.9817812,11447846,2930648576,2930.648576,16,200,166,1,20251020_035114
1760899837.9917653,11447885,2930658560,2930.65856,18,200,166,1,20251020_035114
1760899838.0017493,11447924,2930668544,2930.668544,21,199,165,1,20251020_035114
1760899838.0117333,11447963,2930678528,2930.678528,23,200,166,1,20251020_035114
1760899838.0217173,11448002,2930688512,2930.688512,25,199,165,1,20251020_035114
1760899838.031701,11448041,2930698496,2930.698496,27,200,164,1,20251020_035114
1760899838.041685,11448080,2930708480,2930.70848,30,200,165,1,20251020_035114
1760899838.0516691,11448119,2930718464,2930.718464,32,200,167,1,20251020_035114
1760899838.0619092,11448159,2930728704,2930.728704,34,200,166,1,20251020_035114
1760899838.0718932,11448198,2930738688,2930.738688,36,199,166,1,20251020_035114
1760899838.0818772,11448237,2930748672,2930.748672,38,200,167,1,20251020_035114
1760899838.0918612,11448276,2930758656,2930.758656,40,200,166,1,20251020_035114
1760899838.1018453,11448315,2930768640,2930.76864,42,200,165,1,20251020_035114
1760899838.1118293,11448354,2930778624,2930.778624,44,199,165,1,20251020_035114
1760899838.1218133,11448393,2930788608,2930.788608,46,199,164,1,20251020_035114
1760899838.1317973,11448432,2930798592,2930.798592,48,200,164,1,20251020_035114
1760899838.141781,11448471,2930808576,2930.808576,50,199,162,1,20251020_035114
1760899838.151765,11448510,2930818560,2930.81856,52,200,162,1,20251020_035114
1760899838.1617491,11448549,2930828544,2930.828544,55,199,161,1,20251020_035114
1760899838.1717331,11448588,2930838528,2930.838528,57,200,160,1,20251020_035114
1760899838.1817172,11448627,2930848512,2930.848512,59,200,159,1,20251020_035114
1760899838.1917012,11448666,2930858496,2930.858496,61,199,156,1,20251020_035114
1760899838.2019413,11448706,2930868736,2930.868736,64,200,153,1,20251020_035114
1760899838.2119253,11448745,2930878720,2930.87872,66,199,151,1,20251020_035114
1760899838.2219093,11448784,2930888704,2930.888704,69,199,151,1,20251020_035114
1760899838.2318933,11448823,2930898688,2930.898688,71,199,149,1,20251020_035114
1760899838.2418773,11448862,2930908672,2930.908672,74,199,144,1,20251020_035114
1760899838.251861,11448901,2930918656,2930.918656,77,199,136,1,20251020_035114
1760899838.261845,11448940,2930928640,2930.92864,80,199,128,1,20251020_035114
1760899838.2718291,11448979,2930938624,2930.938624,84,199,124,1,20251020_035114
1760899838.2818131,11449018,2930948608,2930.948608,87,199,117,1,20251020_035114
1760899838.2917972,11449057,2930958592,2930.958592,90,199,112,1,20251020_035114
1760899838.3017812,11449096,2930968576,2930.968576,94,198,106,1,20251020_035114
1760899838.3117652,11449135,2930978560,2930.97856,98,199,104,1,20251020_035114
1760899838.3217492,11449174,2930988544,2930.988544,101,198,99,1,20251020_035114
1760899838.3317332,11449213,2930998528,2930.998528,105,198,98,1,20251020_035114
1760899838.3419733,11449253,2931008768,2931.008768,108,198,95,1,20251020_035114
1760899838.351957,11449292,2931018752,2931.018752,111,196,95,1,20251020_035114
1760899838.361941,11449331,2931028736,2931.028736,115,197,96,1,20251020_035114
1760899838.371925,11449370,2931038720,2931.03872,118,197,95,1,20251020_035114
1760899838.3819091,11449409,2931048704,2931.048704,121,198,98,1,20251020_035114
1760899838.3918931,11449448,2931058688,2931.058688,124,199,99,1,20251020_035114
1760899838.4018772,11449487,2931068672,2931.068672,127,197,99,1,20251020_035114
1760899838.4118612,11449526,2931078656,2931.078656,129,197,99,1,20251020_035114
1760899838.4218452,11449565,2931088640,2931.08864,132,197,100,1,20251020_035114
1760899838.4318292,11449604,2931098624,2931.098624,135,197,101,1,20251020_035114
1760899838.4418132,11449643,2931108608,2931.108608,138,197,103,1,20251020_035114
1760899838.4517972,11449682,2931118592,2931.118592,140,197,104,1,20251020_035114
1760899838.462037,11449722,2931128832,2931.128832,143,197,105,1,20251020_035114
1760899838.472021,11449761,2931138816,2931.138816,146,197,108,1,20251020_035114
1760899838.4820051,11449800,2931148800,2931.1488,148,197,109,1,20251020_035114
1760899838.4919891,11449839,2931158784,2931.158784,151,197,114,1,20251020_035114
1760899838.5019732,11449878,2931168768,2931.168768,154,197,118,1,20251020_035114
1760899838.5119572,11449917,2931178752,2931.178752,157,197,124,1,20251020_035114
1760899838.5219412,11449956,2931188736,2931.188736,160,198,127,1,20251020_035114
1760899838.5319252,11449995,2931198720,2931.19872,163,197,133,1,20251020_035114
1760899838.5419092,11450034,2931208704,2931.208704,166,197,138,1,20251020_035114
1760899838.5518932,11450073,2931218688,2931.218688,170,197,143,1,20251020_035114
1760899838.5618773,11450112,2931228672,2931.228672,173,197,151,1,20251020_035114
1760899838.5718613,11450151,2931238656,2931.238656,178,197,160,1,20251020_035114
1760899838.5818453,11450190,2931248640,2931.24864,182,197,162,1,20251020_035114
1760899838.5918293,11450229,2931258624,2931.258624,186,197,162,1,20251020_035114
1760899838.6020691,11450269,2931268864,2931.268864,190,197,164,1,20251020_035114
1760899838.6120532,11450308,2931278848,2931.278848,195,198,165,1,20251020_035114
1760899838.6220372,11450347,2931288832,2931.288832,199,198,166,1,20251020_035114
1760899838.6320212,11450386,2931298816,2931.298816,203,198,165,1,20251020_035114
1760899838.6420052,11450425,2931308800,2931.3088,207,199,166,1,20251020_035114
1760899838.6519892,11450464,2931318784,2931.318784,211,198,166,1,20251020_035114
1760899838.6619732,11450503,2931328768,2931.328768,215,198,167,1,20251020_035114
1760899838.6719573,11450542,2931338752,2931.338752,219,199,168,1,20251020_035114
1760899838.6819413,11450581,2931348736,2931.348736,223,198,166,1,20251020_035114
1760899838.6919253,11450620,2931358720,2931.35872,227,199,167,1,20251020_035114
1760899838.7019093,11450659,2931368704,2931.368704,230,199,168,1,20251020_035114
1760899838.711893,11450698,2931378688,2931.378688,234,198,168,1,20251020_035114
1760899838.721877,11450737,2931388672,2931.388672,237,199,168,1,20251020_035114
1760899838.731861,11450776,2931398656,2931.398656,240,199,168,1,20251020_035114
1760899838.7418451,11450815,2931408640,2931.40864,243,199,169,1,20251020_035114
1760899838.7520852,11450855,2931418880,2931.41888,247,199,167,1,20251020_035114
1760899838.7620692,11450894,2931428864,2931.428864,250,200,167,1,20251020_035114
1760899838.7720532,11450933,2931438848,2931.438848,252,199,167,1,20251020_035114
1760899838.7820373,11450972,2931448832,2931.448832,0,200,167,1,20251020_035114
1760899838.7920213,11451011,2931458816,2931.458816,3,199,166,1,20251020_035114
1760899838.8020053,11451050,2931468800,2931.4688,6,200,166,1,20251020_035114
1760899838.8119893,11451089,2931478784,2931.478784,8,200,165,1,20251020_035114
1760899838.821973,11451128,2931488768,2931.488768,11,199,165,1,20251020_035114
1760899838.831957,11451167,2931498752,2931.498752,13,200,163,1,20251020_035114
1760899838.841941,11451206,2931508736,2931.508736,16,199,162,1,20251020_035114
1760899838.8519251,11451245,2931518720,2931.51872,19,199,158,1,20251020_035114
1760899838.8619092,11451284,2931528704,2931.528704,21,200,156,1,20251020_035114
1760899838.8718932,11451323,2931538688,2931.538688,24,200,153,1,20251020_035114
1760899838.8818772,11451362,2931548672,2931.548672,26,200,150,1,20251020_035114
1760899838.8921173,11451402,2931558912,2931.558912,29,199,146,1,20251020_035114
1760899838.9021013,11451441,2931568896,2931.568896,32,200,142,1,20251020_035114
1760899838.9120853,11451480,2931578880,2931.57888,35,199,133,1,20251020_035114
1760899838.9220693,11451519,2931588864,2931.588864,38,199,126,1,20251020_035114
1760899838.932053,11451558,2931598848,2931.598848,42,199,119,1,20251020_035114
1760899838.942037,11451597,2931608832,2931.608832,45,200,115,1,20251020_035114
1760899838.9520211,11451636,2931618816,2931.618816,49,200,109,1,20251020_035114
1760899838.9620051,11451675,2931628800,2931.6288,53,199,104,1,20251020_035114
1760899838.9719892,11451714,2931638784,2931.638784,58,199,101,1,20251020_035114
1760899838.9819732,11451753,2931648768,2931.648768,62,199,96,1,20251020_035114
1760899838.9919572,11451792,2931658752,2931.658752,66,199,94,1,20251020_035114
1760899839.0019412,11451831,2931668736,2931.668736,70,200,95,1,20251020_035114
1760899839.0119252,11451870,2931678720,2931.67872,75,199,95,1,20251020_035114
1760899839.0219092,11451909,2931688704,2931.688704,79,200,95,1,20251020_035114
1760899839.0321493,11451949,2931698944,2931.698944,83,199,94,1,20251020_035114
1760899839.042133,11451988,2931708928,2931.708928,87,199,95,1,20251020_035114
1760899839.052117,11452027,2931718912,2931.718912,91,199,96,1,20251020_035114
1760899839.0621011,11452066,2931728896,2931.728896,95,199,94,1,20251020_035114
1760899839.0720851,11452105,2931738880,2931.73888,98,199,96,1,20251020_035114
1760899839.0820692,11452144,2931748864,2931.748864,102,198,95,1,20251020_035114
1760899839.0920532,11452183,2931758848,2931.758848,105,198,94,1,20251020_035114
1760899839.1020372,11452222,2931768832,2931.768832,109,198,94,1,20251020_035114
1760899839.1120212,11452261,2931778816,2931.778816,112,199,94,1,20251020_035114
1760899839.1220052,11452300,2931788800,2931.7888,115,199,96,1,20251020_035114
1760899839.1319892,11452339,2931798784,2931.798784,118,198,95,1,20251020_035114
1760899839.1419733,11452378,2931808768,2931.808768,121,198,98,1,20251020_035114
1760899839.1519573,11452417,2931818752,2931.818752,124,198,99,1,20251020_035114
1760899839.1619413,11452456,2931828736,2931.828736,127,198,101,1,20251020_035114
1760899839.1719253,11452495,2931838720,2931.83872,130,197,103,1,20251020_035114
1760899839.1821651,11452535,2931848960,2931.84896,133,198,106,1,20251020_035114
1760899839.1921492,11452574,2931858944,2931.858944,136,198,109,1,20251020_035114
1760899839.2021332,11452613,2931868928,2931.868928,139,198,115,1,20251020_035114
1760899839.2121172,11452652,2931878912,2931.878912,142,198,122,1,20251020_035114
1760899839.2221012,11452691,2931888896,2931.888896,145,198,128,1,20251020_035114
1760899839.2320852,11452730,2931898880,2931.89888,148,198,134,1,20251020_035114
1760899839.2420692,11452769,2931908864,2931.908864,151,197,138,1,20251020_035114
1760899839.2520533,11452808,2931918848,2931.918848,155,198,144,1,20251020_035114
1760899839.2620373,11452847,2931928832,2931.928832,158,198,150,1,20251020_035114
1760899839.2720213,11452886,2931938816,2931.938816,162,197,158,1,20251020_035114
1760899839.2820053,11452925,2931948800,2931.9488,166,198,161,1,20251020_035114
1760899839.291989,11452964,2931958784,2931.958784,171,198,161,1,20251020_035114
1760899839.301973,11453003,2931968768,2931.968768,175,197,162,1,20251020_035114
1760899839.3119571,11453042,2931978752,2931.978752,179,198,162,1,20251020_035114
1760899839.3221972,11453082,2931988992,2931.988992,183,197,164,1,20251020_035114
1760899839.3321812,11453121,2931998976,2931.998976,188,197,163,1,20251020_035114
1760899839.3421652,11453160,2932008960,2932.00896,192,197,164,1,20251020_035114
1760899839.3521492,11453199,2932018944,2932.018944,196,198,164,1,20251020_035114
1760899839.3621333,11453238,2932028928,2932.028928,200,198,165,1,20251020_035114
1760899839.3721173,11453277,2932038912,2932.038912,205,198,166,1,20251020_035114
1760899839.3821013,11453316,2932048896,2932.048896,209,198,166,1,20251020_035114
1760899839.3920853,11453355,2932058880,2932.05888,213,199,166,1,20251020_035114
1760899839.402069,11453394,2932068864,2932.068864,217,199,167,1,20251020_035114
1760899839.412053,11453433,2932078848,2932.078848,221,199,166,1,20251020_035114
1760899839.4220371,11453472,2932088832,2932.088832,224,199,167,1,20251020_035114
1760899839.4320211,11453511,2932098816,2932.098816,228,199,168,1,20251020_035114
1760899839.4420052,11453550,2932108800,2932.1088,231,199,167,1,20251020_035114
1760899839.4519892,11453589,2932118784,2932.118784,235,199,167,1,20251020_035114
1760899839.4619732,11453628,2932128768,2932.128768,238,199,167,1,20251020_035114
1760899839.4722133,11453668,2932139008,2932.139008,241,199,168,1,20251020_035114
1760899839.4821973,11453707,2932148992,2932.148992,245,199,167,1,20251020_035114
1760899839.4921813,11453746,2932158976,2932.158976,248,199,166,1,20251020_035114
1760899839.5021653,11453785,2932168960,2932.16896,251,200,166,1,20251020_035114
1760899839.512149,11453824,2932178944,2932.178944,254,199,165,1,20251020_035114
1760899839.522133,11453863,2932188928,2932.188928,1,200,164,1,20251020_035114
1760899839.5321171,11453902,2932198912,2932.198912,4,199,164,1,20251020_035114
1760899839.5421011,11453941,2932208896,2932.208896,7,199,162,1,20251020_035114
1760899839.5520852,11453980,2932218880,2932.21888,9,199,160,1,20251020_035114
1760899839.5620692,11454019,2932228864,2932.228864,12,200,160,1,20251020_035114
1760899839.5720532,11454058,2932238848,2932.238848,15,200,158,1,20251020_035114
1760899839.5820372,11454097,2932248832,2932.248832,17,200,155,1,20251020_035114
1760899839.5920212,11454136,2932258816,2932.258816,20,200,152,1,20251020_035114
1760899839.6020052,11454175,2932268800,2932.2688,23,199,151,1,20251020_035114
1760899839.612245,11454215,2932279040,2932.27904,25,200,149,1,20251020_035114
1760899839.622229,11454254,2932289024,2932.289024,28,200,148,1,20251020_035114
1760899839.632213,11454293,2932299008,2932.299008,31,199,146,1,20251020_035114
1760899839.6421971,11454332,2932308992,2932.308992,33,200,145,1,20251020_035114
1760899839.6521811,11454371,2932318976,2932.318976,36,200,139,1,20251020_035114
1760899839.6621652,11454410,2932328960,2932.32896,39,199,136,1,20251020_035114
1760899839.6721492,11454449,2932338944,2932.338944,42,200,134,1,20251020_035114
1760899839.6821332,11454488,2932348928,2932.348928,46,200,130,1,20251020_035114
1760899839.6921172,11454527,2932358912,2932.358912,49,199,126,1,20251020_035114
1760899839.7021012,11454566,2932368896,2932.368896,53,200,121,1,20251020_035114
1760899839.7120852,11454605,2932378880,2932.37888,56,200,117,1,20251020_035114
1760899839.7220693,11454644,2932388864,2932.388864,60,200,113,1,20251020_035114
1760899839.7320533,11454683,2932398848,2932.398848,64,199,110,1,20251020_035114
1760899839.7420373,11454722,2932408832,2932.408832,68,200,106,1,20251020_035114
1760899839.7522771,11454762,2932419072,2932.419072,72,200,104,1,20251020_035114
1760899839.7622612,11454801,2932429056,2932.429056,76,199,101,1,20251020_035114
1760899839.7722452,11454840,2932439040,2932.43904,80,199,98,1,20251020_035114
1760899839.7822292,11454879,2932449024,2932.449024,84,199,95,1,20251020_035114
1760899839.7922132,11454918,2932459008,2932.459008,88,199,93,1,20251020_035114
1760899839.8021972,11454957,2932468992,2932.468992,92,199,96,1,20251020_035114
1760899839.8121812,11454996,2932478976,2932.478976,96,198,95,1,20251020_035114
1760899839.8221653,11455035,2932488960,2932.48896,99,199,95,1,20251020_035114
1760899839.8321493,11455074,2932498944,2932.498944,103,198,94,1,20251020_035114
1760899839.8421333,11455113,2932508928,2932.508928,106,198,93,1,20251020_035114
1760899839.8521173,11455152,2932518912,2932.518912,110,198,95,1,20251020_035114
1760899839.8621013,11455191,2932528896,2932.528896,113,198,95,1,20251020_035114
1760899839.872085,11455230,2932538880,2932.53888,116,197,96,1,20251020_035114
1760899839.882069,11455269,2932548864,2932.548864,119,197,97,1,20251020_035114
1760899839.8923092,11455309,2932559104,2932.559104,122,197,99,1,20251020_035114
1760899839.9022932,11455348,2932569088,2932.569088,125,197,100,1,20251020_035114
1760899839.9122772,11455387,2932579072,2932.579072,128,197,100,1,20251020_035114
1760899839.9222612,11455426,2932589056,2932.589056,131,197,102,1,20251020_035114
1760899839.9322453,11455465,2932599040,2932.59904,134,197,104,1,20251020_035114
1760899839.9422293,11455504,2932609024,2932.609024,136,197,105,1,20251020_035114
1760899839.9522133,11455543,2932619008,2932.619008,139,196,108,1,20251020_035114
1760899839.9621973,11455582,2932628992,2932.628992,142,196,110,1,20251020_035114
1760899839.972181,11455621,2932638976,2932.638976,145,197,114,1,20251020_035114
1760899839.982165,11455660,2932648960,2932.64896,147,197,118,1,20251020_035114
1760899839.992149,11455699,2932658944,2932.658944,150,197,123,1,20251020_035114
1760899840.0021331,11455738,2932668928,2932.668928,153,197,127,1,20251020_035114
1760899840.0121171,11455777,2932678912,2932.678912,157,197,130,1,20251020_035114
1760899840.0221012,11455816,2932688896,2932.688896,160,197,133,1,20251020_035114
1760899840.0320852,11455855,2932698880,2932.69888,163,197,136,1,20251020_035114
1760899840.0423253,11455895,2932709120,2932.70912,166,197,140,1,20251020_035114
1760899840.0523093,11455934,2932719104,2932.719104,170,197,143,1,20251020_035114
1760899840.0622933,11455973,2932729088,2932.729088,174,197,148,1,20251020_035114
1760899840.0722773,11456012,2932739072,2932.739072,178,197,150,1,20251020_035114
1760899840.082261,11456051,2932749056,2932.749056,181,196,155,1,20251020_035114
1760899840.092245,11456090,2932759040,2932.75904,186,197,161,1,20251020_035114
1760899840.102229,11456129,2932769024,2932.769024,190,198,162,1,20251020_035114
1760899840.1122131,11456168,2932779008,2932.779008,194,198,162,1,20251020_035114
1760899840.1221972,11456207,2932788992,2932.788992,198,198,162,1,20251020_035114
1760899840.1321812,11456246,2932798976,2932.798976,202,198,163,1,20251020_035114
1760899840.1421652,11456285,2932808960,2932.80896,206,198,164,1,20251020_035114
1760899840.1521492,11456324,2932818944,2932.818944,210,198,164,1,20251020_035114
1760899840.1621332,11456363,2932828928,2932.828928,214,198,165,1,20251020_035114
1760899840.1721172,11456402,2932838912,2932.838912,218,199,165,1,20251020_035114
1760899840.1823573,11456442,2932849152,2932.849152,222,199,166,1,20251020_035114
1760899840.192341,11456481,2932859136,2932.859136,226,199,167,1,20251020_035114
1760899840.202325,11456520,2932869120,2932.86912,229,199,166,1,20251020_035114
1760899840.2123091,11456559,2932879104,2932.879104,233,198,166,1,20251020_035114
1760899840.2222931,11456598,2932889088,2932.889088,236,199,167,1,20251020_035114
1760899840.2322772,11456637,2932899072,2932.899072,239,199,167,1,20251020_035114
1760899840.2422612,11456676,2932909056,2932.909056,243,199,167,1,20251020_035114
1760899840.2522452,11456715,2932919040,2932.91904,246,199,168,1,20251020_035114
1760899840.2622292,11456754,2932929024,2932.929024,249,199,168,1,20251020_035114
1760899840.2722132,11456793,2932939008,2932.939008,252,200,168,1,20251020_035114
1760899840.2821972,11456832,2932948992,2932.948992,0,199,169,1,20251020_035114
1760899840.2921813,11456871,2932958976,2932.958976,2,199,168,1,20251020_035114
1760899840.3021653,11456910,2932968960,2932.96896,5,199,168,1,20251020_035114
1760899840.3121493,11456949,2932978944,2932.978944,8,200,168,1,20251020_035114
1760899840.3221333,11456988,2932988928,2932.988928,10,199,167,1,20251020_035114
1760899840.3323731,11457028,2932999168,2932.999168,13,200,168,1,20251020_035114
1760899840.3423572,11457067,2933009152,2933.009152,15,199,167,1,20251020_035114
1760899840.3523412,11457106,2933019136,2933.019136,18,199,166,1,20251020_035114
1760899840.3623252,11457145,2933029120,2933.02912,20,200,166,1,20251020_035114
1760899840.3723092,11457184,2933039104,2933.039104,22,199,167,1,20251020_035114
1760899840.3822932,11457223,2933049088,2933.049088,24,199,166,1,20251020_035114
1760899840.3922772,11457262,2933059072,2933.059072,27,199,165,1,20251020_035114
1760899840.4022613,11457301,2933069056,2933.069056,29,199,166,1,20251020_035114
1760899840.4122453,11457340,2933079040,2933.07904,31,199,164,1,20251020_035114
1760899840.4222293,11457379,2933089024,2933.089024,33,202,165,1,20251020_035114
1760899840.4322133,11457418,2933099008,2933.099008,35,199,162,1,20251020_035114
1760899840.442197,11457457,2933108992,2933.108992,38,199,161,1,20251020_035114
1760899840.452181,11457496,2933118976,2933.118976,40,199,160,1,20251020_035114
1760899840.462165,11457535,2933128960,2933.12896,42,199,159,1,20251020_035114
1760899840.4724052,11457575,2933139200,2933.1392,44,199,157,1,20251020_035114
1760899840.4823892,11457614,2933149184,2933.149184,47,199,155,1,20251020_035114
1760899840.4923732,11457653,2933159168,2933.159168,49,199,150,1,20251020_035114
1760899840.5023572,11457692,2933169152,2933.169152,52,199,147,1,20251020_035114
1760899840.5123413,11457731,2933179136,2933.179136,55,199,137,1,20251020_035114
1760899840.5223253,11457770,2933189120,2933.18912,58,199,127,1,20251020_035114
1760899840.5323093,11457809,2933199104,2933.199104,61,200,121,1,20251020_035114
1760899840.5422933,11457848,2933209088,2933.209088,65,199,114,1,20251020_035114
1760899840.552277,11457887,2933219072,2933.219072,69,198,108,1,20251020_035114
1760899840.562261,11457926,2933229056,2933.229056,73,199,103,1,20251020_035114
1760899840.5722451,11457965,2933239040,2933.23904,77,199,99,1,20251020_035114
1760899840.5822291,11458004,2933249024,2933.249024,81,199,96,1,20251020_035114
1760899840.5922132,11458043,2933259008,2933.259008,85,199,93,1,20251020_035114
1760899840.6021972,11458082,2933268992,2933.268992,89,199,94,1,20251020_035114
1760899840.6121812,11458121,2933278976,2933.278976,93,199,94,1,20251020_035114
1760899840.6224213,11458161,2933289216,2933.289216,96,199,95,1,20251020_035114
1760899840.6324053,11458200,2933299200,2933.2992,100,198,93,1,20251020_035114
1760899840.6423893,11458239,2933309184,2933.309184,104,198,92,1,20251020_035114
1760899840.6523733,11458278,2933319168,2933.319168,107,197,93,1,20251020_035114
1760899840.662357,11458317,2933329152,2933.329152,110,198,95,1,20251020_035114
1760899840.672341,11458356,2933339136,2933.339136,114,197,95,1,20251020_035114
1760899840.6823251,11458395,2933349120,2933.34912,117,196,95,1,20251020_035114
1760899840.6923091,11458434,2933359104,2933.359104,120,196,94,1,20251020_035114
1760899840.7022932,11458473,2933369088,2933.369088,123,196,95,1,20251020_035114
1760899840.7122772,11458512,2933379072,2933.379072,126,196,96,1,20251020_035114
1760899840.7222612,11458551,2933389056,2933.389056,129,195,96,1,20251020_035114
1760899840.7322452,11458590,2933399040,2933.39904,131,196,97,1,20251020_035114
1760899840.7422292,11458629,2933409024,2933.409024,134,196,97,1,20251020_035114
1760899840.7522132,11458668,2933419008,2933.419008,137,196,99,1,20251020_035114
1760899840.7621973,11458707,2933428992,2933.428992,139,196,100,1,20251020_035114
1760899840.772437,11458747,2933439232,2933.439232,142,196,102,1,20251020_035114
1760899840.782421,11458786,2933449216,2933.449216,144,196,102,1,20251020_035114
1760899840.7924051,11458825,2933459200,2933.4592,147,196,107,1,20251020_035114
1760899840.8023891,11458864,2933469184,2933.469184,150,196,111,1,20251020_035114
1760899840.8123732,11458903,2933479168,2933.479168,152,196,117,1,20251020_035114
1760899840.8223572,11458942,2933489152,2933.489152,155,197,127,1,20251020_035114
1760899840.8323412,11458981,2933499136,2933.499136,158,197,131,1,20251020_035114
1760899840.8423252,11459020,2933509120,2933.50912,162,197,136,1,20251020_035114
1760899840.8523092,11459059,2933519104,2933.519104,165,196,143,1,20251020_035114
1760899840.8622932,11459098,2933529088,2933.529088,169,197,151,1,20251020_035114
1760899840.872533,11459138,2933539328,2933.539328,173,197,160,1,20251020_035114
1760899840.882517,11459177,2933549312,2933.549312,177,197,161,1,20251020_035114
1760899840.892501,11459216,2933559296,2933.559296,182,197,161,1,20251020_035114
1760899840.9024851,11459255,2933569280,2933.56928,186,197,160,1,20251020_035114
1760899840.9124691,11459294,2933579264,2933.579264,190,197,163,1,20251020_035114
1760899840.9224532,11459333,2933589248,2933.589248,194,197,163,1,20251020_035114
1760899840.9324372,11459372,2933599232,2933.599232,198,198,164,1,20251020_035114
1760899840.9424212,11459411,2933609216,2933.609216,203,198,164,1,20251020_035114
1760899840.9526613,11459451,2933619456,2933.619456,207,197,165,1,20251020_035114
1760899840.9626453,11459490,2933629440,2933.62944,211,198,165,1,20251020_035114
1760899840.9726293,11459529,2933639424,2933.639424,215,198,165,1,20251020_035114
1760899840.982613,11459568,2933649408,2933.649408,218,198,165,1,20251020_035114
1760899840.992597,11459607,2933659392,2933.659392,222,198,165,1,20251020_035114
1760899841.0025811,11459646,2933669376,2933.669376,226,198,166,1,20251020_035114
1760899841.0128212,11459686,2933679616,2933.679616,230,199,166,1,20251020_035114
1760899841.0228052,11459725,2933689600,2933.6896,233,198,166,1,20251020_035114
1760899841.0327892,11459764,2933699584,2933.699584,236,199,164,1,20251020_035114
1760899841.0427732,11459803,2933709568,2933.709568,240,199,166,1,20251020_035114
1760899841.0527573,11459842,2933719552,2933.719552,243,199,167,1,20251020_035114
1760899841.0627413,11459881,2933729536,2933.729536,246,199,166,1,20251020_035114
1760899841.0727253,11459920,2933739520,2933.73952,249,200,167,1,20251020_035114
1760899841.0827093,11459959,2933749504,2933.749504,252,199,166,1,20251020_035114
1760899841.0929492,11459999,2933759744,2933.759744,0,199,165,1,20251020_035114
1760899841.1029332,11460038,2933769728,2933.769728,3,199,163,1,20251020_035114
1760899841.1129172,11460077,2933779712,2933.779712,5,199,162,1,20251020_035114
1760899841.1229012,11460116,2933789696,2933.789696,8,199,161,1,20251020_035114
1760899841.1328852,11460155,2933799680,2933.79968,11,199,159,1,20251020_035114
1760899841.1428692,11460194,2933809664,2933.809664,13,199,156,1,20251020_035114
1760899841.1528533,11460233,2933819648,2933.819648,16,199,155,1,20251020_035114
1760899841.163093,11460273,2933829888,2933.829888,19,199,154,1,20251020_035114
1760899841.173077,11460312,2933839872,2933.839872,21,199,152,1,20251020_035114
1760899841.1830611,11460351,2933849856,2933.849856,24,199,151,1,20251020_035114
1760899841.1930451,11460390,2933859840,2933.85984,27,199,149,1,20251020_035114
1760899841.2030292,11460429,2933869824,2933.869824,29,199,145,1,20251020_035114
1760899841.2130132,11460468,2933879808,2933.879808,32,199,137,1,20251020_035114
1760899841.2229972,11460507,2933889792,2933.889792,36,199,130,1,20251020_035114
1760899841.2332373,11460547,2933900032,2933.900032,39,199,124,1,20251020_035114
1760899841.2432213,11460586,2933910016,2933.910016,42,199,118,1,20251020_035114
1760899841.2532053,11460625,2933920000,2933.92,46,199,112,1,20251020_035114
1760899841.2631893,11460664,2933929984,2933.929984,50,199,106,1,20251020_035114
1760899841.273173,11460703,2933939968,2933.939968,54,199,102,1,20251020_035114
1760899841.283157,11460742,2933949952,2933.949952,59,199,99,1,20251020_035114
1760899841.2931411,11460781,2933959936,2933.959936,63,199,96,1,20251020_035114
1760899841.3031251,11460820,2933969920,2933.96992,67,199,94,1,20251020_035114
1760899841.3131092,11460859,2933979904,2933.979904,71,199,96,1,20251020_035114
1760899841.3230932,11460898,2933989888,2933.989888,76,199,94,1,20251020_035114
1760899841.3330772,11460937,2933999872,2933.999872,80,198,93,1,20251020_035114
1760899841.3430612,11460976,2934009856,2934.009856,84,199,94,1,20251020_035114
1760899841.3533013,11461016,2934020096,2934.020096,88,199,95,1,20251020_035114
1760899841.3632853,11461055,2934030080,2934.03008,92,199,94,1,20251020_035114
1760899841.373269,11461094,2934040064,2934.040064,95,199,95,1,20251020_035114
1760899841.383253,11461133,2934050048,2934.050048,99,199,95,1,20251020_035114
1760899841.393237,11461172,2934060032,2934.060032,103,199,95,1,20251020_035114
1760899841.4032211,11461211,2934070016,2934.070016,106,198,96,1,20251020_035114
1760899841.4132051,11461250,2934080000,2934.08,110,198,96,1,20251020_035114
1760899841.4231892,11461289,2934089984,2934.089984,113,197,96,1,20251020_035114
1760899841.4331732,11461328,2934099968,2934.099968,116,197,97,1,20251020_035114
1760899841.4431572,11461367,2934109952,2934.109952,119,197,98,1,20251020_035114
1760899841.4531412,11461406,2934119936,2934.119936,122,196,98,1,20251020_035114
1760899841.4631252,11461445,2934129920,2934.12992,125,196,99,1,20251020_035114
1760899841.4731092,11461484,2934139904,2934.139904,128,196,102,1,20251020_035114
1760899841.4830933,11461523,2934149888,2934.149888,131,196,104,1,20251020_035114
1760899841.4930773,11461562,2934159872,2934.159872,134,196,106,1,20251020_035114
1760899841.503317,11461602,2934170112,2934.170112,136,196,110,1,20251020_035114
1760899841.5133011,11461641,2934180096,2934.180096,139,196,115,1,20251020_035114
1760899841.5232852,11461680,2934190080,2934.19008,142,196,122,1,20251020_035114
1760899841.5332692,11461719,2934200064,2934.200064,145,197,127,1,20251020_035114
1760899841.5432532,11461758,2934210048,2934.210048,149,196,133,1,20251020_035114
1760899841.5532372,11461797,2934220032,2934.220032,152,197,138,1,20251020_035114
1760899841.5632212,11461836,2934230016,2934.230016,155,197,141,1,20251020_035114
1760899841.5732052,11461875,2934240000,2934.24,159,197,145,1,20251020_035114
1760899841.5831892,11461914,2934249984,2934.249984,163,197,150,1,20251020_035114
1760899841.5931733,11461953,2934259968,2934.259968,167,197,158,1,20251020_035114
1760899841.6031573,11461992,2934269952,2934.269952,171,196,161,1,20251020_035114
1760899841.6131413,11462031,2934279936,2934.279936,175,197,162,1,20251020_035114
1760899841.6231253,11462070,2934289920,2934.28992,179,196,161,1,20251020_035114
1760899841.633109,11462109,2934299904,2934.299904,183,196,162,1,20251020_035114
1760899841.6433492,11462149,2934310144,2934.310144,188,197,164,1,20251020_035114
1760899841.6533332,11462188,2934320128,2934.320128,192,198,164,1,20251020_035114
1760899841.6633172,11462227,2934330112,2934.330112,196,198,164,1,20251020_035114
1760899841.6733012,11462266,2934340096,2934.340096,200,198,164,1,20251020_035114
1760899841.6832852,11462305,2934350080,2934.35008,205,198,163,1,20251020_035114
1760899841.6932693,11462344,2934360064,2934.360064,209,198,166,1,20251020_035114
1760899841.7032533,11462383,2934370048,2934.370048,213,198,165,1,20251020_035114
1760899841.7132373,11462422,2934380032,2934.380032,217,198,167,1,20251020_035114
1760899841.7232213,11462461,2934390016,2934.390016,220,198,166,1,20251020_035114
1760899841.7332053,11462500,2934400000,2934.4,224,198,167,1,20251020_035114
1760899841.743189,11462539,2934409984,2934.409984,228,199,166,1,20251020_035114
1760899841.753173,11462578,2934419968,2934.419968,231,199,167,1,20251020_035114
1760899841.7631571,11462617,2934429952,2934.429952,235,199,167,1,20251020_035114
1760899841.7731411,11462656,2934439936,2934.439936,238,198,167,1,20251020_035114
1760899841.7833812,11462696,2934450176,2934.450176,241,199,166,1,20251020_035114
1760899841.7933652,11462735,2934460160,2934.46016,245,199,167,1,20251020_035114
1760899841.8033493,11462774,2934470144,2934.470144,248,199,167,1,20251020_035114
1760899841.8133333,11462813,2934480128,2934.480128,251,199,166,1,20251020_035114
1760899841.8233173,11462852,2934490112,2934.490112,253,199,165,1,20251020_035114
1760899841.8333013,11462891,2934500096,2934.500096,1,199,164,1,20251020_035114
1760899841.843285,11462930,2934510080,2934.51008,4,201,165,1,20251020_035114
1760899841.853269,11462969,2934520064,2934.520064,7,199,164,1,20251020_035114
1760899841.863253,11463008,2934530048,2934.530048,9,200,165,1,20251020_035114
1760899841.8732371,11463047,2934540032,2934.540032,12,199,164,1,20251020_035114
1760899841.8832211,11463086,2934550016,2934.550016,14,199,164,1,20251020_035114
1760899841.8932052,11463125,2934560000,2934.56,17,199,165,1,20251020_035114
1760899841.9031892,11463164,2934569984,2934.569984,19,199,164,1,20251020_035114
1760899841.9134293,11463204,2934580224,2934.580224,21,199,166,1,20251020_035114
1760899841.9234133,11463243,2934590208,2934.590208,24,200,163,1,20251020_035114
1760899841.9333973,11463282,2934600192,2934.600192,26,199,165,1,20251020_035114
1760899841.9433813,11463321,2934610176,2934.610176,28,199,164,1,20251020_035114
1760899841.953365,11463360,2934620160,2934.62016,30,199,164,1,20251020_035114
1760899841.963349,11463399,2934630144,2934.630144,33,199,164,1,20251020_035114
1760899841.9733331,11463438,2934640128,2934.640128,35,199,164,1,20251020_035114
1760899841.9833171,11463477,2934650112,2934.650112,37,200,164,1,20251020_035114
1760899841.9933012,11463516,2934660096,2934.660096,39,199,164,1,20251020_035114
1760899842.0032852,11463555,2934670080,2934.67008,41,199,163,1,20251020_035114
1760899842.0132692,11463594,2934680064,2934.680064,43,199,163,1,20251020_035114
1760899842.0232532,11463633,2934690048,2934.690048,45,199,162,1,20251020_035114
1760899842.0332372,11463672,2934700032,2934.700032,47,199,162,1,20251020_035114
1760899842.0432212,11463711,2934710016,2934.710016,50,199,161,1,20251020_035114
1760899842.0532053,11463750,2934720000,2934.72,52,199,158,1,20251020_035114
1760899842.063445,11463790,2934730240,2934.73024,54,199,160,1,20251020_035114
1760899842.073429,11463829,2934740224,2934.740224,56,198,157,1,20251020_035114
1760899842.0834131,11463868,2934750208,2934.750208,59,199,156,1,20251020_035114
1760899842.0933971,11463907,2934760192,2934.760192,61,199,154,1,20251020_035114
1760899842.1033812,11463946,2934770176,2934.770176,64,198,152,1,20251020_035114
1760899842.1133652,11463985,2934780160,2934.78016,66,198,149,1,20251020_035114
1760899842.1233492,11464024,2934790144,2934.790144,69,198,149,1,20251020_035114
1760899842.1333332,11464063,2934800128,2934.800128,71,198,146,1,20251020_035114
1760899842.1433172,11464102,2934810112,2934.810112,74,198,144,1,20251020_035114
1760899842.1533012,11464141,2934820096,2934.820096,77,198,134,1,20251020_035114
1760899842.1632853,11464180,2934830080,2934.83008,80,198,129,1,20251020_035114
1760899842.1732693,11464219,2934840064,2934.840064,84,198,126,1,20251020_035114
1760899842.1832533,11464258,2934850048,2934.850048,87,198,119,1,20251020_035114
1760899842.1932373,11464297,2934860032,2934.860032,91,197,114,1,20251020_035114
1760899842.2034771,11464337,2934870272,2934.870272,94,198,110,1,20251020_035114
1760899842.2134612,11464376,2934880256,2934.880256,98,197,105,1,20251020_035114
1760899842.2234452,11464415,2934890240,2934.89024,101,198,102,1,20251020_035114
1760899842.2334292,11464454,2934900224,2934.900224,105,198,98,1,20251020_035114
1760899842.2434132,11464493,2934910208,2934.910208,108,197,95,1,20251020_035114
1760899842.2533972,11464532,2934920192,2934.920192,111,197,92,1,20251020_035114
1760899842.2633812,11464571,2934930176,2934.930176,115,197,94,1,20251020_035114
1760899842.2733653,11464610,2934940160,2934.94016,118,196,96,1,20251020_035114
1760899842.2833493,11464649,2934950144,2934.950144,121,196,95,1,20251020_035114
1760899842.2933333,11464688,2934960128,2934.960128,124,195,96,1,20251020_035114
1760899842.3033173,11464727,2934970112,2934.970112,127,196,97,1,20251020_035114
1760899842.313301,11464766,2934980096,2934.980096,129,195,97,1,20251020_035114
1760899842.323285,11464805,2934990080,2934.99008,132,195,97,1,20251020_035114
1760899842.3332691,11464844,2935000064,2935.000064,135,195,98,1,20251020_035114
1760899842.3432531,11464883,2935010048,2935.010048,137,196,100,1,20251020_035114
1760899842.3534932,11464923,2935020288,2935.020288,140,196,101,1,20251020_035114
1760899842.3634772,11464962,2935030272,2935.030272,143,196,102,1,20251020_035114
1760899842.3734612,11465001,2935040256,2935.040256,145,195,104,1,20251020_035114
1760899842.3834453,11465040,2935050240,2935.05024,148,196,106,1,20251020_035114
1760899842.3934293,11465079,2935060224,2935.060224,150,196,108,1,20251020_035114
1760899842.4034133,11465118,2935070208,2935.070208,153,196,111,1,20251020_035114
1760899842.4133973,11465157,2935080192,2935.080192,156,196,115,1,20251020_035114
1760899842.423381,11465196,2935090176,2935.090176,158,196,119,1,20251020_035114
1760899842.433365,11465235,2935100160,2935.10016,161,196,127,1,20251020_035114
1760899842.4433491,11465274,2935110144,2935.110144,164,197,130,1,20251020_035114
1760899842.4533331,11465313,2935120128,2935.120128,168,196,133,1,20251020_035114
1760899842.4633172,11465352,2935130112,2935.130112,171,196,139,1,20251020_035114
1760899842.4733012,11465391,2935140096,2935.140096,175,196,147,1,20251020_035114
1760899842.4832852,11465430,2935150080,2935.15008,179,197,154,1,20251020_035114
1760899842.4935253,11465470,2935160320,2935.16032,183,197,160,1,20251020_035114
1760899842.5035093,11465509,2935170304,2935.170304,187,197,162,1,20251020_035114
1760899842.5134933,11465548,2935180288,2935.180288,191,198,162,1,20251020_035114
1760899842.5234773,11465587,2935190272,2935.190272,196,197,164,1,20251020_035114
1760899842.533461,11465626,2935200256,2935.200256,200,197,165,1,20251020_035114
1760899842.543445,11465665,2935210240,2935.21024,204,197,165,1,20251020_035114
1760899842.5534291,11465704,2935220224,2935.220224,208,198,166,1,20251020_035114
1760899842.5634131,11465743,2935230208,2935.230208,212,198,165,1,20251020_035114
1760899842.5733972,11465782,2935240192,2935.240192,216,198,166,1,20251020_035114
1760899842.5833812,11465821,2935250176,2935.250176,220,197,167,1,20251020_035114
1760899842.5933652,11465860,2935260160,2935.26016,224,198,167,1,20251020_035114
1760899842.6033492,11465899,2935270144,2935.270144,227,198,167,1,20251020_035114
1760899842.6133332,11465938,2935280128,2935.280128,231,198,167,1,20251020_035114
1760899842.6233172,11465977,2935290112,2935.290112,234,198,169,1,20251020_035114
1760899842.6333013,11466016,2935300096,2935.300096,238,198,168,1,20251020_035114
1760899842.643541,11466056,2935310336,2935.310336,241,198,168,1,20251020_035114
1760899842.653525,11466095,2935320320,2935.32032,244,199,166,1,20251020_035114
1760899842.6635091,11466134,2935330304,2935.330304,247,199,167,1,20251020_035114
1760899842.6734931,11466173,2935340288,2935.340288,250,198,167,1,20251020_035114
1760899842.6834772,11466212,2935350272,2935.350272,253,199,167,1,20251020_035114
1760899842.6934612,11466251,2935360256,2935.360256,1,199,167,1,20251020_035114
1760899842.7034452,11466290,2935370240,2935.37024,4,199,165,1,20251020_035114
1760899842.7134292,11466329,2935380224,2935.380224,6,198,166,1,20251020_035114
1760899842.7234132,11466368,2935390208,2935.390208,9,199,165,1,20251020_035114
1760899842.7333972,11466407,2935400192,2935.400192,11,198,164,1,20251020_035114
1760899842.7433813,11466446,2935410176,2935.410176,14,199,162,1,20251020_035114
1760899842.7533653,11466485,2935420160,2935.42016,16,199,162,1,20251020_035114
1760899842.7633493,11466524,2935430144,2935.430144,19,199,158,1,20251020_035114
1760899842.7733333,11466563,2935440128,2935.440128,21,199,157,1,20251020_035114
1760899842.7835732,11466603,2935450368,2935.450368,24,199,156,1,20251020_035114
1760899842.7935572,11466642,2935460352,2935.460352,27,199,153,1,20251020_035114
1760899842.8035412,11466681,2935470336,2935.470336,29,199,149,1,20251020_035114
1760899842.8135252,11466720,2935480320,2935.48032,32,199,146,1,20251020_035114
1760899842.8235092,11466759,2935490304,2935.490304,35,198,143,1,20251020_035114
1760899842.8334932,11466798,2935500288,2935.500288,38,199,134,1,20251020_035114
1760899842.8434772,11466837,2935510272,2935.510272,41,199,127,1,20251020_035114
1760899842.8534613,11466876,2935520256,2935.520256,44,198,122,1,20251020_035114
1760899842.8634453,11466915,2935530240,2935.53024,48,199,115,1,20251020_035114
1760899842.8734293,11466954,2935540224,2935.540224,52,199,111,1,20251020_035114
1760899842.8834133,11466993,2935550208,2935.550208,56,199,106,1,20251020_035114
1760899842.893397,11467032,2935560192,2935.560192,60,199,101,1,20251020_035114
1760899842.903381,11467071,2935570176,2935.570176,64,198,98,1,20251020_035114
1760899842.9133651,11467110,2935580160,2935.58016,69,199,94,1,20251020_035114
1760899842.9233491,11467149,2935590144,2935.590144,73,199,96,1,20251020_035114
1760899842.9335892,11467189,2935600384,2935.600384,77,198,94,1,20251020_035114
1760899842.9435732,11467228,2935610368,2935.610368,81,199,92,1,20251020_035114
1760899842.9535573,11467267,2935620352,2935.620352,85,198,95,1,20251020_035114
1760899842.9635413,11467306,2935630336,2935.630336,89,199,94,1,20251020_035114
1760899842.9735253,11467345,2935640320,2935.64032,93,198,96,1,20251020_035114
1760899842.9835093,11467384,2935650304,2935.650304,97,198,96,1,20251020_035114
1760899842.9934933,11467423,2935660288,2935.660288,100,199,94,1,20251020_035114
1760899843.003477,11467462,2935670272,2935.670272,104,198,93,1,20251020_035114
1760899843.013461,11467501,2935680256,2935.680256,107,198,93,1,20251020_035114
1760899843.0234451,11467540,2935690240,2935.69024,111,198,95,1,20251020_035114
1760899843.0334291,11467579,2935700224,2935.700224,114,197,95,1,20251020_035114
1760899843.0434132,11467618,2935710208,2935.710208,117,197,95,1,20251020_035114
1760899843.0533972,11467657,2935720192,2935.720192,120,197,99,1,20251020_035114
1760899843.0633812,11467696,2935730176,2935.730176,123,196,98,1,20251020_035114
1760899843.0733652,11467735,2935740160,2935.74016,126,196,100,1,20251020_035114
1760899843.0836053,11467775,2935750400,2935.7504,129,196,102,1,20251020_035114
1760899843.0935893,11467814,2935760384,2935.760384,132,196,105,1,20251020_035114
1760899843.103573,11467853,2935770368,2935.770368,135,196,110,1,20251020_035114
1760899843.113557,11467892,2935780352,2935.780352,137,196,116,1,20251020_035114
1760899843.123541,11467931,2935790336,2935.790336,140,196,126,1,20251020_035114
1760899843.1335251,11467970,2935800320,2935.80032,144,196,130,1,20251020_035114
1760899843.1435091,11468009,2935810304,2935.810304,147,197,136,1,20251020_035114
1760899843.1534932,11468048,2935820288,2935.820288,150,196,140,1,20251020_035114
1760899843.1634772,11468087,2935830272,2935.830272,154,196,145,1,20251020_035114
1760899843.1734612,11468126,2935840256,2935.840256,157,196,150,1,20251020_035114
1760899843.1834452,11468165,2935850240,2935.85024,161,196,158,1,20251020_035114
1760899843.1934292,11468204,2935860224,2935.860224,165,196,159,1,20251020_035114
1760899843.2034132,11468243,2935870208,2935.870208,170,198,162,1,20251020_035114
1760899843.2133973,11468282,2935880192,2935.880192,174,196,162,1,20251020_035114
1760899843.223637,11468322,2935890432,2935.890432,178,196,162,1,20251020_035114
1760899843.2336211,11468361,2935900416,2935.900416,182,197,162,1,20251020_035114
1760899843.2436051,11468400,2935910400,2935.9104,187,197,164,1,20251020_035114
1760899843.2535892,11468439,2935920384,2935.920384,191,197,164,1,20251020_035114
1760899843.2635732,11468478,2935930368,2935.930368,195,197,164,1,20251020_035114
1760899843.2735572,11468517,2935940352,2935.940352,199,197,165,1,20251020_035114
1760899843.2835412,11468556,2935950336,2935.950336,204,197,165,1,20251020_035114
1760899843.2935252,11468595,2935960320,2935.96032,208,197,165,1,20251020_035114
1760899843.3035092,11468634,2935970304,2935.970304,212,198,166,1,20251020_035114
1760899843.3134933,11468673,2935980288,2935.980288,216,198,166,1,20251020_035114
1760899843.3234773,11468712,2935990272,2935.990272,219,197,166,1,20251020_035114
1760899843.3334613,11468751,2936000256,2936.000256,223,198,166,1,20251020_035114
1760899843.3434453,11468790,2936010240,2936.01024,227,198,166,1,20251020_035114
1760899843.3534293,11468829,2936020224,2936.020224,230,198,167,1,20251020_035114
1760899843.3636692,11468869,2936030464,2936.030464,234,199,167,1,20251020_035114
1760899843.3736532,11468908,2936040448,2936.040448,237,199,167,1,20251020_035114
1760899843.3836372,11468947,2936050432,2936.050432,241,198,167,1,20251020_035114
1760899843.3936212,11468986,2936060416,2936.060416,244,198,166,1,20251020_035114
1760899843.4036052,11469025,2936070400,2936.0704,247,199,167,1,20251020_035114
1760899843.4135892,11469064,2936080384,2936.080384,250,198,165,1,20251020_035114
1760899843.4235733,11469103,2936090368,2936.090368,253,198,166,1,20251020_035114
1760899843.4335573,11469142,2936100352,2936.100352,1,199,166,1,20251020_035114
1760899843.4435413,11469181,2936110336,2936.110336,3,198,164,1,20251020_035114
1760899843.4535253,11469220,2936120320,2936.12032,6,199,164,1,20251020_035114
1760899843.463509,11469259,2936130304,2936.130304,9,199,163,1,20251020_035114
1760899843.473493,11469298,2936140288,2936.140288,11,199,163,1,20251020_035114
1760899843.483477,11469337,2936150272,2936.150272,14,199,162,1,20251020_035114
1760899843.4934611,11469376,2936160256,2936.160256,16,199,160,1,20251020_035114
1760899843.5034451,11469415,2936170240,2936.17024,19,199,160,1,20251020_035114
1760899843.5136852,11469455,2936180480,2936.18048,21,199,158,1,20251020_035114
1760899843.5236692,11469494,2936190464,2936.190464,24,199,157,1,20251020_035114
1760899843.5336533,11469533,2936200448,2936.200448,26,200,158,1,20251020_035114
1760899843.5436373,11469572,2936210432,2936.210432,29,199,156,1,20251020_035114
1760899843.5536213,11469611,2936220416,2936.220416,31,199,157,1,20251020_035114
1760899843.5636053,11469650,2936230400,2936.2304,34,198,156,1,20251020_035114
1760899843.573589,11469689,2936240384,2936.240384,36,199,154,1,20251020_035114
1760899843.583573,11469728,2936250368,2936.250368,38,199,153,1,20251020_035114
1760899843.5935571,11469767,2936260352,2936.260352,41,199,151,1,20251020_035114
1760899843.6035411,11469806,2936270336,2936.270336,43,199,150,1,20251020_035114
1760899843.6135252,11469845,2936280320,2936.28032,46,199,149,1,20251020_035114
1760899843.6235092,11469884,2936290304,2936.290304,49,199,145,1,20251020_035114
1760899843.6334932,11469923,2936300288,2936.300288,52,199,140,1,20251020_035114
1760899843.6434772,11469962,2936310272,2936.310272,54,201,138,1,20251020_035114
1760899843.6537173,11470002,2936320512,2936.320512,58,198,133,1,20251020_035114
1760899843.6637013,11470041,2936330496,2936.330496,61,199,129,1,20251020_035114
1760899843.6736853,11470080,2936340480,2936.34048,64,198,127,1,20251020_035114
1760899843.683669,11470119,2936350464,2936.350464,67,198,124,1,20251020_035114
1760899843.693653,11470158,2936360448,2936.360448,71,198,119,1,20251020_035114
1760899843.7036371,11470197,2936370432,2936.370432,75,199,116,1,20251020_035114
1760899843.7136211,11470236,2936380416,2936.380416,78,198,112,1,20251020_035114
1760899843.7236052,11470275,2936390400,2936.3904,82,198,109,1,20251020_035114
1760899843.7335892,11470314,2936400384,2936.400384,86,198,105,1,20251020_035114
1760899843.7435732,11470353,2936410368,2936.410368,89,198,104,1,20251020_035114
1760899843.7535572,11470392,2936420352,2936.420352,93,198,102,1,20251020_035114
1760899843.7635412,11470431,2936430336,2936.430336,97,198,100,1,20251020_035114
1760899843.7735252,11470470,2936440320,2936.44032,100,198,96,1,20251020_035114
1760899843.7835093,11470509,2936450304,2936.450304,104,197,95,1,20251020_035114
1760899843.7934933,11470548,2936460288,2936.460288,107,197,93,1,20251020_035114
1760899843.803733,11470588,2936470528,2936.470528,111,197,95,1,20251020_035114
1760899843.8137171,11470627,2936480512,2936.480512,114,197,96,1,20251020_035114
1760899843.8237011,11470666,2936490496,2936.490496,117,196,96,1,20251020_035114
1760899843.8336852,11470705,2936500480,2936.50048,120,196,97,1,20251020_035114
1760899843.8436692,11470744,2936510464,2936.510464,123,197,98,1,20251020_035114
1760899843.8536532,11470783,2936520448,2936.520448,126,195,98,1,20251020_035114
1760899843.8636372,11470822,2936530432,2936.530432,129,195,99,1,20251020_035114
1760899843.8736212,11470861,2936540416,2936.540416,132,195,100,1,20251020_035114
1760899843.8836052,11470900,2936550400,2936.5504,134,195,102,1,20251020_035114
1760899843.8935893,11470939,2936560384,2936.560384,137,194,103,1,20251020_035114
1760899843.9035733,11470978,2936570368,2936.570368,140,195,104,1,20251020_035114
1760899843.9135573,11471017,2936580352,2936.580352,142,195,105,1,20251020_035114
1760899843.9235413,11471056,2936590336,2936.590336,145,195,107,1,20251020_035114
1760899843.933525,11471095,2936600320,2936.60032,148,195,108,1,20251020_035114
1760899843.9437652,11471135,2936610560,2936.61056,150,195,109,1,20251020_035114
1760899843.9537492,11471174,2936620544,2936.620544,153,195,111,1,20251020_035114
1760899843.9637332,11471213,2936630528,2936.630528,155,196,115,1,20251020_035114
1760899843.9737172,11471252,2936640512,2936.640512,158,195,118,1,20251020_035114
1760899843.9837012,11471291,2936650496,2936.650496,161,196,124,1,20251020_035114
1760899843.9936852,11471330,2936660480,2936.66048,164,196,127,1,20251020_035114
1760899844.0036693,11471369,2936670464,2936.670464,167,196,132,1,20251020_035114
1760899844.0136533,11471408,2936680448,2936.680448,171,196,136,1,20251020_035114
1760899844.0236373,11471447,2936690432,2936.690432,174,196,139,1,20251020_035114
1760899844.0336213,11471486,2936700416,2936.700416,178,196,142,1,20251020_035114
1760899844.043605,11471525,2936710400,2936.7104,181,196,147,1,20251020_035114
1760899844.053589,11471564,2936720384,2936.720384,185,197,152,1,20251020_035114
1760899844.0635731,11471603,2936730368,2936.730368,189,197,158,1,20251020_035114
1760899844.0735571,11471642,2936740352,2936.740352,193,197,161,1,20251020_035114
1760899844.0835412,11471681,2936750336,2936.750336,197,197,162,1,20251020_035114
1760899844.0937812,11471721,2936760576,2936.760576,202,197,162,1,20251020_035114
1760899844.1037652,11471760,2936770560,2936.77056,206,197,163,1,20251020_035114
1760899844.1137493,11471799,2936780544,2936.780544,210,197,164,1,20251020_035114
1760899844.1237333,11471838,2936790528,2936.790528,214,198,165,1,20251020_035114
1760899844.1337173,11471877,2936800512,2936.800512,217,197,165,1,20251020_035114
1760899844.1437013,11471916,2936810496,2936.810496,221,198,166,1,20251020_035114
1760899844.153685,11471955,2936820480,2936.82048,225,198,166,1,20251020_035114
1760899844.163669,11471994,2936830464,2936.830464,229,198,167,1,20251020_035114
1760899844.1736531,11472033,2936840448,2936.840448,232,198,166,1,20251020_035114
1760899844.1836371,11472072,2936850432,2936.850432,236,198,168,1,20251020_035114
1760899844.1936212,11472111,2936860416,2936.860416,239,198,167,1,20251020_035114
1760899844.2036052,11472150,2936870400,2936.8704,242,198,167,1,20251020_035114
1760899844.2135892,11472189,2936880384,2936.880384,245,199,168,1,20251020_035114
1760899844.2235732,11472228,2936890368,2936.890368,248,199,167,1,20251020_035114
1760899844.2338133,11472268,2936900608,2936.900608,251,198,166,1,20251020_035114
1760899844.2437973,11472307,2936910592,2936.910592,254,199,167,1,20251020_035114
1760899844.2537813,11472346,2936920576,2936.920576,2,198,167,1,20251020_035114
1760899844.263765,11472385,2936930560,2936.93056,5,199,167,1,20251020_035114
1760899844.273749,11472424,2936940544,2936.940544,7,199,166,1,20251020_035114
1760899844.2837331,11472463,2936950528,2936.950528,10,199,166,1,20251020_035114
1760899844.2937171,11472502,2936960512,2936.960512,12,199,165,1,20251020_035114
1760899844.3037012,11472541,2936970496,2936.970496,15,199,166,1,20251020_035114
1760899844.3136852,11472580,2936980480,2936.98048,17,199,165,1,20251020_035114
1760899844.3236692,11472619,2936990464,2936.990464,20,198,163,1,20251020_035114
1760899844.3336532,11472658,2937000448,2937.000448,22,198,163,1,20251020_035114
1760899844.3436372,11472697,2937010432,2937.010432,24,198,163,1,20251020_035114
1760899844.3536212,11472736,2937020416,2937.020416,27,198,162,1,20251020_035114
1760899844.3636053,11472775,2937030400,2937.0304,29,198,160,1,20251020_035114
1760899844.3735893,11472814,2937040384,2937.040384,31,199,157,1,20251020_035114
1760899844.383829,11472854,2937050624,2937.050624,34,198,157,1,20251020_035114
1760899844.3938131,11472893,2937060608,2937.060608,36,198,155,1,20251020_035114
1760899844.4037971,11472932,2937070592,2937.070592,38,199,152,1,20251020_035114
1760899844.4137812,11472971,2937080576,2937.080576,41,198,150,1,20251020_035114
1760899844.4237652,11473010,2937090560,2937.09056,44,198,144,1,20251020_035114
1760899844.4337492,11473049,2937100544,2937.100544,47,198,134,1,20251020_035114
1760899844.4437332,11473088,2937110528,2937.110528,50,198,127,1,20251020_035114
1760899844.4537172,11473127,2937120512,2937.120512,53,198,119,1,20251020_035114
1760899844.4637012,11473166,2937130496,2937.130496,57,198,113,1,20251020_035114
1760899844.4736853,11473205,2937140480,2937.14048,61,198,106,1,20251020_035114
1760899844.4836693,11473244,2937150464,2937.150464,65,198,103,1,20251020_035114
1760899844.4936533,11473283,2937160448,2937.160448,69,198,99,1,20251020_035114
1760899844.5036373,11473322,2937170432,2937.170432,74,198,97,1,20251020_035114
1760899844.513621,11473361,2937180416,2937.180416,78,198,97,1,20251020_035114
1760899844.523605,11473400,2937190400,2937.1904,82,198,95,1,20251020_035114
1760899844.5338452,11473440,2937200640,2937.20064,86,198,94,1,20251020_035114
1760899844.5438292,11473479,2937210624,2937.210624,90,198,93,1,20251020_035114
1760899844.5538132,11473518,2937220608,2937.220608,94,198,94,1,20251020_035114
1760899844.5637972,11473557,2937230592,2937.230592,97,198,96,1,20251020_035114
1760899844.5737813,11473596,2937240576,2937.240576,101,197,97,1,20251020_035114
1760899844.5837653,11473635,2937250560,2937.25056,104,197,96,1,20251020_035114
1760899844.5937493,11473674,2937260544,2937.260544,108,197,96,1,20251020_035114
1760899844.6037333,11473713,2937270528,2937.270528,111,197,97,1,20251020_035114
1760899844.6137173,11473752,2937280512,2937.280512,114,197,95,1,20251020_035114
1760899844.623701,11473791,2937290496,2937.290496,118,196,95,1,20251020_035114
1760899844.633685,11473830,2937300480,2937.30048,121,197,95,1,20251020_035114
1760899844.6436691,11473869,2937310464,2937.310464,124,196,95,1,20251020_035114
1760899844.6536531,11473908,2937320448,2937.320448,126,195,96,1,20251020_035114
1760899844.6636372,11473947,2937330432,2937.330432,129,195,97,1,20251020_035114
1760899844.6738772,11473987,2937340672,2937.340672,132,195,97,1,20251020_035114
1760899844.6838613,11474026,2937350656,2937.350656,135,195,98,1,20251020_035114
1760899844.6938453,11474065,2937360640,2937.36064,137,195,99,1,20251020_035114
1760899844.7038293,11474104,2937370624,2937.370624,140,195,101,1,20251020_035114
1760899844.7138133,11474143,2937380608,2937.380608,142,195,103,1,20251020_035114
1760899844.723797,11474182,2937390592,2937.390592,145,195,106,1,20251020_035114
1760899844.733781,11474221,2937400576,2937.400576,148,195,109,1,20251020_035114
1760899844.743765,11474260,2937410560,2937.41056,150,195,115,1,20251020_035114
1760899844.7537491,11474299,2937420544,2937.420544,153,196,123,1,20251020_035114
1760899844.7637331,11474338,2937430528,2937.430528,156,195,128,1,20251020_035114
1760899844.7737172,11474377,2937440512,2937.440512,159,196,135,1,20251020_035114
1760899844.7837012,11474416,2937450496,2937.450496,163,196,141,1,20251020_035114
1760899844.7936852,11474455,2937460480,2937.46048,167,196,148,1,20251020_035114
1760899844.8036692,11474494,2937470464,2937.470464,170,196,157,1,20251020_035114
1760899844.8136532,11474533,2937480448,2937.480448,175,195,160,1,20251020_035114
1760899844.8238933,11474573,2937490688,2937.490688,179,196,160,1,20251020_035114
1760899844.833877,11474612,2937500672,2937.500672,183,196,160,1,20251020_035114
1760899844.843861,11474651,2937510656,2937.510656,187,196,162,1,20251020_035114
1760899844.8538451,11474690,2937520640,2937.52064,191,196,163,1,20251020_035114
1760899844.8638291,11474729,2937530624,2937.530624,196,196,163,1,20251020_035114
1760899844.8738132,11474768,2937540608,2937.540608,200,196,164,1,20251020_035114
1760899844.8837972,11474807,2937550592,2937.550592,204,196,164,1,20251020_035114
1760899844.8937812,11474846,2937560576,2937.560576,208,196,165,1,20251020_035114
1760899844.9037652,11474885,2937570560,2937.57056,212,197,165,1,20251020_035114
1760899844.9137492,11474924,2937580544,2937.580544,216,196,166,1,20251020_035114
1760899844.9237332,11474963,2937590528,2937.590528,220,197,165,1,20251020_035114
1760899844.9337173,11475002,2937600512,2937.600512,224,196,166,1,20251020_035114
1760899844.9437013,11475041,2937610496,2937.610496,227,198,166,1,20251020_035114
1760899844.9536853,11475080,2937620480,2937.62048,231,197,167,1,20251020_035114
1760899844.9636693,11475119,2937630464,2937.630464,234,197,166,1,20251020_035114
1760899844.9739091,11475159,2937640704,2937.640704,238,197,167,1,20251020_035114
1760899844.9838932,11475198,2937650688,2937.650688,241,197,167,1,20251020_035114
1760899844.9938772,11475237,2937660672,2937.660672,244,198,167,1,20251020_035114
1760899845.0038612,11475276,2937670656,2937.670656,247,198,167,1,20251020_035114
1760899845.0138452,11475315,2937680640,2937.68064,250,198,167,1,20251020_035114
1760899845.0238292,11475354,2937690624,2937.690624,253,198,166,1,20251020_035114
1760899845.0338132,11475393,2937700608,2937.700608,1,198,164,1,20251020_035114
1760899845.0437973,11475432,2937710592,2937.710592,4,199,164,1,20251020_035114
1760899845.0537813,11475471,2937720576,2937.720576,6,198,163,1,20251020_035114
1760899845.0637653,11475510,2937730560,2937.73056,9,198,162,1,20251020_035114
1760899845.0737493,11475549,2937740544,2937.740544,12,199,162,1,20251020_035114
1760899845.083733,11475588,2937750528,2937.750528,14,198,159,1,20251020_035114
1760899845.093717,11475627,2937760512,2937.760512,17,199,157,1,20251020_035114
1760899845.103701,11475666,2937770496,2937.770496,19,199,156,1,20251020_035114
1760899845.1139412,11475706,2937780736,2937.780736,22,198,154,1,20251020_035114
1760899845.1239252,11475745,2937790720,2937.79072,24,198,153,1,20251020_035114
1760899845.1339092,11475784,2937800704,2937.800704,27,198,151,1,20251020_035114
1760899845.1438932,11475823,2937810688,2937.810688,30,198,150,1,20251020_035114
1760899845.1538773,11475862,2937820672,2937.820672,32,199,145,1,20251020_035114
1760899845.1638613,11475901,2937830656,2937.830656,35,199,139,1,20251020_035114
1760899845.1738453,11475940,2937840640,2937.84064,38,199,130,1,20251020_035114
1760899845.1838293,11475979,2937850624,2937.850624,42,199,127,1,20251020_035114
1760899845.193813,11476018,2937860608,2937.860608,45,199,120,1,20251020_035114
1760899845.203797,11476057,2937870592,2937.870592,49,199,114,1,20251020_035114
1760899845.213781,11476096,2937880576,2937.880576,53,198,108,1,20251020_035114
1760899845.2237651,11476135,2937890560,2937.89056,57,199,102,1,20251020_035114
1760899845.2337492,11476174,2937900544,2937.900544,61,199,98,1,20251020_035114
1760899845.2437332,11476213,2937910528,2937.910528,66,199,95,1,20251020_035114
1760899845.2537172,11476252,2937920512,2937.920512,70,198,91,1,20251020_035114
1760899845.2639573,11476292,2937930752,2937.930752,74,198,92,1,20251020_035114
1760899845.2739413,11476331,2937940736,2937.940736,78,198,93,1,20251020_035114
1760899845.2839253,11476370,2937950720,2937.95072,82,198,94,1,20251020_035114
1760899845.2939093,11476409,2937960704,2937.960704,86,198,94,1,20251020_035114
1760899845.303893,11476448,2937970688,2937.970688,90,198,93,1,20251020_035114
1760899845.313877,11476487,2937980672,2937.980672,94,198,93,1,20251020_035114
1760899845.3238611,11476526,2937990656,2937.990656,98,197,94,1,20251020_035114
1760899845.3338451,11476565,2938000640,2938.00064,101,198,94,1,20251020_035114
1760899845.3438292,11476604,2938010624,2938.010624,105,197,95,1,20251020_035114
1760899845.3538132,11476643,2938020608,2938.020608,108,197,93,1,20251020_035114
1760899845.3637972,11476682,2938030592,2938.030592,112,197,93,1,20251020_035114
1760899845.3737812,11476721,2938040576,2938.040576,115,197,96,1,20251020_035114
1760899845.3837652,11476760,2938050560,2938.05056,118,197,96,1,20251020_035114
1760899845.3937492,11476799,2938060544,2938.060544,121,196,98,1,20251020_035114
1760899845.4039893,11476839,2938070784,2938.070784,124,196,98,1,20251020_035114
1760899845.413973,11476878,2938080768,2938.080768,127,196,100,1,20251020_035114
1760899845.423957,11476917,2938090752,2938.090752,130,195,102,1,20251020_035114
1760899845.4339411,11476956,2938100736,2938.100736,133,195,105,1,20251020_035114
1760899845.4439251,11476995,2938110720,2938.11072,135,195,107,1,20251020_035114
1760899845.4539092,11477034,2938120704,2938.120704,138,195,112,1,20251020_035114
1760899845.4638932,11477073,2938130688,2938.130688,141,195,119,1,20251020_035114
1760899845.4738772,11477112,2938140672,2938.140672,144,195,127,1,20251020_035114
1760899845.4838612,11477151,2938150656,2938.150656,147,196,130,1,20251020_035114
1760899845.4938452,11477190,2938160640,2938.16064,150,195,134,1,20251020_035114
1760899845.5038292,11477229,2938170624,2938.170624,154,196,140,1,20251020_035114
1760899845.5138133,11477268,2938180608,2938.180608,157,195,145,1,20251020_035114
1760899845.5237973,11477307,2938190592,2938.190592,161,196,150,1,20251020_035114
1760899845.5337813,11477346,2938200576,2938.200576,165,196,155,1,20251020_035114
1760899845.5437653,11477385,2938210560,2938.21056,169,196,160,1,20251020_035114
1760899845.5540051,11477425,2938220800,2938.2208,173,195,160,1,20251020_035114
1760899845.5639892,11477464,2938230784,2938.230784,177,195,161,1,20251020_035114
1760899845.5739732,11477503,2938240768,2938.240768,182,196,161,1,20251020_035114
1760899845.5839572,11477542,2938250752,2938.250752,186,196,161,1,20251020_035114
1760899845.5939412,11477581,2938260736,2938.260736,190,196,164,1,20251020_035114
1760899845.6039252,11477620,2938270720,2938.27072,194,196,164,1,20251020_035114
1760899845.6139092,11477659,2938280704,2938.280704,199,197,165,1,20251020_035114
1760899845.6238933,11477698,2938290688,2938.290688,203,196,165,1,20251020_035114
1760899845.6338773,11477737,2938300672,2938.300672,207,197,164,1,20251020_035114
1760899845.6438613,11477776,2938310656,2938.310656,211,197,166,1,20251020_035114
1760899845.6538453,11477815,2938320640,2938.32064,215,197,165,1,20251020_035114
1760899845.663829,11477854,2938330624,2938.330624,219,197,165,1,20251020_035114
1760899845.673813,11477893,2938340608,2938.340608,223,197,166,1,20251020_035114
1760899845.6837971,11477932,2938350592,2938.350592,226,197,166,1,20251020_035114
1760899845.6940372,11477972,2938360832,2938.360832,230,198,167,1,20251020_035114
1760899845.7040212,11478011,2938370816,2938.370816,233,198,167,1,20251020_035114
1760899845.7140052,11478050,2938380800,2938.3808,237,198,167,1,20251020_035114
1760899845.7239892,11478089,2938390784,2938.390784,240,198,167,1,20251020_035114
1760899845.7339733,11478128,2938400768,2938.400768,243,198,166,1,20251020_035114
1760899845.7439573,11478167,2938410752,2938.410752,246,198,167,1,20251020_035114
1760899845.7539413,11478206,2938420736,2938.420736,249,198,167,1,20251020_035114
1760899845.7639253,11478245,2938430720,2938.43072,252,199,166,1,20251020_035114
1760899845.773909,11478284,2938440704,2938.440704,0,199,167,1,20251020_035114
1760899845.783893,11478323,2938450688,2938.450688,3,198,167,1,20251020_035114
1760899845.7938771,11478362,2938460672,2938.460672,5,198,167,1,20251020_035114
1760899845.8038611,11478401,2938470656,2938.470656,8,198,168,1,20251020_035114
1760899845.8138452,11478440,2938480640,2938.48064,11,199,167,1,20251020_035114
1760899845.8238292,11478479,2938490624,2938.490624,13,198,167,1,20251020_035114
1760899845.8338132,11478518,2938500608,2938.500608,16,199,168,1,20251020_035114
1760899845.8440533,11478558,2938510848,2938.510848,18,198,167,1,20251020_035114
1760899845.8540373,11478597,2938520832,2938.520832,20,198,167,1,20251020_035114
1760899845.8640213,11478636,2938530816,2938.530816,22,199,168,1,20251020_035114
1760899845.8740053,11478675,2938540800,2938.5408,25,199,167,1,20251020_035114
1760899845.883989,11478714,2938550784,2938.550784,27,198,168,1,20251020_035114
1760899845.893973,11478753,2938560768,2938.560768,29,199,168,1,20251020_035114
1760899845.9039571,11478792,2938570752,2938.570752,31,200,168,1,20251020_035114
1760899845.9139411,11478831,2938580736,2938.580736,33,199,168,1,20251020_035114
1760899845.9239252,11478870,2938590720,2938.59072,35,198,168,1,20251020_035114
1760899845.9339092,11478909,2938600704,2938.600704,37,198,167,1,20251020_035114
1760899845.9438932,11478948,2938610688,2938.610688,39,198,167,1,20251020_035114
1760899845.9538772,11478987,2938620672,2938.620672,41,198,166,1,20251020_035114
1760899845.9638612,11479026,2938630656,2938.630656,43,198,168,1,20251020_035114
1760899845.9738452,11479065,2938640640,2938.64064,45,199,167,1,20251020_035114
1760899845.984085,11479105,2938650880,2938.65088,47,198,166,1,20251020_035114
1760899845.994069,11479144,2938660864,2938.660864,49,198,165,1,20251020_035114
1760899846.004053,11479183,2938670848,2938.670848,51,198,164,1,20251020_035114
1760899846.0140371,11479222,2938680832,2938.680832,54,198,163,1,20251020_035114
1760899846.0240211,11479261,2938690816,2938.690816,56,197,162,1,20251020_035114
1760899846.0340052,11479300,2938700800,2938.7008,58,198,162,1,20251020_035114
1760899846.0439892,11479339,2938710784,2938.710784,60,197,161,1,20251020_035114
1760899846.0539732,11479378,2938720768,2938.720768,62,197,158,1,20251020_035114
1760899846.0639572,11479417,2938730752,2938.730752,65,197,157,1,20251020_035114
1760899846.0739412,11479456,2938740736,2938.740736,67,197,155,1,20251020_035114
1760899846.0839252,11479495,2938750720,2938.75072,70,197,154,1,20251020_035114
1760899846.0939093,11479534,2938760704,2938.760704,72,197,150,1,20251020_035114
1760899846.1038933,11479573,2938770688,2938.770688,75,196,148,1,20251020_035114
1760899846.1138773,11479612,2938780672,2938.780672,78,196,140,1,20251020_035114
1760899846.1241171,11479652,2938790912,2938.790912,81,197,137,1,20251020_035114
1760899846.1341012,11479691,2938800896,2938.800896,84,196,129,1,20251020_035114
1760899846.1440852,11479730,2938810880,2938.81088,87,196,126,1,20251020_035114
1760899846.1540692,11479769,2938820864,2938.820864,91,196,119,1,20251020_035114
1760899846.1640532,11479808,2938830848,2938.830848,94,196,115,1,20251020_035114
1760899846.1740372,11479847,2938840832,2938.840832,97,196,109,1,20251020_035114
1760899846.1840212,11479886,2938850816,2938.850816,101,195,106,1,20251020_035114
1760899846.1940053,11479925,2938860800,2938.8608,104,195,102,1,20251020_035114
1760899846.2039893,11479964,2938870784,2938.870784,108,195,98,1,20251020_035114
1760899846.2139733,11480003,2938880768,2938.880768,111,195,94,1,20251020_035114
1760899846.2239573,11480042,2938890752,2938.890752,114,194,94,1,20251020_035114
1760899846.2339413,11480081,2938900736,2938.900736,117,194,96,1,20251020_035114
1760899846.243925,11480120,2938910720,2938.91072,121,194,96,1,20251020_035114
1760899846.253909,11480159,2938920704,2938.920704,123,195,95,1,20251020_035114
1760899846.2638931,11480198,2938930688,2938.930688,126,193,97,1,20251020_035114
1760899846.2741332,11480238,2938940928,2938.940928,129,193,98,1,20251020_035114
1760899846.2841172,11480277,2938950912,2938.950912,132,192,98,1,20251020_035114
1760899846.2941012,11480316,2938960896,2938.960896,135,191,100,1,20251020_035114
1760899846.3040853,11480355,2938970880,2938.97088,137,192,100,1,20251020_035114
1760899846.3140693,11480394,2938980864,2938.980864,140,192,102,1,20251020_035114
1760899846.3240533,11480433,2938990848,2938.990848,142,193,104,1,20251020_035114
1760899846.3340373,11480472,2939000832,2939.000832,145,193,106,1,20251020_035114
1760899846.344021,11480511,2939010816,2939.010816,148,192,106,1,20251020_035114
1760899846.354005,11480550,2939020800,2939.0208,150,193,111,1,20251020_035114
1760899846.363989,11480589,2939030784,2939.030784,153,193,114,1,20251020_035114
1760899846.3739731,11480628,2939040768,2939.040768,156,193,119,1,20251020_035114
1760899846.3839571,11480667,2939050752,2939.050752,159,194,127,1,20251020_035114
1760899846.3939412,11480706,2939060736,2939.060736,162,194,131,1,20251020_035114
1760899846.4039252,11480745,2939070720,2939.07072,165,194,136,1,20251020_035114
1760899846.4141653,11480785,2939080960,2939.08096,169,195,142,1,20251020_035114
1760899846.4241493,11480824,2939090944,2939.090944,172,195,149,1,20251020_035114
1760899846.4341333,11480863,2939100928,2939.100928,176,195,159,1,20251020_035114
1760899846.4441173,11480902,2939110912,2939.110912,181,195,162,1,20251020_035114
1760899846.454101,11480941,2939120896,2939.120896,185,195,163,1,20251020_035114
1760899846.464085,11480980,2939130880,2939.13088,189,195,164,1,20251020_035114
1760899846.474069,11481019,2939140864,2939.140864,193,195,165,1,20251020_035114
1760899846.4840531,11481058,2939150848,2939.150848,198,195,165,1,20251020_035114
1760899846.4940372,11481097,2939160832,2939.160832,202,194,166,1,20251020_035114
1760899846.5040212,11481136,2939170816,2939.170816,206,195,166,1,20251020_035114
1760899846.5140052,11481175,2939180800,2939.1808,210,195,167,1,20251020_035114
1760899846.5239892,11481214,2939190784,2939.190784,214,195,167,1,20251020_035114
1760899846.5339732,11481253,2939200768,2939.200768,218,195,167,1,20251020_035114
1760899846.5439572,11481292,2939210752,2939.210752,222,196,167,1,20251020_035114
1760899846.5539412,11481331,2939220736,2939.220736,225,196,167,1,20251020_035114
1760899846.564181,11481371,2939230976,2939.230976,229,196,168,1,20251020_035114
1760899846.574165,11481410,2939240960,2939.24096,233,196,168,1,20251020_035114
1760899846.5841491,11481449,2939250944,2939.250944,236,197,168,1,20251020_035114
1760899846.5941331,11481488,2939260928,2939.260928,239,197,167,1,20251020_035114
1760899846.6041172,11481527,2939270912,2939.270912,242,197,168,1,20251020_035114
1760899846.6141012,11481566,2939280896,2939.280896,246,197,168,1,20251020_035114
1760899846.6240852,11481605,2939290880,2939.29088,249,197,167,1,20251020_035114
1760899846.6340692,11481644,2939300864,2939.300864,252,198,167,1,20251020_035114
1760899846.6440532,11481683,2939310848,2939.310848,254,197,166,1,20251020_035114
1760899846.6540372,11481722,2939320832,2939.320832,2,198,166,1,20251020_035114
1760899846.6640213,11481761,2939330816,2939.330816,5,197,164,1,20251020_035114
1760899846.6740053,11481800,2939340800,2939.3408,8,198,164,1,20251020_035114
1760899846.6839893,11481839,2939350784,2939.350784,10,198,162,1,20251020_035114
1760899846.6939733,11481878,2939360768,2939.360768,13,197,161,1,20251020_035114
1760899846.7042131,11481918,2939371008,2939.371008,15,198,160,1,20251020_035114
1760899846.7141972,11481957,2939380992,2939.380992,18,198,158,1,20251020_035114
1760899846.7241812,11481996,2939390976,2939.390976,20,198,156,1,20251020_035114
1760899846.7341652,11482035,2939400960,2939.40096,23,198,156,1,20251020_035114
1760899846.7441492,11482074,2939410944,2939.410944,26,198,153,1,20251020_035114
1760899846.7541332,11482113,2939420928,2939.420928,28,198,150,1,20251020_035114
1760899846.7641172,11482152,2939430912,2939.430912,31,198,148,1,20251020_035114
1760899846.7741013,11482191,2939440896,2939.440896,34,198,141,1,20251020_035114
1760899846.7840853,11482230,2939450880,2939.45088,37,198,133,1,20251020_035114
1760899846.7940693,11482269,2939460864,2939.460864,40,198,127,1,20251020_035114
1760899846.8040533,11482308,2939470848,2939.470848,44,198,123,1,20251020_035114
1760899846.814037,11482347,2939480832,2939.480832,47,198,117,1,20251020_035114
1760899846.824021,11482386,2939490816,2939.490816,51,198,111,1,20251020_035114
1760899846.834005,11482425,2939500800,2939.5008,55,198,106,1,20251020_035114
1760899846.8439891,11482464,2939510784,2939.510784,59,198,102,1,20251020_035114
1760899846.8542292,11482504,2939521024,2939.521024,64,198,97,1,20251020_035114
1760899846.8642132,11482543,2939531008,2939.531008,68,198,94,1,20251020_035114
1760899846.8741972,11482582,2939540992,2939.540992,72,197,96,1,20251020_035114
1760899846.8841813,11482621,2939550976,2939.550976,76,198,94,1,20251020_035114
1760899846.8941653,11482660,2939560960,2939.56096,80,197,93,1,20251020_035114
1760899846.9041493,11482699,2939570944,2939.570944,84,198,95,1,20251020_035114
1760899846.9141333,11482738,2939580928,2939.580928,88,197,94,1,20251020_035114
1760899846.924117,11482777,2939590912,2939.590912,92,198,94,1,20251020_035114
1760899846.934101,11482816,2939600896,2939.600896,96,197,95,1,20251020_035114
1760899846.9440851,11482855,2939610880,2939.61088,100,197,96,1,20251020_035114
1760899846.9540691,11482894,2939620864,2939.620864,103,196,96,1,20251020_035114
1760899846.9640532,11482933,2939630848,2939.630848,107,197,97,1,20251020_035114
1760899846.9740372,11482972,2939640832,2939.640832,110,197,96,1,20251020_035114
1760899846.9840212,11483011,2939650816,2939.650816,113,196,97,1,20251020_035114
1760899846.9942613,11483051,2939661056,2939.661056,116,196,96,1,20251020_035114
1760899847.0042453,11483090,2939671040,2939.67104,120,196,98,1,20251020_035114
1760899847.0142293,11483129,2939681024,2939.681024,123,195,99,1,20251020_035114
1760899847.0242133,11483168,2939691008,2939.691008,125,195,101,1,20251020_035114
1760899847.034197,11483207,2939700992,2939.700992,128,195,102,1,20251020_035114
1760899847.044181,11483246,2939710976,2939.710976,131,195,105,1,20251020_035114
1760899847.0541651,11483285,2939720960,2939.72096,134,194,109,1,20251020_035114
1760899847.0641491,11483324,2939730944,2939.730944,137,194,114,1,20251020_035114
1760899847.0741332,11483363,2939740928,2939.740928,140,194,121,1,20251020_035114
1760899847.0841172,11483402,2939750912,2939.750912,143,195,127,1,20251020_035114
1760899847.0941012,11483441,2939760896,2939.760896,146,194,132,1,20251020_035114
1760899847.1040852,11483480,2939770880,2939.77088,149,195,138,1,20251020_035114
1760899847.1140692,11483519,2939780864,2939.780864,153,195,142,1,20251020_035114
1760899847.1240532,11483558,2939790848,2939.790848,156,195,149,1,20251020_035114
1760899847.1342933,11483598,2939801088,2939.801088,160,195,154,1,20251020_035114
1760899847.144277,11483637,2939811072,2939.811072,164,197,161,1,20251020_035114
1760899847.154261,11483676,2939821056,2939.821056,168,195,160,1,20251020_035114
1760899847.1642451,11483715,2939831040,2939.83104,173,195,161,1,20251020_035114
1760899847.1742291,11483754,2939841024,2939.841024,177,195,160,1,20251020_035114
1760899847.1842132,11483793,2939851008,2939.851008,181,195,162,1,20251020_035114
1760899847.1941972,11483832,2939860992,2939.860992,185,195,163,1,20251020_035114
1760899847.2041812,11483871,2939870976,2939.870976,189,195,164,1,20251020_035114
1760899847.2141652,11483910,2939880960,2939.88096,194,195,163,1,20251020_035114
1760899847.2241492,11483949,2939890944,2939.890944,198,195,163,1,20251020_035114
1760899847.2341332,11483988,2939900928,2939.900928,202,195,164,1,20251020_035114
1760899847.2441173,11484027,2939910912,2939.910912,206,195,165,1,20251020_035114
1760899847.2541013,11484066,2939920896,2939.920896,210,195,165,1,20251020_035114
1760899847.2640853,11484105,2939930880,2939.93088,214,196,166,1,20251020_035114
1760899847.2743251,11484145,2939941120,2939.94112,218,196,165,1,20251020_035114
1760899847.2843091,11484184,2939951104,2939.951104,222,196,166,1,20251020_035114
1760899847.2942932,11484223,2939961088,2939.961088,226,196,166,1,20251020_035114
1760899847.3042772,11484262,2939971072,2939.971072,229,197,167,1,20251020_035114
1760899847.3142612,11484301,2939981056,2939.981056,233,197,167,1,20251020_035114
1760899847.3242452,11484340,2939991040,2939.99104,236,197,167,1,20251020_035114
1760899847.3344853,11484380,2940001280,2940.00128,239,197,166,1,20251020_035114
1760899847.3444693,11484419,2940011264,2940.011264,243,198,167,1,20251020_035114
1760899847.354453,11484458,2940021248,2940.021248,246,198,166,1,20251020_035114
1760899847.364437,11484497,2940031232,2940.031232,249,198,167,1,20251020_035114
1760899847.3744211,11484536,2940041216,2940.041216,252,198,167,1,20251020_035114
1760899847.3844051,11484575,2940051200,2940.0512,0,198,166,1,20251020_035114
1760899847.3943892,11484614,2940061184,2940.061184,2,198,165,1,20251020_035114
1760899847.4043732,11484653,2940071168,2940.071168,5,198,164,1,20251020_035114
1760899847.4143572,11484692,2940081152,2940.081152,8,199,163,1,20251020_035114
1760899847.4243412,11484731,2940091136,2940.091136,10,198,163,1,20251020_035114
1760899847.4343252,11484770,2940101120,2940.10112,13,199,161,1,20251020_035114
1760899847.4443092,11484809,2940111104,2940.111104,15,199,160,1,20251020_035114
1760899847.4542933,11484848,2940121088,2940.121088,18,198,160,1,20251020_035114
1760899847.4642773,11484887,2940131072,2940.131072,21,198,160,1,20251020_035114
1760899847.4742613,11484926,2940141056,2940.141056,23,199,160,1,20251020_035114
1760899847.4845011,11484966,2940151296,2940.151296,25,199,160,1,20251020_035114
1760899847.4944851,11485005,2940161280,2940.16128,28,199,159,1,20251020_035114
1760899847.5044692,11485044,2940171264,2940.171264,30,198,158,1,20251020_035114
1760899847.5144532,11485083,2940181248,2940.181248,33,198,159,1,20251020_035114
1760899847.5244372,11485122,2940191232,2940.191232,35,198,158,1,20251020_035114
1760899847.5344212,11485161,2940201216,2940.201216,37,198,156,1,20251020_035114
1760899847.5444052,11485200,2940211200,2940.2112,40,198,155,1,20251020_035114
1760899847.5543892,11485239,2940221184,2940.221184,42,198,156,1,20251020_035114
1760899847.5643733,11485278,2940231168,2940.231168,44,198,156,1,20251020_035114
1760899847.5743573,11485317,2940241152,2940.241152,47,198,157,1,20251020_035114
1760899847.5843413,11485356,2940251136,2940.251136,49,198,156,1,20251020_035114
1760899847.5943253,11485395,2940261120,2940.26112,52,198,156,1,20251020_035114
1760899847.604309,11485434,2940271104,2940.271104,54,198,154,1,20251020_035114
1760899847.614293,11485473,2940281088,2940.281088,56,197,152,1,20251020_035114
1760899847.624277,11485512,2940291072,2940.291072,59,197,151,1,20251020_035114
1760899847.6345172,11485552,2940301312,2940.301312,62,197,146,1,20251020_035114
1760899847.6445012,11485591,2940311296,2940.311296,64,197,142,1,20251020_035114
1760899847.6544852,11485630,2940321280,2940.32128,68,197,134,1,20251020_035114
1760899847.6644692,11485669,2940331264,2940.331264,71,197,128,1,20251020_035114
1760899847.6744533,11485708,2940341248,2940.341248,74,197,125,1,20251020_035114
1760899847.6844373,11485747,2940351232,2940.351232,78,197,120,1,20251020_035114
1760899847.6944213,11485786,2940361216,2940.361216,81,196,117,1,20251020_035114
1760899847.7044053,11485825,2940371200,2940.3712,85,196,113,1,20251020_035114
1760899847.714389,11485864,2940381184,2940.381184,88,196,110,1,20251020_035114
1760899847.724373,11485903,2940391168,2940.391168,92,196,108,1,20251020_035114
1760899847.734357,11485942,2940401152,2940.401152,96,195,104,1,20251020_035114
1760899847.7443411,11485981,2940411136,2940.411136,99,195,103,1,20251020_035114
1760899847.7543252,11486020,2940421120,2940.42112,103,195,101,1,20251020_035114
1760899847.7643092,11486059,2940431104,2940.431104,106,195,99,1,20251020_035114
1760899847.7745492,11486099,2940441344,2940.441344,110,193,95,1,20251020_035114
1760899847.7845333,11486138,2940451328,2940.451328,113,193,94,1,20251020_035114
1760899847.7945173,11486177,2940461312,2940.461312,116,193,96,1,20251020_035114
1760899847.8045013,11486216,2940471296,2940.471296,119,193,96,1,20251020_035114
1760899847.8144853,11486255,2940481280,2940.48128,122,192,96,1,20251020_035114
1760899847.824469,11486294,2940491264,2940.491264,125,192,98,1,20251020_035114
1760899847.834453,11486333,2940501248,2940.501248,128,192,98,1,20251020_035114
1760899847.8444371,11486372,2940511232,2940.511232,131,191,98,1,20251020_035114
1760899847.8544211,11486411,2940521216,2940.521216,133,191,99,1,20251020_035114
1760899847.8644052,11486450,2940531200,2940.5312,136,191,100,1,20251020_035114
1760899847.8743892,11486489,2940541184,2940.541184,139,191,101,1,20251020_035114
1760899847.8843732,11486528,2940551168,2940.551168,141,191,101,1,20251020_035114
1760899847.8943572,11486567,2940561152,2940.561152,144,191,102,1,20251020_035114
1760899847.9043412,11486606,2940571136,2940.571136,146,192,104,1,20251020_035114
1760899847.9143252,11486645,2940581120,2940.58112,149,191,105,1,20251020_035114
1760899847.9245653,11486685,2940591360,2940.59136,151,191,107,1,20251020_035114
1760899847.934549,11486724,2940601344,2940.601344,154,192,109,1,20251020_035114
1760899847.944533,11486763,2940611328,2940.611328,156,192,112,1,20251020_035114
1760899847.9545171,11486802,2940621312,2940.621312,159,193,116,1,20251020_035114
1760899847.9645011,11486841,2940631296,2940.631296,162,194,121,1,20251020_035114
1760899847.9744852,11486880,2940641280,2940.64128,165,194,127,1,20251020_035114
1760899847.9844692,11486919,2940651264,2940.651264,168,196,132,1,20251020_035114
1760899847.9947093,11486959,2940661504,2940.661504,171,194,134,1,20251020_035114
1760899848.0046933,11486998,2940671488,2940.671488,175,196,139,1,20251020_035114
1760899848.0146773,11487037,2940681472,2940.681472,178,195,141,1,20251020_035114
1760899848.0246613,11487076,2940691456,2940.691456,182,195,148,1,20251020_035114
1760899848.0346453,11487115,2940701440,2940.70144,186,195,154,1,20251020_035114
1760899848.044629,11487154,2940711424,2940.711424,190,194,160,1,20251020_035114
1760899848.054613,11487193,2940721408,2940.721408,194,195,162,1,20251020_035114
1760899848.0645971,11487232,2940731392,2940.731392,198,194,162,1,20251020_035114
1760899848.0748372,11487272,2940741632,2940.741632,202,195,165,1,20251020_035114
1760899848.0848212,11487311,2940751616,2940.751616,206,195,163,1,20251020_035114
1760899848.0948052,11487350,2940761600,2940.7616,210,195,165,1,20251020_035114
1760899848.1047893,11487389,2940771584,2940.771584,214,195,164,1,20251020_035114
1760899848.1147733,11487428,2940781568,2940.781568,218,196,166,1,20251020_035114
1760899848.1247573,11487467,2940791552,2940.791552,222,196,166,1,20251020_035114
1760899848.1347413,11487506,2940801536,2940.801536,226,196,166,1,20251020_035114
1760899848.144725,11487545,2940811520,2940.81152,229,196,166,1,20251020_035114
1760899848.1549652,11487585,2940821760,2940.82176,233,196,166,1,20251020_035114
1760899848.1649492,11487624,2940831744,2940.831744,236,197,166,1,20251020_035114
1760899848.1749332,11487663,2940841728,2940.841728,239,196,165,1,20251020_035114
1760899848.1849172,11487702,2940851712,2940.851712,243,197,166,1,20251020_035114
1760899848.1949012,11487741,2940861696,2940.861696,246,197,166,1,20251020_035114
1760899848.2048852,11487780,2940871680,2940.87168,249,197,167,1,20251020_035114
1760899848.215125,11487820,2940881920,2940.88192,252,198,166,1,20251020_035114
1760899848.225109,11487859,2940891904,2940.891904,0,197,166,1,20251020_035114
1760899848.235093,11487898,2940901888,2940.901888,2,197,166,1,20251020_035114
1760899848.2450771,11487937,2940911872,2940.911872,5,197,166,1,20251020_035114
1760899848.2550611,11487976,2940921856,2940.921856,8,197,166,1,20251020_035114
1760899848.2650452,11488015,2940931840,2940.93184,10,198,165,1,20251020_035114
1760899848.2750292,11488054,2940941824,2940.941824,13,198,165,1,20251020_035114
1760899848.2852693,11488094,2940952064,2940.952064,15,198,163,1,20251020_035114
1760899848.2952533,11488133,2940962048,2940.962048,18,198,164,1,20251020_035114
1760899848.3052373,11488172,2940972032,2940.972032,20,197,162,1,20251020_035114
1760899848.3152213,11488211,2940982016,2940.982016,22,198,161,1,20251020_035114
1760899848.325205,11488250,2940992000,2940.992,25,198,160,1,20251020_035114
1760899848.335189,11488289,2941001984,2941.001984,27,196,157,1,20251020_035114
1760899848.3451731,11488328,2941011968,2941.011968,30,198,156,1,20251020_035114
1760899848.3554132,11488368,2941022208,2941.022208,32,198,152,1,20251020_035114
1760899848.3653972,11488407,2941032192,2941.032192,35,197,148,1,20251020_035114
1760899848.3753812,11488446,2941042176,2941.042176,38,197,146,1,20251020_035114
1760899848.3853652,11488485,2941052160,2941.05216,41,198,137,1,20251020_035114
1760899848.3953493,11488524,2941062144,2941.062144,44,198,128,1,20251020_035114
1760899848.4053333,11488563,2941072128,2941.072128,47,197,123,1,20251020_035114
1760899848.4153173,11488602,2941082112,2941.082112,51,197,116,1,20251020_035114
1760899848.4253013,11488641,2941092096,2941.092096,55,197,112,1,20251020_035114
1760899848.435285,11488680,2941102080,2941.10208,59,196,108,1,20251020_035114
1760899848.445269,11488719,2941112064,2941.112064,63,197,104,1,20251020_035114
1760899848.4552531,11488758,2941122048,2941.122048,67,196,99,1,20251020_035114
1760899848.4652371,11488797,2941132032,2941.132032,71,197,97,1,20251020_035114
1760899848.4754772,11488837,2941142272,2941.142272,75,197,96,1,20251020_035114
1760899848.4854612,11488876,2941152256,2941.152256,79,197,94,1,20251020_035114
1760899848.4954453,11488915,2941162240,2941.16224,83,197,93,1,20251020_035114
1760899848.5054293,11488954,2941172224,2941.172224,87,196,96,1,20251020_035114
1760899848.5154133,11488993,2941182208,2941.182208,91,196,96,1,20251020_035114
1760899848.5253973,11489032,2941192192,2941.192192,95,196,96,1,20251020_035114
1760899848.5353813,11489071,2941202176,2941.202176,99,196,96,1,20251020_035114
1760899848.545365,11489110,2941212160,2941.21216,102,195,97,1,20251020_035114
1760899848.555349,11489149,2941222144,2941.222144,106,195,96,1,20251020_035114
1760899848.5653331,11489188,2941232128,2941.232128,109,194,96,1,20251020_035114
1760899848.5753171,11489227,2941242112,2941.242112,113,195,97,1,20251020_035114
1760899848.5853012,11489266,2941252096,2941.252096,116,194,94,1,20251020_035114
1760899848.5952852,11489305,2941262080,2941.26208,119,194,96,1,20251020_035114
1760899848.6052692,11489344,2941272064,2941.272064,122,194,97,1,20251020_035114
1760899848.6152532,11489383,2941282048,2941.282048,125,193,98,1,20251020_035114
1760899848.6254933,11489423,2941292288,2941.292288,128,193,98,1,20251020_035114
1760899848.6354773,11489462,2941302272,2941.302272,130,193,100,1,20251020_035114
1760899848.645461,11489501,2941312256,2941.312256,133,193,102,1,20251020_035114
1760899848.655445,11489540,2941322240,2941.32224,136,192,105,1,20251020_035114
1760899848.665429,11489579,2941332224,2941.332224,139,193,108,1,20251020_035114
1760899848.6754131,11489618,2941342208,2941.342208,141,193,113,1,20251020_035114
1760899848.6853971,11489657,2941352192,2941.352192,144,193,122,1,20251020_035114
1760899848.6953812,11489696,2941362176,2941.362176,147,194,128,1,20251020_035114
1760899848.7053652,11489735,2941372160,2941.37216,151,194,136,1,20251020_035114
1760899848.7153492,11489774,2941382144,2941.382144,154,194,144,1,20251020_035114
1760899848.7253332,11489813,2941392128,2941.392128,158,195,149,1,20251020_035114
1760899848.7353172,11489852,2941402112,2941.402112,162,195,154,1,20251020_035114
1760899848.7453012,11489891,2941412096,2941.412096,166,195,158,1,20251020_035114
1760899848.7552853,11489930,2941422080,2941.42208,170,194,161,1,20251020_035114
1760899848.765525,11489970,2941432320,2941.43232,174,194,159,1,20251020_035114
1760899848.775509,11490009,2941442304,2941.442304,178,194,161,1,20251020_035114
1760899848.7854931,11490048,2941452288,2941.452288,182,194,161,1,20251020_035114
1760899848.7954772,11490087,2941462272,2941.462272,187,194,163,1,20251020_035114
1760899848.8054612,11490126,2941472256,2941.472256,191,194,164,1,20251020_035114
1760899848.8154452,11490165,2941482240,2941.48224,195,194,164,1,20251020_035114
1760899848.8254292,11490204,2941492224,2941.492224,199,193,164,1,20251020_035114
1760899848.8354132,11490243,2941502208,2941.502208,204,194,165,1,20251020_035114
1760899848.8453972,11490282,2941512192,2941.512192,208,195,165,1,20251020_035114
1760899848.8553813,11490321,2941522176,2941.522176,212,195,166,1,20251020_035114
1760899848.8653653,11490360,2941532160,2941.53216,216,195,166,1,20251020_035114
1760899848.8753493,11490399,2941542144,2941.542144,220,195,166,1,20251020_035114
1760899848.8853333,11490438,2941552128,2941.552128,223,196,166,1,20251020_035114
1760899848.8953173,11490477,2941562112,2941.562112,227,196,166,1,20251020_035114
1760899848.9055572,11490517,2941572352,2941.572352,231,196,166,1,20251020_035114
1760899848.9155412,11490556,2941582336,2941.582336,234,196,166,1,20251020_035114
1760899848.9255252,11490595,2941592320,2941.59232,237,197,166,1,20251020_035114
1760899848.9355092,11490634,2941602304,2941.602304,241,197,167,1,20251020_035114
1760899848.9454932,11490673,2941612288,2941.612288,244,197,167,1,20251020_035114
1760899848.9554772,11490712,2941622272,2941.622272,247,197,167,1,20251020_035114
1760899848.9654613,11490751,2941632256,2941.632256,250,197,166,1,20251020_035114
1760899848.9754453,11490790,2941642240,2941.64224,253,197,166,1,20251020_035114
1760899848.9854293,11490829,2941652224,2941.652224,1,197,165,1,20251020_035114
1760899848.9954133,11490868,2941662208,2941.662208,3,198,165,1,20251020_035114
1760899849.005397,11490907,2941672192,2941.672192,6,197,165,1,20251020_035114
1760899849.015381,11490946,2941682176,2941.682176,9,198,164,1,20251020_035114
1760899849.025365,11490985,2941692160,2941.69216,11,198,162,1,20251020_035114
1760899849.0353491,11491024,2941702144,2941.702144,14,198,161,1,20251020_035114
1760899849.0453331,11491063,2941712128,2941.712128,16,198,160,1,20251020_035114
1760899849.0555732,11491103,2941722368,2941.722368,19,198,158,1,20251020_035114
1760899849.0655572,11491142,2941732352,2941.732352,21,198,155,1,20251020_035114
1760899849.0755413,11491181,2941742336,2941.742336,24,198,155,1,20251020_035114
1760899849.0855253,11491220,2941752320,2941.75232,27,198,154,1,20251020_035114
1760899849.0955093,11491259,2941762304,2941.762304,29,197,152,1,20251020_035114
1760899849.1054933,11491298,2941772288,2941.772288,32,198,148,1,20251020_035114
1760899849.115477,11491337,2941782272,2941.782272,35,198,140,1,20251020_035114
1760899849.125461,11491376,2941792256,2941.792256,38,199,131,1,20251020_035114
1760899849.135445,11491415,2941802240,2941.80224,41,199,125,1,20251020_035114
1760899849.1454291,11491454,2941812224,2941.812224,45,198,118,1,20251020_035114
1760899849.1554132,11491493,2941822208,2941.822208,48,197,115,1,20251020_035114
1760899849.1653972,11491532,2941832192,2941.832192,52,198,109,1,20251020_035114
1760899849.1753812,11491571,2941842176,2941.842176,56,198,104,1,20251020_035114
1760899849.1853652,11491610,2941852160,2941.85216,60,198,103,1,20251020_035114
1760899849.1956053,11491650,2941862400,2941.8624,65,198,101,1,20251020_035114
1760899849.2055893,11491689,2941872384,2941.872384,69,197,98,1,20251020_035114
1760899849.2155733,11491728,2941882368,2941.882368,73,197,96,1,20251020_035114
1760899849.225557,11491767,2941892352,2941.892352,77,197,94,1,20251020_035114
1760899849.235541,11491806,2941902336,2941.902336,81,198,96,1,20251020_035114
1760899849.2455251,11491845,2941912320,2941.91232,85,197,96,1,20251020_035114
1760899849.2555091,11491884,2941922304,2941.922304,89,197,96,1,20251020_035114
1760899849.2654932,11491923,2941932288,2941.932288,93,197,98,1,20251020_035114
1760899849.2754772,11491962,2941942272,2941.942272,97,196,96,1,20251020_035114
1760899849.2854612,11492001,2941952256,2941.952256,100,196,96,1,20251020_035114
1760899849.2954452,11492040,2941962240,2941.96224,104,196,95,1,20251020_035114
1760899849.3054292,11492079,2941972224,2941.972224,107,195,94,1,20251020_035114
1760899849.3154132,11492118,2941982208,2941.982208,111,195,94,1,20251020_035114
1760899849.3253973,11492157,2941992192,2941.992192,114,194,96,1,20251020_035114
1760899849.3353813,11492196,2942002176,2942.002176,117,194,97,1,20251020_035114
1760899849.345621,11492236,2942012416,2942.012416,120,193,97,1,20251020_035114
1760899849.3556051,11492275,2942022400,2942.0224,123,194,98,1,20251020_035114
1760899849.3655891,11492314,2942032384,2942.032384,126,193,100,1,20251020_035114
1760899849.3755732,11492353,2942042368,2942.042368,129,193,101,1,20251020_035114
1760899849.3855572,11492392,2942052352,2942.052352,132,192,102,1,20251020_035114
1760899849.3955412,11492431,2942062336,2942.062336,134,192,104,1,20251020_035114
1760899849.4055252,11492470,2942072320,2942.07232,137,193,108,1,20251020_035114
1760899849.4155092,11492509,2942082304,2942.082304,140,193,113,1,20251020_035114
1760899849.4254932,11492548,2942092288,2942.092288,143,194,117,1,20251020_035114
1760899849.4354773,11492587,2942102272,2942.102272,146,193,126,1,20251020_035114
1760899849.4454613,11492626,2942112256,2942.112256,149,194,130,1,20251020_035114
1760899849.4554453,11492665,2942122240,2942.12224,152,194,134,1,20251020_035114
1760899849.4654293,11492704,2942132224,2942.132224,156,194,139,1,20251020_035114
1760899849.475413,11492743,2942142208,2942.142208,159,195,143,1,20251020_035114
1760899849.485397,11492782,2942152192,2942.152192,163,195,147,1,20251020_035114
1760899849.4956372,11492822,2942162432,2942.162432,167,195,151,1,20251020_035114
1760899849.5056212,11492861,2942172416,2942.172416,171,194,155,1,20251020_035114
1760899849.5156052,11492900,2942182400,2942.1824,175,194,160,1,20251020_035114
1760899849.5255892,11492939,2942192384,2942.192384,179,194,161,1,20251020_035114
1760899849.5355732,11492978,2942202368,2942.202368,183,194,161,1,20251020_035114
1760899849.5455573,11493017,2942212352,2942.212352,187,194,161,1,20251020_035114
1760899849.5555413,11493056,2942222336,2942.222336,192,194,162,1,20251020_035114
1760899849.5655253,11493095,2942232320,2942.23232,196,194,164,1,20251020_035114
1760899849.5755093,11493134,2942242304,2942.242304,200,194,164,1,20251020_035114
1760899849.585493,11493173,2942252288,2942.252288,204,194,164,1,20251020_035114
1760899849.595477,11493212,2942262272,2942.262272,208,195,165,1,20251020_035114
1760899849.6054611,11493251,2942272256,2942.272256,212,195,165,1,20251020_035114
1760899849.6154451,11493290,2942282240,2942.28224,216,195,165,1,20251020_035114
1760899849.6254292,11493329,2942292224,2942.292224,220,195,167,1,20251020_035114
1760899849.6356692,11493369,2942302464,2942.302464,224,196,166,1,20251020_035114
1760899849.6456532,11493408,2942312448,2942.312448,227,196,166,1,20251020_035114
1760899849.6556373,11493447,2942322432,2942.322432,231,197,166,1,20251020_035114
1760899849.6656213,11493486,2942332416,2942.332416,234,196,164,1,20251020_035114
1760899849.6756053,11493525,2942342400,2942.3424,238,196,166,1,20251020_035114
1760899849.6855893,11493564,2942352384,2942.352384,241,197,166,1,20251020_035114
1760899849.695573,11493603,2942362368,2942.362368,244,197,167,1,20251020_035114
1760899849.705557,11493642,2942372352,2942.372352,247,198,165,1,20251020_035114
1760899849.7155411,11493681,2942382336,2942.382336,250,198,166,1,20251020_035114
1760899849.7255251,11493720,2942392320,2942.39232,253,197,166,1,20251020_035114
1760899849.7355092,11493759,2942402304,2942.402304,1,198,166,1,20251020_035114
1760899849.7454932,11493798,2942412288,2942.412288,4,198,166,1,20251020_035114
1760899849.7554772,11493837,2942422272,2942.422272,6,198,166,1,20251020_035114
1760899849.7654612,11493876,2942432256,2942.432256,9,198,166,1,20251020_035114
1760899849.7757013,11493916,2942442496,2942.442496,11,198,167,1,20251020_035114
1760899849.7856853,11493955,2942452480,2942.45248,14,198,166,1,20251020_035114
1760899849.7956693,11493994,2942462464,2942.462464,16,198,167,1,20251020_035114
1760899849.805653,11494033,2942472448,2942.472448,19,198,168,1,20251020_035114
1760899849.815637,11494072,2942482432,2942.482432,21,198,167,1,20251020_035114
1760899849.8256211,11494111,2942492416,2942.492416,23,197,167,1,20251020_035114
1760899849.8356051,11494150,2942502400,2942.5024,25,198,169,1,20251020_035114
1760899849.8455892,11494189,2942512384,2942.512384,28,198,168,1,20251020_035114
1760899849.8555732,11494228,2942522368,2942.522368,30,198,168,1,20251020_035114
1760899849.8655572,11494267,2942532352,2942.532352,32,198,168,1,20251020_035114
1760899849.8755412,11494306,2942542336,2942.542336,34,197,168,1,20251020_035114
1760899849.8855252,11494345,2942552320,2942.55232,36,198,167,1,20251020_035114
1760899849.8955092,11494384,2942562304,2942.562304,38,197,166,1,20251020_035114
1760899849.9054933,11494423,2942572288,2942.572288,40,197,165,1,20251020_035114
1760899849.9154773,11494462,2942582272,2942.582272,42,197,165,1,20251020_035114
1760899849.925717,11494502,2942592512,2942.592512,44,197,164,1,20251020_035114
1760899849.9357011,11494541,2942602496,2942.602496,46,197,164,1,20251020_035114
1760899849.9456851,11494580,2942612480,2942.61248,48,197,162,1,20251020_035114
1760899849.9556692,11494619,2942622464,2942.622464,51,197,160,1,20251020_035114
1760899849.9656532,11494658,2942632448,2942.632448,53,196,160,1,20251020_035114
1760899849.9756372,11494697,2942642432,2942.642432,55,196,158,1,20251020_035114
1760899849.9856212,11494736,2942652416,2942.652416,57,196,156,1,20251020_035114
1760899849.9956052,11494775,2942662400,2942.6624,60,196,154,1,20251020_035114
1760899850.0055892,11494814,2942672384,2942.672384,62,197,151,1,20251020_035114
1760899850.0155733,11494853,2942682368,2942.682368,65,197,147,1,20251020_035114
1760899850.0255573,11494892,2942692352,2942.692352,68,197,146,1,20251020_035114
1760899850.0355413,11494931,2942702336,2942.702336,71,196,135,1,20251020_035114
1760899850.0455253,11494970,2942712320,2942.71232,74,196,127,1,20251020_035114
1760899850.055509,11495009,2942722304,2942.722304,77,196,123,1,20251020_035114
1760899850.065493,11495048,2942732288,2942.732288,81,196,118,1,20251020_035114
1760899850.0757332,11495088,2942742528,2942.742528,84,196,112,1,20251020_035114
1760899850.0857172,11495127,2942752512,2942.752512,88,195,108,1,20251020_035114
1760899850.0957012,11495166,2942762496,2942.762496,92,194,103,1,20251020_035114
1760899850.1056852,11495205,2942772480,2942.77248,95,195,98,1,20251020_035114
1760899850.1156693,11495244,2942782464,2942.782464,99,194,94,1,20251020_035114
1760899850.1256533,11495283,2942792448,2942.792448,103,194,96,1,20251020_035114
1760899850.1356373,11495322,2942802432,2942.802432,106,194,96,1,20251020_035114
1760899850.1456213,11495361,2942812416,2942.812416,109,193,96,1,20251020_035114
1760899850.1556053,11495400,2942822400,2942.8224,113,192,96,1,20251020_035114
1760899850.165589,11495439,2942832384,2942.832384,116,192,96,1,20251020_035114
1760899850.175573,11495478,2942842368,2942.842368,119,191,96,1,20251020_035114
1760899850.1855571,11495517,2942852352,2942.852352,122,191,96,1,20251020_035114
1760899850.1955411,11495556,2942862336,2942.862336,125,191,96,1,20251020_035114
1760899850.2055252,11495595,2942872320,2942.87232,128,191,97,1,20251020_035114
1760899850.2157652,11495635,2942882560,2942.88256,131,190,97,1,20251020_035114
1760899850.2257493,11495674,2942892544,2942.892544,133,191,99,1,20251020_035114
1760899850.2357333,11495713,2942902528,2942.902528,136,191,100,1,20251020_035114
1760899850.2457173,11495752,2942912512,2942.912512,139,191,101,1,20251020_035114
1760899850.2557013,11495791,2942922496,2942.922496,141,192,103,1,20251020_035114
1760899850.265685,11495830,2942932480,2942.93248,144,192,104,1,20251020_035114
1760899850.275669,11495869,2942942464,2942.942464,146,193,108,1,20251020_035114
1760899850.285653,11495908,2942952448,2942.952448,149,193,109,1,20251020_035114
1760899850.2956371,11495947,2942962432,2942.962432,151,193,113,1,20251020_035114
1760899850.3056211,11495986,2942972416,2942.972416,154,194,119,1,20251020_035114
1760899850.3156052,11496025,2942982400,2942.9824,157,194,127,1,20251020_035114
1760899850.3255892,11496064,2942992384,2942.992384,160,195,130,1,20251020_035114
1760899850.3355732,11496103,2943002368,2943.002368,164,194,138,1,20251020_035114
1760899850.3455572,11496142,2943012352,2943.012352,167,195,145,1,20251020_035114
1760899850.3555412,11496181,2943022336,2943.022336,171,196,154,1,20251020_035114
1760899850.3657813,11496221,2943032576,2943.032576,175,195,161,1,20251020_035114
1760899850.375765,11496260,2943042560,2943.04256,179,195,162,1,20251020_035114
1760899850.385749,11496299,2943052544,2943.052544,184,194,162,1,20251020_035114
1760899850.395733,11496338,2943062528,2943.062528,188,195,164,1,20251020_035114
1760899850.4057171,11496377,2943072512,2943.072512,192,195,165,1,20251020_035114
1760899850.4157012,11496416,2943082496,2943.082496,196,195,165,1,20251020_035114
1760899850.4256852,11496455,2943092480,2943.09248,201,195,165,1,20251020_035114
1760899850.4356692,11496494,2943102464,2943.102464,205,195,166,1,20251020_035114
1760899850.4456532,11496533,2943112448,2943.112448,209,195,166,1,20251020_035114
1760899850.4556372,11496572,2943122432,2943.122432,213,195,167,1,20251020_035114
1760899850.4656212,11496611,2943132416,2943.132416,217,195,167,1,20251020_035114
1760899850.4756052,11496650,2943142400,2943.1424,221,195,167,1,20251020_035114
1760899850.4855893,11496689,2943152384,2943.152384,224,196,167,1,20251020_035114
1760899850.4955733,11496728,2943162368,2943.162368,228,196,168,1,20251020_035114
1760899850.5058131,11496768,2943172608,2943.172608,232,196,168,1,20251020_035114
1760899850.5157971,11496807,2943182592,2943.182592,235,196,167,1,20251020_035114
1760899850.5257812,11496846,2943192576,2943.192576,238,197,167,1,20251020_035114
1760899850.5357652,11496885,2943202560,2943.20256,242,197,168,1,20251020_035114
1760899850.5457492,11496924,2943212544,2943.212544,245,197,167,1,20251020_035114
1760899850.5557332,11496963,2943222528,2943.222528,248,197,167,1,20251020_035114
1760899850.5657172,11497002,2943232512,2943.232512,251,197,166,1,20251020_035114
1760899850.5757012,11497041,2943242496,2943.242496,254,197,167,1,20251020_035114
1760899850.5856853,11497080,2943252480,2943.25248,1,198,166,1,20251020_035114
1760899850.5956693,11497119,2943262464,2943.262464,4,198,166,1,20251020_035114
1760899850.6056533,11497158,2943272448,2943.272448,7,197,163,1,20251020_035114
1760899850.6156373,11497197,2943282432,2943.282432,9,198,163,1,20251020_035114
1760899850.6256213,11497236,2943292416,2943.292416,12,197,161,1,20251020_035114
1760899850.635605,11497275,2943302400,2943.3024,15,197,160,1,20251020_035114
1760899850.645589,11497314,2943312384,2943.312384,17,198,158,1,20251020_035114
1760899850.6558292,11497354,2943322624,2943.322624,20,198,156,1,20251020_035114
1760899850.6658132,11497393,2943332608,2943.332608,22,197,155,1,20251020_035114
1760899850.6757972,11497432,2943342592,2943.342592,25,197,153,1,20251020_035114
1760899850.6857812,11497471,2943352576,2943.352576,28,198,152,1,20251020_035114
1760899850.6957653,11497510,2943362560,2943.36256,30,197,150,1,20251020_035114
1760899850.7057493,11497549,2943372544,2943.372544,33,197,142,1,20251020_035114
1760899850.7157333,11497588,2943382528,2943.382528,36,197,135,1,20251020_035114
1760899850.7257173,11497627,2943392512,2943.392512,39,198,128,1,20251020_035114
1760899850.735701,11497666,2943402496,2943.402496,43,198,124,1,20251020_035114
1760899850.745685,11497705,2943412480,2943.41248,46,197,117,1,20251020_035114
1760899850.755669,11497744,2943422464,2943.422464,50,197,110,1,20251020_035114
1760899850.7656531,11497783,2943432448,2943.432448,54,197,104,1,20251020_035114
1760899850.7756371,11497822,2943442432,2943.442432,58,197,99,1,20251020_035114
1760899850.7856212,11497861,2943452416,2943.452416,63,197,94,1,20251020_035114
1760899850.7958612,11497901,2943462656,2943.462656,67,197,94,1,20251020_035114
1760899850.8058453,11497940,2943472640,2943.47264,71,197,96,1,20251020_035114
1760899850.8158293,11497979,2943482624,2943.482624,76,197,94,1,20251020_035114
1760899850.8258133,11498018,2943492608,2943.492608,80,197,96,1,20251020_035114
1760899850.8357973,11498057,2943502592,2943.502592,84,196,94,1,20251020_035114
1760899850.845781,11498096,2943512576,2943.512576,88,196,95,1,20251020_035114
1760899850.855765,11498135,2943522560,2943.52256,92,196,96,1,20251020_035114
1760899850.8657491,11498174,2943532544,2943.532544,95,196,96,1,20251020_035114
1760899850.8757331,11498213,2943542528,2943.542528,99,195,96,1,20251020_035114
1760899850.8857172,11498252,2943552512,2943.552512,103,195,96,1,20251020_035114
1760899850.8957012,11498291,2943562496,2943.562496,106,194,97,1,20251020_035114
1760899850.9056852,11498330,2943572480,2943.57248,109,194,96,1,20251020_035114
1760899850.9156692,11498369,2943582464,2943.582464,113,193,95,1,20251020_035114
1760899850.9256532,11498408,2943592448,2943.592448,116,192,97,1,20251020_035114
1760899850.9356372,11498447,2943602432,2943.602432,119,192,98,1,20251020_035114
1760899850.9458773,11498487,2943612672,2943.612672,122,192,98,1,20251020_035114
1760899850.955861,11498526,2943622656,2943.622656,125,191,100,1,20251020_035114
1760899850.965845,11498565,2943632640,2943.63264,128,192,103,1,20251020_035114
1760899850.9758291,11498604,2943642624,2943.642624,131,192,105,1,20251020_035114
1760899850.9858131,11498643,2943652608,2943.652608,134,192,108,1,20251020_035114
1760899850.9957972,11498682,2943662592,2943.662592,136,193,111,1,20251020_035114
1760899851.0057812,11498721,2943672576,2943.672576,139,194,120,1,20251020_035114
1760899851.0157652,11498760,2943682560,2943.68256,142,194,127,1,20251020_035114
1760899851.0257492,11498799,2943692544,2943.692544,146,194,134,1,20251020_035114
1760899851.0357332,11498838,2943702528,2943.702528,149,195,140,1,20251020_035114
1760899851.0457172,11498877,2943712512,2943.712512,152,196,143,1,20251020_035114
1760899851.0557013,11498916,2943722496,2943.722496,156,195,149,1,20251020_035114
1760899851.0656853,11498955,2943732480,2943.73248,160,195,153,1,20251020_035114
1760899851.0756693,11498994,2943742464,2943.742464,164,195,158,1,20251020_035114
1760899851.0856533,11499033,2943752448,2943.752448,168,195,161,1,20251020_035114
1760899851.0958931,11499073,2943762688,2943.762688,172,195,159,1,20251020_035114
1760899851.1058772,11499112,2943772672,2943.772672,176,195,161,1,20251020_035114
1760899851.1158612,11499151,2943782656,2943.782656,180,194,162,1,20251020_035114
1760899851.1258452,11499190,2943792640,2943.79264,185,195,164,1,20251020_035114
1760899851.1358292,11499229,2943802624,2943.802624,189,195,163,1,20251020_035114
1760899851.1458132,11499268,2943812608,2943.812608,193,195,164,1,20251020_035114
1760899851.1557972,11499307,2943822592,2943.822592,197,194,164,1,20251020_035114
1760899851.1657813,11499346,2943832576,2943.832576,202,195,166,1,20251020_035114
1760899851.1757653,11499385,2943842560,2943.84256,206,195,165,1,20251020_035114
1760899851.1857493,11499424,2943852544,2943.852544,210,195,165,1,20251020_035114
1760899851.1957333,11499463,2943862528,2943.862528,214,195,165,1,20251020_035114
1760899851.205717,11499502,2943872512,2943.872512,218,195,166,1,20251020_035114
1760899851.215701,11499541,2943882496,2943.882496,221,195,166,1,20251020_035114
1760899851.2256851,11499580,2943892480,2943.89248,225,195,166,1,20251020_035114
1760899851.2359252,11499620,2943902720,2943.90272,229,196,166,1,20251020_035114
1760899851.2459092,11499659,2943912704,2943.912704,232,196,166,1,20251020_035114
1760899851.2558932,11499698,2943922688,2943.922688,236,196,167,1,20251020_035114
1760899851.2658772,11499737,2943932672,2943.932672,239,196,167,1,20251020_035114
1760899851.2758613,11499776,2943942656,2943.942656,242,197,167,1,20251020_035114
1760899851.2858453,11499815,2943952640,2943.95264,245,197,166,1,20251020_035114
1760899851.2958293,11499854,2943962624,2943.962624,248,197,167,1,20251020_035114
1760899851.3058133,11499893,2943972608,2943.972608,251,197,167,1,20251020_035114
1760899851.315797,11499932,2943982592,2943.982592,254,197,166,1,20251020_035114
1760899851.325781,11499971,2943992576,2943.992576,2,198,165,1,20251020_035114
1760899851.3357651,11500010,2944002560,2944.00256,5,198,165,1,20251020_035114
1760899851.3457491,11500049,2944012544,2944.012544,7,197,163,1,20251020_035114
1760899851.3559892,11500089,2944022784,2944.022784,10,197,162,1,20251020_035114
1760899851.3659732,11500128,2944032768,2944.032768,13,198,161,1,20251020_035114
1760899851.3759573,11500167,2944042752,2944.042752,15,197,161,1,20251020_035114
1760899851.3859413,11500206,2944052736,2944.052736,18,197,160,1,20251020_035114
1760899851.3959253,11500245,2944062720,2944.06272,20,197,158,1,20251020_035114
1760899851.4059093,11500284,2944072704,2944.072704,23,197,160,1,20251020_035114
1760899851.4158933,11500323,2944082688,2944.082688,25,198,160,1,20251020_035114
1760899851.425877,11500362,2944092672,2944.092672,27,197,159,1,20251020_035114
1760899851.435861,11500401,2944102656,2944.102656,30,198,158,1,20251020_035114
1760899851.4458451,11500440,2944112640,2944.11264,32,198,158,1,20251020_035114
1760899851.4558291,11500479,2944122624,2944.122624,35,197,156,1,20251020_035114
1760899851.4658132,11500518,2944132608,2944.132608,37,198,157,1,20251020_035114
1760899851.4757972,11500557,2944142592,2944.142592,39,198,156,1,20251020_035114
1760899851.4860373,11500597,2944152832,2944.152832,42,197,154,1,20251020_035114
1760899851.4960213,11500636,2944162816,2944.162816,44,198,155,1,20251020_035114
1760899851.5060053,11500675,2944172800,2944.1728,47,197,155,1,20251020_035114
1760899851.5159893,11500714,2944182784,2944.182784,49,197,155,1,20251020_035114
1760899851.525973,11500753,2944192768,2944.192768,51,197,155,1,20251020_035114
1760899851.535957,11500792,2944202752,2944.202752,54,197,154,1,20251020_035114
1760899851.545941,11500831,2944212736,2944.212736,56,197,152,1,20251020_035114
1760899851.5559251,11500870,2944222720,2944.22272,59,196,148,1,20251020_035114
1760899851.5659091,11500909,2944232704,2944.232704,62,197,141,1,20251020_035114
1760899851.5758932,11500948,2944242688,2944.242688,65,197,137,1,20251020_035114
1760899851.5858772,11500987,2944252672,2944.252672,68,197,128,1,20251020_035114
1760899851.5958612,11501026,2944262656,2944.262656,71,196,123,1,20251020_035114
1760899851.6058452,11501065,2944272640,2944.27264,75,196,118,1,20251020_035114
1760899851.6158292,11501104,2944282624,2944.282624,78,196,113,1,20251020_035114
1760899851.6260693,11501144,2944292864,2944.292864,82,196,110,1,20251020_035114
1760899851.636053,11501183,2944302848,2944.302848,86,195,106,1,20251020_035114
1760899851.646037,11501222,2944312832,2944.312832,89,196,104,1,20251020_035114
1760899851.656021,11501261,2944322816,2944.322816,93,196,102,1,20251020_035114
1760899851.6660051,11501300,2944332800,2944.3328,97,195,99,1,20251020_035114
1760899851.6759892,11501339,2944342784,2944.342784,100,194,96,1,20251020_035114
1760899851.6859732,11501378,2944352768,2944.352768,104,194,93,1,20251020_035114
1760899851.6959572,11501417,2944362752,2944.362752,107,194,95,1,20251020_035114
1760899851.7059412,11501456,2944372736,2944.372736,111,193,96,1,20251020_035114
1760899851.7159252,11501495,2944382720,2944.38272,114,194,95,1,20251020_035114
1760899851.7259092,11501534,2944392704,2944.392704,117,193,96,1,20251020_035114
1760899851.7358932,11501573,2944402688,2944.402688,120,193,96,1,20251020_035114
1760899851.7458773,11501612,2944412672,2944.412672,123,193,98,1,20251020_035114
1760899851.7558613,11501651,2944422656,2944.422656,126,193,98,1,20251020_035114
1760899851.7658453,11501690,2944432640,2944.43264,129,193,99,1,20251020_035114
1760899851.7760851,11501730,2944442880,2944.44288,132,193,100,1,20251020_035114
1760899851.7860692,11501769,2944452864,2944.452864,134,192,99,1,20251020_035114
1760899851.7960532,11501808,2944462848,2944.462848,137,193,102,1,20251020_035114
1760899851.8060372,11501847,2944472832,2944.472832,140,194,102,1,20251020_035114
1760899851.8160212,11501886,2944482816,2944.482816,142,194,104,1,20251020_035114
1760899851.8260052,11501925,2944492800,2944.4928,145,194,106,1,20251020_035114
1760899851.8359892,11501964,2944502784,2944.502784,147,194,108,1,20251020_035114
1760899851.8459733,11502003,2944512768,2944.512768,150,194,112,1,20251020_035114
1760899851.8559573,11502042,2944522752,2944.522752,153,195,116,1,20251020_035114
1760899851.8659413,11502081,2944532736,2944.532736,156,194,120,1,20251020_035114
1760899851.8759253,11502120,2944542720,2944.54272,159,195,127,1,20251020_035114
1760899851.8859093,11502159,2944552704,2944.552704,162,195,128,1,20251020_035114
1760899851.895893,11502198,2944562688,2944.562688,165,195,133,1,20251020_035114
1760899851.905877,11502237,2944572672,2944.572672,168,195,138,1,20251020_035114
1760899851.9161172,11502277,2944582912,2944.582912,172,195,143,1,20251020_035114
1760899851.9261012,11502316,2944592896,2944.592896,175,195,148,1,20251020_035114
1760899851.9360852,11502355,2944602880,2944.60288,179,195,153,1,20251020_035114
1760899851.9460692,11502394,2944612864,2944.612864,183,195,158,1,20251020_035114
1760899851.9560533,11502433,2944622848,2944.622848,188,195,163,1,20251020_035114
1760899851.9660373,11502472,2944632832,2944.632832,192,195,162,1,20251020_035114
1760899851.9760213,11502511,2944642816,2944.642816,196,195,162,1,20251020_035114
1760899851.9860053,11502550,2944652800,2944.6528,200,195,163,1,20251020_035114
1760899851.995989,11502589,2944662784,2944.662784,204,195,165,1,20251020_035114
1760899852.005973,11502628,2944672768,2944.672768,208,195,164,1,20251020_035114
1760899852.015957,11502667,2944682752,2944.682752,212,195,165,1,20251020_035114
1760899852.0259411,11502706,2944692736,2944.692736,216,196,165,1,20251020_035114
1760899852.0359251,11502745,2944702720,2944.70272,220,196,167,1,20251020_035114
1760899852.0459092,11502784,2944712704,2944.712704,224,196,166,1,20251020_035114
1760899852.0558932,11502823,2944722688,2944.722688,227,196,167,1,20251020_035114
1760899852.0661333,11502863,2944732928,2944.732928,231,197,167,1,20251020_035114
1760899852.0761173,11502902,2944742912,2944.742912,234,196,167,1,20251020_035114
1760899852.0861013,11502941,2944752896,2944.752896,238,197,168,1,20251020_035114
1760899852.0960853,11502980,2944762880,2944.76288,241,197,168,1,20251020_035114
1760899852.106069,11503019,2944772864,2944.772864,244,197,167,1,20251020_035114
1760899852.116053,11503058,2944782848,2944.782848,247,197,166,1,20251020_035114
1760899852.1260371,11503097,2944792832,2944.792832,250,197,167,1,20251020_035114
1760899852.1360211,11503136,2944802816,2944.802816,253,198,168,1,20251020_035114
1760899852.1460052,11503175,2944812800,2944.8128,1,198,168,1,20251020_035114
1760899852.1559892,11503214,2944822784,2944.822784,4,197,168,1,20251020_035114
1760899852.1659732,11503253,2944832768,2944.832768,6,198,166,1,20251020_035114
1760899852.1759572,11503292,2944842752,2944.842752,9,198,166,1,20251020_035114
1760899852.1859412,11503331,2944852736,2944.852736,11,198,165,1,20251020_035114
1760899852.1959252,11503370,2944862720,2944.86272,14,198,165,1,20251020_035114
1760899852.2059093,11503409,2944872704,2944.872704,16,198,165,1,20251020_035114
1760899852.216149,11503449,2944882944,2944.882944,19,198,163,1,20251020_035114
1760899852.226133,11503488,2944892928,2944.892928,21,198,163,1,20251020_035114
1760899852.2361171,11503527,2944902912,2944.902912,24,198,162,1,20251020_035114
1760899852.2461011,11503566,2944912896,2944.912896,26,198,160,1,20251020_035114
1760899852.2560852,11503605,2944922880,2944.92288,28,198,158,1,20251020_035114
1760899852.2660692,11503644,2944932864,2944.932864,31,198,156,1,20251020_035114
1760899852.2760532,11503683,2944942848,2944.942848,33,198,154,1,20251020_035114
1760899852.2860372,11503722,2944952832,2944.952832,36,197,149,1,20251020_035114
1760899852.2960212,11503761,2944962816,2944.962816,39,197,144,1,20251020_035114
1760899852.3060052,11503800,2944972800,2944.9728,42,197,133,1,20251020_035114
1760899852.3159893,11503839,2944982784,2944.982784,45,198,126,1,20251020_035114
1760899852.3259733,11503878,2944992768,2944.992768,48,198,117,1,20251020_035114
1760899852.3359573,11503917,2945002752,2945.002752,52,197,111,1,20251020_035114
1760899852.3459413,11503956,2945012736,2945.012736,56,197,106,1,20251020_035114
1760899852.3561811,11503996,2945022976,2945.022976,60,197,104,1,20251020_035114
1760899852.3661652,11504035,2945032960,2945.03296,65,197,99,1,20251020_035114
1760899852.3761492,11504074,2945042944,2945.042944,69,197,96,1,20251020_035114
1760899852.3861332,11504113,2945052928,2945.052928,73,197,98,1,20251020_035114
1760899852.3961172,11504152,2945062912,2945.062912,77,196,94,1,20251020_035114
1760899852.4061012,11504191,2945072896,2945.072896,81,197,94,1,20251020_035114
1760899852.4160852,11504230,2945082880,2945.08288,85,196,92,1,20251020_035114
1760899852.4260693,11504269,2945092864,2945.092864,89,196,95,1,20251020_035114
1760899852.4360533,11504308,2945102848,2945.102848,93,196,96,1,20251020_035114
1760899852.4460373,11504347,2945112832,2945.112832,97,196,96,1,20251020_035114
1760899852.4560213,11504386,2945122816,2945.122816,101,196,98,1,20251020_035114
1760899852.466005,11504425,2945132800,2945.1328,104,195,96,1,20251020_035114
1760899852.475989,11504464,2945142784,2945.142784,107,195,97,1,20251020_035114
1760899852.4859731,11504503,2945152768,2945.152768,111,194,97,1,20251020_035114
1760899852.4959571,11504542,2945162752,2945.162752,114,195,98,1,20251020_035114
1760899852.5061972,11504582,2945172992,2945.172992,117,194,97,1,20251020_035114
1760899852.5161812,11504621,2945182976,2945.182976,120,193,96,1,20251020_035114
1760899852.5261652,11504660,2945192960,2945.19296,123,193,97,1,20251020_035114
1760899852.5361493,11504699,2945202944,2945.202944,126,193,97,1,20251020_035114
1760899852.5461333,11504738,2945212928,2945.212928,129,193,98,1,20251020_035114
1760899852.5561173,11504777,2945222912,2945.222912,132,193,99,1,20251020_035114
1760899852.5661013,11504816,2945232896,2945.232896,134,193,98,1,20251020_035114
1760899852.576085,11504855,2945242880,2945.24288,137,193,102,1,20251020_035114
1760899852.586069,11504894,2945252864,2945.252864,140,194,106,1,20251020_035114
1760899852.5960531,11504933,2945262848,2945.262848,142,194,109,1,20251020_035114
1760899852.6060371,11504972,2945272832,2945.272832,145,195,117,1,20251020_035114
1760899852.6160212,11505011,2945282816,2945.282816,148,195,127,1,20251020_035114
1760899852.6260052,11505050,2945292800,2945.2928,151,196,132,1,20251020_035114
1760899852.6359892,11505089,2945302784,2945.302784,155,196,139,1,20251020_035114
1760899852.6462293,11505129,2945313024,2945.313024,158,196,143,1,20251020_035114
1760899852.6562133,11505168,2945323008,2945.323008,162,196,149,1,20251020_035114
1760899852.6661973,11505207,2945332992,2945.332992,166,196,158,1,20251020_035114
1760899852.6761813,11505246,2945342976,2945.342976,170,196,160,1,20251020_035114
1760899852.686165,11505285,2945352960,2945.35296,174,196,161,1,20251020_035114
1760899852.696149,11505324,2945362944,2945.362944,178,196,161,1,20251020_035114
1760899852.7061331,11505363,2945372928,2945.372928,182,196,161,1,20251020_035114
1760899852.7161171,11505402,2945382912,2945.382912,187,196,163,1,20251020_035114
1760899852.7261012,11505441,2945392896,2945.392896,191,196,163,1,20251020_035114
1760899852.7360852,11505480,2945402880,2945.40288,195,195,164,1,20251020_035114
1760899852.7460692,11505519,2945412864,2945.412864,199,195,164,1,20251020_035114
1760899852.7560532,11505558,2945422848,2945.422848,203,196,165,1,20251020_035114
1760899852.7660372,11505597,2945432832,2945.432832,208,196,164,1,20251020_035114
1760899852.7760212,11505636,2945442816,2945.442816,212,196,165,1,20251020_035114
1760899852.7860053,11505675,2945452800,2945.4528,215,196,166,1,20251020_035114
1760899852.796245,11505715,2945463040,2945.46304,219,196,166,1,20251020_035114
1760899852.806229,11505754,2945473024,2945.473024,223,197,166,1,20251020_035114
1760899852.8162131,11505793,2945483008,2945.483008,227,196,166,1,20251020_035114
1760899852.8261971,11505832,2945492992,2945.492992,230,197,165,1,20251020_035114
1760899852.8361812,11505871,2945502976,2945.502976,234,197,166,1,20251020_035114
1760899852.8461652,11505910,2945512960,2945.51296,237,197,166,1,20251020_035114
1760899852.8561492,11505949,2945522944,2945.522944,240,197,166,1,20251020_035114
1760899852.8661332,11505988,2945532928,2945.532928,244,198,166,1,20251020_035114
1760899852.8761172,11506027,2945542912,2945.542912,247,197,166,1,20251020_035114
1760899852.8861012,11506066,2945552896,2945.552896,250,197,166,1,20251020_035114
1760899852.8960853,11506105,2945562880,2945.56288,253,198,166,1,20251020_035114
1760899852.9060693,11506144,2945572864,2945.572864,0,198,165,1,20251020_035114
1760899852.9160533,11506183,2945582848,2945.582848,3,198,164,1,20251020_035114
1760899852.9260373,11506222,2945592832,2945.592832,6,198,164,1,20251020_035114
1760899852.9362772,11506262,2945603072,2945.603072,9,197,162,1,20251020_035114
1760899852.9462612,11506301,2945613056,2945.613056,11,198,160,1,20251020_035114
1760899852.9562452,11506340,2945623040,2945.62304,14,198,158,1,20251020_035114
1760899852.9662292,11506379,2945633024,2945.633024,16,198,157,1,20251020_035114
1760899852.9762132,11506418,2945643008,2945.643008,19,198,155,1,20251020_035114
1760899852.9861972,11506457,2945652992,2945.652992,22,197,154,1,20251020_035114
1760899852.9961812,11506496,2945662976,2945.662976,24,198,152,1,20251020_035114
1760899853.0061653,11506535,2945672960,2945.67296,27,198,151,1,20251020_035114
1760899853.0161493,11506574,2945682944,2945.682944,29,197,148,1,20251020_035114
1760899853.0261333,11506613,2945692928,2945.692928,32,197,142,1,20251020_035114
1760899853.0361173,11506652,2945702912,2945.702912,35,198,133,1,20251020_035114
1760899853.046101,11506691,2945712896,2945.712896,39,198,127,1,20251020_035114
1760899853.056085,11506730,2945722880,2945.72288,42,198,123,1,20251020_035114
1760899853.0660691,11506769,2945732864,2945.732864,46,198,118,1,20251020_035114
1760899853.0763092,11506809,2945743104,2945.743104,49,197,111,1,20251020_035114
1760899853.0862932,11506848,2945753088,2945.753088,53,197,107,1,20251020_035114
1760899853.0962772,11506887,2945763072,2945.763072,58,197,103,1,20251020_035114
1760899853.1062613,11506926,2945773056,2945.773056,62,197,100,1,20251020_035114
1760899853.1162453,11506965,2945783040,2945.78304,66,198,98,1,20251020_035114
1760899853.1262293,11507004,2945793024,2945.793024,70,197,94,1,20251020_035114
1760899853.1362133,11507043,2945803008,2945.803008,75,196,95,1,20251020_035114
1760899853.1461973,11507082,2945812992,2945.812992,79,197,95,1,20251020_035114
1760899853.156181,11507121,2945822976,2945.822976,83,196,96,1,20251020_035114
1760899853.166165,11507160,2945832960,2945.83296,87,196,95,1,20251020_035114
1760899853.1761491,11507199,2945842944,2945.842944,91,196,95,1,20251020_035114
1760899853.1861331,11507238,2945852928,2945.852928,94,196,94,1,20251020_035114
1760899853.1961172,11507277,2945862912,2945.862912,98,195,95,1,20251020_035114
1760899853.2061012,11507316,2945872896,2945.872896,102,195,96,1,20251020_035114
1760899853.2160852,11507355,2945882880,2945.88288,105,194,96,1,20251020_035114
1760899853.2263253,11507395,2945893120,2945.89312,109,194,95,1,20251020_035114
1760899853.2363093,11507434,2945903104,2945.903104,112,194,95,1,20251020_035114
1760899853.2462933,11507473,2945913088,2945.913088,115,194,95,1,20251020_035114
1760899853.256277,11507512,2945923072,2945.923072,118,193,96,1,20251020_035114
1760899853.266261,11507551,2945933056,2945.933056,121,193,97,1,20251020_035114
1760899853.276245,11507590,2945943040,2945.94304,124,194,99,1,20251020_035114
1760899853.2862291,11507629,2945953024,2945.953024,127,193,101,1,20251020_035114
1760899853.2962132,11507668,2945963008,2945.963008,130,193,102,1,20251020_035114
1760899853.3061972,11507707,2945972992,2945.972992,133,194,105,1,20251020_035114
1760899853.3161812,11507746,2945982976,2945.982976,136,195,107,1,20251020_035114
1760899853.3261652,11507785,2945992960,2945.99296,138,195,112,1,20251020_035114
1760899853.3361492,11507824,2946002944,2946.002944,141,195,116,1,20251020_035114
1760899853.3461332,11507863,2946012928,2946.012928,144,196,124,1,20251020_035114
1760899853.3561172,11507902,2946022912,2946.022912,147,196,128,1,20251020_035114
1760899853.3661013,11507941,2946032896,2946.032896,150,195,130,1,20251020_035114
1760899853.376341,11507981,2946043136,2946.043136,154,196,137,1,20251020_035114
1760899853.3863251,11508020,2946053120,2946.05312,157,196,140,1,20251020_035114
1760899853.3963091,11508059,2946063104,2946.063104,161,197,146,1,20251020_035114
1760899853.4062932,11508098,2946073088,2946.073088,164,196,150,1,20251020_035114
1760899853.4162772,11508137,2946083072,2946.083072,168,196,156,1,20251020_035114
1760899853.4262612,11508176,2946093056,2946.093056,172,196,160,1,20251020_035114
1760899853.4362452,11508215,2946103040,2946.10304,177,195,161,1,20251020_035114
1760899853.4462292,11508254,2946113024,2946.113024,181,196,161,1,20251020_035114
1760899853.4562132,11508293,2946123008,2946.123008,185,196,161,1,20251020_035114
1760899853.4661973,11508332,2946132992,2946.132992,189,196,160,1,20251020_035114
1760899853.4761813,11508371,2946142976,2946.142976,194,196,163,1,20251020_035114
1760899853.4861653,11508410,2946152960,2946.15296,198,196,164,1,20251020_035114
1760899853.4961493,11508449,2946162944,2946.162944,202,196,164,1,20251020_035114
1760899853.5061333,11508488,2946172928,2946.172928,206,195,165,1,20251020_035114
1760899853.5163732,11508528,2946183168,2946.183168,210,196,166,1,20251020_035114
1760899853.5263572,11508567,2946193152,2946.193152,214,196,165,1,20251020_035114
1760899853.5363412,11508606,2946203136,2946.203136,218,196,165,1,20251020_035114
1760899853.5463252,11508645,2946213120,2946.21312,222,196,165,1,20251020_035114
1760899853.5563092,11508684,2946223104,2946.223104,225,196,165,1,20251020_035114
1760899853.5662932,11508723,2946233088,2946.233088,229,196,166,1,20251020_035114
1760899853.5762773,11508762,2946243072,2946.243072,233,196,166,1,20251020_035114
1760899853.5862613,11508801,2946253056,2946.253056,236,197,167,1,20251020_035114
1760899853.5962453,11508840,2946263040,2946.26304,239,197,166,1,20251020_035114
1760899853.6062293,11508879,2946273024,2946.273024,242,197,167,1,20251020_035114
1760899853.616213,11508918,2946283008,2946.283008,246,197,167,1,20251020_035114
1760899853.626197,11508957,2946292992,2946.292992,249,197,167,1,20251020_035114
1760899853.636181,11508996,2946302976,2946.302976,252,197,168,1,20251020_035114
1760899853.6461651,11509035,2946312960,2946.31296,254,197,164,1,20251020_035114
1760899853.6564052,11509075,2946323200,2946.3232,2,197,166,1,20251020_035114
1760899853.6663892,11509114,2946333184,2946.333184,5,197,165,1,20251020_035114
1760899853.6763732,11509153,2946343168,2946.343168,8,198,165,1,20251020_035114
1760899853.6863573,11509192,2946353152,2946.353152,10,198,166,1,20251020_035114
1760899853.6963413,11509231,2946363136,2946.363136,13,198,166,1,20251020_035114
1760899853.7063253,11509270,2946373120,2946.37312,15,197,165,1,20251020_035114
1760899853.7163093,11509309,2946383104,2946.383104,17,198,165,1,20251020_035114
1760899853.726293,11509348,2946393088,2946.393088,20,198,165,1,20251020_035114
1760899853.736277,11509387,2946403072,2946.403072,22,197,166,1,20251020_035114
1760899853.7462611,11509426,2946413056,2946.413056,24,198,166,1,20251020_035114
1760899853.7562451,11509465,2946423040,2946.42304,27,198,167,1,20251020_035114
1760899853.7662292,11509504,2946433024,2946.433024,29,198,167,1,20251020_035114
1760899853.7762132,11509543,2946443008,2946.443008,31,197,166,1,20251020_035114
1760899853.7861972,11509582,2946452992,2946.452992,33,197,166,1,20251020_035114
1760899853.7961812,11509621,2946462976,2946.462976,35,198,167,1,20251020_035114
1760899853.8064213,11509661,2946473216,2946.473216,37,198,167,1,20251020_035114
1760899853.8164053,11509700,2946483200,2946.4832,39,198,166,1,20251020_035114
1760899853.8263893,11509739,2946493184,2946.493184,41,198,166,1,20251020_035114
1760899853.836373,11509778,2946503168,2946.503168,43,197,166,1,20251020_035114
1760899853.846357,11509817,2946513152,2946.513152,45,197,166,1,20251020_035114
1760899853.8563411,11509856,2946523136,2946.523136,47,198,165,1,20251020_035114
1760899853.8663251,11509895,2946533120,2946.53312,49,198,164,1,20251020_035114
1760899853.8763092,11509934,2946543104,2946.543104,51,198,163,1,20251020_035114
1760899853.8865492,11509974,2946553344,2946.553344,53,197,162,1,20251020_035114
1760899853.8965333,11510013,2946563328,2946.563328,56,197,161,1,20251020_035114
1760899853.9065173,11510052,2946573312,2946.573312,58,197,160,1,20251020_035114
1760899853.9165013,11510091,2946583296,2946.583296,60,197,159,1,20251020_035114
1760899853.9264853,11510130,2946593280,2946.59328,62,196,156,1,20251020_035114
1760899853.9364693,11510169,2946603264,2946.603264,65,197,155,1,20251020_035114
1760899853.946453,11510208,2946613248,2946.613248,67,197,152,1,20251020_035114
1760899853.9566932,11510248,2946623488,2946.623488,70,197,151,1,20251020_035114
1760899853.9666772,11510287,2946633472,2946.633472,73,197,147,1,20251020_035114
1760899853.9766612,11510326,2946643456,2946.643456,75,197,141,1,20251020_035114
1760899853.9866452,11510365,2946653440,2946.65344,78,197,132,1,20251020_035114
1760899853.9966292,11510404,2946663424,2946.663424,82,197,125,1,20251020_035114
1760899854.0066133,11510443,2946673408,2946.673408,85,197,119,1,20251020_035114
1760899854.0165973,11510482,2946683392,2946.683392,89,197,112,1,20251020_035114
1760899854.0265813,11510521,2946693376,2946.693376,92,197,107,1,20251020_035114
1760899854.0368211,11510561,2946703616,2946.703616,96,197,105,1,20251020_035114
1760899854.0468051,11510600,2946713600,2946.7136,100,197,101,1,20251020_035114
1760899854.0567892,11510639,2946723584,2946.723584,103,196,97,1,20251020_035114
1760899854.0667732,11510678,2946733568,2946.733568,107,196,96,1,20251020_035114
1760899854.0767572,11510717,2946743552,2946.743552,110,196,96,1,20251020_035114
1760899854.0867412,11510756,2946753536,2946.753536,113,196,95,1,20251020_035114
1760899854.0969813,11510796,2946763776,2946.763776,116,196,96,1,20251020_035114
1760899854.1069653,11510835,2946773760,2946.77376,119,196,96,1,20251020_035114
1760899854.116949,11510874,2946783744,2946.783744,122,196,97,1,20251020_035114
1760899854.126933,11510913,2946793728,2946.793728,125,196,97,1,20251020_035114
1760899854.136917,11510952,2946803712,2946.803712,128,196,97,1,20251020_035114
1760899854.1469011,11510991,2946813696,2946.813696,131,196,98,1,20251020_035114
1760899854.1568851,11511030,2946823680,2946.82368,134,196,100,1,20251020_035114
1760899854.1668692,11511069,2946833664,2946.833664,136,195,101,1,20251020_035114
1760899854.1771092,11511109,2946843904,2946.843904,139,196,103,1,20251020_035114
1760899854.1870933,11511148,2946853888,2946.853888,142,196,106,1,20251020_035114
1760899854.1970773,11511187,2946863872,2946.863872,144,196,106,1,20251020_035114
1760899854.2070613,11511226,2946873856,2946.873856,147,196,110,1,20251020_035114
1760899854.2170453,11511265,2946883840,2946.88384,150,196,114,1,20251020_035114
1760899854.227029,11511304,2946893824,2946.893824,152,196,119,1,20251020_035114
1760899854.237013,11511343,2946903808,2946.903808,156,196,127,1,20251020_035114
1760899854.246997,11511382,2946913792,2946.913792,159,197,135,1,20251020_035114
1760899854.2572372,11511422,2946924032,2946.924032,162,197,138,1,20251020_035114
1760899854.2672212,11511461,2946934016,2946.934016,166,197,144,1,20251020_035114
1760899854.2772052,11511500,2946944000,2946.944,169,197,152,1,20251020_035114
1760899854.2871892,11511539,2946953984,2946.953984,173,197,160,1,20251020_035114
1760899854.2971733,11511578,2946963968,2946.963968,178,197,162,1,20251020_035114
1760899854.3071573,11511617,2946973952,2946.973952,182,197,163,1,20251020_035114
1760899854.3171413,11511656,2946983936,2946.983936,186,197,164,1,20251020_035114
1760899854.3271253,11511695,2946993920,2946.99392,191,197,165,1,20251020_035114
1760899854.337109,11511734,2947003904,2947.003904,195,197,166,1,20251020_035114
1760899854.347093,11511773,2947013888,2947.013888,199,197,167,1,20251020_035114
1760899854.3570771,11511812,2947023872,2947.023872,203,197,166,1,20251020_035114
1760899854.3670611,11511851,2947033856,2947.033856,207,197,166,1,20251020_035114
1760899854.3773012,11511891,2947044096,2947.044096,212,197,167,1,20251020_035114
1760899854.3872852,11511930,2947054080,2947.05408,215,197,166,1,20251020_035114
1760899854.3972692,11511969,2947064064,2947.064064,219,197,167,1,20251020_035114
1760899854.4072533,11512008,2947074048,2947.074048,223,197,167,1,20251020_035114
1760899854.4172373,11512047,2947084032,2947.084032,227,197,166,1,20251020_035114
1760899854.4272213,11512086,2947094016,2947.094016,230,197,168,1,20251020_035114
1760899854.4372053,11512125,2947104000,2947.104,234,198,168,1,20251020_035114
1760899854.447189,11512164,2947113984,2947.113984,237,198,168,1,20251020_035114
1760899854.457173,11512203,2947123968,2947.123968,240,198,168,1,20251020_035114
1760899854.4671571,11512242,2947133952,2947.133952,244,198,166,1,20251020_035114
1760899854.4771411,11512281,2947143936,2947.143936,247,198,168,1,20251020_035114
1760899854.4871252,11512320,2947153920,2947.15392,250,198,167,1,20251020_035114
1760899854.4971092,11512359,2947163904,2947.163904,253,198,167,1,20251020_035114
1760899854.5070932,11512398,2947173888,2947.173888,0,198,166,1,20251020_035114
1760899854.5170772,11512437,2947183872,2947.183872,3,198,165,1,20251020_035114
1760899854.5273173,11512477,2947194112,2947.194112,6,198,164,1,20251020_035114
1760899854.5373013,11512516,2947204096,2947.204096,9,198,164,1,20251020_035114
1760899854.5472853,11512555,2947214080,2947.21408,11,198,161,1,20251020_035114
1760899854.557269,11512594,2947224064,2947.224064,14,198,160,1,20251020_035114
1760899854.567253,11512633,2947234048,2947.234048,16,198,159,1,20251020_035114
1760899854.5772371,11512672,2947244032,2947.244032,19,198,157,1,20251020_035114
1760899854.5872211,11512711,2947254016,2947.254016,21,198,155,1,20251020_035114
1760899854.5972052,11512750,2947264000,2947.264,24,198,152,1,20251020_035114
1760899854.6071892,11512789,2947273984,2947.273984,27,198,150,1,20251020_035114
1760899854.6171732,11512828,2947283968,2947.283968,29,198,145,1,20251020_035114
1760899854.6271572,11512867,2947293952,2947.293952,32,198,138,1,20251020_035114
1760899854.6371412,11512906,2947303936,2947.303936,35,197,130,1,20251020_035114
1760899854.6471252,11512945,2947313920,2947.31392,39,197,124,1,20251020_035114
1760899854.6571093,11512984,2947323904,2947.323904,42,198,119,1,20251020_035114
1760899854.6670933,11513023,2947333888,2947.333888,46,198,114,1,20251020_035114
1760899854.677333,11513063,2947344128,2947.344128,50,198,107,1,20251020_035114
1760899854.6873171,11513102,2947354112,2947.354112,54,198,105,1,20251020_035114
1760899854.6973011,11513141,2947364096,2947.364096,58,198,100,1,20251020_035114
1760899854.7072852,11513180,2947374080,2947.37408,63,198,96,1,20251020_035114
1760899854.7172692,11513219,2947384064,2947.384064,67,197,96,1,20251020_035114
1760899854.7272532,11513258,2947394048,2947.394048,71,198,97,1,20251020_035114
1760899854.7372372,11513297,2947404032,2947.404032,75,197,94,1,20251020_035114
1760899854.7472212,11513336,2947414016,2947.414016,80,197,93,1,20251020_035114
1760899854.7572052,11513375,2947424000,2947.424,84,196,95,1,20251020_035114
1760899854.7671893,11513414,2947433984,2947.433984,88,197,95,1,20251020_035114
1760899854.7771733,11513453,2947443968,2947.443968,92,197,96,1,20251020_035114
1760899854.7871573,11513492,2947453952,2947.453952,95,196,96,1,20251020_035114
1760899854.7971413,11513531,2947463936,2947.463936,99,196,96,1,20251020_035114
1760899854.807125,11513570,2947473920,2947.47392,103,196,94,1,20251020_035114
1760899854.8173652,11513610,2947484160,2947.48416,106,196,95,1,20251020_035114
1760899854.8273492,11513649,2947494144,2947.494144,109,196,97,1,20251020_035114
1760899854.8373332,11513688,2947504128,2947.504128,113,195,96,1,20251020_035114
1760899854.8473172,11513727,2947514112,2947.514112,116,195,98,1,20251020_035114
1760899854.8573012,11513766,2947524096,2947.524096,119,196,99,1,20251020_035114
1760899854.8672853,11513805,2947534080,2947.53408,122,195,99,1,20251020_035114
1760899854.8772693,11513844,2947544064,2947.544064,125,195,101,1,20251020_035114
1760899854.8872533,11513883,2947554048,2947.554048,128,195,103,1,20251020_035114
1760899854.8972373,11513922,2947564032,2947.564032,131,196,103,1,20251020_035114
1760899854.9072213,11513961,2947574016,2947.574016,133,196,108,1,20251020_035114
1760899854.917205,11514000,2947584000,2947.584,136,196,114,1,20251020_035114
1760899854.927189,11514039,2947593984,2947.593984,139,196,122,1,20251020_035114
1760899854.9371731,11514078,2947603968,2947.603968,142,197,128,1,20251020_035114
1760899854.9474132,11514118,2947614208,2947.614208,146,197,135,1,20251020_035114
1760899854.9573972,11514157,2947624192,2947.624192,149,196,139,1,20251020_035114
1760899854.9673812,11514196,2947634176,2947.634176,152,197,143,1,20251020_035114
1760899854.9773653,11514235,2947644160,2947.64416,156,197,148,1,20251020_035114
1760899854.9873493,11514274,2947654144,2947.654144,160,197,152,1,20251020_035114
1760899854.9973333,11514313,2947664128,2947.664128,164,197,160,1,20251020_035114
1760899855.0073173,11514352,2947674112,2947.674112,168,197,161,1,20251020_035114
1760899855.017301,11514391,2947684096,2947.684096,172,197,164,1,20251020_035114
1760899855.027285,11514430,2947694080,2947.69408,176,197,163,1,20251020_035114
1760899855.037269,11514469,2947704064,2947.704064,181,197,164,1,20251020_035114
1760899855.0472531,11514508,2947714048,2947.714048,185,197,163,1,20251020_035114
1760899855.0572371,11514547,2947724032,2947.724032,189,197,164,1,20251020_035114
1760899855.0672212,11514586,2947734016,2947.734016,194,197,165,1,20251020_035114
1760899855.0772052,11514625,2947744000,2947.744,198,196,166,1,20251020_035114
1760899855.0874453,11514665,2947754240,2947.75424,202,197,165,1,20251020_035114
1760899855.0974293,11514704,2947764224,2947.764224,206,197,167,1,20251020_035114
1760899855.1074133,11514743,2947774208,2947.774208,210,197,166,1,20251020_035114
1760899855.1173973,11514782,2947784192,2947.784192,214,197,167,1,20251020_035114
1760899855.127381,11514821,2947794176,2947.794176,218,197,166,1,20251020_035114
1760899855.137365,11514860,2947804160,2947.80416,222,197,167,1,20251020_035114
1760899855.147349,11514899,2947814144,2947.814144,226,197,167,1,20251020_035114
1760899855.1573331,11514938,2947824128,2947.824128,229,197,167,1,20251020_035114
1760899855.1673172,11514977,2947834112,2947.834112,233,198,167,1,20251020_035114
1760899855.1773012,11515016,2947844096,2947.844096,236,197,167,1,20251020_035114
1760899855.1872852,11515055,2947854080,2947.85408,239,198,168,1,20251020_035114
1760899855.1972692,11515094,2947864064,2947.864064,243,198,168,1,20251020_035114
1760899855.2072532,11515133,2947874048,2947.874048,246,197,167,1,20251020_035114
1760899855.2172372,11515172,2947884032,2947.884032,249,198,166,1,20251020_035114
1760899855.2272213,11515211,2947894016,2947.894016,252,198,167,1,20251020_035114
1760899855.237461,11515251,2947904256,2947.904256,0,198,166,1,20251020_035114
1760899855.247445,11515290,2947914240,2947.91424,2,198,165,1,20251020_035114
1760899855.2574291,11515329,2947924224,2947.924224,5,199,164,1,20251020_035114
1760899855.2674131,11515368,2947934208,2947.934208,8,198,163,1,20251020_035114
1760899855.2773972,11515407,2947944192,2947.944192,10,198,162,1,20251020_035114
1760899855.2873812,11515446,2947954176,2947.954176,13,198,160,1,20251020_035114
1760899855.2973652,11515485,2947964160,2947.96416,16,198,161,1,20251020_035114
1760899855.3073492,11515524,2947974144,2947.974144,18,198,161,1,20251020_035114
1760899855.3173332,11515563,2947984128,2947.984128,21,198,160,1,20251020_035114
1760899855.3273172,11515602,2947994112,2947.994112,23,198,160,1,20251020_035114
1760899855.3373013,11515641,2948004096,2948.004096,25,198,159,1,20251020_035114
1760899855.3472853,11515680,2948014080,2948.01408,28,198,159,1,20251020_035114
1760899855.3572693,11515719,2948024064,2948.024064,30,198,158,1,20251020_035114
1760899855.3672533,11515758,2948034048,2948.034048,33,198,158,1,20251020_035114
1760899855.3774931,11515798,2948044288,2948.044288,35,198,157,1,20251020_035114
1760899855.3874772,11515837,2948054272,2948.054272,37,198,157,1,20251020_035114
1760899855.3974612,11515876,2948064256,2948.064256,40,198,157,1,20251020_035114
1760899855.4074452,11515915,2948074240,2948.07424,42,198,158,1,20251020_035114
1760899855.4174292,11515954,2948084224,2948.084224,44,198,158,1,20251020_035114
1760899855.4274132,11515993,2948094208,2948.094208,47,198,156,1,20251020_035114
1760899855.4373972,11516032,2948104192,2948.104192,49,198,156,1,20251020_035114
1760899855.4473813,11516071,2948114176,2948.114176,51,198,154,1,20251020_035114
1760899855.4573653,11516110,2948124160,2948.12416,54,197,154,1,20251020_035114
1760899855.4673493,11516149,2948134144,2948.134144,56,198,153,1,20251020_035114
1760899855.4773333,11516188,2948144128,2948.144128,59,198,148,1,20251020_035114
1760899855.487317,11516227,2948154112,2948.154112,62,198,144,1,20251020_035114
1760899855.497301,11516266,2948164096,2948.164096,64,197,138,1,20251020_035114
1760899855.507285,11516305,2948174080,2948.17408,68,197,132,1,20251020_035114
1760899855.5172691,11516344,2948184064,2948.184064,71,199,128,1,20251020_035114
1760899855.5275092,11516384,2948194304,2948.194304,74,198,123,1,20251020_035114
1760899855.5374932,11516423,2948204288,2948.204288,78,197,119,1,20251020_035114
1760899855.5474772,11516462,2948214272,2948.214272,81,197,116,1,20251020_035114
1760899855.5574613,11516501,2948224256,2948.224256,85,197,111,1,20251020_035114
1760899855.5674453,11516540,2948234240,2948.23424,89,196,108,1,20251020_035114
1760899855.5774293,11516579,2948244224,2948.244224,92,197,104,1,20251020_035114
1760899855.5874133,11516618,2948254208,2948.254208,96,197,102,1,20251020_035114
1760899855.597397,11516657,2948264192,2948.264192,100,197,99,1,20251020_035114
1760899855.607381,11516696,2948274176,2948.274176,103,197,96,1,20251020_035114
1760899855.6173651,11516735,2948284160,2948.28416,107,197,94,1,20251020_035114
1760899855.6273491,11516774,2948294144,2948.294144,110,197,94,1,20251020_035114
1760899855.6373332,11516813,2948304128,2948.304128,113,197,96,1,20251020_035114
1760899855.6473172,11516852,2948314112,2948.314112,116,197,96,1,20251020_035114
1760899855.6573012,11516891,2948324096,2948.324096,120,197,95,1,20251020_035114
1760899855.6675413,11516931,2948334336,2948.334336,123,197,96,1,20251020_035114
1760899855.6775253,11516970,2948344320,2948.34432,125,197,97,1,20251020_035114
1760899855.6875093,11517009,2948354304,2948.354304,128,197,98,1,20251020_035114
1760899855.6974933,11517048,2948364288,2948.364288,131,196,98,1,20251020_035114
1760899855.707477,11517087,2948374272,2948.374272,134,197,99,1,20251020_035114
1760899855.717461,11517126,2948384256,2948.384256,136,197,99,1,20251020_035114
1760899855.7274451,11517165,2948394240,2948.39424,139,196,100,1,20251020_035114
1760899855.7374291,11517204,2948404224,2948.404224,141,197,101,1,20251020_035114
1760899855.7474132,11517243,2948414208,2948.414208,144,197,102,1,20251020_035114
1760899855.7573972,11517282,2948424192,2948.424192,146,197,103,1,20251020_035114
1760899855.7673812,11517321,2948434176,2948.434176,149,197,105,1,20251020_035114
1760899855.7773652,11517360,2948444160,2948.44416,152,197,109,1,20251020_035114
1760899855.7873492,11517399,2948454144,2948.454144,154,197,110,1,20251020_035114
1760899855.7973332,11517438,2948464128,2948.464128,157,197,114,1,20251020_035114
1760899855.8075733,11517478,2948474368,2948.474368,159,197,118,1,20251020_035114
1760899855.817557,11517517,2948484352,2948.484352,162,198,126,1,20251020_035114
1760899855.827541,11517556,2948494336,2948.494336,165,197,129,1,20251020_035114
1760899855.8375251,11517595,2948504320,2948.50432,168,197,133,1,20251020_035114
1760899855.8475091,11517634,2948514304,2948.514304,172,197,136,1,20251020_035114
1760899855.8574932,11517673,2948524288,2948.524288,175,197,140,1,20251020_035114
1760899855.8674772,11517712,2948534272,2948.534272,179,197,144,1,20251020_035114
1760899855.8774612,11517751,2948544256,2948.544256,183,198,151,1,20251020_035114
1760899855.8874452,11517790,2948554240,2948.55424,187,197,157,1,20251020_035114
1760899855.8974292,11517829,2948564224,2948.564224,191,197,162,1,20251020_035114
1760899855.9074132,11517868,2948574208,2948.574208,195,197,163,1,20251020_035114
1760899855.9173973,11517907,2948584192,2948.584192,199,197,163,1,20251020_035114
1760899855.9273813,11517946,2948594176,2948.594176,203,197,164,1,20251020_035114
1760899855.9373653,11517985,2948604160,2948.60416,207,197,165,1,20251020_035114
1760899855.9476051,11518025,2948614400,2948.6144,211,198,165,1,20251020_035114
1760899855.9575891,11518064,2948624384,2948.624384,215,197,166,1,20251020_035114
1760899855.9675732,11518103,2948634368,2948.634368,219,197,166,1,20251020_035114
1760899855.9775572,11518142,2948644352,2948.644352,223,198,166,1,20251020_035114
1760899855.9875412,11518181,2948654336,2948.654336,226,198,166,1,20251020_035114
1760899855.9975252,11518220,2948664320,2948.66432,230,198,167,1,20251020_035114
1760899856.0075092,11518259,2948674304,2948.674304,234,198,167,1,20251020_035114
1760899856.0174932,11518298,2948684288,2948.684288,237,198,167,1,20251020_035114
1760899856.0274773,11518337,2948694272,2948.694272,240,198,168,1,20251020_035114
1760899856.0374613,11518376,2948704256,2948.704256,243,198,168,1,20251020_035114
1760899856.0474453,11518415,2948714240,2948.71424,246,198,168,1,20251020_035114
1760899856.0574293,11518454,2948724224,2948.724224,249,198,167,1,20251020_035114
1760899856.067413,11518493,2948734208,2948.734208,252,198,167,1,20251020_035114
1760899856.077397,11518532,2948744192,2948.744192,0,198,167,1,20251020_035114
1760899856.0873811,11518571,2948754176,2948.754176,3,198,167,1,20251020_035114
1760899856.0976212,11518611,2948764416,2948.764416,6,198,166,1,20251020_035114
1760899856.1076052,11518650,2948774400,2948.7744,8,199,166,1,20251020_035114
1760899856.1175892,11518689,2948784384,2948.784384,11,198,165,1,20251020_035114
1760899856.1275733,11518728,2948794368,2948.794368,13,199,164,1,20251020_035114
1760899856.1375573,11518767,2948804352,2948.804352,16,198,164,1,20251020_035114
1760899856.1475413,11518806,2948814336,2948.814336,18,199,163,1,20251020_035114
1760899856.1575253,11518845,2948824320,2948.82432,21,199,161,1,20251020_035114
1760899856.1675093,11518884,2948834304,2948.834304,23,199,160,1,20251020_035114
1760899856.177493,11518923,2948844288,2948.844288,26,198,159,1,20251020_035114
1760899856.187477,11518962,2948854272,2948.854272,28,198,156,1,20251020_035114
1760899856.1974611,11519001,2948864256,2948.864256,30,199,155,1,20251020_035114
1760899856.2074451,11519040,2948874240,2948.87424,33,198,152,1,20251020_035114
1760899856.2174292,11519079,2948884224,2948.884224,36,199,149,1,20251020_035114
1760899856.2274132,11519118,2948894208,2948.894208,38,198,144,1,20251020_035114
1760899856.2376533,11519158,2948904448,2948.904448,41,198,133,1,20251020_035114
1760899856.2476373,11519197,2948914432,2948.914432,45,199,126,1,20251020_035114
1760899856.2576213,11519236,2948924416,2948.924416,48,198,116,1,20251020_035114
1760899856.2676053,11519275,2948934400,2948.9344,52,198,112,1,20251020_035114
1760899856.277589,11519314,2948944384,2948.944384,56,198,108,1,20251020_035114
1760899856.287573,11519353,2948954368,2948.954368,60,198,104,1,20251020_035114
1760899856.297557,11519392,2948964352,2948.964352,64,198,99,1,20251020_035114
1760899856.3075411,11519431,2948974336,2948.974336,69,198,95,1,20251020_035114
1760899856.3175251,11519470,2948984320,2948.98432,73,198,97,1,20251020_035114
1760899856.3275092,11519509,2948994304,2948.994304,77,198,95,1,20251020_035114
1760899856.3374932,11519548,2949004288,2949.004288,81,198,94,1,20251020_035114
1760899856.3474772,11519587,2949014272,2949.014272,85,198,93,1,20251020_035114
1760899856.3574612,11519626,2949024256,2949.024256,89,197,94,1,20251020_035114
1760899856.3674452,11519665,2949034240,2949.03424,93,197,96,1,20251020_035114
1760899856.3774292,11519704,2949044224,2949.044224,97,197,95,1,20251020_035114
1760899856.387669,11519744,2949054464,2949.054464,100,197,97,1,20251020_035114
1760899856.397653,11519783,2949064448,2949.064448,104,197,95,1,20251020_035114
1760899856.4076371,11519822,2949074432,2949.074432,107,197,96,1,20251020_035114
1760899856.4176211,11519861,2949084416,2949.084416,111,197,96,1,20251020_035114
1760899856.4276052,11519900,2949094400,2949.0944,114,196,98,1,20251020_035114
1760899856.4375892,11519939,2949104384,2949.104384,117,197,96,1,20251020_035114
1760899856.4475732,11519978,2949114368,2949.114368,120,196,95,1,20251020_035114
1760899856.4575572,11520017,2949124352,2949.124352,123,197,97,1,20251020_035114
1760899856.4675412,11520056,2949134336,2949.134336,126,196,98,1,20251020_035114
1760899856.4775252,11520095,2949144320,2949.14432,129,196,98,1,20251020_035114
1760899856.4875093,11520134,2949154304,2949.154304,132,196,100,1,20251020_035114
1760899856.4974933,11520173,2949164288,2949.164288,134,197,102,1,20251020_035114
1760899856.5074773,11520212,2949174272,2949.174272,137,197,104,1,20251020_035114
1760899856.5174613,11520251,2949184256,2949.184256,140,197,108,1,20251020_035114
1760899856.5277011,11520291,2949194496,2949.194496,142,197,113,1,20251020_035114
1760899856.5376852,11520330,2949204480,2949.20448,145,198,124,1,20251020_035114
1760899856.5476692,11520369,2949214464,2949.214464,148,198,130,1,20251020_035114
1760899856.5576532,11520408,2949224448,2949.224448,152,197,136,1,20251020_035114
1760899856.5676372,11520447,2949234432,2949.234432,155,198,140,1,20251020_035114
1760899856.5776212,11520486,2949244416,2949.244416,159,198,144,1,20251020_035114
1760899856.5876052,11520525,2949254400,2949.2544,162,197,151,1,20251020_035114
1760899856.5975893,11520564,2949264384,2949.264384,166,198,159,1,20251020_035114
1760899856.6075733,11520603,2949274368,2949.274368,171,198,161,1,20251020_035114
1760899856.6175573,11520642,2949284352,2949.284352,175,198,161,1,20251020_035114
1760899856.6275413,11520681,2949294336,2949.294336,179,198,162,1,20251020_035114
1760899856.637525,11520720,2949304320,2949.30432,183,198,162,1,20251020_035114
1760899856.647509,11520759,2949314304,2949.314304,188,198,164,1,20251020_035114
1760899856.657493,11520798,2949324288,2949.324288,192,198,164,1,20251020_035114
1760899856.6674771,11520837,2949334272,2949.334272,196,198,164,1,20251020_035114
1760899856.6777172,11520877,2949344512,2949.344512,200,199,165,1,20251020_035114
1760899856.6877012,11520916,2949354496,2949.354496,204,198,165,1,20251020_035114
1760899856.6976852,11520955,2949364480,2949.36448,208,198,166,1,20251020_035114
1760899856.7076693,11520994,2949374464,2949.374464,212,198,165,1,20251020_035114
1760899856.7176533,11521033,2949384448,2949.384448,216,198,166,1,20251020_035114
1760899856.7276373,11521072,2949394432,2949.394432,220,197,166,1,20251020_035114
1760899856.7376213,11521111,2949404416,2949.404416,224,198,167,1,20251020_035114
1760899856.747605,11521150,2949414400,2949.4144,228,198,167,1,20251020_035114
1760899856.757589,11521189,2949424384,2949.424384,231,198,167,1,20251020_035114
1760899856.767573,11521228,2949434368,2949.434368,235,197,167,1,20251020_035114
1760899856.7775571,11521267,2949444352,2949.444352,238,198,166,1,20251020_035114
1760899856.7875412,11521306,2949454336,2949.454336,241,198,165,1,20251020_035114
1760899856.7975252,11521345,2949464320,2949.46432,244,198,166,1,20251020_035114
1760899856.8075092,11521384,2949474304,2949.474304,247,198,167,1,20251020_035114
1760899856.8174932,11521423,2949484288,2949.484288,250,198,166,1,20251020_035114
1760899856.8277333,11521463,2949494528,2949.494528,253,199,165,1,20251020_035114
1760899856.8377173,11521502,2949504512,2949.504512,1,198,165,1,20251020_035114
1760899856.8477013,11521541,2949514496,2949.514496,4,198,163,1,20251020_035114
1760899856.857685,11521580,2949524480,2949.52448,7,198,162,1,20251020_035114
1760899856.867669,11521619,2949534464,2949.534464,9,198,160,1,20251020_035114
1760899856.8776531,11521658,2949544448,2949.544448,12,198,159,1,20251020_035114
1760899856.8876371,11521697,2949554432,2949.554432,14,199,157,1,20251020_035114
1760899856.8976212,11521736,2949564416,2949.564416,17,198,157,1,20251020_035114
1760899856.9076052,11521775,2949574400,2949.5744,20,198,156,1,20251020_035114
1760899856.9175892,11521814,2949584384,2949.584384,22,198,155,1,20251020_035114
1760899856.9275732,11521853,2949594368,2949.594368,25,198,154,1,20251020_035114
1760899856.9375572,11521892,2949604352,2949.604352,27,198,153,1,20251020_035114
1760899856.9475412,11521931,2949614336,2949.614336,30,199,151,1,20251020_035114
1760899856.9575253,11521970,2949624320,2949.62432,33,198,144,1,20251020_035114
1760899856.967765,11522010,2949634560,2949.63456,36,198,135,1,20251020_035114
1760899856.977749,11522049,2949644544,2949.644544,39,198,127,1,20251020_035114
1760899856.9877331,11522088,2949654528,2949.654528,42,198,122,1,20251020_035114
1760899856.9977171,11522127,2949664512,2949.664512,46,198,119,1,20251020_035114
1760899857.0077012,11522166,2949674496,2949.674496,50,198,116,1,20251020_035114
1760899857.0176852,11522205,2949684480,2949.68448,54,198,108,1,20251020_035114
1760899857.0276692,11522244,2949694464,2949.694464,58,198,106,1,20251020_035114
1760899857.0376532,11522283,2949704448,2949.704448,62,198,102,1,20251020_035114
1760899857.0476372,11522322,2949714432,2949.714432,66,197,98,1,20251020_035114
1760899857.0576212,11522361,2949724416,2949.724416,70,198,95,1,20251020_035114
1760899857.0676053,11522400,2949734400,2949.7344,74,197,94,1,20251020_035114
1760899857.0775893,11522439,2949744384,2949.744384,79,198,91,1,20251020_035114
1760899857.0875733,11522478,2949754368,2949.754368,83,197,95,1,20251020_035114
1760899857.0975573,11522517,2949764352,2949.764352,87,198,95,1,20251020_035114
1760899857.107541,11522556,2949774336,2949.774336,91,197,93,1,20251020_035114
1760899857.1177812,11522596,2949784576,2949.784576,94,197,93,1,20251020_035114
1760899857.1277652,11522635,2949794560,2949.79456,98,197,95,1,20251020_035114
1760899857.1377492,11522674,2949804544,2949.804544,102,197,95,1,20251020_035114
1760899857.1477332,11522713,2949814528,2949.814528,105,197,95,1,20251020_035114
1760899857.1577172,11522752,2949824512,2949.824512,109,196,94,1,20251020_035114
1760899857.1677012,11522791,2949834496,2949.834496,112,197,96,1,20251020_035114
1760899857.1776853,11522830,2949844480,2949.84448,115,196,96,1,20251020_035114
1760899857.1876693,11522869,2949854464,2949.854464,118,197,96,1,20251020_035114
1760899857.1976533,11522908,2949864448,2949.864448,121,197,96,1,20251020_035114
1760899857.2076373,11522947,2949874432,2949.874432,124,197,98,1,20251020_035114
1760899857.217621,11522986,2949884416,2949.884416,127,197,101,1,20251020_035114
1760899857.227605,11523025,2949894400,2949.8944,130,197,102,1,20251020_035114
1760899857.2375891,11523064,2949904384,2949.904384,133,197,103,1,20251020_035114
1760899857.2475731,11523103,2949914368,2949.914368,135,197,106,1,20251020_035114
1760899857.2578132,11523143,2949924608,2949.924608,138,197,110,1,20251020_035114
1760899857.2677972,11523182,2949934592,2949.934592,141,197,116,1,20251020_035114
1760899857.2777812,11523221,2949944576,2949.944576,144,198,126,1,20251020_035114
1760899857.2877653,11523260,2949954560,2949.95456,147,197,129,1,20251020_035114
1760899857.2977493,11523299,2949964544,2949.964544,150,197,134,1,20251020_035114
1760899857.3077333,11523338,2949974528,2949.974528,154,197,138,1,20251020_035114
1760899857.3177173,11523377,2949984512,2949.984512,157,198,141,1,20251020_035114
1760899857.327701,11523416,2949994496,2949.994496,161,198,145,1,20251020_035114
1760899857.337685,11523455,2950004480,2950.00448,164,198,149,1,20251020_035114
1760899857.3476691,11523494,2950014464,2950.014464,168,198,154,1,20251020_035114
1760899857.3576531,11523533,2950024448,2950.024448,172,198,159,1,20251020_035114
1760899857.3676372,11523572,2950034432,2950.034432,177,198,162,1,20251020_035114
1760899857.3776212,11523611,2950044416,2950.044416,181,198,161,1,20251020_035114
1760899857.3876052,11523650,2950054400,2950.0544,185,198,162,1,20251020_035114
1760899857.3975892,11523689,2950064384,2950.064384,189,198,163,1,20251020_035114
1760899857.4078293,11523729,2950074624,2950.074624,194,198,163,1,20251020_035114
1760899857.4178133,11523768,2950084608,2950.084608,198,198,165,1,20251020_035114
1760899857.4277973,11523807,2950094592,2950.094592,202,198,166,1,20251020_035114
1760899857.437781,11523846,2950104576,2950.104576,206,198,166,1,20251020_035114
1760899857.447765,11523885,2950114560,2950.11456,210,197,165,1,20251020_035114
1760899857.4577491,11523924,2950124544,2950.124544,214,197,165,1,20251020_035114
1760899857.4677331,11523963,2950134528,2950.134528,218,197,166,1,20251020_035114
1760899857.4777172,11524002,2950144512,2950.144512,222,197,166,1,20251020_035114
1760899857.4877012,11524041,2950154496,2950.154496,226,197,166,1,20251020_035114
1760899857.4976852,11524080,2950164480,2950.16448,229,197,167,1,20251020_035114
1760899857.5076692,11524119,2950174464,2950.174464,233,198,166,1,20251020_035114
1760899857.5176532,11524158,2950184448,2950.184448,236,198,167,1,20251020_035114
1760899857.5276372,11524197,2950194432,2950.194432,240,198,166,1,20251020_035114
1760899857.5376213,11524236,2950204416,2950.204416,243,198,167,1,20251020_035114
1760899857.547861,11524276,2950214656,2950.214656,246,198,167,1,20251020_035114
1760899857.557845,11524315,2950224640,2950.22464,249,198,164,1,20251020_035114
1760899857.5678291,11524354,2950234624,2950.234624,252,198,165,1,20251020_035114
1760899857.5778131,11524393,2950244608,2950.244608,0,198,164,1,20251020_035114
1760899857.5877972,11524432,2950254592,2950.254592,2,198,165,1,20251020_035114
1760899857.5977812,11524471,2950264576,2950.264576,5,198,166,1,20251020_035114
1760899857.6077652,11524510,2950274560,2950.27456,8,198,166,1,20251020_035114
1760899857.6177492,11524549,2950284544,2950.284544,10,198,166,1,20251020_035114
1760899857.6277332,11524588,2950294528,2950.294528,13,199,166,1,20251020_035114
1760899857.6377172,11524627,2950304512,2950.304512,15,199,167,1,20251020_035114
1760899857.6477013,11524666,2950314496,2950.314496,18,198,167,1,20251020_035114
1760899857.6576853,11524705,2950324480,2950.32448,20,198,165,1,20251020_035114
1760899857.6676693,11524744,2950334464,2950.334464,22,199,167,1,20251020_035114
1760899857.6776533,11524783,2950344448,2950.344448,24,199,168,1,20251020_035114
1760899857.687637,11524822,2950354432,2950.354432,27,198,168,1,20251020_035114
1760899857.6978772,11524862,2950364672,2950.364672,29,198,167,1,20251020_035114
1760899857.7078612,11524901,2950374656,2950.374656,31,199,167,1,20251020_035114
1760899857.7178452,11524940,2950384640,2950.38464,33,199,168,1,20251020_035114
1760899857.7278292,11524979,2950394624,2950.394624,35,198,166,1,20251020_035114
1760899857.7378132,11525018,2950404608,2950.404608,37,198,166,1,20251020_035114
1760899857.7477973,11525057,2950414592,2950.414592,39,198,166,1,20251020_035114
1760899857.7577813,11525096,2950424576,2950.424576,41,198,166,1,20251020_035114
1760899857.7677653,11525135,2950434560,2950.43456,43,198,165,1,20251020_035114
1760899857.7777493,11525174,2950444544,2950.444544,45,198,165,1,20251020_035114
1760899857.7877333,11525213,2950454528,2950.454528,47,199,164,1,20251020_035114
1760899857.797717,11525252,2950464512,2950.464512,49,198,163,1,20251020_035114
1760899857.807701,11525291,2950474496,2950.474496,52,198,162,1,20251020_035114
1760899857.8176851,11525330,2950484480,2950.48448,54,198,161,1,20251020_035114
1760899857.8276691,11525369,2950494464,2950.494464,56,199,160,1,20251020_035114
1760899857.8376532,11525408,2950504448,2950.504448,58,198,158,1,20251020_035114
1760899857.8478932,11525448,2950514688,2950.514688,60,198,157,1,20251020_035114
1760899857.8578773,11525487,2950524672,2950.524672,63,198,154,1,20251020_035114
1760899857.8678613,11525526,2950534656,2950.534656,65,198,151,1,20251020_035114
1760899857.8778453,11525565,2950544640,2950.54464,68,197,148,1,20251020_035114
1760899857.8878293,11525604,2950554624,2950.554624,71,199,146,1,20251020_035114
1760899857.897813,11525643,2950564608,2950.564608,74,198,139,1,20251020_035114
1760899857.907797,11525682,2950574592,2950.574592,77,198,131,1,20251020_035114
1760899857.917781,11525721,2950584576,2950.584576,80,198,125,1,20251020_035114
1760899857.9277651,11525760,2950594560,2950.59456,83,198,117,1,20251020_035114
1760899857.9377491,11525799,2950604544,2950.604544,87,198,112,1,20251020_035114
1760899857.9477332,11525838,2950614528,2950.614528,91,198,107,1,20251020_035114
1760899857.9577172,11525877,2950624512,2950.624512,94,198,102,1,20251020_035114
1760899857.9677012,11525916,2950634496,2950.634496,98,198,98,1,20251020_035114
1760899857.9776852,11525955,2950644480,2950.64448,102,197,94,1,20251020_035114
1760899857.9879253,11525995,2950654720,2950.65472,105,198,94,1,20251020_035114
1760899857.9979093,11526034,2950664704,2950.664704,109,198,95,1,20251020_035114
1760899858.007893,11526073,2950674688,2950.674688,112,198,96,1,20251020_035114
1760899858.017877,11526112,2950684672,2950.684672,115,198,96,1,20251020_035114
1760899858.027861,11526151,2950694656,2950.694656,118,198,97,1,20251020_035114
1760899858.0378451,11526190,2950704640,2950.70464,121,197,97,1,20251020_035114
1760899858.0478292,11526229,2950714624,2950.714624,124,197,98,1,20251020_035114
1760899858.0578132,11526268,2950724608,2950.724608,127,198,98,1,20251020_035114
1760899858.0677972,11526307,2950734592,2950.734592,130,198,98,1,20251020_035114
1760899858.0777812,11526346,2950744576,2950.744576,133,198,99,1,20251020_035114
1760899858.0877652,11526385,2950754560,2950.75456,135,198,100,1,20251020_035114
1760899858.0977492,11526424,2950764544,2950.764544,138,198,102,1,20251020_035114
1760899858.1077332,11526463,2950774528,2950.774528,141,198,104,1,20251020_035114
1760899858.1177173,11526502,2950784512,2950.784512,143,198,107,1,20251020_035114
1760899858.127957,11526542,2950794752,2950.794752,146,198,110,1,20251020_035114
1760899858.1379411,11526581,2950804736,2950.804736,149,198,112,1,20251020_035114
1760899858.1479251,11526620,2950814720,2950.81472,151,198,119,1,20251020_035114
1760899858.1579092,11526659,2950824704,2950.824704,154,198,127,1,20251020_035114
1760899858.1678932,11526698,2950834688,2950.834688,157,198,131,1,20251020_035114
1760899858.1778772,11526737,2950844672,2950.844672,161,198,137,1,20251020_035114
1760899858.1878612,11526776,2950854656,2950.854656,164,198,143,1,20251020_035114
1760899858.1978452,11526815,2950864640,2950.86464,168,198,152,1,20251020_035114
1760899858.2078292,11526854,2950874624,2950.874624,172,199,161,1,20251020_035114
1760899858.2178133,11526893,2950884608,2950.884608,176,198,161,1,20251020_035114
1760899858.2277973,11526932,2950894592,2950.894592,181,198,162,1,20251020_035114
1760899858.2377813,11526971,2950904576,2950.904576,185,198,163,1,20251020_035114
1760899858.2477653,11527010,2950914560,2950.91456,189,198,164,1,20251020_035114
1760899858.2577493,11527049,2950924544,2950.924544,193,198,163,1,20251020_035114
1760899858.267733,11527088,2950934528,2950.934528,198,198,164,1,20251020_035114
1760899858.2779732,11527128,2950944768,2950.944768,202,198,164,1,20251020_035114
1760899858.2879572,11527167,2950954752,2950.954752,206,198,165,1,20251020_035114
1760899858.2979412,11527206,2950964736,2950.964736,210,198,165,1,20251020_035114
1760899858.3079252,11527245,2950974720,2950.97472,214,198,166,1,20251020_035114
1760899858.3179092,11527284,2950984704,2950.984704,218,198,166,1,20251020_035114
1760899858.3278933,11527323,2950994688,2950.994688,222,199,166,1,20251020_035114
1760899858.3378773,11527362,2951004672,2951.004672,225,198,166,1,20251020_035114
1760899858.3478613,11527401,2951014656,2951.014656,229,199,165,1,20251020_035114
1760899858.3578453,11527440,2951024640,2951.02464,232,198,167,1,20251020_035114
1760899858.367829,11527479,2951034624,2951.034624,236,199,166,1,20251020_035114
1760899858.377813,11527518,2951044608,2951.044608,239,199,167,1,20251020_035114
1760899858.387797,11527557,2951054592,2951.054592,242,199,167,1,20251020_035114
1760899858.3977811,11527596,2951064576,2951.064576,245,199,167,1,20251020_035114
1760899858.4077652,11527635,2951074560,2951.07456,248,199,166,1,20251020_035114
1760899858.4180052,11527675,2951084800,2951.0848,251,199,166,1,20251020_035114
1760899858.4279892,11527714,2951094784,2951.094784,254,199,163,1,20251020_035114
1760899858.4379733,11527753,2951104768,2951.104768,2,199,164,1,20251020_035114
1760899858.4479573,11527792,2951114752,2951.114752,5,199,164,1,20251020_035114
1760899858.4579413,11527831,2951124736,2951.124736,8,199,163,1,20251020_035114
1760899858.4679253,11527870,2951134720,2951.13472,10,199,162,1,20251020_035114
1760899858.477909,11527909,2951144704,2951.144704,13,199,159,1,20251020_035114
1760899858.487893,11527948,2951154688,2951.154688,15,199,160,1,20251020_035114
1760899858.4978771,11527987,2951164672,2951.164672,18,199,158,1,20251020_035114
1760899858.5078611,11528026,2951174656,2951.174656,20,199,156,1,20251020_035114
1760899858.5178452,11528065,2951184640,2951.18464,23,199,155,1,20251020_035114
1760899858.5278292,11528104,2951194624,2951.194624,26,199,153,1,20251020_035114
1760899858.5378132,11528143,2951204608,2951.204608,28,199,150,1,20251020_035114
1760899858.5477972,11528182,2951214592,2951.214592,31,198,144,1,20251020_035114
1760899858.5580373,11528222,2951224832,2951.224832,34,199,136,1,20251020_035114
1760899858.5680213,11528261,2951234816,2951.234816,37,198,128,1,20251020_035114
1760899858.5780053,11528300,2951244800,2951.2448,40,199,124,1,20251020_035114
1760899858.587989,11528339,2951254784,2951.254784,44,199,119,1,20251020_035114
1760899858.597973,11528378,2951264768,2951.264768,48,198,111,1,20251020_035114
1760899858.6079571,11528417,2951274752,2951.274752,52,199,107,1,20251020_035114
1760899858.6179411,11528456,2951284736,2951.284736,56,199,102,1,20251020_035114
1760899858.6279252,11528495,2951294720,2951.29472,60,199,98,1,20251020_035114
1760899858.6379092,11528534,2951304704,2951.304704,65,198,95,1,20251020_035114
1760899858.6478932,11528573,2951314688,2951.314688,69,198,97,1,20251020_035114
1760899858.6578772,11528612,2951324672,2951.324672,73,198,94,1,20251020_035114
1760899858.6678612,11528651,2951334656,2951.334656,77,198,96,1,20251020_035114
1760899858.6778452,11528690,2951344640,2951.34464,81,198,93,1,20251020_035114
1760899858.6878293,11528729,2951354624,2951.354624,85,198,94,1,20251020_035114
1760899858.6978133,11528768,2951364608,2951.364608,89,198,95,1,20251020_035114
1760899858.708053,11528808,2951374848,2951.374848,93,198,96,1,20251020_035114
1760899858.7180371,11528847,2951384832,2951.384832,97,197,95,1,20251020_035114
1760899858.7280211,11528886,2951394816,2951.394816,101,197,96,1,20251020_035114
1760899858.7380052,11528925,2951404800,2951.4048,104,198,96,1,20251020_035114
1760899858.7479892,11528964,2951414784,2951.414784,108,198,95,1,20251020_035114
1760899858.7579732,11529003,2951424768,2951.424768,111,198,95,1,20251020_035114
1760899858.7679572,11529042,2951434752,2951.434752,114,197,95,1,20251020_035114
1760899858.7779412,11529081,2951444736,2951.444736,117,197,97,1,20251020_035114
1760899858.7879252,11529120,2951454720,2951.45472,120,197,98,1,20251020_035114
1760899858.7979093,11529159,2951464704,2951.464704,123,198,99,1,20251020_035114
1760899858.8078933,11529198,2951474688,2951.474688,126,198,101,1,20251020_035114
1760899858.8178773,11529237,2951484672,2951.484672,129,197,103,1,20251020_035114
1760899858.8278613,11529276,2951494656,2951.494656,132,198,106,1,20251020_035114
1760899858.837845,11529315,2951504640,2951.50464,135,198,110,1,20251020_035114
1760899858.8480852,11529355,2951514880,2951.51488,138,198,115,1,20251020_035114
1760899858.8580692,11529394,2951524864,2951.524864,141,198,121,1,20251020_035114
1760899858.8680532,11529433,2951534848,2951.534848,144,198,128,1,20251020_035114
1760899858.8780372,11529472,2951544832,2951.544832,147,198,134,1,20251020_035114
1760899858.8880212,11529511,2951554816,2951.554816,150,198,139,1,20251020_035114
1760899858.8980052,11529550,2951564800,2951.5648,154,198,142,1,20251020_035114
1760899858.9079893,11529589,2951574784,2951.574784,157,199,147,1,20251020_035114
1760899858.9179733,11529628,2951584768,2951.584768,161,198,153,1,20251020_035114
1760899858.9279573,11529667,2951594752,2951.594752,165,198,159,1,20251020_035114
1760899858.9379413,11529706,2951604736,2951.604736,169,198,161,1,20251020_035114
1760899858.947925,11529745,2951614720,2951.61472,173,198,160,1,20251020_035114
1760899858.957909,11529784,2951624704,2951.624704,178,198,161,1,20251020_035114
1760899858.9678931,11529823,2951634688,2951.634688,182,198,162,1,20251020_035114
1760899858.9778771,11529862,2951644672,2951.644672,186,198,163,1,20251020_035114
1760899858.9881172,11529902,2951654912,2951.654912,190,198,163,1,20251020_035114
1760899858.9981012,11529941,2951664896,2951.664896,195,198,164,1,20251020_035114
1760899859.0080853,11529980,2951674880,2951.67488,199,198,165,1,20251020_035114
1760899859.0180693,11530019,2951684864,2951.684864,203,198,166,1,20251020_035114
1760899859.0280533,11530058,2951694848,2951.694848,207,198,165,1,20251020_035114
1760899859.0380373,11530097,2951704832,2951.704832,211,198,165,1,20251020_035114
1760899859.0480213,11530136,2951714816,2951.714816,215,198,165,1,20251020_035114
1760899859.058005,11530175,2951724800,2951.7248,219,198,166,1,20251020_035114
1760899859.067989,11530214,2951734784,2951.734784,223,198,166,1,20251020_035114
1760899859.0779731,11530253,2951744768,2951.744768,226,198,166,1,20251020_035114
1760899859.0879571,11530292,2951754752,2951.754752,230,199,167,1,20251020_035114
1760899859.0979412,11530331,2951764736,2951.764736,234,198,167,1,20251020_035114
1760899859.1079252,11530370,2951774720,2951.77472,237,198,166,1,20251020_035114
1760899859.1179092,11530409,2951784704,2951.784704,240,198,165,1,20251020_035114
1760899859.1278932,11530448,2951794688,2951.794688,243,199,167,1,20251020_035114
1760899859.1381333,11530488,2951804928,2951.804928,246,199,168,1,20251020_035114
1760899859.1481173,11530527,2951814912,2951.814912,249,199,166,1,20251020_035114
1760899859.158101,11530566,2951824896,2951.824896,252,198,166,1,20251020_035114
1760899859.168085,11530605,2951834880,2951.83488,0,199,165,1,20251020_035114
1760899859.178069,11530644,2951844864,2951.844864,3,199,165,1,20251020_035114
1760899859.1880531,11530683,2951854848,2951.854848,6,198,164,1,20251020_035114
1760899859.1980371,11530722,2951864832,2951.864832,8,198,163,1,20251020_035114
1760899859.2080212,11530761,2951874816,2951.874816,11,199,162,1,20251020_035114
1760899859.2180052,11530800,2951884800,2951.8848,13,198,163,1,20251020_035114
1760899859.2279892,11530839,2951894784,2951.894784,16,199,162,1,20251020_035114
1760899859.2379732,11530878,2951904768,2951.904768,18,199,162,1,20251020_035114
1760899859.2479572,11530917,2951914752,2951.914752,21,199,162,1,20251020_035114
1760899859.2579412,11530956,2951924736,2951.924736,23,199,162,1,20251020_035114
1760899859.2679253,11530995,2951934720,2951.93472,26,199,162,1,20251020_035114
1760899859.278165,11531035,2951944960,2951.94496,28,199,162,1,20251020_035114
1760899859.288149,11531074,2951954944,2951.954944,30,199,161,1,20251020_035114
1760899859.2981331,11531113,2951964928,2951.964928,32,199,160,1,20251020_035114
1760899859.3081172,11531152,2951974912,2951.974912,35,199,159,1,20251020_035114
1760899859.3181012,11531191,2951984896,2951.984896,37,199,159,1,20251020_035114
1760899859.3280852,11531230,2951994880,2951.99488,39,199,158,1,20251020_035114
1760899859.3380692,11531269,2952004864,2952.004864,42,198,157,1,20251020_035114
1760899859.3480532,11531308,2952014848,2952.014848,44,199,157,1,20251020_035114
1760899859.3580372,11531347,2952024832,2952.024832,46,199,156,1,20251020_035114
1760899859.3680212,11531386,2952034816,2952.034816,49,199,154,1,20251020_035114
1760899859.3780053,11531425,2952044800,2952.0448,51,198,152,1,20251020_035114
1760899859.3879893,11531464,2952054784,2952.054784,54,199,151,1,20251020_035114
1760899859.3979733,11531503,2952064768,2952.064768,56,199,150,1,20251020_035114
1760899859.4079573,11531542,2952074752,2952.074752,59,198,149,1,20251020_035114
1760899859.417941,11531581,2952084736,2952.084736,61,198,147,1,20251020_035114
1760899859.4281812,11531621,2952094976,2952.094976,64,199,140,1,20251020_035114
1760899859.4381652,11531660,2952104960,2952.10496,67,199,132,1,20251020_035114
1760899859.4481492,11531699,2952114944,2952.114944,70,199,128,1,20251020_035114
1760899859.4581332,11531738,2952124928,2952.124928,74,198,126,1,20251020_035114
1760899859.4681172,11531777,2952134912,2952.134912,77,199,122,1,20251020_035114
1760899859.4781013,11531816,2952144896,2952.144896,81,199,118,1,20251020_035114
1760899859.4880853,11531855,2952154880,2952.15488,84,198,115,1,20251020_035114
1760899859.4980693,11531894,2952164864,2952.164864,88,198,110,1,20251020_035114
1760899859.5080533,11531933,2952174848,2952.174848,92,198,106,1,20251020_035114
1760899859.5180373,11531972,2952184832,2952.184832,95,198,103,1,20251020_035114
1760899859.528021,11532011,2952194816,2952.194816,99,198,100,1,20251020_035114
1760899859.538005,11532050,2952204800,2952.2048,102,198,97,1,20251020_035114
1760899859.5479891,11532089,2952214784,2952.214784,106,198,95,1,20251020_035114
1760899859.5579731,11532128,2952224768,2952.224768,109,198,95,1,20251020_035114
1760899859.5682132,11532168,2952235008,2952.235008,112,198,96,1,20251020_035114
1760899859.5781972,11532207,2952244992,2952.244992,116,198,97,1,20251020_035114
1760899859.5881813,11532246,2952254976,2952.254976,119,197,97,1,20251020_035114
1760899859.5981653,11532285,2952264960,2952.26496,122,198,97,1,20251020_035114
1760899859.6081493,11532324,2952274944,2952.274944,125,198,98,1,20251020_035114
1760899859.6181333,11532363,2952284928,2952.284928,128,198,99,1,20251020_035114
1760899859.628117,11532402,2952294912,2952.294912,130,198,99,1,20251020_035114
1760899859.638101,11532441,2952304896,2952.304896,133,198,99,1,20251020_035114
1760899859.648085,11532480,2952314880,2952.31488,136,198,99,1,20251020_035114
1760899859.6580691,11532519,2952324864,2952.324864,138,198,99,1,20251020_035114
1760899859.6680532,11532558,2952334848,2952.334848,141,198,100,1,20251020_035114
1760899859.6780372,11532597,2952344832,2952.344832,143,198,100,1,20251020_035114
1760899859.6880212,11532636,2952354816,2952.354816,146,198,102,1,20251020_035114
1760899859.6980052,11532675,2952364800,2952.3648,148,198,103,1,20251020_035114
1760899859.7082453,11532715,2952375040,2952.37504,151,198,106,1,20251020_035114
1760899859.7182293,11532754,2952385024,2952.385024,153,198,108,1,20251020_035114
1760899859.7282133,11532793,2952395008,2952.395008,156,197,111,1,20251020_035114
1760899859.738197,11532832,2952404992,2952.404992,158,198,113,1,20251020_035114
1760899859.748181,11532871,2952414976,2952.414976,161,198,120,1,20251020_035114
1760899859.7581651,11532910,2952424960,2952.42496,164,198,127,1,20251020_035114
1760899859.7681491,11532949,2952434944,2952.434944,167,198,130,1,20251020_035114
1760899859.7781332,11532988,2952444928,2952.444928,170,199,133,1,20251020_035114
1760899859.7881172,11533027,2952454912,2952.454912,174,198,140,1,20251020_035114
1760899859.7981012,11533066,2952464896,2952.464896,177,198,143,1,20251020_035114
1760899859.8080852,11533105,2952474880,2952.47488,181,198,147,1,20251020_035114
1760899859.8180692,11533144,2952484864,2952.484864,185,198,155,1,20251020_035114
1760899859.8280532,11533183,2952494848,2952.494848,189,198,161,1,20251020_035114
1760899859.8380373,11533222,2952504832,2952.504832,193,198,162,1,20251020_035114
1760899859.8480213,11533261,2952514816,2952.514816,198,198,162,1,20251020_035114
1760899859.858261,11533301,2952525056,2952.525056,202,198,163,1,20251020_035114
1760899859.8682451,11533340,2952535040,2952.53504,206,198,164,1,20251020_035114
1760899859.8782291,11533379,2952545024,2952.545024,210,198,164,1,20251020_035114
1760899859.8882132,11533418,2952555008,2952.555008,214,198,164,1,20251020_035114
1760899859.8981972,11533457,2952564992,2952.564992,218,199,166,1,20251020_035114
1760899859.9081812,11533496,2952574976,2952.574976,222,199,166,1,20251020_035114
1760899859.9181652,11533535,2952584960,2952.58496,225,199,166,1,20251020_035114
1760899859.9281492,11533574,2952594944,2952.594944,229,198,166,1,20251020_035114
1760899859.9381332,11533613,2952604928,2952.604928,232,199,166,1,20251020_035114
1760899859.9481173,11533652,2952614912,2952.614912,236,199,166,1,20251020_035114
1760899859.9581013,11533691,2952624896,2952.624896,239,198,167,1,20251020_035114
1760899859.9680853,11533730,2952634880,2952.63488,242,199,166,1,20251020_035114
1760899859.9780693,11533769,2952644864,2952.644864,245,199,166,1,20251020_035114
1760899859.988053,11533808,2952654848,2952.654848,249,199,166,1,20251020_035114
1760899859.9982932,11533848,2952665088,2952.665088,251,199,167,1,20251020_035114
1760899860.0082772,11533887,2952675072,2952.675072,254,199,166,1,20251020_035114
1760899860.0182612,11533926,2952685056,2952.685056,2,199,166,1,20251020_035114
1760899860.0282452,11533965,2952695040,2952.69504,5,199,166,1,20251020_035114
1760899860.0382292,11534004,2952705024,2952.705024,7,199,165,1,20251020_035114
1760899860.0482132,11534043,2952715008,2952.715008,10,199,164,1,20251020_035114
1760899860.0581973,11534082,2952724992,2952.724992,13,199,163,1,20251020_035114
1760899860.0681813,11534121,2952734976,2952.734976,15,199,160,1,20251020_035114
1760899860.0781653,11534160,2952744960,2952.74496,18,199,162,1,20251020_035114
1760899860.0881493,11534199,2952754944,2952.754944,20,199,160,1,20251020_035114
1760899860.098133,11534238,2952764928,2952.764928,22,200,159,1,20251020_035114
1760899860.108117,11534277,2952774912,2952.774912,25,199,157,1,20251020_035114
1760899860.1183572,11534317,2952785152,2952.785152,27,199,153,1,20251020_035114
1760899860.1283412,11534356,2952795136,2952.795136,30,199,151,1,20251020_035114
1760899860.1383252,11534395,2952805120,2952.80512,33,200,148,1,20251020_035114
1760899860.1483092,11534434,2952815104,2952.815104,35,199,144,1,20251020_035114
1760899860.1582932,11534473,2952825088,2952.825088,38,199,136,1,20251020_035114
1760899860.1682773,11534512,2952835072,2952.835072,41,200,130,1,20251020_035114
1760899860.1782613,11534551,2952845056,2952.845056,45,198,124,1,20251020_035114
1760899860.1882453,11534590,2952855040,2952.85504,48,201,118,1,20251020_035114
1760899860.1982293,11534629,2952865024,2952.865024,52,199,110,1,20251020_035114
1760899860.208213,11534668,2952875008,2952.875008,56,199,108,1,20251020_035114
1760899860.218197,11534707,2952884992,2952.884992,60,199,103,1,20251020_035114
1760899860.2281811,11534746,2952894976,2952.894976,65,199,99,1,20251020_035114
1760899860.2381651,11534785,2952904960,2952.90496,69,199,99,1,20251020_035114
1760899860.2481492,11534824,2952914944,2952.914944,73,198,95,1,20251020_035114
1760899860.2583892,11534864,2952925184,2952.925184,77,199,95,1,20251020_035114
1760899860.2683733,11534903,2952935168,2952.935168,81,199,94,1,20251020_035114
1760899860.2783573,11534942,2952945152,2952.945152,85,199,97,1,20251020_035114
1760899860.2883413,11534981,2952955136,2952.955136,89,198,96,1,20251020_035114
1760899860.2983253,11535020,2952965120,2952.96512,93,198,96,1,20251020_035114
1760899860.3083093,11535059,2952975104,2952.975104,97,198,96,1,20251020_035114
1760899860.318293,11535098,2952985088,2952.985088,101,198,97,1,20251020_035114
1760899860.328277,11535137,2952995072,2952.995072,104,198,96,1,20251020_035114
1760899860.3382611,11535176,2953005056,2953.005056,108,198,96,1,20251020_035114
1760899860.3482451,11535215,2953015040,2953.01504,111,197,95,1,20251020_035114
1760899860.3582292,11535254,2953025024,2953.025024,114,197,96,1,20251020_035114
1760899860.3682132,11535293,2953035008,2953.035008,117,198,97,1,20251020_035114
1760899860.3781972,11535332,2953044992,2953.044992,120,198,97,1,20251020_035114
1760899860.3884373,11535372,2953055232,2953.055232,123,198,98,1,20251020_035114
1760899860.3984213,11535411,2953065216,2953.065216,126,197,101,1,20251020_035114
1760899860.4084053,11535450,2953075200,2953.0752,129,198,102,1,20251020_035114
1760899860.418389,11535489,2953085184,2953.085184,132,198,103,1,20251020_035114
1760899860.428373,11535528,2953095168,2953.095168,135,198,107,1,20251020_035114
1760899860.438357,11535567,2953105152,2953.105152,137,198,109,1,20251020_035114
1760899860.4483411,11535606,2953115136,2953.115136,140,198,115,1,20251020_035114
1760899860.4583251,11535645,2953125120,2953.12512,143,198,123,1,20251020_035114
1760899860.4683092,11535684,2953135104,2953.135104,146,198,129,1,20251020_035114
1760899860.4782932,11535723,2953145088,2953.145088,149,198,136,1,20251020_035114
1760899860.4882772,11535762,2953155072,2953.155072,153,198,143,1,20251020_035114
1760899860.4982612,11535801,2953165056,2953.165056,157,198,148,1,20251020_035114
1760899860.5082452,11535840,2953175040,2953.17504,160,198,153,1,20251020_035114
1760899860.5182292,11535879,2953185024,2953.185024,164,198,159,1,20251020_035114
1760899860.5282133,11535918,2953195008,2953.195008,168,198,160,1,20251020_035114
1760899860.538453,11535958,2953205248,2953.205248,173,198,161,1,20251020_035114
1760899860.548437,11535997,2953215232,2953.215232,177,198,162,1,20251020_035114
1760899860.5584211,11536036,2953225216,2953.225216,181,199,164,1,20251020_035114
1760899860.5684052,11536075,2953235200,2953.2352,186,198,163,1,20251020_035114
1760899860.5783892,11536114,2953245184,2953.245184,190,198,164,1,20251020_035114
1760899860.5883732,11536153,2953255168,2953.255168,194,198,164,1,20251020_035114
1760899860.5983572,11536192,2953265152,2953.265152,198,198,164,1,20251020_035114
1760899860.6083412,11536231,2953275136,2953.275136,202,198,165,1,20251020_035114
1760899860.6183252,11536270,2953285120,2953.28512,207,198,164,1,20251020_035114
1760899860.6283092,11536309,2953295104,2953.295104,211,198,163,1,20251020_035114
1760899860.6382933,11536348,2953305088,2953.305088,215,198,165,1,20251020_035114
1760899860.6482773,11536387,2953315072,2953.315072,218,198,166,1,20251020_035114
1760899860.6582613,11536426,2953325056,2953.325056,222,198,166,1,20251020_035114
1760899860.6682453,11536465,2953335040,2953.33504,226,199,166,1,20251020_035114
1760899860.678229,11536504,2953345024,2953.345024,230,198,166,1,20251020_035114
1760899860.6884692,11536544,2953355264,2953.355264,233,198,167,1,20251020_035114
1760899860.6984532,11536583,2953365248,2953.365248,236,199,167,1,20251020_035114
1760899860.7084372,11536622,2953375232,2953.375232,240,199,166,1,20251020_035114
1760899860.7184212,11536661,2953385216,2953.385216,243,200,168,1,20251020_035114
1760899860.7284052,11536700,2953395200,2953.3952,246,199,166,1,20251020_035114
1760899860.7383893,11536739,2953405184,2953.405184,249,198,166,1,20251020_035114
1760899860.7483733,11536778,2953415168,2953.415168,252,199,165,1,20251020_035114
1760899860.7583573,11536817,2953425152,2953.425152,0,199,165,1,20251020_035114
1760899860.7683413,11536856,2953435136,2953.435136,3,199,162,1,20251020_035114
1760899860.778325,11536895,2953445120,2953.44512,5,199,163,1,20251020_035114
1760899860.788309,11536934,2953455104,2953.455104,8,199,162,1,20251020_035114
1760899860.798293,11536973,2953465088,2953.465088,11,199,162,1,20251020_035114
1760899860.8082771,11537012,2953475072,2953.475072,13,199,161,1,20251020_035114
1760899860.8182611,11537051,2953485056,2953.485056,16,199,161,1,20251020_035114
1760899860.8285012,11537091,2953495296,2953.495296,18,199,160,1,20251020_035114
1760899860.8384852,11537130,2953505280,2953.50528,21,199,158,1,20251020_035114
1760899860.8484693,11537169,2953515264,2953.515264,23,199,158,1,20251020_035114
1760899860.8584533,11537208,2953525248,2953.525248,26,199,158,1,20251020_035114
1760899860.8684373,11537247,2953535232,2953.535232,28,199,156,1,20251020_035114
1760899860.8784213,11537286,2953545216,2953.545216,31,199,154,1,20251020_035114
1760899860.888405,11537325,2953555200,2953.5552,33,199,147,1,20251020_035114
1760899860.898389,11537364,2953565184,2953.565184,36,199,137,1,20251020_035114
1760899860.908373,11537403,2953575168,2953.575168,39,199,127,1,20251020_035114
1760899860.9183571,11537442,2953585152,2953.585152,43,199,121,1,20251020_035114
1760899860.9283412,11537481,2953595136,2953.595136,46,200,114,1,20251020_035114
1760899860.9383252,11537520,2953605120,2953.60512,50,199,111,1,20251020_035114
1760899860.9483092,11537559,2953615104,2953.615104,54,199,109,1,20251020_035114
1760899860.9582932,11537598,2953625088,2953.625088,58,199,109,1,20251020_035114
1760899860.9685333,11537638,2953635328,2953.635328,62,198,108,1,20251020_035114
1760899860.9785173,11537677,2953645312,2953.645312,66,198,105,1,20251020_035114
1760899860.9885013,11537716,2953655296,2953.655296,71,199,100,1,20251020_035114
1760899860.998485,11537755,2953665280,2953.66528,75,198,97,1,20251020_035114
1760899861.008469,11537794,2953675264,2953.675264,79,198,98,1,20251020_035114
1760899861.0184531,11537833,2953685248,2953.685248,83,198,97,1,20251020_035114
1760899861.0284371,11537872,2953695232,2953.695232,87,198,97,1,20251020_035114
1760899861.0386772,11537912,2953705472,2953.705472,91,198,96,1,20251020_035114
1760899861.0486612,11537951,2953715456,2953.715456,95,198,94,1,20251020_035114
1760899861.0586452,11537990,2953725440,2953.72544,98,198,94,1,20251020_035114
1760899861.0686293,11538029,2953735424,2953.735424,102,197,95,1,20251020_035114
1760899861.0786133,11538068,2953745408,2953.745408,105,197,97,1,20251020_035114
1760899861.0885973,11538107,2953755392,2953.755392,109,197,97,1,20251020_035114
1760899861.0985813,11538146,2953765376,2953.765376,112,197,96,1,20251020_035114
1760899861.108565,11538185,2953775360,2953.77536,115,197,96,1,20251020_035114
1760899861.1188052,11538225,2953785600,2953.7856,118,197,97,1,20251020_035114
1760899861.1287892,11538264,2953795584,2953.795584,121,199,99,1,20251020_035114
1760899861.1387732,11538303,2953805568,2953.805568,124,198,99,1,20251020_035114
1760899861.1487572,11538342,2953815552,2953.815552,127,197,99,1,20251020_035114
1760899861.1587412,11538381,2953825536,2953.825536,130,198,98,1,20251020_035114
1760899861.1687253,11538420,2953835520,2953.83552,133,198,100,1,20251020_035114
1760899861.1787093,11538459,2953845504,2953.845504,135,198,101,1,20251020_035114
1760899861.1886933,11538498,2953855488,2953.855488,138,198,102,1,20251020_035114
1760899861.1986773,11538537,2953865472,2953.865472,141,198,104,1,20251020_035114
1760899861.2086613,11538576,2953875456,2953.875456,143,198,107,1,20251020_035114
1760899861.218645,11538615,2953885440,2953.88544,146,198,109,1,20251020_035114
1760899861.228629,11538654,2953895424,2953.895424,149,198,113,1,20251020_035114
1760899861.2386131,11538693,2953905408,2953.905408,151,198,116,1,20251020_035114
1760899861.2485971,11538732,2953915392,2953.915392,154,198,123,1,20251020_035114
1760899861.2585812,11538771,2953925376,2953.925376,157,198,128,1,20251020_035114
1760899861.2688212,11538811,2953935616,2953.935616,160,198,131,1,20251020_035114
1760899861.2788053,11538850,2953945600,2953.9456,164,198,136,1,20251020_035114
1760899861.2887893,11538889,2953955584,2953.955584,167,198,143,1,20251020_035114
1760899861.2987733,11538928,2953965568,2953.965568,171,198,147,1,20251020_035114
1760899861.3087573,11538967,2953975552,2953.975552,175,198,150,1,20251020_035114
1760899861.318741,11539006,2953985536,2953.985536,179,198,161,1,20251020_035114
1760899861.328725,11539045,2953995520,2953.99552,183,198,162,1,20251020_035114
1760899861.338709,11539084,2954005504,2954.005504,187,197,163,1,20251020_035114
1760899861.3486931,11539123,2954015488,2954.015488,192,198,164,1,20251020_035114
1760899861.3586771,11539162,2954025472,2954.025472,196,198,165,1,20251020_035114
1760899861.3686612,11539201,2954035456,2954.035456,200,198,165,1,20251020_035114
1760899861.3786452,11539240,2954045440,2954.04544,204,198,166,1,20251020_035114
1760899861.3886292,11539279,2954055424,2954.055424,209,198,165,1,20251020_035114
1760899861.3986132,11539318,2954065408,2954.065408,213,197,166,1,20251020_035114
1760899861.4088533,11539358,2954075648,2954.075648,216,199,166,1,20251020_035114
1760899861.4188373,11539397,2954085632,2954.085632,220,198,167,1,20251020_035114
1760899861.428821,11539436,2954095616,2954.095616,224,198,167,1,20251020_035114
1760899861.438805,11539475,2954105600,2954.1056,228,198,168,1,20251020_035114
1760899861.4487891,11539514,2954115584,2954.115584,231,199,167,1,20251020_035114
1760899861.4587731,11539553,2954125568,2954.125568,235,200,168,1,20251020_035114
1760899861.4687572,11539592,2954135552,2954.135552,238,199,168,1,20251020_035114
1760899861.4787412,11539631,2954145536,2954.145536,241,199,168,1,20251020_035114
1760899861.4887252,11539670,2954155520,2954.15552,244,199,168,1,20251020_035114
1760899861.4987092,11539709,2954165504,2954.165504,248,200,168,1,20251020_035114
1760899861.5086932,11539748,2954175488,2954.175488,250,199,168,1,20251020_035114
1760899861.5186772,11539787,2954185472,2954.185472,253,200,169,1,20251020_035114
1760899861.5286613,11539826,2954195456,2954.195456,1,200,168,1,20251020_035114
1760899861.5386453,11539865,2954205440,2954.20544,4,200,169,1,20251020_035114
1760899861.548885,11539905,2954215680,2954.21568,7,200,171,1,20251020_035114
1760899861.5588691,11539944,2954225664,2954.225664,9,200,168,1,20251020_035114
1760899861.5688531,11539983,2954235648,2954.235648,12,200,168,1,20251020_035114
1760899861.5788372,11540022,2954245632,2954.245632,14,200,169,1,20251020_035114
1760899861.5888212,11540061,2954255616,2954.255616,16,200,167,1,20251020_035114
1760899861.5988052,11540100,2954265600,2954.2656,19,198,168,1,20251020_035114
1760899861.6087892,11540139,2954275584,2954.275584,21,196,166,1,20251020_035114
1760899861.6187732,11540178,2954285568,2954.285568,23,201,167,1,20251020_035114
1760899861.6287572,11540217,2954295552,2954.295552,26,199,165,1,20251020_035114
1760899861.6387413,11540256,2954305536,2954.305536,28,193,164,1,20251020_035114
1760899861.6487253,11540295,2954315520,2954.31552,30,197,164,1,20251020_035114
1760899861.6587093,11540334,2954325504,2954.325504,32,198,162,1,20251020_035114
1760899861.6686933,11540373,2954335488,2954.335488,35,199,158,1,20251020_035114
1760899861.6789331,11540413,2954345728,2954.345728,37,199,156,1,20251020_035114
1760899861.6889172,11540452,2954355712,2954.355712,39,197,154,1,20251020_035114
1760899861.6989012,11540491,2954365696,2954.365696,42,199,144,1,20251020_035114
1760899861.7088852,11540530,2954375680,2954.37568,45,198,136,1,20251020_035114
1760899861.7188692,11540569,2954385664,2954.385664,48,198,127,1,20251020_035114
1760899861.7288532,11540608,2954395648,2954.395648,52,199,118,1,20251020_035114
1760899861.7388372,11540647,2954405632,2954.405632,56,199,111,1,20251020_035114
1760899861.7488213,11540686,2954415616,2954.415616,60,199,103,1,20251020_035114
1760899861.759061,11540726,2954425856,2954.425856,64,200,100,1,20251020_035114
1760899861.769045,11540765,2954435840,2954.43584,68,200,96,1,20251020_035114
1760899861.7790291,11540804,2954445824,2954.445824,72,199,92,1,20251020_035114
1760899861.7890131,11540843,2954455808,2954.455808,77,200,92,1,20251020_035114
1760899861.7989972,11540882,2954465792,2954.465792,81,200,93,1,20251020_035114
1760899861.8089812,11540921,2954475776,2954.475776,85,199,92,1,20251020_035114
1760899861.8192213,11540961,2954486016,2954.486016,89,199,90,1,20251020_035114
1760899861.8292053,11541000,2954496000,2954.496,93,200,92,1,20251020_035114
1760899861.8391893,11541039,2954505984,2954.505984,96,200,92,1,20251020_035114
1760899861.8491733,11541078,2954515968,2954.515968,100,200,92,1,20251020_035114
1760899861.859157,11541117,2954525952,2954.525952,104,202,94,1,20251020_035114
1760899861.869141,11541156,2954535936,2954.535936,107,201,92,1,20251020_035114
1760899861.879125,11541195,2954545920,2954.54592,110,201,93,1,20251020_035114
1760899861.8891091,11541234,2954555904,2954.555904,114,200,92,1,20251020_035114
1760899861.8990932,11541273,2954565888,2954.565888,117,200,90,1,20251020_035114
1760899861.9090772,11541312,2954575872,2954.575872,120,200,91,1,20251020_035114
1760899861.9190612,11541351,2954585856,2954.585856,123,200,91,1,20251020_035114
1760899861.9290452,11541390,2954595840,2954.59584,126,200,91,1,20251020_035114
1760899861.9392853,11541430,2954606080,2954.60608,128,200,92,1,20251020_035114
1760899861.9492693,11541469,2954616064,2954.616064,131,200,93,1,20251020_035114
1760899861.9592533,11541508,2954626048,2954.626048,134,201,93,1,20251020_035114
1760899861.969237,11541547,2954636032,2954.636032,136,200,93,1,20251020_035114
1760899861.979221,11541586,2954646016,2954.646016,139,200,95,1,20251020_035114
1760899861.9892051,11541625,2954656000,2954.656,141,201,93,1,20251020_035114
1760899861.9991891,11541664,2954665984,2954.665984,144,200,93,1,20251020_035114
1760899862.0091732,11541703,2954675968,2954.675968,146,200,93,1,20251020_035114
1760899862.0191572,11541742,2954685952,2954.685952,148,200,92,1,20251020_035114
1760899862.0291412,11541781,2954695936,2954.695936,151,199,94,1,20251020_035114
1760899862.0391252,11541820,2954705920,2954.70592,153,201,94,1,20251020_035114
1760899862.0491092,11541859,2954715904,2954.715904,155,200,94,1,20251020_035114
1760899862.0590932,11541898,2954725888,2954.725888,157,201,94,1,20251020_035114
1760899862.0690773,11541937,2954735872,2954.735872,159,201,95,1,20251020_035114
1760899862.079317,11541977,2954746112,2954.746112,162,201,94,1,20251020_035114
1760899862.089301,11542016,2954756096,2954.756096,164,201,94,1,20251020_035114
1760899862.0992851,11542055,2954766080,2954.76608,166,201,91,1,20251020_035114
1760899862.1092691,11542094,2954776064,2954.776064,168,201,92,1,20251020_035114
1760899862.1192532,11542133,2954786048,2954.786048,170,200,92,1,20251020_035114
1760899862.1292372,11542172,2954796032,2954.796032,172,201,92,1,20251020_035114
1760899862.1392212,11542211,2954806016,2954.806016,174,201,98,1,20251020_035114
1760899862.1492052,11542250,2954816000,2954.816,176,201,94,1,20251020_035114
1760899862.1591892,11542289,2954825984,2954.825984,178,200,93,1,20251020_035114
1760899862.1691732,11542328,2954835968,2954.835968,180,202,92,1,20251020_035114
1760899862.1791573,11542367,2954845952,2954.845952,182,200,90,1,20251020_035114
1760899862.1891413,11542406,2954855936,2954.855936,184,201,89,1,20251020_035114
1760899862.1991253,11542445,2954865920,2954.86592,186,201,91,1,20251020_035114
1760899862.2091093,11542484,2954875904,2954.875904,188,200,91,1,20251020_035114
1760899862.219093,11542523,2954885888,2954.885888,190,201,94,1,20251020_035114
1760899862.2293332,11542563,2954896128,2954.896128,192,201,96,1,20251020_035114
1760899862.2393172,11542602,2954906112,2954.906112,194,201,93,1,20251020_035114
1760899862.2493012,11542641,2954916096,2954.916096,196,200,91,1,20251020_035114
1760899862.2592852,11542680,2954926080,2954.92608,198,201,90,1,20251020_035114
1760899862.2692692,11542719,2954936064,2954.936064,200,201,92,1,20251020_035114
1760899862.2792532,11542758,2954946048,2954.946048,203,201,92,1,20251020_035114
1760899862.2892373,11542797,2954956032,2954.956032,205,201,93,1,20251020_035114
1760899862.2992213,11542836,2954966016,2954.966016,207,201,94,1,20251020_035114
1760899862.3092053,11542875,2954976000,2954.976,209,200,94,1,20251020_035114
1760899862.3191893,11542914,2954985984,2954.985984,212,200,94,1,20251020_035114
1760899862.329173,11542953,2954995968,2954.995968,214,201,95,1,20251020_035114
1760899862.339157,11542992,2955005952,2955.005952,217,201,94,1,20251020_035114
1760899862.3491411,11543031,2955015936,2955.015936,219,200,95,1,20251020_035114
1760899862.3591251,11543070,2955025920,2955.02592,222,201,95,1,20251020_035114
1760899862.3693652,11543110,2955036160,2955.03616,225,201,94,1,20251020_035114
1760899862.3793492,11543149,2955046144,2955.046144,227,201,93,1,20251020_035114
1760899862.3893332,11543188,2955056128,2955.056128,230,201,95,1,20251020_035114
1760899862.3993173,11543227,2955066112,2955.066112,233,201,94,1,20251020_035114
1760899862.4093013,11543266,2955076096,2955.076096,236,201,96,1,20251020_035114
1760899862.4192853,11543305,2955086080,2955.08608,239,201,95,1,20251020_035114
1760899862.4292693,11543344,2955096064,2955.096064,242,200,95,1,20251020_035114
1760899862.439253,11543383,2955106048,2955.106048,246,201,94,1,20251020_035114
1760899862.449237,11543422,2955116032,2955.116032,249,201,95,1,20251020_035114
1760899862.4592211,11543461,2955126016,2955.126016,252,201,95,1,20251020_035114
1760899862.4692051,11543500,2955136000,2955.136,1,201,100,1,20251020_035114
1760899862.4791892,11543539,2955145984,2955.145984,4,201,98,1,20251020_035114
1760899862.4891732,11543578,2955155968,2955.155968,8,201,96,1,20251020_035114
1760899862.4991572,11543617,2955165952,2955.165952,12,201,98,1,20251020_035114
1760899862.5091412,11543656,2955175936,2955.175936,16,201,99,1,20251020_035114
1760899862.5193813,11543696,2955186176,2955.186176,20,201,95,1,20251020_035114
1760899862.5293653,11543735,2955196160,2955.19616,24,201,98,1,20251020_035114
1760899862.5393493,11543774,2955206144,2955.206144,28,201,101,1,20251020_035114
1760899862.549333,11543813,2955216128,2955.216128,31,201,101,1,20251020_035114
1760899862.559317,11543852,2955226112,2955.226112,36,201,99,1,20251020_035114
1760899862.5693011,11543891,2955236096,2955.236096,40,201,98,1,20251020_035114
1760899862.5792851,11543930,2955246080,2955.24608,44,201,96,1,20251020_035114
1760899862.5892692,11543969,2955256064,2955.256064,48,201,94,1,20251020_035114
1760899862.5992532,11544008,2955266048,2955.266048,53,201,93,1,20251020_035114
1760899862.6092372,11544047,2955276032,2955.276032,57,201,92,1,20251020_035114
1760899862.6192212,11544086,2955286016,2955.286016,61,201,92,1,20251020_035114
1760899862.6292052,11544125,2955296000,2955.296,66,201,91,1,20251020_035114
1760899862.6391892,11544164,2955305984,2955.305984,70,201,92,1,20251020_035114
1760899862.6491733,11544203,2955315968,2955.315968,74,201,92,1,20251020_035114
1760899862.659413,11544243,2955326208,2955.326208,78,201,92,1,20251020_035114
1760899862.669397,11544282,2955336192,2955.336192,83,201,93,1,20251020_035114
1760899862.6793811,11544321,2955346176,2955.346176,86,201,93,1,20251020_035114
1760899862.6893651,11544360,2955356160,2955.35616,90,201,93,1,20251020_035114
1760899862.6993492,11544399,2955366144,2955.366144,94,201,93,1,20251020_035114
1760899862.7093332,11544438,2955376128,2955.376128,98,201,92,1,20251020_035114
1760899862.7193172,11544477,2955386112,2955.386112,101,201,93,1,20251020_035114
1760899862.7293012,11544516,2955396096,2955.396096,105,201,94,1,20251020_035114
1760899862.7392852,11544555,2955406080,2955.40608,108,200,93,1,20251020_035114
1760899862.7492692,11544594,2955416064,2955.416064,112,201,93,1,20251020_035114
1760899862.7592533,11544633,2955426048,2955.426048,115,200,94,1,20251020_035114
1760899799.4366567,12829824,3284434944,3284.434944,56,199,171,6,20251020_035116
1760899799.4466407,12829863,3284444928,3284.444928,61,198,172,6,20251020_035116
1760899799.4566247,12829902,3284454912,3284.454912,65,199,172,6,20251020_035116
1760899799.4666088,12829941,3284464896,3284.464896,70,198,172,6,20251020_035116
1760899799.4765928,12829980,3284474880,3284.47488,74,198,171,6,20251020_035116
1760899799.4865768,12830019,3284484864,3284.484864,79,198,171,6,20251020_035116
1760899799.4965608,12830058,3284494848,3284.494848,84,198,172,6,20251020_035116
1760899799.5065448,12830097,3284504832,3284.504832,88,199,174,6,20251020_035116
1760899799.516785,12830137,3284515072,3284.515072,93,200,172,6,20251020_035116
1760899799.5267687,12830176,3284525056,3284.525056,97,198,171,6,20251020_035116
1760899799.5367527,12830215,3284535040,3284.53504,102,199,170,6,20251020_035116
1760899799.5467367,12830254,3284545024,3284.545024,106,199,167,6,20251020_035116
1760899799.5567207,12830293,3284555008,3284.555008,111,198,155,6,20251020_035116
1760899799.5667048,12830332,3284564992,3284.564992,116,198,141,6,20251020_035116
1760899799.5766888,12830371,3284574976,3284.574976,120,197,132,6,20251020_035116
1760899799.5866728,12830410,3284584960,3284.58496,125,198,127,6,20251020_035116
1760899799.5966568,12830449,3284594944,3284.594944,129,199,123,6,20251020_035116
1760899799.6066408,12830488,3284604928,3284.604928,134,198,119,6,20251020_035116
1760899799.6166248,12830527,3284614912,3284.614912,138,198,117,6,20251020_035116
1760899799.6266088,12830566,3284624896,3284.624896,143,198,120,6,20251020_035116
1760899799.6365929,12830605,3284634880,3284.63488,148,198,121,6,20251020_035116
1760899799.646577,12830644,3284644864,3284.644864,152,198,123,6,20251020_035116
1760899799.6568167,12830684,3284655104,3284.655104,157,198,125,6,20251020_035116
1760899799.6668007,12830723,3284665088,3284.665088,162,198,127,6,20251020_035116
1760899799.6767848,12830762,3284675072,3284.675072,166,198,128,6,20251020_035116
1760899799.6867688,12830801,3284685056,3284.685056,171,198,132,6,20251020_035116
1760899799.6967528,12830840,3284695040,3284.69504,175,198,140,6,20251020_035116
1760899799.7067368,12830879,3284705024,3284.705024,180,198,153,6,20251020_035116
1760899799.7167208,12830918,3284715008,3284.715008,184,198,161,6,20251020_035116
1760899799.7267048,12830957,3284724992,3284.724992,189,199,164,6,20251020_035116
1760899799.7366889,12830996,3284734976,3284.734976,194,198,167,6,20251020_035116
1760899799.7466729,12831035,3284744960,3284.74496,198,197,167,6,20251020_035116
1760899799.756657,12831074,3284754944,3284.754944,203,197,167,6,20251020_035116
1760899799.766641,12831113,3284764928,3284.764928,207,198,167,6,20251020_035116
1760899799.776625,12831152,3284774912,3284.774912,212,198,166,6,20251020_035116
1760899799.7866087,12831191,3284784896,3284.784896,217,198,166,6,20251020_035116
1760899799.7965927,12831230,3284794880,3284.79488,221,199,167,6,20251020_035116
1760899799.8068328,12831270,3284805120,3284.80512,226,198,166,6,20251020_035116
1760899799.8168168,12831309,3284815104,3284.815104,230,198,166,6,20251020_035116
1760899799.8268008,12831348,3284825088,3284.825088,162,199,165,6,20251020_035116
1760899799.8367848,12831387,3284835072,3284.835072,166,199,165,6,20251020_035116
1760899799.8467689,12831426,3284845056,3284.845056,171,198,166,6,20251020_035116
1760899799.8567529,12831465,3284855040,3284.85504,175,199,163,6,20251020_035116
1760899799.866737,12831504,3284865024,3284.865024,180,199,156,6,20251020_035116
1760899799.876721,12831543,3284875008,3284.875008,184,199,145,6,20251020_035116
1760899799.8867047,12831582,3284884992,3284.884992,189,198,131,6,20251020_035116
1760899799.8966887,12831621,3284894976,3284.894976,194,199,122,6,20251020_035116
1760899799.9066727,12831660,3284904960,3284.90496,198,199,121,6,20251020_035116
1760899799.9166567,12831699,3284914944,3284.914944,203,198,124,6,20251020_035116
1760899799.9266407,12831738,3284924928,3284.924928,207,199,126,6,20251020_035116
1760899799.9366248,12831777,3284934912,3284.934912,212,199,127,6,20251020_035116
1760899799.9468648,12831817,3284945152,3284.945152,217,199,132,6,20251020_035116
1760899799.9568489,12831856,3284955136,3284.955136,221,199,148,6,20251020_035116
1760899799.9668329,12831895,3284965120,3284.96512,226,199,158,6,20251020_035116
1760899799.976817,12831934,3284975104,3284.975104,230,199,166,6,20251020_035116
1760899799.986801,12831973,3284985088,3284.985088,235,199,165,6,20251020_035116
1760899799.9967847,12832012,3284995072,3284.995072,239,199,164,6,20251020_035116
1760899800.0067687,12832051,3285005056,3285.005056,244,198,162,6,20251020_035116
1760899800.0167527,12832090,3285015040,3285.01504,249,199,152,6,20251020_035116
1760899800.0267367,12832129,3285025024,3285.025024,253,199,144,6,20251020_035116
1760899800.0367208,12832168,3285035008,3285.035008,3,200,142,6,20251020_035116
1760899800.0467048,12832207,3285044992,3285.044992,7,199,136,6,20251020_035116
1760899800.0566888,12832246,3285054976,3285.054976,12,199,131,6,20251020_035116
1760899800.0666728,12832285,3285064960,3285.06496,17,199,129,6,20251020_035116
1760899800.0766568,12832324,3285074944,3285.074944,21,199,127,6,20251020_035116
1760899800.086897,12832364,3285085184,3285.085184,26,199,123,6,20251020_035116
1760899800.096881,12832403,3285095168,3285.095168,30,198,122,6,20251020_035116
1760899800.1068647,12832442,3285105152,3285.105152,35,199,122,6,20251020_035116
1760899800.1168487,12832481,3285115136,3285.115136,40,199,122,6,20251020_035116
1760899800.1268327,12832520,3285125120,3285.12512,44,199,121,6,20251020_035116
1760899800.1368167,12832559,3285135104,3285.135104,49,199,119,6,20251020_035116
1760899800.1468008,12832598,3285145088,3285.145088,53,199,120,6,20251020_035116
1760899800.1567848,12832637,3285155072,3285.155072,58,199,120,6,20251020_035116
1760899800.1667688,12832676,3285165056,3285.165056,62,199,122,6,20251020_035116
1760899800.1767528,12832715,3285175040,3285.17504,67,199,123,6,20251020_035116
1760899800.1867368,12832754,3285185024,3285.185024,72,199,124,6,20251020_035116
1760899800.1967208,12832793,3285195008,3285.195008,76,199,124,6,20251020_035116
1760899800.2067049,12832832,3285204992,3285.204992,81,199,126,6,20251020_035116
1760899800.2166889,12832871,3285214976,3285.214976,85,199,126,6,20251020_035116
1760899800.2269287,12832911,3285225216,3285.225216,90,199,127,6,20251020_035116
1760899800.2369127,12832950,3285235200,3285.2352,95,199,127,6,20251020_035116
1760899800.2468967,12832989,3285245184,3285.245184,99,199,127,6,20251020_035116
1760899800.2568808,12833028,3285255168,3285.255168,104,198,127,6,20251020_035116
1760899800.2668648,12833067,3285265152,3285.265152,108,198,127,6,20251020_035116
1760899800.2768488,12833106,3285275136,3285.275136,113,198,124,6,20251020_035116
1760899800.2868328,12833145,3285285120,3285.28512,118,198,120,6,20251020_035116
1760899800.2968168,12833184,3285295104,3285.295104,122,198,118,6,20251020_035116
1760899800.3068008,12833223,3285305088,3285.305088,127,197,119,6,20251020_035116
1760899800.3167849,12833262,3285315072,3285.315072,131,197,119,6,20251020_035116
1760899800.3267689,12833301,3285325056,3285.325056,136,197,118,6,20251020_035116
1760899800.336753,12833340,3285335040,3285.33504,140,196,119,6,20251020_035116
1760899800.346737,12833379,3285345024,3285.345024,145,196,120,6,20251020_035116
1760899800.3567207,12833418,3285355008,3285.355008,150,197,122,6,20251020_035116
1760899800.3667047,12833457,3285364992,3285.364992,154,197,124,6,20251020_035116
1760899800.3769448,12833497,3285375232,3285.375232,159,197,127,6,20251020_035116
1760899800.3869288,12833536,3285385216,3285.385216,163,200,128,6,20251020_035116
1760899800.3969128,12833575,3285395200,3285.3952,168,199,132,6,20251020_035116
1760899800.4068968,12833614,3285405184,3285.405184,173,199,140,6,20251020_035116
1760899800.4168808,12833653,3285415168,3285.415168,177,199,150,6,20251020_035116
1760899800.4268649,12833692,3285425152,3285.425152,182,200,157,6,20251020_035116
1760899800.4368489,12833731,3285435136,3285.435136,186,199,163,6,20251020_035116
1760899800.446833,12833770,3285445120,3285.44512,191,199,164,6,20251020_035116
1760899800.456817,12833809,3285455104,3285.455104,195,200,164,6,20251020_035116
1760899800.4668007,12833848,3285465088,3285.465088,200,200,165,6,20251020_035116
1760899800.4767847,12833887,3285475072,3285.475072,205,199,165,6,20251020_035116
1760899800.4867687,12833926,3285485056,3285.485056,209,199,166,6,20251020_035116
1760899800.4967527,12833965,3285495040,3285.49504,214,200,167,6,20251020_035116
1760899800.5067368,12834004,3285505024,3285.505024,218,200,166,6,20251020_035116
1760899800.5167208,12834043,3285515008,3285.515008,223,199,167,6,20251020_035116
1760899800.5269608,12834083,3285525248,3285.525248,228,200,167,6,20251020_035116
1760899800.5369449,12834122,3285535232,3285.535232,232,199,167,6,20251020_035116
1760899800.546929,12834161,3285545216,3285.545216,237,200,167,6,20251020_035116
1760899800.556913,12834200,3285555200,3285.5552,241,200,167,6,20251020_035116
1760899800.566897,12834239,3285565184,3285.565184,246,200,167,6,20251020_035116
1760899800.5768807,12834278,3285575168,3285.575168,251,199,168,6,20251020_035116
1760899800.5868647,12834317,3285585152,3285.585152,0,199,167,6,20251020_035116
1760899800.5968487,12834356,3285595136,3285.595136,5,200,167,6,20251020_035116
1760899800.6068327,12834395,3285605120,3285.60512,9,199,168,6,20251020_035116
1760899800.6168168,12834434,3285615104,3285.615104,14,199,168,6,20251020_035116
1760899800.6268008,12834473,3285625088,3285.625088,18,199,168,6,20251020_035116
1760899800.6367848,12834512,3285635072,3285.635072,23,199,168,6,20251020_035116
1760899800.6467688,12834551,3285645056,3285.645056,28,200,168,6,20251020_035116
1760899800.6567528,12834590,3285655040,3285.65504,32,200,167,6,20251020_035116
1760899800.666993,12834630,3285665280,3285.66528,37,200,167,6,20251020_035116
1760899800.676977,12834669,3285675264,3285.675264,41,200,167,6,20251020_035116
1760899800.6869607,12834708,3285685248,3285.685248,46,199,167,6,20251020_035116
1760899800.6969447,12834747,3285695232,3285.695232,51,199,165,6,20251020_035116
1760899800.7069287,12834786,3285705216,3285.705216,55,199,161,6,20251020_035116
1760899800.7169127,12834825,3285715200,3285.7152,60,200,157,6,20251020_035116
1760899800.7268968,12834864,3285725184,3285.725184,64,200,151,6,20251020_035116
1760899800.7368808,12834903,3285735168,3285.735168,69,199,144,6,20251020_035116
1760899800.7468648,12834942,3285745152,3285.745152,73,200,139,6,20251020_035116
1760899800.7568488,12834981,3285755136,3285.755136,78,200,132,6,20251020_035116
1760899800.7668328,12835020,3285765120,3285.76512,83,200,127,6,20251020_035116
1760899800.7768168,12835059,3285775104,3285.775104,87,199,126,6,20251020_035116
1760899800.7868009,12835098,3285785088,3285.785088,92,200,123,6,20251020_035116
1760899800.7967849,12835137,3285795072,3285.795072,96,199,119,6,20251020_035116
1760899800.806769,12835176,3285805056,3285.805056,101,199,119,6,20251020_035116
1760899800.8170087,12835216,3285815296,3285.815296,106,200,118,6,20251020_035116
1760899800.8269928,12835255,3285825280,3285.82528,110,200,120,6,20251020_035116
1760899800.8369768,12835294,3285835264,3285.835264,115,199,120,6,20251020_035116
1760899800.8469608,12835333,3285845248,3285.845248,119,200,120,6,20251020_035116
1760899800.8569448,12835372,3285855232,3285.855232,124,199,120,6,20251020_035116
1760899800.8669288,12835411,3285865216,3285.865216,129,199,121,6,20251020_035116
1760899800.8769128,12835450,3285875200,3285.8752,133,199,121,6,20251020_035116
1760899800.8868968,12835489,3285885184,3285.885184,138,199,122,6,20251020_035116
1760899800.8968809,12835528,3285895168,3285.895168,142,199,124,6,20251020_035116
1760899800.906865,12835567,3285905152,3285.905152,147,199,127,6,20251020_035116
1760899800.916849,12835606,3285915136,3285.915136,151,199,127,6,20251020_035116
1760899800.926833,12835645,3285925120,3285.92512,156,199,132,6,20251020_035116
1760899800.9368167,12835684,3285935104,3285.935104,161,199,138,6,20251020_035116
1760899800.9468007,12835723,3285945088,3285.945088,165,199,147,6,20251020_035116
1760899800.9570408,12835763,3285955328,3285.955328,170,199,154,6,20251020_035116
1760899800.9670248,12835802,3285965312,3285.965312,174,200,158,6,20251020_035116
1760899800.9770088,12835841,3285975296,3285.975296,179,199,162,6,20251020_035116
1760899800.9869928,12835880,3285985280,3285.98528,184,200,165,6,20251020_035116
1760899800.9969769,12835919,3285995264,3285.995264,188,199,165,6,20251020_035116
1760899801.0069609,12835958,3286005248,3286.005248,193,199,166,6,20251020_035116
1760899801.016945,12835997,3286015232,3286.015232,197,200,166,6,20251020_035116
1760899801.026929,12836036,3286025216,3286.025216,202,199,166,6,20251020_035116
1760899801.036913,12836075,3286035200,3286.0352,207,199,166,6,20251020_035116
1760899801.0468967,12836114,3286045184,3286.045184,211,199,167,6,20251020_035116
1760899801.0568807,12836153,3286055168,3286.055168,216,199,167,6,20251020_035116
1760899801.0668647,12836192,3286065152,3286.065152,220,200,167,6,20251020_035116
1760899801.0768487,12836231,3286075136,3286.075136,225,199,168,6,20251020_035116
1760899801.0868328,12836270,3286085120,3286.08512,229,200,167,6,20251020_035116
1760899801.0968168,12836309,3286095104,3286.095104,234,200,167,6,20251020_035116
1760899801.1070569,12836349,3286105344,3286.105344,239,199,168,6,20251020_035116
1760899801.1170409,12836388,3286115328,3286.115328,243,199,168,6,20251020_035116
1760899801.127025,12836427,3286125312,3286.125312,248,200,169,6,20251020_035116
1760899801.137009,12836466,3286135296,3286.135296,252,200,168,6,20251020_035116
1760899801.1469927,12836505,3286145280,3286.14528,2,199,168,6,20251020_035116
1760899801.1569767,12836544,3286155264,3286.155264,7,199,168,6,20251020_035116
1760899801.1669607,12836583,3286165248,3286.165248,11,199,168,6,20251020_035116
1760899801.1769447,12836622,3286175232,3286.175232,16,200,167,6,20251020_035116
1760899801.1869287,12836661,3286185216,3286.185216,20,200,168,6,20251020_035116
1760899801.1969128,12836700,3286195200,3286.1952,25,199,167,6,20251020_035116
1760899801.2068968,12836739,3286205184,3286.205184,29,200,166,6,20251020_035116
1760899801.2168808,12836778,3286215168,3286.215168,34,199,165,6,20251020_035116
1760899801.2268648,12836817,3286225152,3286.225152,39,199,162,6,20251020_035116
1760899801.2368488,12836856,3286235136,3286.235136,43,199,155,6,20251020_035116
1760899801.247089,12836896,3286245376,3286.245376,48,200,144,6,20251020_035116
1760899801.2570727,12836935,3286255360,3286.25536,52,199,139,6,20251020_035116
1760899801.2670567,12836974,3286265344,3286.265344,57,200,130,6,20251020_035116
1760899801.2770407,12837013,3286275328,3286.275328,62,200,125,6,20251020_035116
1760899801.2870247,12837052,3286285312,3286.285312,66,200,122,6,20251020_035116
1760899801.2970088,12837091,3286295296,3286.295296,71,199,118,6,20251020_035116
1760899801.3069928,12837130,3286305280,3286.30528,75,200,119,6,20251020_035116
1760899801.3169768,12837169,3286315264,3286.315264,80,199,119,6,20251020_035116
1760899801.3269608,12837208,3286325248,3286.325248,85,200,118,6,20251020_035116
1760899801.3369448,12837247,3286335232,3286.335232,89,199,119,6,20251020_035116
1760899801.3469288,12837286,3286345216,3286.345216,94,200,119,6,20251020_035116
1760899801.3569129,12837325,3286355200,3286.3552,98,200,118,6,20251020_035116
1760899801.3668969,12837364,3286365184,3286.365184,103,200,119,6,20251020_035116
1760899801.376881,12837403,3286375168,3286.375168,107,200,119,6,20251020_035116
1760899801.386865,12837442,3286385152,3286.385152,112,199,119,6,20251020_035116
1760899801.3971047,12837482,3286395392,3286.395392,117,199,119,6,20251020_035116
1760899801.4070888,12837521,3286405376,3286.405376,121,199,118,6,20251020_035116
1760899801.4170728,12837560,3286415360,3286.41536,126,199,119,6,20251020_035116
1760899801.4270568,12837599,3286425344,3286.425344,130,199,118,6,20251020_035116
1760899801.4370408,12837638,3286435328,3286.435328,135,199,120,6,20251020_035116
1760899801.4470248,12837677,3286445312,3286.445312,140,199,120,6,20251020_035116
1760899801.4570088,12837716,3286455296,3286.455296,144,199,120,6,20251020_035116
1760899801.4669929,12837755,3286465280,3286.46528,149,199,120,6,20251020_035116
1760899801.4769769,12837794,3286475264,3286.475264,153,199,122,6,20251020_035116
1760899801.486961,12837833,3286485248,3286.485248,158,199,124,6,20251020_035116
1760899801.496945,12837872,3286495232,3286.495232,163,199,124,6,20251020_035116
1760899801.5069287,12837911,3286505216,3286.505216,167,199,125,6,20251020_035116
1760899801.5169127,12837950,3286515200,3286.5152,172,199,127,6,20251020_035116
1760899801.5268967,12837989,3286525184,3286.525184,176,199,132,6,20251020_035116
1760899801.5371368,12838029,3286535424,3286.535424,181,199,138,6,20251020_035116
1760899801.5471208,12838068,3286545408,3286.545408,185,199,146,6,20251020_035116
1760899801.5571048,12838107,3286555392,3286.555392,190,200,151,6,20251020_035116
1760899801.5670888,12838146,3286565376,3286.565376,195,200,155,6,20251020_035116
1760899801.5770729,12838185,3286575360,3286.57536,199,197,157,6,20251020_035116
1760899801.5870569,12838224,3286585344,3286.585344,204,199,161,6,20251020_035116
1760899801.597041,12838263,3286595328,3286.595328,208,200,164,6,20251020_035116
1760899801.607025,12838302,3286605312,3286.605312,213,199,165,6,20251020_035116
1760899801.6170087,12838341,3286615296,3286.615296,218,200,165,6,20251020_035116
1760899801.6269927,12838380,3286625280,3286.62528,222,200,165,6,20251020_035116
1760899801.6369767,12838419,3286635264,3286.635264,227,200,165,6,20251020_035116
1760899801.6469607,12838458,3286645248,3286.645248,231,199,166,6,20251020_035116
1760899801.6569448,12838497,3286655232,3286.655232,236,200,166,6,20251020_035116
1760899801.6669288,12838536,3286665216,3286.665216,240,200,166,6,20251020_035116
1760899801.6771688,12838576,3286675456,3286.675456,245,200,168,6,20251020_035116
1760899801.6871529,12838615,3286685440,3286.68544,250,200,167,6,20251020_035116
1760899801.6971369,12838654,3286695424,3286.695424,254,200,167,6,20251020_035116
1760899801.707121,12838693,3286705408,3286.705408,4,199,167,6,20251020_035116
1760899801.717105,12838732,3286715392,3286.715392,8,200,168,6,20251020_035116
1760899801.7270887,12838771,3286725376,3286.725376,13,200,167,6,20251020_035116
1760899801.7370727,12838810,3286735360,3286.73536,18,200,167,6,20251020_035116
1760899801.7470567,12838849,3286745344,3286.745344,22,200,166,6,20251020_035116
1760899801.7570407,12838888,3286755328,3286.755328,27,200,167,6,20251020_035116
1760899801.7670248,12838927,3286765312,3286.765312,31,200,166,6,20251020_035116
1760899801.7770088,12838966,3286775296,3286.775296,36,199,167,6,20251020_035116
1760899801.7869928,12839005,3286785280,3286.78528,41,200,166,6,20251020_035116
1760899801.7969768,12839044,3286795264,3286.795264,45,199,166,6,20251020_035116
1760899801.8069608,12839083,3286805248,3286.805248,50,200,165,6,20251020_035116
1760899801.817201,12839123,3286815488,3286.815488,54,200,164,6,20251020_035116
1760899801.827185,12839162,3286825472,3286.825472,59,200,164,6,20251020_035116
1760899801.8371687,12839201,3286835456,3286.835456,63,199,160,6,20251020_035116
1760899801.8471527,12839240,3286845440,3286.84544,68,200,152,6,20251020_035116
1760899801.8571367,12839279,3286855424,3286.855424,73,200,146,6,20251020_035116
1760899801.8671207,12839318,3286865408,3286.865408,77,200,140,6,20251020_035116
1760899801.8771048,12839357,3286875392,3286.875392,82,200,134,6,20251020_035116
1760899801.8870888,12839396,3286885376,3286.885376,86,199,127,6,20251020_035116
1760899801.8970728,12839435,3286895360,3286.89536,91,200,125,6,20251020_035116
1760899801.9070568,12839474,3286905344,3286.905344,96,200,121,6,20251020_035116
1760899801.9170408,12839513,3286915328,3286.915328,100,200,118,6,20251020_035116
1760899801.9270248,12839552,3286925312,3286.925312,105,200,120,6,20251020_035116
1760899801.9370089,12839591,3286935296,3286.935296,109,199,120,6,20251020_035116
1760899801.9469929,12839630,3286945280,3286.94528,114,200,120,6,20251020_035116
1760899801.956977,12839669,3286955264,3286.955264,119,199,118,6,20251020_035116
1760899801.9672167,12839709,3286965504,3286.965504,123,199,119,6,20251020_035116
1760899801.9772007,12839748,3286975488,3286.975488,128,199,119,6,20251020_035116
1760899801.9871848,12839787,3286985472,3286.985472,132,199,118,6,20251020_035116
1760899801.9971688,12839826,3286995456,3286.995456,137,199,119,6,20251020_035116
1760899802.0071528,12839865,3287005440,3287.00544,141,199,120,6,20251020_035116
1760899802.0171368,12839904,3287015424,3287.015424,146,199,122,6,20251020_035116
1760899802.0271208,12839943,3287025408,3287.025408,151,199,122,6,20251020_035116
1760899802.0371048,12839982,3287035392,3287.035392,155,199,123,6,20251020_035116
1760899802.0470889,12840021,3287045376,3287.045376,160,199,124,6,20251020_035116
1760899802.0570729,12840060,3287055360,3287.05536,164,202,126,6,20251020_035116
1760899802.067057,12840099,3287065344,3287.065344,169,200,127,6,20251020_035116
1760899802.077041,12840138,3287075328,3287.075328,174,199,129,6,20251020_035116
1760899802.0870247,12840177,3287085312,3287.085312,178,199,133,6,20251020_035116
1760899802.0970087,12840216,3287095296,3287.095296,183,199,141,6,20251020_035116
1760899802.1072488,12840256,3287105536,3287.105536,187,199,150,6,20251020_035116
1760899802.1172328,12840295,3287115520,3287.11552,192,199,155,6,20251020_035116
1760899802.1272168,12840334,3287125504,3287.125504,196,199,157,6,20251020_035116
1760899802.1372008,12840373,3287135488,3287.135488,201,200,160,6,20251020_035116
1760899802.1471848,12840412,3287145472,3287.145472,206,200,163,6,20251020_035116
1760899802.1571689,12840451,3287155456,3287.155456,210,199,164,6,20251020_035116
1760899802.167153,12840490,3287165440,3287.16544,215,200,165,6,20251020_035116
1760899802.177137,12840529,3287175424,3287.175424,219,199,164,6,20251020_035116
1760899802.187121,12840568,3287185408,3287.185408,224,199,165,6,20251020_035116
1760899802.1971047,12840607,3287195392,3287.195392,229,199,165,6,20251020_035116
1760899802.2070887,12840646,3287205376,3287.205376,233,199,166,6,20251020_035116
1760899802.2170727,12840685,3287215360,3287.21536,238,200,165,6,20251020_035116
1760899802.2270567,12840724,3287225344,3287.225344,242,200,166,6,20251020_035116
1760899802.2370408,12840763,3287235328,3287.235328,247,199,166,6,20251020_035116
1760899802.2472808,12840803,3287245568,3287.245568,252,199,167,6,20251020_035116
1760899802.2572649,12840842,3287255552,3287.255552,1,200,167,6,20251020_035116
1760899802.2672489,12840881,3287265536,3287.265536,6,200,167,6,20251020_035116
1760899802.277233,12840920,3287275520,3287.27552,10,199,166,6,20251020_035116
1760899802.287217,12840959,3287285504,3287.285504,15,200,167,6,20251020_035116
1760899802.297201,12840998,3287295488,3287.295488,19,200,167,6,20251020_035116
1760899802.3071847,12841037,3287305472,3287.305472,24,199,166,6,20251020_035116
1760899802.3171687,12841076,3287315456,3287.315456,29,200,166,6,20251020_035116
1760899802.3271527,12841115,3287325440,3287.32544,33,200,166,6,20251020_035116
1760899802.3371367,12841154,3287335424,3287.335424,38,200,165,6,20251020_035116
1760899802.3471208,12841193,3287345408,3287.345408,42,200,164,6,20251020_035116
1760899802.3571048,12841232,3287355392,3287.355392,47,200,158,6,20251020_035116
1760899802.3670888,12841271,3287365376,3287.365376,52,200,151,6,20251020_035116
1760899802.3770728,12841310,3287375360,3287.37536,56,200,142,6,20251020_035116
1760899802.387313,12841350,3287385600,3287.3856,61,200,132,6,20251020_035116
1760899802.397297,12841389,3287395584,3287.395584,65,199,127,6,20251020_035116
1760899802.4072807,12841428,3287405568,3287.405568,70,199,121,6,20251020_035116
1760899802.4172647,12841467,3287415552,3287.415552,75,200,118,6,20251020_035116
1760899802.4272487,12841506,3287425536,3287.425536,79,200,118,6,20251020_035116
1760899802.4372327,12841545,3287435520,3287.43552,84,200,118,6,20251020_035116
1760899802.4472167,12841584,3287445504,3287.445504,88,200,117,6,20251020_035116
1760899802.4572008,12841623,3287455488,3287.455488,93,199,118,6,20251020_035116
1760899802.4671848,12841662,3287465472,3287.465472,97,200,118,6,20251020_035116
1760899802.4771688,12841701,3287475456,3287.475456,102,199,118,6,20251020_035116
1760899802.4871528,12841740,3287485440,3287.48544,107,200,117,6,20251020_035116
1760899802.4971368,12841779,3287495424,3287.495424,111,199,118,6,20251020_035116
1760899802.5071208,12841818,3287505408,3287.505408,116,199,118,6,20251020_035116
1760899802.5171049,12841857,3287515392,3287.515392,120,199,118,6,20251020_035116
1760899802.5273447,12841897,3287525632,3287.525632,125,199,118,6,20251020_035116
1760899802.5373287,12841936,3287535616,3287.535616,130,200,118,6,20251020_035116
1760899802.5473127,12841975,3287545600,3287.5456,134,199,119,6,20251020_035116
1760899802.5572968,12842014,3287555584,3287.555584,139,199,119,6,20251020_035116
1760899802.5672808,12842053,3287565568,3287.565568,143,199,121,6,20251020_035116
1760899802.5772648,12842092,3287575552,3287.575552,148,199,120,6,20251020_035116
1760899802.5872488,12842131,3287585536,3287.585536,152,199,124,6,20251020_035116
1760899802.5972328,12842170,3287595520,3287.59552,157,199,126,6,20251020_035116
1760899802.6072168,12842209,3287605504,3287.605504,162,199,127,6,20251020_035116
1760899802.6172009,12842248,3287615488,3287.615488,166,199,129,6,20251020_035116
1760899802.6271849,12842287,3287625472,3287.625472,171,199,134,6,20251020_035116
1760899802.637169,12842326,3287635456,3287.635456,175,199,144,6,20251020_035116
1760899802.647153,12842365,3287645440,3287.64544,180,199,154,6,20251020_035116
1760899802.657137,12842404,3287655424,3287.655424,185,199,158,6,20251020_035116
1760899802.6671207,12842443,3287665408,3287.665408,189,199,162,6,20251020_035116
1760899802.6773608,12842483,3287675648,3287.675648,194,199,164,6,20251020_035116
1760899802.6873448,12842522,3287685632,3287.685632,198,199,163,6,20251020_035116
1760899802.6973288,12842561,3287695616,3287.695616,203,199,164,6,20251020_035116
1760899802.7073128,12842600,3287705600,3287.7056,208,199,165,6,20251020_035116
1760899802.7172968,12842639,3287715584,3287.715584,212,199,165,6,20251020_035116
1760899802.7272809,12842678,3287725568,3287.725568,217,199,165,6,20251020_035116
1760899802.7372649,12842717,3287735552,3287.735552,221,199,165,6,20251020_035116
1760899802.747249,12842756,3287745536,3287.745536,226,200,165,6,20251020_035116
1760899802.757233,12842795,3287755520,3287.75552,230,200,166,6,20251020_035116
1760899802.7672167,12842834,3287765504,3287.765504,235,199,166,6,20251020_035116
1760899802.7772007,12842873,3287775488,3287.775488,240,199,166,6,20251020_035116
1760899802.7871847,12842912,3287785472,3287.785472,244,199,166,6,20251020_035116
1760899802.7971687,12842951,3287795456,3287.795456,249,199,166,6,20251020_035116
1760899802.8071527,12842990,3287805440,3287.80544,253,199,166,6,20251020_035116
1760899802.8173928,12843030,3287815680,3287.81568,3,200,166,6,20251020_035116
1760899802.8273768,12843069,3287825664,3287.825664,8,199,167,6,20251020_035116
1760899802.8373609,12843108,3287835648,3287.835648,12,200,165,6,20251020_035116
1760899802.8473449,12843147,3287845632,3287.845632,17,200,166,6,20251020_035116
1760899802.857329,12843186,3287855616,3287.855616,21,200,166,6,20251020_035116
1760899802.867313,12843225,3287865600,3287.8656,26,200,165,6,20251020_035116
1760899802.8772967,12843264,3287875584,3287.875584,31,200,165,6,20251020_035116
1760899802.8872807,12843303,3287885568,3287.885568,35,200,160,6,20251020_035116
1760899802.8972647,12843342,3287895552,3287.895552,40,200,156,6,20251020_035116
1760899802.9072487,12843381,3287905536,3287.905536,44,200,155,6,20251020_035116
1760899802.9172328,12843420,3287915520,3287.91552,49,199,147,6,20251020_035116
1760899802.9272168,12843459,3287925504,3287.925504,53,200,138,6,20251020_035116
1760899802.9372008,12843498,3287935488,3287.935488,58,200,133,6,20251020_035116
1760899802.9471848,12843537,3287945472,3287.945472,63,200,127,6,20251020_035116
1760899802.9574249,12843577,3287955712,3287.955712,67,199,122,6,20251020_035116
1760899802.967409,12843616,3287965696,3287.965696,72,199,120,6,20251020_035116
1760899802.977393,12843655,3287975680,3287.97568,76,199,120,6,20251020_035116
1760899802.9873767,12843694,3287985664,3287.985664,81,200,120,6,20251020_035116
1760899802.9973607,12843733,3287995648,3287.995648,86,200,120,6,20251020_035116
1760899803.0073447,12843772,3288005632,3288.005632,90,199,121,6,20251020_035116
1760899803.0173287,12843811,3288015616,3288.015616,95,199,119,6,20251020_035116
1760899803.0273128,12843850,3288025600,3288.0256,99,200,120,6,20251020_035116
1760899803.0372968,12843889,3288035584,3288.035584,104,200,118,6,20251020_035116
1760899803.0472808,12843928,3288045568,3288.045568,108,200,120,6,20251020_035116
1760899803.0572648,12843967,3288055552,3288.055552,113,199,120,6,20251020_035116
1760899803.0672488,12844006,3288065536,3288.065536,118,200,119,6,20251020_035116
1760899803.0772328,12844045,3288075520,3288.07552,122,199,119,6,20251020_035116
1760899803.0872169,12844084,3288085504,3288.085504,127,199,120,6,20251020_035116
1760899803.0972009,12844123,3288095488,3288.095488,131,199,119,6,20251020_035116
1760899803.1074407,12844163,3288105728,3288.105728,136,199,119,6,20251020_035116
1760899803.1174247,12844202,3288115712,3288.115712,141,199,120,6,20251020_035116
1760899803.1274087,12844241,3288125696,3288.125696,145,199,120,6,20251020_035116
1760899803.1373928,12844280,3288135680,3288.13568,150,199,121,6,20251020_035116
1760899803.1473768,12844319,3288145664,3288.145664,154,199,122,6,20251020_035116
1760899803.1573608,12844358,3288155648,3288.155648,159,199,123,6,20251020_035116
1760899803.1673448,12844397,3288165632,3288.165632,164,199,125,6,20251020_035116
1760899803.1773288,12844436,3288175616,3288.175616,168,199,127,6,20251020_035116
1760899803.1873128,12844475,3288185600,3288.1856,173,199,129,6,20251020_035116
1760899803.1972969,12844514,3288195584,3288.195584,177,199,134,6,20251020_035116
1760899803.2072809,12844553,3288205568,3288.205568,182,199,142,6,20251020_035116
1760899803.217265,12844592,3288215552,3288.215552,186,199,151,6,20251020_035116
1760899803.227249,12844631,3288225536,3288.225536,191,199,155,6,20251020_035116
1760899803.2372327,12844670,3288235520,3288.23552,196,200,158,6,20251020_035116
1760899803.2474728,12844710,3288245760,3288.24576,200,200,162,6,20251020_035116
1760899803.2574568,12844749,3288255744,3288.255744,205,199,163,6,20251020_035116
1760899803.2674408,12844788,3288265728,3288.265728,209,199,164,6,20251020_035116
1760899803.2774248,12844827,3288275712,3288.275712,214,200,164,6,20251020_035116
1760899803.2874088,12844866,3288285696,3288.285696,219,200,164,6,20251020_035116
1760899803.2973928,12844905,3288295680,3288.29568,223,199,165,6,20251020_035116
1760899803.3073769,12844944,3288305664,3288.305664,228,200,164,6,20251020_035116
1760899803.3173609,12844983,3288315648,3288.315648,232,200,166,6,20251020_035116
1760899803.327345,12845022,3288325632,3288.325632,237,199,166,6,20251020_035116
1760899803.337329,12845061,3288335616,3288.335616,242,199,166,6,20251020_035116
1760899803.3473127,12845100,3288345600,3288.3456,246,200,165,6,20251020_035116
1760899803.3572967,12845139,3288355584,3288.355584,251,200,165,6,20251020_035116
1760899803.3672807,12845178,3288365568,3288.365568,0,200,166,6,20251020_035116
1760899803.3772647,12845217,3288375552,3288.375552,5,200,165,6,20251020_035116
1760899803.3875048,12845257,3288385792,3288.385792,9,201,167,6,20251020_035116
1760899803.3974888,12845296,3288395776,3288.395776,14,200,166,6,20251020_035116
1760899803.4074728,12845335,3288405760,3288.40576,19,200,166,6,20251020_035116
1760899803.4174569,12845374,3288415744,3288.415744,23,199,166,6,20251020_035116
1760899803.427441,12845413,3288425728,3288.425728,28,199,166,6,20251020_035116
1760899803.437425,12845452,3288435712,3288.435712,32,200,166,6,20251020_035116
1760899803.447409,12845491,3288445696,3288.445696,37,199,165,6,20251020_035116
1760899803.4573927,12845530,3288455680,3288.45568,42,199,165,6,20251020_035116
1760899803.4673767,12845569,3288465664,3288.465664,46,200,164,6,20251020_035116
1760899803.4773607,12845608,3288475648,3288.475648,51,200,162,6,20251020_035116
1760899803.4873447,12845647,3288485632,3288.485632,55,200,158,6,20251020_035116
1760899803.4973288,12845686,3288495616,3288.495616,60,200,150,6,20251020_035116
1760899803.5073128,12845725,3288505600,3288.5056,64,199,141,6,20251020_035116
1760899803.5172968,12845764,3288515584,3288.515584,69,199,133,6,20251020_035116
1760899803.5272808,12845803,3288525568,3288.525568,74,200,127,6,20251020_035116
1760899803.537521,12845843,3288535808,3288.535808,78,199,122,6,20251020_035116
1760899803.547505,12845882,3288545792,3288.545792,83,200,118,6,20251020_035116
1760899803.557489,12845921,3288555776,3288.555776,87,200,120,6,20251020_035116
1760899803.5674727,12845960,3288565760,3288.56576,92,200,119,6,20251020_035116
1760899803.5774567,12845999,3288575744,3288.575744,97,200,119,6,20251020_035116
1760899803.5874407,12846038,3288585728,3288.585728,101,199,119,6,20251020_035116
1760899803.5974247,12846077,3288595712,3288.595712,106,199,119,6,20251020_035116
1760899803.6074088,12846116,3288605696,3288.605696,110,199,118,6,20251020_035116
1760899803.6173928,12846155,3288615680,3288.61568,115,199,119,6,20251020_035116
1760899803.6273768,12846194,3288625664,3288.625664,120,199,119,6,20251020_035116
1760899803.6373608,12846233,3288635648,3288.635648,124,199,119,6,20251020_035116
1760899803.6473448,12846272,3288645632,3288.645632,129,199,120,6,20251020_035116
1760899803.6573288,12846311,3288655616,3288.655616,133,199,120,6,20251020_035116
1760899803.6673129,12846350,3288665600,3288.6656,138,199,121,6,20251020_035116
1760899803.6775527,12846390,3288675840,3288.67584,142,199,122,6,20251020_035116
1760899803.6875367,12846429,3288685824,3288.685824,147,199,123,6,20251020_035116
1760899803.6975207,12846468,3288695808,3288.695808,152,199,126,6,20251020_035116
1760899803.7075047,12846507,3288705792,3288.705792,156,199,127,6,20251020_035116
1760899803.7174888,12846546,3288715776,3288.715776,161,199,130,6,20251020_035116
1760899803.7274728,12846585,3288725760,3288.72576,165,199,136,6,20251020_035116
1760899803.7374568,12846624,3288735744,3288.735744,170,200,144,6,20251020_035116
1760899803.7474408,12846663,3288745728,3288.745728,175,199,153,6,20251020_035116
1760899803.7574248,12846702,3288755712,3288.755712,179,199,156,6,20251020_035116
1760899803.7674088,12846741,3288765696,3288.765696,184,199,160,6,20251020_035116
1760899803.7773929,12846780,3288775680,3288.77568,188,200,163,6,20251020_035116
1760899803.7873769,12846819,3288785664,3288.785664,193,200,163,6,20251020_035116
1760899803.797361,12846858,3288795648,3288.795648,198,200,163,6,20251020_035116
1760899803.807345,12846897,3288805632,3288.805632,202,200,165,6,20251020_035116
1760899803.8175848,12846937,3288815872,3288.815872,207,199,164,6,20251020_035116
1760899803.8275688,12846976,3288825856,3288.825856,211,199,165,6,20251020_035116
1760899803.8375528,12847015,3288835840,3288.83584,216,199,166,6,20251020_035116
1760899803.8475368,12847054,3288845824,3288.845824,220,200,165,6,20251020_035116
1760899803.8575208,12847093,3288855808,3288.855808,225,200,165,6,20251020_035116
1760899803.8675048,12847132,3288865792,3288.865792,230,199,166,6,20251020_035116
1760899803.8774889,12847171,3288875776,3288.875776,234,199,166,6,20251020_035116
1760899803.8874729,12847210,3288885760,3288.88576,239,200,165,6,20251020_035116
1760899803.897457,12847249,3288895744,3288.895744,243,200,165,6,20251020_035116
1760899803.907441,12847288,3288905728,3288.905728,248,200,166,6,20251020_035116
1760899803.917425,12847327,3288915712,3288.915712,253,200,165,6,20251020_035116
1760899803.9274087,12847366,3288925696,3288.925696,2,199,165,6,20251020_035116
1760899803.9373927,12847405,3288935680,3288.93568,7,200,167,6,20251020_035116
1760899803.9473767,12847444,3288945664,3288.945664,11,199,166,6,20251020_035116
1760899803.9576168,12847484,3288955904,3288.955904,16,199,166,6,20251020_035116
1760899803.9676008,12847523,3288965888,3288.965888,20,200,167,6,20251020_035116
1760899803.9775848,12847562,3288975872,3288.975872,25,200,165,6,20251020_035116
1760899803.9875689,12847601,3288985856,3288.985856,30,199,164,6,20251020_035116
1760899803.9975529,12847640,3288995840,3288.99584,34,199,164,6,20251020_035116
1760899804.007537,12847679,3289005824,3289.005824,39,200,162,6,20251020_035116
1760899804.017521,12847718,3289015808,3289.015808,43,199,159,6,20251020_035116
1760899804.0275047,12847757,3289025792,3289.025792,48,199,152,6,20251020_035116
1760899804.0374887,12847796,3289035776,3289.035776,53,200,143,6,20251020_035116
1760899804.0474727,12847835,3289045760,3289.04576,57,201,133,6,20251020_035116
1760899804.0574567,12847874,3289055744,3289.055744,62,200,127,6,20251020_035116
1760899804.0674407,12847913,3289065728,3289.065728,66,200,122,6,20251020_035116
1760899804.0774248,12847952,3289075712,3289.075712,71,200,118,6,20251020_035116
1760899804.0874088,12847991,3289085696,3289.085696,76,199,120,6,20251020_035116
1760899804.0973928,12848030,3289095680,3289.09568,80,200,120,6,20251020_035116
1760899804.1076329,12848070,3289105920,3289.10592,85,200,119,6,20251020_035116
1760899804.117617,12848109,3289115904,3289.115904,89,200,118,6,20251020_035116
1760899804.127601,12848148,3289125888,3289.125888,94,200,120,6,20251020_035116
1760899804.1375847,12848187,3289135872,3289.135872,98,199,119,6,20251020_035116
1760899804.1475687,12848226,3289145856,3289.145856,103,199,120,6,20251020_035116
1760899804.1575527,12848265,3289155840,3289.15584,108,199,119,6,20251020_035116
1760899804.1675367,12848304,3289165824,3289.165824,112,199,119,6,20251020_035116
1760899804.1775208,12848343,3289175808,3289.175808,117,199,119,6,20251020_035116
1760899804.1875048,12848382,3289185792,3289.185792,121,199,120,6,20251020_035116
1760899804.1974888,12848421,3289195776,3289.195776,126,199,119,6,20251020_035116
1760899804.2074728,12848460,3289205760,3289.20576,131,199,120,6,20251020_035116
1760899804.2174568,12848499,3289215744,3289.215744,135,199,119,6,20251020_035116
1760899804.2274408,12848538,3289225728,3289.225728,140,199,121,6,20251020_035116
1760899804.2374249,12848577,3289235712,3289.235712,144,199,122,6,20251020_035116
1760899804.2474089,12848616,3289245696,3289.245696,149,199,124,6,20251020_035116
1760899804.2576487,12848656,3289255936,3289.255936,154,199,125,6,20251020_035116
1760899804.2676327,12848695,3289265920,3289.26592,158,200,127,6,20251020_035116
1760899804.2776167,12848734,3289275904,3289.275904,163,200,131,6,20251020_035116
1760899804.2876008,12848773,3289285888,3289.285888,167,200,139,6,20251020_035116
1760899804.2975848,12848812,3289295872,3289.295872,172,199,149,6,20251020_035116
1760899804.3075688,12848851,3289305856,3289.305856,176,200,155,6,20251020_035116
1760899804.3175528,12848890,3289315840,3289.31584,181,200,158,6,20251020_035116
1760899804.3275368,12848929,3289325824,3289.325824,186,200,162,6,20251020_035116
1760899804.3375208,12848968,3289335808,3289.335808,190,199,163,6,20251020_035116
1760899804.3475049,12849007,3289345792,3289.345792,195,199,162,6,20251020_035116
1760899804.3574889,12849046,3289355776,3289.355776,199,199,164,6,20251020_035116
1760899804.367473,12849085,3289365760,3289.36576,204,199,164,6,20251020_035116
1760899804.377457,12849124,3289375744,3289.375744,209,200,164,6,20251020_035116
1760899804.3874407,12849163,3289385728,3289.385728,213,199,165,6,20251020_035116
1760899804.3976808,12849203,3289395968,3289.395968,218,199,165,6,20251020_035116
1760899804.4076648,12849242,3289405952,3289.405952,222,200,166,6,20251020_035116
1760899804.4176488,12849281,3289415936,3289.415936,227,199,166,6,20251020_035116
1760899804.4276328,12849320,3289425920,3289.42592,231,200,165,6,20251020_035116
1760899804.4376168,12849359,3289435904,3289.435904,236,199,166,6,20251020_035116
1760899804.4476008,12849398,3289445888,3289.445888,241,199,166,6,20251020_035116
1760899804.4575849,12849437,3289455872,3289.455872,245,199,166,6,20251020_035116
1760899804.4675689,12849476,3289465856,3289.465856,250,200,166,6,20251020_035116
1760899804.477553,12849515,3289475840,3289.47584,254,200,166,6,20251020_035116
1760899804.487537,12849554,3289485824,3289.485824,3,199,166,6,20251020_035116
1760899804.4977767,12849594,3289496064,3289.496064,7,200,166,6,20251020_035116
1760899804.5077608,12849633,3289506048,3289.506048,11,200,166,6,20251020_035116
1760899804.5177448,12849672,3289516032,3289.516032,15,200,166,6,20251020_035116
1760899804.5277288,12849711,3289526016,3289.526016,19,199,166,6,20251020_035116
1760899804.5377128,12849750,3289536000,3289.536,23,200,165,6,20251020_035116
1760899804.5476968,12849789,3289545984,3289.545984,26,199,165,6,20251020_035116
1760899804.5576808,12849828,3289555968,3289.555968,30,200,164,6,20251020_035116
1760899804.5676649,12849867,3289565952,3289.565952,34,200,163,6,20251020_035116
1760899804.5779047,12849907,3289576192,3289.576192,37,200,161,6,20251020_035116
1760899804.5878887,12849946,3289586176,3289.586176,41,200,154,6,20251020_035116
1760899804.5978727,12849985,3289596160,3289.59616,45,200,147,6,20251020_035116
1760899804.6078568,12850024,3289606144,3289.606144,50,200,138,6,20251020_035116
1760899804.6178408,12850063,3289616128,3289.616128,55,200,130,6,20251020_035116
1760899804.6278248,12850102,3289626112,3289.626112,60,199,127,6,20251020_035116
1760899804.6380649,12850142,3289636352,3289.636352,66,199,122,6,20251020_035116
1760899804.6480489,12850181,3289646336,3289.646336,72,201,118,6,20251020_035116
1760899804.658033,12850220,3289656320,3289.65632,77,200,120,6,20251020_035116
1760899804.668017,12850259,3289666304,3289.666304,83,200,120,6,20251020_035116
1760899804.6780007,12850298,3289676288,3289.676288,88,200,119,6,20251020_035116
1760899804.6879847,12850337,3289686272,3289.686272,93,200,118,6,20251020_035116
1760899804.6979687,12850376,3289696256,3289.696256,98,200,119,6,20251020_035116
1760899804.7079527,12850415,3289706240,3289.70624,103,200,119,6,20251020_035116
1760899804.7181928,12850455,3289716480,3289.71648,108,199,118,6,20251020_035116
1760899804.7281768,12850494,3289726464,3289.726464,113,200,118,6,20251020_035116
1760899804.7381608,12850533,3289736448,3289.736448,117,200,119,6,20251020_035116
1760899804.7481449,12850572,3289746432,3289.746432,122,200,118,6,20251020_035116
1760899804.758129,12850611,3289756416,3289.756416,126,199,119,6,20251020_035116
1760899804.768113,12850650,3289766400,3289.7664,130,199,119,6,20251020_035116
1760899804.778097,12850689,3289776384,3289.776384,134,200,119,6,20251020_035116
1760899804.7880807,12850728,3289786368,3289.786368,138,199,119,6,20251020_035116
1760899804.7983208,12850768,3289796608,3289.796608,142,199,119,6,20251020_035116
1760899804.8083048,12850807,3289806592,3289.806592,146,198,120,6,20251020_035116
1760899804.8182888,12850846,3289816576,3289.816576,150,199,120,6,20251020_035116
1760899804.8282728,12850885,3289826560,3289.82656,153,199,121,6,20251020_035116
1760899804.8382568,12850924,3289836544,3289.836544,157,199,122,6,20251020_035116
1760899804.8482409,12850963,3289846528,3289.846528,161,199,124,6,20251020_035116
1760899804.8584807,12851003,3289856768,3289.856768,165,200,126,6,20251020_035116
1760899804.8684647,12851042,3289866752,3289.866752,168,199,127,6,20251020_035116
1760899804.8784487,12851081,3289876736,3289.876736,172,201,132,6,20251020_035116
1760899804.8884327,12851120,3289886720,3289.88672,177,199,136,6,20251020_035116
1760899804.8984168,12851159,3289896704,3289.896704,181,199,143,6,20251020_035116
1760899804.9084008,12851198,3289906688,3289.906688,186,200,152,6,20251020_035116
1760899804.9183848,12851237,3289916672,3289.916672,191,199,154,6,20251020_035116
1760899804.9283688,12851276,3289926656,3289.926656,196,200,156,6,20251020_035116
1760899804.9383528,12851315,3289936640,3289.93664,201,200,159,6,20251020_035116
1760899804.9483368,12851354,3289946624,3289.946624,207,199,162,6,20251020_035116
1760899804.958577,12851394,3289956864,3289.956864,212,200,163,6,20251020_035116
1760899804.9685607,12851433,3289966848,3289.966848,217,200,164,6,20251020_035116
1760899804.9785447,12851472,3289976832,3289.976832,223,200,164,6,20251020_035116
1760899804.9885287,12851511,3289986816,3289.986816,228,200,164,6,20251020_035116
1760899804.9985127,12851550,3289996800,3289.9968,233,199,164,6,20251020_035116
1760899805.0084968,12851589,3290006784,3290.006784,237,200,164,6,20251020_035116
1760899805.0184808,12851628,3290016768,3290.016768,242,200,165,6,20251020_035116
1760899805.0284648,12851667,3290026752,3290.026752,246,199,165,6,20251020_035116
1760899805.0384488,12851706,3290036736,3290.036736,251,200,166,6,20251020_035116
1760899805.0484328,12851745,3290046720,3290.04672,0,200,166,6,20251020_035116
1760899805.0584168,12851784,3290056704,3290.056704,4,199,166,6,20251020_035116
1760899805.0684009,12851823,3290066688,3290.066688,8,199,165,6,20251020_035116
1760899805.0783849,12851862,3290076672,3290.076672,12,200,166,6,20251020_035116
1760899805.0886247,12851902,3290086912,3290.086912,16,200,166,6,20251020_035116
1760899805.0986087,12851941,3290096896,3290.096896,20,199,166,6,20251020_035116
1760899805.1085927,12851980,3290106880,3290.10688,23,200,165,6,20251020_035116
1760899805.1185768,12852019,3290116864,3290.116864,27,199,165,6,20251020_035116
1760899805.1285608,12852058,3290126848,3290.126848,31,200,164,6,20251020_035116
1760899805.1385448,12852097,3290136832,3290.136832,34,200,164,6,20251020_035116
1760899805.1485288,12852136,3290146816,3290.146816,38,200,163,6,20251020_035116
1760899805.1585128,12852175,3290156800,3290.1568,41,200,164,6,20251020_035116
1760899805.1684968,12852214,3290166784,3290.166784,45,200,162,6,20251020_035116
1760899805.1784809,12852253,3290176768,3290.176768,49,200,156,6,20251020_035116
1760899805.1884649,12852292,3290186752,3290.186752,53,200,151,6,20251020_035116
1760899805.198449,12852331,3290196736,3290.196736,57,200,144,6,20251020_035116
1760899805.208433,12852370,3290206720,3290.20672,62,200,136,6,20251020_035116
1760899805.2184167,12852409,3290216704,3290.216704,67,200,130,6,20251020_035116
1760899805.2284007,12852448,3290226688,3290.226688,72,199,127,6,20251020_035116
1760899805.2386408,12852488,3290236928,3290.236928,77,199,122,6,20251020_035116
1760899805.2486248,12852527,3290246912,3290.246912,83,199,118,6,20251020_035116
1760899805.2586088,12852566,3290256896,3290.256896,88,199,118,6,20251020_035116
1760899805.2685928,12852605,3290266880,3290.26688,93,200,120,6,20251020_035116
1760899805.2785769,12852644,3290276864,3290.276864,99,200,118,6,20251020_035116
1760899805.2885609,12852683,3290286848,3290.286848,104,199,119,6,20251020_035116
1760899805.298545,12852722,3290296832,3290.296832,108,200,118,6,20251020_035116
1760899805.308529,12852761,3290306816,3290.306816,113,199,119,6,20251020_035116
1760899805.318513,12852800,3290316800,3290.3168,118,199,118,6,20251020_035116
1760899805.3284967,12852839,3290326784,3290.326784,122,199,119,6,20251020_035116
1760899805.3384807,12852878,3290336768,3290.336768,126,199,119,6,20251020_035116
1760899805.3484647,12852917,3290346752,3290.346752,130,199,119,6,20251020_035116
1760899805.3584487,12852956,3290356736,3290.356736,134,199,119,6,20251020_035116
1760899805.3684328,12852995,3290366720,3290.36672,138,199,120,6,20251020_035116
1760899805.3786728,12853035,3290376960,3290.37696,142,199,121,6,20251020_035116
1760899805.3886569,12853074,3290386944,3290.386944,146,199,123,6,20251020_035116
1760899805.3986409,12853113,3290396928,3290.396928,150,199,125,6,20251020_035116
1760899805.408625,12853152,3290406912,3290.406912,154,199,126,6,20251020_035116
1760899805.418609,12853191,3290416896,3290.416896,158,199,127,6,20251020_035116
1760899805.4285927,12853230,3290426880,3290.42688,162,199,132,6,20251020_035116
1760899805.4385767,12853269,3290436864,3290.436864,166,200,138,6,20251020_035116
1760899805.4485607,12853308,3290446848,3290.446848,171,199,145,6,20251020_035116
1760899805.4585447,12853347,3290456832,3290.456832,176,199,151,6,20251020_035116
1760899805.4685287,12853386,3290466816,3290.466816,181,199,156,6,20251020_035116
1760899805.4785128,12853425,3290476800,3290.4768,186,200,158,6,20251020_035116
1760899805.4884968,12853464,3290486784,3290.486784,192,199,162,6,20251020_035116
1760899805.4987369,12853504,3290497024,3290.497024,197,200,162,6,20251020_035116
1760899805.5087209,12853543,3290507008,3290.507008,203,198,163,6,20251020_035116
1760899805.518705,12853582,3290516992,3290.516992,208,199,164,6,20251020_035116
1760899805.528689,12853621,3290526976,3290.526976,214,199,164,6,20251020_035116
1760899805.5386727,12853660,3290536960,3290.53696,219,200,164,6,20251020_035116
1760899805.5486567,12853699,3290546944,3290.546944,224,200,164,6,20251020_035116
1760899805.5586407,12853738,3290556928,3290.556928,229,200,165,6,20251020_035116
1760899805.5686247,12853777,3290566912,3290.566912,234,200,165,6,20251020_035116
1760899805.5788648,12853817,3290577152,3290.577152,239,200,165,6,20251020_035116
1760899805.5888488,12853856,3290587136,3290.587136,243,200,166,6,20251020_035116
1760899805.5988328,12853895,3290597120,3290.59712,248,200,166,6,20251020_035116
1760899805.6088169,12853934,3290607104,3290.607104,252,200,166,6,20251020_035116
1760899805.6188009,12853973,3290617088,3290.617088,1,200,166,6,20251020_035116
1760899805.628785,12854012,3290627072,3290.627072,5,200,165,6,20251020_035116
1760899805.638769,12854051,3290637056,3290.637056,9,200,166,6,20251020_035116
1760899805.6487527,12854090,3290647040,3290.64704,13,200,165,6,20251020_035116
1760899805.6587367,12854129,3290657024,3290.657024,17,200,165,6,20251020_035116
1760899805.6687207,12854168,3290667008,3290.667008,21,200,164,6,20251020_035116
1760899805.6787047,12854207,3290676992,3290.676992,25,200,164,6,20251020_035116
1760899805.6886888,12854246,3290686976,3290.686976,28,200,163,6,20251020_035116
1760899805.6986728,12854285,3290696960,3290.69696,32,200,162,6,20251020_035116
1760899805.7089128,12854325,3290707200,3290.7072,36,199,159,6,20251020_035116
1760899805.7188969,12854364,3290717184,3290.717184,40,199,151,6,20251020_035116
1760899805.728881,12854403,3290727168,3290.727168,44,200,146,6,20251020_035116
1760899805.738865,12854442,3290737152,3290.737152,49,200,140,6,20251020_035116
1760899805.748849,12854481,3290747136,3290.747136,53,200,133,6,20251020_035116
1760899805.7588327,12854520,3290757120,3290.75712,59,200,127,6,20251020_035116
1760899805.7688167,12854559,3290767104,3290.767104,64,200,124,6,20251020_035116
1760899805.7788007,12854598,3290777088,3290.777088,70,200,120,6,20251020_035116
1760899805.7887847,12854637,3290787072,3290.787072,75,200,119,6,20251020_035116
1760899805.7987688,12854676,3290797056,3290.797056,81,200,119,6,20251020_035116
1760899805.8087528,12854715,3290807040,3290.80704,86,199,120,6,20251020_035116
1760899805.8187368,12854754,3290817024,3290.817024,92,200,118,6,20251020_035116
1760899805.8287208,12854793,3290827008,3290.827008,97,200,118,6,20251020_035116
1760899805.8387048,12854832,3290836992,3290.836992,102,200,118,6,20251020_035116
1760899805.848945,12854872,3290847232,3290.847232,107,200,119,6,20251020_035116
1760899805.858929,12854911,3290857216,3290.857216,111,199,117,6,20251020_035116
1760899805.8689127,12854950,3290867200,3290.8672,116,199,117,6,20251020_035116
1760899805.8788967,12854989,3290877184,3290.877184,120,199,118,6,20251020_035116
1760899805.8888807,12855028,3290887168,3290.887168,125,199,118,6,20251020_035116
1760899805.8988647,12855067,3290897152,3290.897152,129,199,118,6,20251020_035116
1760899805.9088488,12855106,3290907136,3290.907136,133,199,118,6,20251020_035116
1760899805.9188328,12855145,3290917120,3290.91712,137,199,119,6,20251020_035116
1760899805.9288168,12855184,3290927104,3290.927104,141,199,120,6,20251020_035116
1760899805.9388008,12855223,3290937088,3290.937088,145,199,122,6,20251020_035116
1760899805.9487848,12855262,3290947072,3290.947072,149,199,124,6,20251020_035116
1760899805.9587688,12855301,3290957056,3290.957056,153,199,127,6,20251020_035116
1760899805.9687529,12855340,3290967040,3290.96704,157,199,128,6,20251020_035116
1760899805.9787369,12855379,3290977024,3290.977024,161,199,133,6,20251020_035116
1760899805.988721,12855418,3290987008,3290.987008,165,199,143,6,20251020_035116
1760899805.9989607,12855458,3290997248,3290.997248,170,199,151,6,20251020_035116
1760899806.0089447,12855497,3291007232,3291.007232,175,200,154,6,20251020_035116
1760899806.0189288,12855536,3291017216,3291.017216,180,200,158,6,20251020_035116
1760899806.0289128,12855575,3291027200,3291.0272,186,200,162,6,20251020_035116
1760899806.0388968,12855614,3291037184,3291.037184,191,199,163,6,20251020_035116
1760899806.0488808,12855653,3291047168,3291.047168,197,199,163,6,20251020_035116
1760899806.0588648,12855692,3291057152,3291.057152,203,200,162,6,20251020_035116
1760899806.0688488,12855731,3291067136,3291.067136,208,200,164,6,20251020_035116
1760899806.0788329,12855770,3291077120,3291.07712,213,199,164,6,20251020_035116
1760899806.088817,12855809,3291087104,3291.087104,219,200,164,6,20251020_035116
1760899806.098801,12855848,3291097088,3291.097088,224,200,164,6,20251020_035116
1760899806.108785,12855887,3291107072,3291.107072,229,200,165,6,20251020_035116
1760899806.1187687,12855926,3291117056,3291.117056,234,199,165,6,20251020_035116
1760899806.1287527,12855965,3291127040,3291.12704,238,199,165,6,20251020_035116
1760899806.1389928,12856005,3291137280,3291.13728,243,200,166,6,20251020_035116
1760899806.1489768,12856044,3291147264,3291.147264,247,199,166,6,20251020_035116
1760899806.1589608,12856083,3291157248,3291.157248,252,200,165,6,20251020_035116
1760899806.1689448,12856122,3291167232,3291.167232,1,200,166,6,20251020_035116
1760899806.1789289,12856161,3291177216,3291.177216,5,200,166,6,20251020_035116
1760899806.1889129,12856200,3291187200,3291.1872,9,200,166,6,20251020_035116
1760899806.198897,12856239,3291197184,3291.197184,13,200,166,6,20251020_035116
1760899806.208881,12856278,3291207168,3291.207168,17,200,165,6,20251020_035116
1760899806.218865,12856317,3291217152,3291.217152,21,200,164,6,20251020_035116
1760899806.2288487,12856356,3291227136,3291.227136,24,200,164,6,20251020_035116
1760899806.2388327,12856395,3291237120,3291.23712,28,200,163,6,20251020_035116
1760899806.2488167,12856434,3291247104,3291.247104,32,200,161,6,20251020_035116
1760899806.2588007,12856473,3291257088,3291.257088,35,200,157,6,20251020_035116
1760899806.2687848,12856512,3291267072,3291.267072,40,200,150,6,20251020_035116
1760899806.2787688,12856551,3291277056,3291.277056,44,200,142,6,20251020_035116
1760899806.2890089,12856591,3291287296,3291.287296,49,200,134,6,20251020_035116
1760899806.2989929,12856630,3291297280,3291.29728,54,199,127,6,20251020_035116
1760899806.308977,12856669,3291307264,3291.307264,59,200,124,6,20251020_035116
1760899806.318961,12856708,3291317248,3291.317248,65,200,120,6,20251020_035116
1760899806.3289447,12856747,3291327232,3291.327232,71,200,119,6,20251020_035116
1760899806.3389287,12856786,3291337216,3291.337216,76,200,120,6,20251020_035116
1760899806.3489127,12856825,3291347200,3291.3472,82,200,120,6,20251020_035116
1760899806.3588967,12856864,3291357184,3291.357184,87,200,118,6,20251020_035116
1760899806.3688807,12856903,3291367168,3291.367168,92,200,119,6,20251020_035116
1760899806.3788648,12856942,3291377152,3291.377152,98,200,119,6,20251020_035116
1760899806.3888488,12856981,3291387136,3291.387136,103,200,118,6,20251020_035116
1760899806.3988328,12857020,3291397120,3291.39712,107,200,119,6,20251020_035116
1760899806.4088168,12857059,3291407104,3291.407104,112,200,119,6,20251020_035116
1760899806.4188008,12857098,3291417088,3291.417088,117,199,118,6,20251020_035116
1760899806.429041,12857138,3291427328,3291.427328,121,200,118,6,20251020_035116
1760899806.4390247,12857177,3291437312,3291.437312,125,199,118,6,20251020_035116
1760899806.4490087,12857216,3291447296,3291.447296,130,199,119,6,20251020_035116
1760899806.4589927,12857255,3291457280,3291.45728,134,200,119,6,20251020_035116
1760899806.4689767,12857294,3291467264,3291.467264,138,199,119,6,20251020_035116
1760899806.4789608,12857333,3291477248,3291.477248,142,199,119,6,20251020_035116
1760899806.4889448,12857372,3291487232,3291.487232,145,199,120,6,20251020_035116
1760899806.4989288,12857411,3291497216,3291.497216,149,199,120,6,20251020_035116
1760899806.5089128,12857450,3291507200,3291.5072,153,199,122,6,20251020_035116
1760899806.5188968,12857489,3291517184,3291.517184,157,199,124,6,20251020_035116
1760899806.5288808,12857528,3291527168,3291.527168,160,199,127,6,20251020_035116
1760899806.5388649,12857567,3291537152,3291.537152,164,199,128,6,20251020_035116
1760899806.5488489,12857606,3291547136,3291.547136,168,199,136,6,20251020_035116
1760899806.558833,12857645,3291557120,3291.55712,173,200,145,6,20251020_035116
1760899806.568817,12857684,3291567104,3291.567104,178,200,153,6,20251020_035116
1760899806.5790567,12857724,3291577344,3291.577344,183,199,156,6,20251020_035116
1760899806.5890408,12857763,3291587328,3291.587328,189,199,160,6,20251020_035116
1760899806.5990248,12857802,3291597312,3291.597312,194,200,162,6,20251020_035116
1760899806.6090088,12857841,3291607296,3291.607296,200,200,162,6,20251020_035116
1760899806.6189928,12857880,3291617280,3291.61728,205,200,163,6,20251020_035116
1760899806.6289768,12857919,3291627264,3291.627264,211,199,164,6,20251020_035116
1760899806.6389608,12857958,3291637248,3291.637248,216,200,164,6,20251020_035116
1760899806.6489449,12857997,3291647232,3291.647232,221,199,164,6,20251020_035116
1760899806.6589289,12858036,3291657216,3291.657216,226,199,164,6,20251020_035116
1760899806.668913,12858075,3291667200,3291.6672,231,200,164,6,20251020_035116
1760899806.678897,12858114,3291677184,3291.677184,236,200,165,6,20251020_035116
1760899806.6888807,12858153,3291687168,3291.687168,241,200,164,6,20251020_035116
1760899806.6988647,12858192,3291697152,3291.697152,245,200,165,6,20251020_035116
1760899806.7088487,12858231,3291707136,3291.707136,250,200,165,6,20251020_035116
1760899806.7190888,12858271,3291717376,3291.717376,254,199,165,6,20251020_035116
1760899806.7290728,12858310,3291727360,3291.72736,3,200,164,6,20251020_035116
1760899806.7390568,12858349,3291737344,3291.737344,7,200,166,6,20251020_035116
1760899806.7490408,12858388,3291747328,3291.747328,11,200,165,6,20251020_035116
1760899806.7590249,12858427,3291757312,3291.757312,15,200,165,6,20251020_035116
1760899806.7690089,12858466,3291767296,3291.767296,19,199,165,6,20251020_035116
1760899806.778993,12858505,3291777280,3291.77728,22,199,164,6,20251020_035116
1760899806.788977,12858544,3291787264,3291.787264,26,200,163,6,20251020_035116
1760899806.7989607,12858583,3291797248,3291.797248,30,199,162,6,20251020_035116
1760899806.8089447,12858622,3291807232,3291.807232,33,199,162,6,20251020_035116
1760899806.8189287,12858661,3291817216,3291.817216,37,200,159,6,20251020_035116
1760899806.8289127,12858700,3291827200,3291.8272,41,200,153,6,20251020_035116
1760899806.8388968,12858739,3291837184,3291.837184,45,200,146,6,20251020_035116
1760899806.8488808,12858778,3291847168,3291.847168,50,199,137,6,20251020_035116
1760899806.8588648,12858817,3291857152,3291.857152,55,200,129,6,20251020_035116
1760899806.8691049,12858857,3291867392,3291.867392,60,200,127,6,20251020_035116
1760899806.8790889,12858896,3291877376,3291.877376,66,200,122,6,20251020_035116
1760899806.889073,12858935,3291887360,3291.88736,71,200,119,6,20251020_035116
1760899806.899057,12858974,3291897344,3291.897344,77,200,118,6,20251020_035116
1760899806.9090407,12859013,3291907328,3291.907328,82,200,119,6,20251020_035116
1760899806.9190247,12859052,3291917312,3291.917312,88,200,119,6,20251020_035116
1760899806.9290087,12859091,3291927296,3291.927296,93,200,119,6,20251020_035116
1760899806.9389927,12859130,3291937280,3291.93728,98,200,119,6,20251020_035116
1760899806.9489768,12859169,3291947264,3291.947264,103,199,119,6,20251020_035116
1760899806.9589608,12859208,3291957248,3291.957248,108,199,119,6,20251020_035116
1760899806.9689448,12859247,3291967232,3291.967232,113,199,119,6,20251020_035116
1760899806.9789288,12859286,3291977216,3291.977216,117,199,119,6,20251020_035116
1760899806.9889128,12859325,3291987200,3291.9872,122,200,119,6,20251020_035116
1760899806.9988968,12859364,3291997184,3291.997184,126,199,119,6,20251020_035116
1760899807.009137,12859404,3292007424,3292.007424,130,199,118,6,20251020_035116
1760899807.0191207,12859443,3292017408,3292.017408,134,199,119,6,20251020_035116
1760899807.0291047,12859482,3292027392,3292.027392,138,199,118,6,20251020_035116
1760899807.0390887,12859521,3292037376,3292.037376,142,199,118,6,20251020_035116
1760899807.0490727,12859560,3292047360,3292.04736,146,199,119,6,20251020_035116
1760899807.0590568,12859599,3292057344,3292.057344,149,199,120,6,20251020_035116
1760899807.0690408,12859638,3292067328,3292.067328,153,199,121,6,20251020_035116
1760899807.0790248,12859677,3292077312,3292.077312,157,199,121,6,20251020_035116
1760899807.0890088,12859716,3292087296,3292.087296,160,200,122,6,20251020_035116
1760899807.0989928,12859755,3292097280,3292.09728,164,199,124,6,20251020_035116
1760899807.1089768,12859794,3292107264,3292.107264,168,199,126,6,20251020_035116
1760899807.1189609,12859833,3292117248,3292.117248,172,199,127,6,20251020_035116
1760899807.1289449,12859872,3292127232,3292.127232,176,199,130,6,20251020_035116
1760899807.138929,12859911,3292137216,3292.137216,180,200,135,6,20251020_035116
1760899807.148913,12859950,3292147200,3292.1472,184,199,141,6,20251020_035116
1760899807.1591527,12859990,3292157440,3292.15744,189,199,148,6,20251020_035116
1760899807.1691368,12860029,3292167424,3292.167424,194,200,152,6,20251020_035116
1760899807.1791208,12860068,3292177408,3292.177408,199,199,155,6,20251020_035116
1760899807.1891048,12860107,3292187392,3292.187392,204,199,158,6,20251020_035116
1760899807.1990888,12860146,3292197376,3292.197376,210,199,161,6,20251020_035116
1760899807.2090728,12860185,3292207360,3292.20736,215,199,163,6,20251020_035116
1760899807.2190568,12860224,3292217344,3292.217344,220,199,163,6,20251020_035116
1760899807.2290409,12860263,3292227328,3292.227328,225,200,163,6,20251020_035116
1760899807.2390249,12860302,3292237312,3292.237312,230,199,163,6,20251020_035116
1760899807.249009,12860341,3292247296,3292.247296,235,199,164,6,20251020_035116
1760899807.258993,12860380,3292257280,3292.25728,240,199,164,6,20251020_035116
1760899807.2689767,12860419,3292267264,3292.267264,244,199,164,6,20251020_035116
1760899807.2789607,12860458,3292277248,3292.277248,249,200,165,6,20251020_035116
1760899807.2889447,12860497,3292287232,3292.287232,253,199,165,6,20251020_035116
1760899807.2991848,12860537,3292297472,3292.297472,2,199,165,6,20251020_035116
1760899807.3091688,12860576,3292307456,3292.307456,6,200,164,6,20251020_035116
1760899807.3191528,12860615,3292317440,3292.31744,10,199,164,6,20251020_035116
1760899807.3291368,12860654,3292327424,3292.327424,14,200,164,6,20251020_035116
1760899807.3391209,12860693,3292337408,3292.337408,18,200,164,6,20251020_035116
1760899807.349105,12860732,3292347392,3292.347392,22,200,165,6,20251020_035116
1760899807.359089,12860771,3292357376,3292.357376,25,199,163,6,20251020_035116
1760899807.369073,12860810,3292367360,3292.36736,29,200,162,6,20251020_035116
1760899807.3790567,12860849,3292377344,3292.377344,33,200,162,6,20251020_035116
1760899807.3890407,12860888,3292387328,3292.387328,36,200,160,6,20251020_035116
1760899807.3990247,12860927,3292397312,3292.397312,40,200,157,6,20251020_035116
1760899807.4090087,12860966,3292407296,3292.407296,44,200,153,6,20251020_035116
1760899807.4189928,12861005,3292417280,3292.41728,48,200,147,6,20251020_035116
1760899807.4289768,12861044,3292427264,3292.427264,53,200,141,6,20251020_035116
1760899807.4392169,12861084,3292437504,3292.437504,57,200,135,6,20251020_035116
1760899807.4492009,12861123,3292447488,3292.447488,63,199,129,6,20251020_035116
1760899807.459185,12861162,3292457472,3292.457472,68,199,126,6,20251020_035116
1760899807.469169,12861201,3292467456,3292.467456,73,199,120,6,20251020_035116
1760899807.479153,12861240,3292477440,3292.47744,79,199,118,6,20251020_035116
1760899807.4891367,12861279,3292487424,3292.487424,84,200,117,6,20251020_035116
1760899807.4991207,12861318,3292497408,3292.497408,90,200,118,6,20251020_035116
1760899807.5091047,12861357,3292507392,3292.507392,95,200,118,6,20251020_035116
1760899807.5190887,12861396,3292517376,3292.517376,100,199,117,6,20251020_035116
1760899807.5290728,12861435,3292527360,3292.52736,105,199,116,6,20251020_035116
1760899807.5390568,12861474,3292537344,3292.537344,110,200,118,6,20251020_035116
1760899807.5490408,12861513,3292547328,3292.547328,114,199,117,6,20251020_035116
1760899807.5590248,12861552,3292557312,3292.557312,119,200,118,6,20251020_035116
1760899807.5690088,12861591,3292567296,3292.567296,123,199,118,6,20251020_035116
1760899807.579249,12861631,3292577536,3292.577536,127,199,118,6,20251020_035116
1760899807.5892327,12861670,3292587520,3292.58752,132,199,118,6,20251020_035116
1760899807.5992167,12861709,3292597504,3292.597504,136,199,118,6,20251020_035116
1760899807.6092007,12861748,3292607488,3292.607488,140,199,119,6,20251020_035116
1760899807.6191847,12861787,3292617472,3292.617472,143,199,121,6,20251020_035116
1760899807.6291687,12861826,3292627456,3292.627456,147,199,124,6,20251020_035116
1760899807.6391528,12861865,3292637440,3292.63744,151,199,126,6,20251020_035116
1760899807.6491368,12861904,3292647424,3292.647424,155,199,127,6,20251020_035116
1760899807.6591208,12861943,3292657408,3292.657408,159,199,132,6,20251020_035116
1760899807.6691048,12861982,3292667392,3292.667392,164,200,139,6,20251020_035116
1760899807.6790888,12862021,3292677376,3292.677376,168,199,148,6,20251020_035116
1760899807.6890728,12862060,3292687360,3292.68736,173,199,153,6,20251020_035116
1760899807.6990569,12862099,3292697344,3292.697344,179,200,156,6,20251020_035116
1760899807.7090409,12862138,3292707328,3292.707328,184,199,161,6,20251020_035116
1760899807.719025,12862177,3292717312,3292.717312,190,200,162,6,20251020_035116
1760899807.7292647,12862217,3292727552,3292.727552,195,200,163,6,20251020_035116
1760899807.7392488,12862256,3292737536,3292.737536,201,200,163,6,20251020_035116
1760899807.7492328,12862295,3292747520,3292.74752,206,199,163,6,20251020_035116
1760899807.7592168,12862334,3292757504,3292.757504,212,199,162,6,20251020_035116
1760899807.7692008,12862373,3292767488,3292.767488,217,199,164,6,20251020_035116
1760899807.7791848,12862412,3292777472,3292.777472,222,199,165,6,20251020_035116
1760899807.7891688,12862451,3292787456,3292.787456,227,200,164,6,20251020_035116
1760899807.7991529,12862490,3292797440,3292.79744,232,200,164,6,20251020_035116
1760899807.8091369,12862529,3292807424,3292.807424,237,200,163,6,20251020_035116
1760899807.819121,12862568,3292817408,3292.817408,242,200,165,6,20251020_035116
1760899807.829105,12862607,3292827392,3292.827392,246,200,163,6,20251020_035116
1760899807.839089,12862646,3292837376,3292.837376,251,200,165,6,20251020_035116
1760899807.8490727,12862685,3292847360,3292.84736,0,199,165,6,20251020_035116
1760899807.8590567,12862724,3292857344,3292.857344,4,200,165,6,20251020_035116
1760899807.8692968,12862764,3292867584,3292.867584,8,200,166,6,20251020_035116
1760899807.8792808,12862803,3292877568,3292.877568,12,200,164,6,20251020_035116
1760899807.8892648,12862842,3292887552,3292.887552,16,199,165,6,20251020_035116
1760899807.8992488,12862881,3292897536,3292.897536,20,200,164,6,20251020_035116
1760899807.9092329,12862920,3292907520,3292.90752,23,200,165,6,20251020_035116
1760899807.9192169,12862959,3292917504,3292.917504,27,200,164,6,20251020_035116
1760899807.929201,12862998,3292927488,3292.927488,31,200,162,6,20251020_035116
1760899807.939185,12863037,3292937472,3292.937472,34,200,159,6,20251020_035116
1760899807.9491687,12863076,3292947456,3292.947456,38,200,153,6,20251020_035116
1760899807.9591527,12863115,3292957440,3292.95744,42,199,146,6,20251020_035116
1760899807.9691367,12863154,3292967424,3292.967424,47,200,138,6,20251020_035116
1760899807.9791207,12863193,3292977408,3292.977408,52,200,131,6,20251020_035116
1760899807.9891047,12863232,3292987392,3292.987392,57,200,126,6,20251020_035116
1760899807.9993448,12863272,3292997632,3292.997632,63,200,122,6,20251020_035116
1760899808.0093288,12863311,3293007616,3293.007616,68,200,118,6,20251020_035116
1760899808.0193129,12863350,3293017600,3293.0176,74,200,118,6,20251020_035116
1760899808.0292969,12863389,3293027584,3293.027584,80,200,118,6,20251020_035116
1760899808.039281,12863428,3293037568,3293.037568,85,200,119,6,20251020_035116
1760899808.049265,12863467,3293047552,3293.047552,90,200,118,6,20251020_035116
1760899808.0592487,12863506,3293057536,3293.057536,96,200,117,6,20251020_035116
1760899808.0692327,12863545,3293067520,3293.06752,101,199,119,6,20251020_035116
1760899808.0792167,12863584,3293077504,3293.077504,106,200,117,6,20251020_035116
1760899808.0892007,12863623,3293087488,3293.087488,110,200,117,6,20251020_035116
1760899808.0991848,12863662,3293097472,3293.097472,115,200,117,6,20251020_035116
1760899808.1091688,12863701,3293107456,3293.107456,119,199,118,6,20251020_035116
1760899808.1191528,12863740,3293117440,3293.11744,124,199,118,6,20251020_035116
1760899808.1291368,12863779,3293127424,3293.127424,128,199,118,6,20251020_035116
1760899808.1393769,12863819,3293137664,3293.137664,132,199,118,6,20251020_035116
1760899808.149361,12863858,3293147648,3293.147648,136,199,118,6,20251020_035116
1760899808.159345,12863897,3293157632,3293.157632,140,199,118,6,20251020_035116
1760899808.1693287,12863936,3293167616,3293.167616,144,199,120,6,20251020_035116
1760899808.1793127,12863975,3293177600,3293.1776,148,199,122,6,20251020_035116
1760899808.1892967,12864014,3293187584,3293.187584,152,199,124,6,20251020_035116
1760899808.1992807,12864053,3293197568,3293.197568,156,199,127,6,20251020_035116
1760899808.2092648,12864092,3293207552,3293.207552,160,199,132,6,20251020_035116
1760899808.2192488,12864131,3293217536,3293.217536,164,199,140,6,20251020_035116
1760899808.2292328,12864170,3293227520,3293.22752,169,200,150,6,20251020_035116
1760899808.2392168,12864209,3293237504,3293.237504,174,199,154,6,20251020_035116
1760899808.2492008,12864248,3293247488,3293.247488,179,199,158,6,20251020_035116
1760899808.2591848,12864287,3293257472,3293.257472,185,200,162,6,20251020_035116
1760899808.2691689,12864326,3293267456,3293.267456,191,200,163,6,20251020_035116
1760899808.2794087,12864366,3293277696,3293.277696,196,199,162,6,20251020_035116
1760899808.2893927,12864405,3293287680,3293.28768,202,200,164,6,20251020_035116
1760899808.2993767,12864444,3293297664,3293.297664,207,200,163,6,20251020_035116
1760899808.3093607,12864483,3293307648,3293.307648,213,199,164,6,20251020_035116
1760899808.3193448,12864522,3293317632,3293.317632,218,199,165,6,20251020_035116
1760899808.3293288,12864561,3293327616,3293.327616,223,200,164,6,20251020_035116
1760899808.3393128,12864600,3293337600,3293.3376,228,200,164,6,20251020_035116
1760899808.3492968,12864639,3293347584,3293.347584,233,200,164,6,20251020_035116
1760899808.3592808,12864678,3293357568,3293.357568,238,199,165,6,20251020_035116
1760899808.3692648,12864717,3293367552,3293.367552,242,199,165,6,20251020_035116
1760899808.3792489,12864756,3293377536,3293.377536,247,199,164,6,20251020_035116
1760899808.3892329,12864795,3293387520,3293.38752,251,200,164,6,20251020_035116
1760899808.399217,12864834,3293397504,3293.397504,1,199,165,6,20251020_035116
1760899808.409201,12864873,3293407488,3293.407488,5,200,166,6,20251020_035116
1760899808.4191847,12864912,3293417472,3293.417472,9,199,164,6,20251020_035116
1760899808.4294248,12864952,3293427712,3293.427712,13,199,166,6,20251020_035116
1760899808.4394088,12864991,3293437696,3293.437696,16,200,164,6,20251020_035116
1760899808.4493928,12865030,3293447680,3293.44768,20,199,165,6,20251020_035116
1760899808.4593768,12865069,3293457664,3293.457664,24,200,164,6,20251020_035116
1760899808.4693608,12865108,3293467648,3293.467648,28,200,163,6,20251020_035116
1760899808.4793448,12865147,3293477632,3293.477632,31,199,161,6,20251020_035116
1760899808.4893289,12865186,3293487616,3293.487616,35,200,158,6,20251020_035116
1760899808.4993129,12865225,3293497600,3293.4976,39,199,151,6,20251020_035116
1760899808.509297,12865264,3293507584,3293.507584,43,200,143,6,20251020_035116
1760899808.519281,12865303,3293517568,3293.517568,48,199,135,6,20251020_035116
1760899808.5292647,12865342,3293527552,3293.527552,53,199,129,6,20251020_035116
1760899808.5392487,12865381,3293537536,3293.537536,58,199,125,6,20251020_035116
1760899808.5492327,12865420,3293547520,3293.54752,64,200,121,6,20251020_035116
1760899808.5592167,12865459,3293557504,3293.557504,70,199,117,6,20251020_035116
1760899808.5692008,12865498,3293567488,3293.567488,75,199,118,6,20251020_035116
1760899808.5794408,12865538,3293577728,3293.577728,81,199,118,6,20251020_035116
1760899808.5894248,12865577,3293587712,3293.587712,86,199,118,6,20251020_035116
1760899808.5994089,12865616,3293597696,3293.597696,91,200,118,6,20251020_035116
1760899808.609393,12865655,3293607680,3293.60768,97,200,118,6,20251020_035116
1760899808.619377,12865694,3293617664,3293.617664,102,199,118,6,20251020_035116
1760899808.629361,12865733,3293627648,3293.627648,106,199,118,6,20251020_035116
1760899808.6393447,12865772,3293637632,3293.637632,111,199,118,6,20251020_035116
1760899808.6493287,12865811,3293647616,3293.647616,116,199,118,6,20251020_035116
1760899808.6593127,12865850,3293657600,3293.6576,120,199,117,6,20251020_035116
1760899808.6692967,12865889,3293667584,3293.667584,125,199,117,6,20251020_035116
1760899808.6792808,12865928,3293677568,3293.677568,129,199,117,6,20251020_035116
1760899808.6892648,12865967,3293687552,3293.687552,133,198,118,6,20251020_035116
1760899808.6992488,12866006,3293697536,3293.697536,137,199,117,6,20251020_035116
1760899808.7092328,12866045,3293707520,3293.70752,141,199,119,6,20251020_035116
1760899808.719473,12866085,3293717760,3293.71776,145,199,119,6,20251020_035116
1760899808.729457,12866124,3293727744,3293.727744,148,199,120,6,20251020_035116
1760899808.739441,12866163,3293737728,3293.737728,152,199,120,6,20251020_035116
1760899808.7494247,12866202,3293747712,3293.747712,156,199,122,6,20251020_035116
1760899808.7594087,12866241,3293757696,3293.757696,159,199,123,6,20251020_035116
1760899808.7693927,12866280,3293767680,3293.76768,163,199,124,6,20251020_035116
1760899808.7793767,12866319,3293777664,3293.777664,167,199,126,6,20251020_035116
1760899808.7893608,12866358,3293787648,3293.787648,171,199,128,6,20251020_035116
1760899808.7993448,12866397,3293797632,3293.797632,175,199,130,6,20251020_035116
1760899808.8093288,12866436,3293807616,3293.807616,179,199,136,6,20251020_035116
1760899808.8193128,12866475,3293817600,3293.8176,184,199,144,6,20251020_035116
1760899808.8292968,12866514,3293827584,3293.827584,189,200,152,6,20251020_035116
1760899808.8392808,12866553,3293837568,3293.837568,194,199,154,6,20251020_035116
1760899808.8492649,12866592,3293847552,3293.847552,199,199,156,6,20251020_035116
1760899808.8592489,12866631,3293857536,3293.857536,204,199,159,6,20251020_035116
1760899808.8694887,12866671,3293867776,3293.867776,210,199,162,6,20251020_035116
1760899808.8794727,12866710,3293877760,3293.87776,215,199,162,6,20251020_035116
1760899808.8894567,12866749,3293887744,3293.887744,220,199,162,6,20251020_035116
1760899808.8994408,12866788,3293897728,3293.897728,225,200,163,6,20251020_035116
1760899808.9094248,12866827,3293907712,3293.907712,230,199,163,6,20251020_035116
1760899808.9194088,12866866,3293917696,3293.917696,235,199,164,6,20251020_035116
1760899808.9293928,12866905,3293927680,3293.92768,240,200,163,6,20251020_035116
1760899808.9393768,12866944,3293937664,3293.937664,244,200,163,6,20251020_035116
1760899808.9493608,12866983,3293947648,3293.947648,249,199,164,6,20251020_035116
1760899808.9593449,12867022,3293957632,3293.957632,253,199,164,6,20251020_035116
1760899808.9693289,12867061,3293967616,3293.967616,2,200,165,6,20251020_035116
1760899808.979313,12867100,3293977600,3293.9776,6,200,164,6,20251020_035116
1760899808.989297,12867139,3293987584,3293.987584,10,199,165,6,20251020_035116
1760899808.9992807,12867178,3293997568,3293.997568,14,200,164,6,20251020_035116
1760899809.0095208,12867218,3294007808,3294.007808,18,200,163,6,20251020_035116
1760899809.0195048,12867257,3294017792,3294.017792,22,200,166,6,20251020_035116
1760899809.0294888,12867296,3294027776,3294.027776,25,200,164,6,20251020_035116
1760899809.0394728,12867335,3294037760,3294.03776,29,199,164,6,20251020_035116
1760899809.0494568,12867374,3294047744,3294.047744,32,200,163,6,20251020_035116
1760899809.0594409,12867413,3294057728,3294.057728,36,199,163,6,20251020_035116
1760899809.0694249,12867452,3294067712,3294.067712,40,200,163,6,20251020_035116
1760899809.079409,12867491,3294077696,3294.077696,43,199,161,6,20251020_035116
1760899809.089393,12867530,3294087680,3294.08768,47,200,157,6,20251020_035116
1760899809.099377,12867569,3294097664,3294.097664,51,199,151,6,20251020_035116
1760899809.1093607,12867608,3294107648,3294.107648,55,200,143,6,20251020_035116
1760899809.1193447,12867647,3294117632,3294.117632,60,200,137,6,20251020_035116
1760899809.1293287,12867686,3294127616,3294.127616,65,199,128,6,20251020_035116
1760899809.1393127,12867725,3294137600,3294.1376,70,200,127,6,20251020_035116
1760899809.1492968,12867764,3294147584,3294.147584,75,200,122,6,20251020_035116
1760899809.1595368,12867804,3294157824,3294.157824,81,200,118,6,20251020_035116
1760899809.1695209,12867843,3294167808,3294.167808,86,199,118,6,20251020_035116
1760899809.1795049,12867882,3294177792,3294.177792,91,199,118,6,20251020_035116
1760899809.189489,12867921,3294187776,3294.187776,97,199,118,6,20251020_035116
1760899809.199473,12867960,3294197760,3294.19776,102,199,118,6,20251020_035116
1760899809.2094567,12867999,3294207744,3294.207744,107,199,119,6,20251020_035116
1760899809.2194407,12868038,3294217728,3294.217728,111,199,118,6,20251020_035116
1760899809.2294247,12868077,3294227712,3294.227712,116,199,117,6,20251020_035116
1760899809.2394087,12868116,3294237696,3294.237696,120,199,119,6,20251020_035116
1760899809.2493927,12868155,3294247680,3294.24768,125,199,118,6,20251020_035116
1760899809.2593768,12868194,3294257664,3294.257664,129,199,117,6,20251020_035116
1760899809.2693608,12868233,3294267648,3294.267648,133,199,119,6,20251020_035116
1760899809.2793448,12868272,3294277632,3294.277632,137,199,118,6,20251020_035116
1760899809.2893288,12868311,3294287616,3294.287616,141,199,119,6,20251020_035116
1760899809.299569,12868351,3294297856,3294.297856,145,199,122,6,20251020_035116
1760899809.309553,12868390,3294307840,3294.30784,149,199,123,6,20251020_035116
1760899809.3195367,12868429,3294317824,3294.317824,153,199,124,6,20251020_035116
1760899809.3295207,12868468,3294327808,3294.327808,157,198,127,6,20251020_035116
1760899809.3395047,12868507,3294337792,3294.337792,160,199,129,6,20251020_035116
1760899809.3494887,12868546,3294347776,3294.347776,165,199,134,6,20251020_035116
1760899809.3594728,12868585,3294357760,3294.35776,169,199,139,6,20251020_035116
1760899809.3694568,12868624,3294367744,3294.367744,174,200,148,6,20251020_035116
1760899809.3794408,12868663,3294377728,3294.377728,179,199,153,6,20251020_035116
1760899809.3894248,12868702,3294387712,3294.387712,184,200,156,6,20251020_035116
1760899809.3994088,12868741,3294397696,3294.397696,190,199,159,6,20251020_035116
1760899809.4093928,12868780,3294407680,3294.40768,195,199,161,6,20251020_035116
1760899809.4193769,12868819,3294417664,3294.417664,201,199,162,6,20251020_035116
1760899809.4293609,12868858,3294427648,3294.427648,206,199,162,6,20251020_035116
1760899809.4396007,12868898,3294437888,3294.437888,211,199,163,6,20251020_035116
1760899809.4495847,12868937,3294447872,3294.447872,217,199,164,6,20251020_035116
1760899809.4595687,12868976,3294457856,3294.457856,222,199,164,6,20251020_035116
1760899809.4695528,12869015,3294467840,3294.46784,227,200,165,6,20251020_035116
1760899809.4795368,12869054,3294477824,3294.477824,232,199,164,6,20251020_035116
1760899809.4895208,12869093,3294487808,3294.487808,237,200,164,6,20251020_035116
1760899809.4995048,12869132,3294497792,3294.497792,241,199,164,6,20251020_035116
1760899809.5094888,12869171,3294507776,3294.507776,246,199,164,6,20251020_035116
1760899809.5194728,12869210,3294517760,3294.51776,250,199,165,6,20251020_035116
1760899809.5294569,12869249,3294527744,3294.527744,0,200,164,6,20251020_035116
1760899809.5394409,12869288,3294537728,3294.537728,4,200,165,6,20251020_035116
1760899809.549425,12869327,3294547712,3294.547712,8,200,165,6,20251020_035116
1760899809.559409,12869366,3294557696,3294.557696,12,200,165,6,20251020_035116
1760899809.5693927,12869405,3294567680,3294.56768,16,200,164,6,20251020_035116
1760899809.5796328,12869445,3294577920,3294.57792,19,200,164,6,20251020_035116
1760899809.5896168,12869484,3294587904,3294.587904,23,200,164,6,20251020_035116
1760899809.5996008,12869523,3294597888,3294.597888,27,199,163,6,20251020_035116
1760899809.6095848,12869562,3294607872,3294.607872,30,199,162,6,20251020_035116
1760899809.6195688,12869601,3294617856,3294.617856,34,199,160,6,20251020_035116
1760899809.6295528,12869640,3294627840,3294.62784,38,200,158,6,20251020_035116
1760899809.6395369,12869679,3294637824,3294.637824,42,200,152,6,20251020_035116
1760899809.6495209,12869718,3294647808,3294.647808,46,200,146,6,20251020_035116
1760899809.659505,12869757,3294657792,3294.657792,50,200,139,6,20251020_035116
1760899809.669489,12869796,3294667776,3294.667776,55,199,132,6,20251020_035116
1760899809.6794727,12869835,3294677760,3294.67776,61,199,127,6,20251020_035116
1760899809.6894567,12869874,3294687744,3294.687744,66,200,125,6,20251020_035116
1760899809.6994407,12869913,3294697728,3294.697728,71,200,121,6,20251020_035116
1760899809.7094247,12869952,3294707712,3294.707712,77,200,118,6,20251020_035116
1760899809.7194088,12869991,3294717696,3294.717696,82,200,119,6,20251020_035116
1760899809.7296488,12870031,3294727936,3294.727936,88,200,119,6,20251020_035116
1760899809.7396328,12870070,3294737920,3294.73792,93,199,118,6,20251020_035116
1760899809.7496169,12870109,3294747904,3294.747904,98,199,118,6,20251020_035116
1760899809.7596009,12870148,3294757888,3294.757888,103,200,119,6,20251020_035116
1760899809.769585,12870187,3294767872,3294.767872,108,199,119,6,20251020_035116
1760899809.779569,12870226,3294777856,3294.777856,113,199,119,6,20251020_035116
1760899809.7895527,12870265,3294787840,3294.78784,117,199,119,6,20251020_035116
1760899809.7995367,12870304,3294797824,3294.797824,122,199,118,6,20251020_035116
1760899809.8095207,12870343,3294807808,3294.807808,126,199,119,6,20251020_035116
1760899809.8195047,12870382,3294817792,3294.817792,130,199,118,6,20251020_035116
1760899809.8294888,12870421,3294827776,3294.827776,134,199,119,6,20251020_035116
1760899809.8394728,12870460,3294837760,3294.83776,138,199,119,6,20251020_035116
1760899809.8494568,12870499,3294847744,3294.847744,142,199,121,6,20251020_035116
1760899809.8594408,12870538,3294857728,3294.857728,146,199,122,6,20251020_035116
1760899809.869681,12870578,3294867968,3294.867968,150,199,124,6,20251020_035116
1760899809.879665,12870617,3294877952,3294.877952,154,199,127,6,20251020_035116
1760899809.889649,12870656,3294887936,3294.887936,158,199,129,6,20251020_035116
1760899809.8996327,12870695,3294897920,3294.89792,162,199,135,6,20251020_035116
1760899809.9096167,12870734,3294907904,3294.907904,167,200,146,6,20251020_035116
1760899809.9196007,12870773,3294917888,3294.917888,172,199,152,6,20251020_035116
1760899809.9295847,12870812,3294927872,3294.927872,177,200,155,6,20251020_035116
1760899809.9395688,12870851,3294937856,3294.937856,182,200,159,6,20251020_035116
1760899809.9495528,12870890,3294947840,3294.94784,188,199,162,6,20251020_035116
1760899809.9595368,12870929,3294957824,3294.957824,193,199,162,6,20251020_035116
1760899809.9695208,12870968,3294967808,3294.967808,199,200,162,6,20251020_035116
1760899809.9795048,12871007,3294977792,3294.977792,205,199,163,6,20251020_035116
1760899809.9894888,12871046,3294987776,3294.987776,210,199,164,6,20251020_035116
1760899809.9994729,12871085,3294997760,3294.99776,215,199,165,6,20251020_035116
1760899810.0097127,12871125,3295008000,3295.008,221,200,164,6,20251020_035116
1760899810.0196967,12871164,3295017984,3295.017984,226,200,164,6,20251020_035116
1760899810.0296807,12871203,3295027968,3295.027968,231,199,164,6,20251020_035116
1760899810.0396647,12871242,3295037952,3295.037952,236,200,165,6,20251020_035116
1760899810.0496488,12871281,3295047936,3295.047936,240,200,165,6,20251020_035116
1760899810.0596328,12871320,3295057920,3295.05792,245,199,165,6,20251020_035116
1760899810.0696168,12871359,3295067904,3295.067904,249,200,165,6,20251020_035116
1760899810.0796008,12871398,3295077888,3295.077888,254,200,165,6,20251020_035116
1760899810.0895848,12871437,3295087872,3295.087872,3,199,165,6,20251020_035116
1760899810.0995688,12871476,3295097856,3295.097856,7,200,164,6,20251020_035116
1760899810.1095529,12871515,3295107840,3295.10784,11,199,165,6,20251020_035116
1760899810.1195369,12871554,3295117824,3295.117824,15,200,165,6,20251020_035116
1760899810.129521,12871593,3295127808,3295.127808,18,200,165,6,20251020_035116
1760899810.139505,12871632,3295137792,3295.137792,22,199,163,6,20251020_035116
1760899810.1497447,12871672,3295148032,3295.148032,26,199,163,6,20251020_035116
1760899810.1597288,12871711,3295158016,3295.158016,29,199,162,6,20251020_035116
1760899810.1697128,12871750,3295168000,3295.168,33,200,158,6,20251020_035116
1760899810.1796968,12871789,3295177984,3295.177984,37,200,154,6,20251020_035116
1760899810.1896808,12871828,3295187968,3295.187968,41,200,146,6,20251020_035116
1760899810.1996648,12871867,3295197952,3295.197952,46,199,139,6,20251020_035116
1760899810.2096488,12871906,3295207936,3295.207936,51,199,132,6,20251020_035116
1760899810.2196329,12871945,3295217920,3295.21792,56,201,127,6,20251020_035116
1760899810.2296169,12871984,3295227904,3295.227904,61,199,123,6,20251020_035116
1760899810.239601,12872023,3295237888,3295.237888,67,199,120,6,20251020_035116
1760899810.249585,12872062,3295247872,3295.247872,73,200,118,6,20251020_035116
1760899810.2595687,12872101,3295257856,3295.257856,78,199,118,6,20251020_035116
1760899810.2695527,12872140,3295267840,3295.26784,84,200,118,6,20251020_035116
1760899810.2795367,12872179,3295277824,3295.277824,89,199,118,6,20251020_035116
1760899810.2895207,12872218,3295287808,3295.287808,94,200,117,6,20251020_035116
1760899810.2997608,12872258,3295298048,3295.298048,99,199,118,6,20251020_035116
1760899810.3097448,12872297,3295308032,3295.308032,104,199,117,6,20251020_035116
1760899810.3197289,12872336,3295318016,3295.318016,109,199,118,6,20251020_035116
1760899810.3297129,12872375,3295328000,3295.328,114,199,118,6,20251020_035116
1760899810.339697,12872414,3295337984,3295.337984,118,199,118,6,20251020_035116
1760899810.349681,12872453,3295347968,3295.347968,123,199,118,6,20251020_035116
1760899810.359665,12872492,3295357952,3295.357952,127,199,118,6,20251020_035116
1760899810.3696487,12872531,3295367936,3295.367936,131,199,118,6,20251020_035116
1760899810.3796327,12872570,3295377920,3295.37792,135,199,117,6,20251020_035116
1760899810.3896167,12872609,3295387904,3295.387904,139,199,119,6,20251020_035116
1760899810.3996007,12872648,3295397888,3295.397888,143,199,118,6,20251020_035116
1760899810.4095848,12872687,3295407872,3295.407872,147,199,121,6,20251020_035116
1760899810.4195688,12872726,3295417856,3295.417856,151,199,122,6,20251020_035116
1760899810.4295528,12872765,3295427840,3295.42784,154,199,124,6,20251020_035116
1760899810.4397929,12872805,3295438080,3295.43808,158,199,127,6,20251020_035116
1760899810.449777,12872844,3295448064,3295.448064,162,199,130,6,20251020_035116
1760899810.459761,12872883,3295458048,3295.458048,166,199,135,6,20251020_035116
1760899810.4697447,12872922,3295468032,3295.468032,171,199,147,6,20251020_035116
1760899810.4797287,12872961,3295478016,3295.478016,176,199,152,6,20251020_035116
1760899810.4897127,12873000,3295488000,3295.488,181,200,155,6,20251020_035116
1760899810.4996967,12873039,3295497984,3295.497984,187,199,159,6,20251020_035116
1760899810.5096807,12873078,3295507968,3295.507968,193,199,161,6,20251020_035116
1760899810.5196648,12873117,3295517952,3295.517952,198,199,162,6,20251020_035116
1760899810.5296488,12873156,3295527936,3295.527936,204,199,164,6,20251020_035116
1760899810.5396328,12873195,3295537920,3295.53792,209,199,163,6,20251020_035116
1760899810.5496168,12873234,3295547904,3295.547904,214,199,163,6,20251020_035116
1760899810.5596008,12873273,3295557888,3295.557888,220,199,164,6,20251020_035116
1760899810.5695848,12873312,3295567872,3295.567872,225,199,164,6,20251020_035116
1760899810.5795689,12873351,3295577856,3295.577856,230,200,165,6,20251020_035116
1760899810.5898087,12873391,3295588096,3295.588096,235,200,163,6,20251020_035116
1760899810.5997927,12873430,3295598080,3295.59808,239,199,164,6,20251020_035116
1760899810.6097767,12873469,3295608064,3295.608064,244,199,164,6,20251020_035116
1760899810.6197608,12873508,3295618048,3295.618048,248,199,164,6,20251020_035116
1760899810.6297448,12873547,3295628032,3295.628032,253,200,166,6,20251020_035116
1760899810.6397288,12873586,3295638016,3295.638016,2,200,165,6,20251020_035116
1760899810.6497128,12873625,3295648000,3295.648,6,200,164,6,20251020_035116
1760899810.6596968,12873664,3295657984,3295.657984,10,199,165,6,20251020_035116
1760899810.6696808,12873703,3295667968,3295.667968,14,200,165,6,20251020_035116
1760899810.6796649,12873742,3295677952,3295.677952,18,199,163,6,20251020_035116
1760899810.6896489,12873781,3295687936,3295.687936,21,199,164,6,20251020_035116
1760899810.699633,12873820,3295697920,3295.69792,25,200,163,6,20251020_035116
1760899810.709617,12873859,3295707904,3295.707904,29,200,163,6,20251020_035116
1760899810.719601,12873898,3295717888,3295.717888,32,199,162,6,20251020_035116
1760899810.7298408,12873938,3295728128,3295.728128,36,200,160,6,20251020_035116
1760899810.7398248,12873977,3295738112,3295.738112,40,201,155,6,20251020_035116
1760899810.7498088,12874016,3295748096,3295.748096,44,199,146,6,20251020_035116
1760899810.7597928,12874055,3295758080,3295.75808,49,199,138,6,20251020_035116
1760899810.7697768,12874094,3295768064,3295.768064,54,200,131,6,20251020_035116
1760899810.7797608,12874133,3295778048,3295.778048,59,200,127,6,20251020_035116
1760899810.7897449,12874172,3295788032,3295.788032,64,200,122,6,20251020_035116
1760899810.7997289,12874211,3295798016,3295.798016,70,200,118,6,20251020_035116
1760899810.809713,12874250,3295808000,3295.808,76,200,118,6,20251020_035116
1760899810.819697,12874289,3295817984,3295.817984,81,199,118,6,20251020_035116
1760899810.8296807,12874328,3295827968,3295.827968,87,200,118,6,20251020_035116
1760899810.8396647,12874367,3295837952,3295.837952,92,199,118,6,20251020_035116
1760899810.8496487,12874406,3295847936,3295.847936,97,199,118,6,20251020_035116
1760899810.8596327,12874445,3295857920,3295.85792,102,199,117,6,20251020_035116
1760899810.8696167,12874484,3295867904,3295.867904,107,199,116,6,20251020_035116
1760899810.8798568,12874524,3295878144,3295.878144,112,199,118,6,20251020_035116
1760899810.8898408,12874563,3295888128,3295.888128,116,199,118,6,20251020_035116
1760899810.8998249,12874602,3295898112,3295.898112,121,199,117,6,20251020_035116
1760899810.9098089,12874641,3295908096,3295.908096,125,199,118,6,20251020_035116
1760899810.919793,12874680,3295918080,3295.91808,129,200,118,6,20251020_035116
1760899810.929777,12874719,3295928064,3295.928064,133,199,117,6,20251020_035116
1760899810.9397607,12874758,3295938048,3295.938048,137,199,116,6,20251020_035116
1760899810.9497447,12874797,3295948032,3295.948032,141,199,118,6,20251020_035116
1760899810.9597287,12874836,3295958016,3295.958016,145,199,118,6,20251020_035116
1760899810.9697127,12874875,3295968000,3295.968,149,199,119,6,20251020_035116
1760899810.9796968,12874914,3295977984,3295.977984,152,199,120,6,20251020_035116
1760899810.9896808,12874953,3295987968,3295.987968,156,199,119,6,20251020_035116
1760899810.9996648,12874992,3295997952,3295.997952,160,199,121,6,20251020_035116
1760899811.0096488,12875031,3296007936,3296.007936,163,199,123,6,20251020_035116
1760899811.0198889,12875071,3296018176,3296.018176,167,199,123,6,20251020_035116
1760899811.029873,12875110,3296028160,3296.02816,171,199,127,6,20251020_035116
1760899811.039857,12875149,3296038144,3296.038144,175,199,127,6,20251020_035116
1760899811.0498407,12875188,3296048128,3296.048128,179,199,132,6,20251020_035116
1760899811.0598247,12875227,3296058112,3296.058112,183,199,137,6,20251020_035116
1760899811.0698087,12875266,3296068096,3296.068096,188,200,143,6,20251020_035116
1760899811.0797927,12875305,3296078080,3296.07808,192,199,150,6,20251020_035116
1760899811.0897768,12875344,3296088064,3296.088064,198,199,152,6,20251020_035116
1760899811.0997608,12875383,3296098048,3296.098048,203,199,156,6,20251020_035116
1760899811.1097448,12875422,3296108032,3296.108032,208,199,159,6,20251020_035116
1760899811.1197288,12875461,3296118016,3296.118016,213,199,162,6,20251020_035116
1760899811.1297128,12875500,3296128000,3296.128,218,199,162,6,20251020_035116
1760899811.1396968,12875539,3296137984,3296.137984,224,200,162,6,20251020_035116
1760899811.1496809,12875578,3296147968,3296.147968,229,200,163,6,20251020_035116
1760899811.1599207,12875618,3296158208,3296.158208,233,200,163,6,20251020_035116
1760899811.1699047,12875657,3296168192,3296.168192,238,199,163,6,20251020_035116
1760899811.1798887,12875696,3296178176,3296.178176,243,199,163,6,20251020_035116
1760899811.1898727,12875735,3296188160,3296.18816,247,200,164,6,20251020_035116
1760899811.1998568,12875774,3296198144,3296.198144,252,199,164,6,20251020_035116
1760899811.2098408,12875813,3296208128,3296.208128,1,200,164,6,20251020_035116
1760899811.2198248,12875852,3296218112,3296.218112,5,199,164,6,20251020_035116
1760899811.2298088,12875891,3296228096,3296.228096,9,200,164,6,20251020_035116
1760899811.2397928,12875930,3296238080,3296.23808,13,200,164,6,20251020_035116
1760899811.2497768,12875969,3296248064,3296.248064,17,200,164,6,20251020_035116
1760899811.2597609,12876008,3296258048,3296.258048,21,199,163,6,20251020_035116
1760899811.2697449,12876047,3296268032,3296.268032,24,200,163,6,20251020_035116
1760899811.279729,12876086,3296278016,3296.278016,28,199,163,6,20251020_035116
1760899811.289713,12876125,3296288000,3296.288,31,200,162,6,20251020_035116
1760899811.2996967,12876164,3296297984,3296.297984,35,199,161,6,20251020_035116
1760899811.3099368,12876204,3296308224,3296.308224,39,199,158,6,20251020_035116
1760899811.3199208,12876243,3296318208,3296.318208,43,200,155,6,20251020_035116
1760899811.3299048,12876282,3296328192,3296.328192,47,200,149,6,20251020_035116
1760899811.3398888,12876321,3296338176,3296.338176,51,200,144,6,20251020_035116
1760899811.3498728,12876360,3296348160,3296.34816,56,199,137,6,20251020_035116
1760899811.3598568,12876399,3296358144,3296.358144,61,200,131,6,20251020_035116
1760899811.3698409,12876438,3296368128,3296.368128,66,200,127,6,20251020_035116
1760899811.3798249,12876477,3296378112,3296.378112,71,200,124,6,20251020_035116
1760899811.389809,12876516,3296388096,3296.388096,77,200,120,6,20251020_035116
1760899811.399793,12876555,3296398080,3296.39808,82,200,118,6,20251020_035116
1760899811.4097767,12876594,3296408064,3296.408064,88,200,116,6,20251020_035116
1760899811.4197607,12876633,3296418048,3296.418048,93,200,119,6,20251020_035116
1760899811.4297447,12876672,3296428032,3296.428032,98,200,118,6,20251020_035116
1760899811.4397287,12876711,3296438016,3296.438016,103,199,118,6,20251020_035116
1760899811.4499688,12876751,3296448256,3296.448256,108,199,117,6,20251020_035116
1760899811.4599528,12876790,3296458240,3296.45824,112,199,118,6,20251020_035116
1760899811.4699368,12876829,3296468224,3296.468224,117,199,117,6,20251020_035116
1760899811.4799209,12876868,3296478208,3296.478208,121,199,117,6,20251020_035116
1760899811.4899049,12876907,3296488192,3296.488192,126,199,118,6,20251020_035116
1760899811.499889,12876946,3296498176,3296.498176,130,199,118,6,20251020_035116
1760899811.509873,12876985,3296508160,3296.50816,134,199,118,6,20251020_035116
1760899811.5198567,12877024,3296518144,3296.518144,138,199,119,6,20251020_035116
1760899811.5298407,12877063,3296528128,3296.528128,142,199,119,6,20251020_035116
1760899811.5398247,12877102,3296538112,3296.538112,146,199,122,6,20251020_035116
1760899811.5498087,12877141,3296548096,3296.548096,150,199,124,6,20251020_035116
1760899811.5600488,12877181,3296558336,3296.558336,154,199,127,6,20251020_035116
1760899811.5700328,12877220,3296568320,3296.56832,158,199,128,6,20251020_035116
1760899811.5800169,12877259,3296578304,3296.578304,162,199,134,6,20251020_035116
1760899811.5900009,12877298,3296588288,3296.588288,166,199,143,6,20251020_035116
1760899811.599985,12877337,3296598272,3296.598272,171,199,151,6,20251020_035116
1760899811.609969,12877376,3296608256,3296.608256,176,199,152,6,20251020_035116
1760899811.619953,12877415,3296618240,3296.61824,182,199,158,6,20251020_035116
1760899811.6299367,12877454,3296628224,3296.628224,187,199,161,6,20251020_035116
1760899811.6401768,12877494,3296638464,3296.638464,193,199,162,6,20251020_035116
1760899811.6501608,12877533,3296648448,3296.648448,199,199,162,6,20251020_035116
1760899811.6601448,12877572,3296658432,3296.658432,204,199,162,6,20251020_035116
1760899811.6701288,12877611,3296668416,3296.668416,210,200,162,6,20251020_035116
1760899811.6801128,12877650,3296678400,3296.6784,215,199,163,6,20251020_035116
1760899811.6900969,12877689,3296688384,3296.688384,220,199,164,6,20251020_035116
1760899811.7003367,12877729,3296698624,3296.698624,225,199,164,6,20251020_035116
1760899811.7103207,12877768,3296708608,3296.708608,230,199,164,6,20251020_035116
1760899811.7203047,12877807,3296718592,3296.718592,235,199,164,6,20251020_035116
1760899811.7302887,12877846,3296728576,3296.728576,240,200,164,6,20251020_035116
1760899811.7402728,12877885,3296738560,3296.73856,244,199,164,6,20251020_035116
1760899811.7502568,12877924,3296748544,3296.748544,249,199,165,6,20251020_035116
1760899811.7602408,12877963,3296758528,3296.758528,253,200,164,6,20251020_035116
1760899811.7702248,12878002,3296768512,3296.768512,2,199,164,6,20251020_035116
1760899811.780465,12878042,3296778752,3296.778752,6,199,165,6,20251020_035116
1760899811.790449,12878081,3296788736,3296.788736,10,199,164,6,20251020_035116
1760899811.8004327,12878120,3296798720,3296.79872,14,200,165,6,20251020_035116
1760899811.8104167,12878159,3296808704,3296.808704,18,200,164,6,20251020_035116
1760899811.8204007,12878198,3296818688,3296.818688,22,200,164,6,20251020_035116
1760899811.8303847,12878237,3296828672,3296.828672,25,200,163,6,20251020_035116
1760899811.8403687,12878276,3296838656,3296.838656,29,200,162,6,20251020_035116
1760899811.8503528,12878315,3296848640,3296.84864,33,200,159,6,20251020_035116
1760899811.8605928,12878355,3296858880,3296.85888,37,199,153,6,20251020_035116
1760899811.8705769,12878394,3296868864,3296.868864,41,200,148,6,20251020_035116
1760899811.8805609,12878433,3296878848,3296.878848,45,200,140,6,20251020_035116
1760899811.890545,12878472,3296888832,3296.888832,50,200,134,6,20251020_035116
1760899811.900529,12878511,3296898816,3296.898816,55,200,127,6,20251020_035116
1760899811.9105127,12878550,3296908800,3296.9088,61,200,123,6,20251020_035116
1760899811.9204967,12878589,3296918784,3296.918784,66,200,119,6,20251020_035116
1760899811.9307368,12878629,3296929024,3296.929024,72,200,118,6,20251020_035116
1760899811.9407208,12878668,3296939008,3296.939008,78,200,117,6,20251020_035116
1760899811.9507048,12878707,3296948992,3296.948992,83,200,119,6,20251020_035116
1760899811.9606888,12878746,3296958976,3296.958976,88,199,118,6,20251020_035116
1760899811.9706728,12878785,3296968960,3296.96896,94,200,118,6,20251020_035116
1760899811.9806569,12878824,3296978944,3296.978944,99,200,118,6,20251020_035116
1760899811.9906409,12878863,3296988928,3296.988928,104,199,118,6,20251020_035116
1760899812.000625,12878902,3296998912,3296.998912,108,200,119,6,20251020_035116
1760899812.010609,12878941,3297008896,3297.008896,113,200,118,6,20251020_035116
1760899812.0205927,12878980,3297018880,3297.01888,118,200,118,6,20251020_035116
1760899812.0305767,12879019,3297028864,3297.028864,122,199,118,6,20251020_035116
1760899812.0405607,12879058,3297038848,3297.038848,126,199,118,6,20251020_035116
1760899812.0505447,12879097,3297048832,3297.048832,131,199,118,6,20251020_035116
1760899812.0605288,12879136,3297058816,3297.058816,135,199,117,6,20251020_035116
1760899812.0707688,12879176,3297069056,3297.069056,139,199,119,6,20251020_035116
1760899812.0807528,12879215,3297079040,3297.07904,142,199,119,6,20251020_035116
1760899812.0907369,12879254,3297089024,3297.089024,146,199,122,6,20251020_035116
1760899812.100721,12879293,3297099008,3297.099008,150,199,124,6,20251020_035116
1760899812.110705,12879332,3297108992,3297.108992,154,199,127,6,20251020_035116
1760899812.120689,12879371,3297118976,3297.118976,158,199,130,6,20251020_035116
1760899812.1306727,12879410,3297128960,3297.12896,163,199,138,6,20251020_035116
1760899812.1406567,12879449,3297138944,3297.138944,167,199,148,6,20251020_035116
1760899812.1506407,12879488,3297148928,3297.148928,172,199,153,6,20251020_035116
1760899812.1606247,12879527,3297158912,3297.158912,178,199,156,6,20251020_035116
1760899812.1706088,12879566,3297168896,3297.168896,183,199,160,6,20251020_035116
1760899812.1805928,12879605,3297178880,3297.17888,189,199,162,6,20251020_035116
1760899812.1905768,12879644,3297188864,3297.188864,194,199,161,6,20251020_035116
1760899812.2005608,12879683,3297198848,3297.198848,200,199,163,6,20251020_035116
1760899812.210801,12879723,3297209088,3297.209088,205,199,163,6,20251020_035116
1760899812.220785,12879762,3297219072,3297.219072,211,199,163,6,20251020_035116
1760899812.230769,12879801,3297229056,3297.229056,216,199,163,6,20251020_035116
1760899812.2407527,12879840,3297239040,3297.23904,221,200,163,6,20251020_035116
1760899812.2507367,12879879,3297249024,3297.249024,227,199,164,6,20251020_035116
1760899812.2607207,12879918,3297259008,3297.259008,231,200,163,6,20251020_035116
1760899812.2707047,12879957,3297268992,3297.268992,236,200,164,6,20251020_035116
1760899812.2806888,12879996,3297278976,3297.278976,241,199,164,6,20251020_035116
1760899812.2906728,12880035,3297288960,3297.28896,245,200,164,6,20251020_035116
1760899812.3006568,12880074,3297298944,3297.298944,250,200,165,6,20251020_035116
1760899812.3106408,12880113,3297308928,3297.308928,254,200,164,6,20251020_035116
1760899812.3206248,12880152,3297318912,3297.318912,3,200,165,6,20251020_035116
1760899812.3306088,12880191,3297328896,3297.328896,7,200,166,6,20251020_035116
1760899812.3405929,12880230,3297338880,3297.33888,11,200,165,6,20251020_035116
1760899812.3505769,12880269,3297348864,3297.348864,15,200,164,6,20251020_035116
1760899812.3608167,12880309,3297359104,3297.359104,19,200,163,6,20251020_035116
1760899812.3708007,12880348,3297369088,3297.369088,23,200,163,6,20251020_035116
1760899812.3807847,12880387,3297379072,3297.379072,26,200,163,6,20251020_035116
1760899812.3907688,12880426,3297389056,3297.389056,30,200,162,6,20251020_035116
1760899812.4007528,12880465,3297399040,3297.39904,34,200,159,6,20251020_035116
1760899812.4107368,12880504,3297409024,3297.409024,37,200,154,6,20251020_035116
1760899812.4207208,12880543,3297419008,3297.419008,42,199,147,6,20251020_035116
1760899812.4307048,12880582,3297428992,3297.428992,46,200,139,6,20251020_035116
1760899812.4406888,12880621,3297438976,3297.438976,51,200,131,6,20251020_035116
1760899812.4506729,12880660,3297448960,3297.44896,56,200,127,6,20251020_035116
1760899812.460657,12880699,3297458944,3297.458944,62,200,124,6,20251020_035116
1760899812.470641,12880738,3297468928,3297.468928,67,200,119,6,20251020_035116
1760899812.480625,12880777,3297478912,3297.478912,73,200,118,6,20251020_035116
1760899812.4906087,12880816,3297488896,3297.488896,79,200,118,6,20251020_035116
1760899812.5008488,12880856,3297499136,3297.499136,84,200,116,6,20251020_035116
1760899812.5108328,12880895,3297509120,3297.50912,89,200,117,6,20251020_035116
1760899812.5208168,12880934,3297519104,3297.519104,95,200,118,6,20251020_035116
1760899812.5308008,12880973,3297529088,3297.529088,100,200,117,6,20251020_035116
1760899812.5407848,12881012,3297539072,3297.539072,105,199,117,6,20251020_035116
1760899812.5507689,12881051,3297549056,3297.549056,109,199,117,6,20251020_035116
1760899812.5607529,12881090,3297559040,3297.55904,114,199,117,6,20251020_035116
1760899812.570737,12881129,3297569024,3297.569024,119,200,116,6,20251020_035116
1760899812.580721,12881168,3297579008,3297.579008,123,199,117,6,20251020_035116
1760899812.590705,12881207,3297588992,3297.588992,127,199,117,6,20251020_035116
1760899812.6006887,12881246,3297598976,3297.598976,131,199,116,6,20251020_035116
1760899812.6106727,12881285,3297608960,3297.60896,135,199,118,6,20251020_035116
1760899812.6206567,12881324,3297618944,3297.618944,139,199,118,6,20251020_035116
1760899812.6306407,12881363,3297628928,3297.628928,143,199,118,6,20251020_035116
1760899812.6406248,12881402,3297638912,3297.638912,147,198,119,6,20251020_035116
1760899812.6508648,12881442,3297649152,3297.649152,151,199,120,6,20251020_035116
1760899812.6608489,12881481,3297659136,3297.659136,154,199,121,6,20251020_035116
1760899812.6708329,12881520,3297669120,3297.66912,158,199,121,6,20251020_035116
1760899812.680817,12881559,3297679104,3297.679104,162,199,123,6,20251020_035116
1760899812.690801,12881598,3297689088,3297.689088,166,199,126,6,20251020_035116
1760899812.7007847,12881637,3297699072,3297.699072,169,199,127,6,20251020_035116
1760899812.7107687,12881676,3297709056,3297.709056,173,200,129,6,20251020_035116
1760899812.7207527,12881715,3297719040,3297.71904,178,200,136,6,20251020_035116
1760899812.7307367,12881754,3297729024,3297.729024,182,200,143,6,20251020_035116
1760899812.7407207,12881793,3297739008,3297.739008,187,199,150,6,20251020_035116
1760899812.7507048,12881832,3297748992,3297.748992,192,199,153,6,20251020_035116
1760899812.7606888,12881871,3297758976,3297.758976,197,200,154,6,20251020_035116
1760899812.7706728,12881910,3297768960,3297.76896,203,199,159,6,20251020_035116
1760899812.7806568,12881949,3297778944,3297.778944,208,200,161,6,20251020_035116
1760899812.7906408,12881988,3297788928,3297.788928,213,199,162,6,20251020_035116
1760899812.800881,12882028,3297799168,3297.799168,219,200,162,6,20251020_035116
1760899812.8108647,12882067,3297809152,3297.809152,224,199,162,6,20251020_035116
1760899812.8208487,12882106,3297819136,3297.819136,229,199,163,6,20251020_035116
1760899812.8308327,12882145,3297829120,3297.82912,234,200,163,6,20251020_035116
1760899812.8408167,12882184,3297839104,3297.839104,238,200,163,6,20251020_035116
1760899812.8508008,12882223,3297849088,3297.849088,243,200,164,6,20251020_035116
1760899812.8607848,12882262,3297859072,3297.859072,248,200,163,6,20251020_035116
1760899812.8707688,12882301,3297869056,3297.869056,252,200,163,6,20251020_035116
1760899812.8807528,12882340,3297879040,3297.87904,1,199,164,6,20251020_035116
1760899812.8907368,12882379,3297889024,3297.889024,5,199,164,6,20251020_035116
1760899812.9007208,12882418,3297899008,3297.899008,9,200,164,6,20251020_035116
1760899812.9107049,12882457,3297908992,3297.908992,13,200,164,6,20251020_035116
1760899812.9206889,12882496,3297918976,3297.918976,17,200,164,6,20251020_035116
1760899812.930673,12882535,3297928960,3297.92896,21,199,164,6,20251020_035116
1760899812.9409127,12882575,3297939200,3297.9392,24,200,163,6,20251020_035116
1760899812.9508967,12882614,3297949184,3297.949184,28,200,163,6,20251020_035116
1760899812.9608808,12882653,3297959168,3297.959168,31,201,164,6,20251020_035116
1760899812.9708648,12882692,3297969152,3297.969152,35,200,162,6,20251020_035116
1760899812.9808488,12882731,3297979136,3297.979136,39,199,162,6,20251020_035116
1760899812.9908328,12882770,3297989120,3297.98912,42,200,161,6,20251020_035116
1760899813.0008168,12882809,3297999104,3297.999104,46,200,158,6,20251020_035116
1760899813.0108008,12882848,3298009088,3298.009088,50,199,152,6,20251020_035116
1760899813.0207849,12882887,3298019072,3298.019072,54,200,146,6,20251020_035116
1760899813.0307689,12882926,3298029056,3298.029056,58,200,138,6,20251020_035116
1760899813.040753,12882965,3298039040,3298.03904,63,200,130,6,20251020_035116
1760899813.050737,12883004,3298049024,3298.049024,69,200,127,6,20251020_035116
1760899813.0607207,12883043,3298059008,3298.059008,74,200,123,6,20251020_035116
1760899813.0707047,12883082,3298068992,3298.068992,79,200,118,6,20251020_035116
1760899813.0806887,12883121,3298078976,3298.078976,85,199,117,6,20251020_035116
1760899813.0909288,12883161,3298089216,3298.089216,90,200,117,6,20251020_035116
1760899813.1009128,12883200,3298099200,3298.0992,95,200,117,6,20251020_035116
1760899813.1108968,12883239,3298109184,3298.109184,100,200,118,6,20251020_035116
1760899813.1208808,12883278,3298119168,3298.119168,105,200,116,6,20251020_035116
1760899813.1308649,12883317,3298129152,3298.129152,110,200,117,6,20251020_035116
1760899813.1408489,12883356,3298139136,3298.139136,115,199,117,6,20251020_035116
1760899813.150833,12883395,3298149120,3298.14912,119,200,117,6,20251020_035116
1760899813.160817,12883434,3298159104,3298.159104,124,199,118,6,20251020_035116
1760899813.1708007,12883473,3298169088,3298.169088,128,200,117,6,20251020_035116
1760899813.1807847,12883512,3298179072,3298.179072,132,199,117,6,20251020_035116
1760899813.1907687,12883551,3298189056,3298.189056,136,199,118,6,20251020_035116
1760899813.2007527,12883590,3298199040,3298.19904,140,199,118,6,20251020_035116
1760899813.2107368,12883629,3298209024,3298.209024,144,199,120,6,20251020_035116
1760899813.2207208,12883668,3298219008,3298.219008,148,199,121,6,20251020_035116
1760899813.2309608,12883708,3298229248,3298.229248,151,199,122,6,20251020_035116
1760899813.2409449,12883747,3298239232,3298.239232,155,199,126,6,20251020_035116
1760899813.2509289,12883786,3298249216,3298.249216,159,199,127,6,20251020_035116
1760899813.260913,12883825,3298259200,3298.2592,163,199,130,6,20251020_035116
1760899813.270897,12883864,3298269184,3298.269184,168,199,136,6,20251020_035116
1760899813.2808807,12883903,3298279168,3298.279168,172,199,144,6,20251020_035116
1760899813.2908647,12883942,3298289152,3298.289152,177,200,150,6,20251020_035116
1760899813.3008487,12883981,3298299136,3298.299136,182,199,153,6,20251020_035116
1760899813.3108327,12884020,3298309120,3298.30912,188,199,156,6,20251020_035116
1760899813.3208168,12884059,3298319104,3298.319104,193,199,160,6,20251020_035116
1760899813.3308008,12884098,3298329088,3298.329088,199,199,161,6,20251020_035116
1760899813.3407848,12884137,3298339072,3298.339072,204,199,162,6,20251020_035116
1760899813.3507688,12884176,3298349056,3298.349056,209,200,161,6,20251020_035116
1760899813.3607528,12884215,3298359040,3298.35904,215,199,162,6,20251020_035116
1760899813.3707368,12884254,3298369024,3298.369024,220,200,162,6,20251020_035116
1760899813.380977,12884294,3298379264,3298.379264,225,199,163,6,20251020_035116
1760899813.3909607,12884333,3298389248,3298.389248,230,200,163,6,20251020_035116
1760899813.4009447,12884372,3298399232,3298.399232,235,200,164,6,20251020_035116
1760899813.4109287,12884411,3298409216,3298.409216,240,200,163,6,20251020_035116
1760899813.4209127,12884450,3298419200,3298.4192,244,200,163,6,20251020_035116
1760899813.4308968,12884489,3298429184,3298.429184,249,200,163,6,20251020_035116
1760899813.4408808,12884528,3298439168,3298.439168,253,200,165,6,20251020_035116
1760899813.4508648,12884567,3298449152,3298.449152,2,200,164,6,20251020_035116
1760899813.4608488,12884606,3298459136,3298.459136,6,200,165,6,20251020_035116
1760899813.4708328,12884645,3298469120,3298.46912,10,200,164,6,20251020_035116
1760899813.4808168,12884684,3298479104,3298.479104,14,200,164,6,20251020_035116
1760899813.4908009,12884723,3298489088,3298.489088,18,200,164,6,20251020_035116
1760899813.5007849,12884762,3298499072,3298.499072,22,200,162,6,20251020_035116
1760899813.510769,12884801,3298509056,3298.509056,25,200,162,6,20251020_035116
1760899813.5210087,12884841,3298519296,3298.519296,29,200,161,6,20251020_035116
1760899813.5309927,12884880,3298529280,3298.52928,33,199,161,6,20251020_035116
1760899813.5409768,12884919,3298539264,3298.539264,36,199,158,6,20251020_035116
1760899813.5509608,12884958,3298549248,3298.549248,40,200,154,6,20251020_035116
1760899813.5609448,12884997,3298559232,3298.559232,44,200,148,6,20251020_035116
1760899813.5709288,12885036,3298569216,3298.569216,49,200,142,6,20251020_035116
1760899813.5809128,12885075,3298579200,3298.5792,53,200,136,6,20251020_035116
1760899813.5908968,12885114,3298589184,3298.589184,58,200,130,6,20251020_035116
1760899813.6008809,12885153,3298599168,3298.599168,64,199,127,6,20251020_035116
1760899813.6108649,12885192,3298609152,3298.609152,69,200,122,6,20251020_035116
1760899813.620849,12885231,3298619136,3298.619136,75,200,119,6,20251020_035116
1760899813.630833,12885270,3298629120,3298.62912,80,200,117,6,20251020_035116
1760899813.6408167,12885309,3298639104,3298.639104,86,200,119,6,20251020_035116
1760899813.6508007,12885348,3298649088,3298.649088,91,199,118,6,20251020_035116
1760899813.6610408,12885388,3298659328,3298.659328,96,200,118,6,20251020_035116
1760899813.6710248,12885427,3298669312,3298.669312,101,199,118,6,20251020_035116
1760899813.6810088,12885466,3298679296,3298.679296,106,199,118,6,20251020_035116
1760899813.6909928,12885505,3298689280,3298.68928,111,200,118,6,20251020_035116
1760899813.7009768,12885544,3298699264,3298.699264,115,199,118,6,20251020_035116
1760899813.7109609,12885583,3298709248,3298.709248,120,200,117,6,20251020_035116
1760899813.720945,12885622,3298719232,3298.719232,124,199,117,6,20251020_035116
1760899813.730929,12885661,3298729216,3298.729216,128,199,118,6,20251020_035116
1760899813.740913,12885700,3298739200,3298.7392,132,199,118,6,20251020_035116
1760899813.7508967,12885739,3298749184,3298.749184,136,199,119,6,20251020_035116
1760899813.7608807,12885778,3298759168,3298.759168,140,199,119,6,20251020_035116
1760899813.7708647,12885817,3298769152,3298.769152,144,199,121,6,20251020_035116
1760899813.7808487,12885856,3298779136,3298.779136,148,199,123,6,20251020_035116
1760899813.7908328,12885895,3298789120,3298.78912,152,199,125,6,20251020_035116
1760899813.8010728,12885935,3298799360,3298.79936,156,199,127,6,20251020_035116
1760899813.8110569,12885974,3298809344,3298.809344,160,199,132,6,20251020_035116
1760899813.8210409,12886013,3298819328,3298.819328,165,199,141,6,20251020_035116
1760899813.831025,12886052,3298829312,3298.829312,169,200,149,6,20251020_035116
1760899813.841009,12886091,3298839296,3298.839296,175,199,153,6,20251020_035116
1760899813.850993,12886130,3298849280,3298.84928,180,199,157,6,20251020_035116
1760899813.8609767,12886169,3298859264,3298.859264,185,199,161,6,20251020_035116
1760899813.8709607,12886208,3298869248,3298.869248,191,199,162,6,20251020_035116
1760899813.8809447,12886247,3298879232,3298.879232,197,199,162,6,20251020_035116
1760899813.8909287,12886286,3298889216,3298.889216,202,199,161,6,20251020_035116
1760899813.9009128,12886325,3298899200,3298.8992,208,199,163,6,20251020_035116
1760899813.9108968,12886364,3298909184,3298.909184,213,200,162,6,20251020_035116
1760899813.9208808,12886403,3298919168,3298.919168,218,199,163,6,20251020_035116
1760899813.9308648,12886442,3298929152,3298.929152,224,200,163,6,20251020_035116
1760899813.9408488,12886481,3298939136,3298.939136,229,200,164,6,20251020_035116
1760899813.951089,12886521,3298949376,3298.949376,234,199,164,6,20251020_035116
1760899813.9610727,12886560,3298959360,3298.95936,238,200,163,6,20251020_035116
1760899813.9710567,12886599,3298969344,3298.969344,243,199,164,6,20251020_035116
1760899813.9810407,12886638,3298979328,3298.979328,247,199,164,6,20251020_035116
1760899813.9910247,12886677,3298989312,3298.989312,252,200,164,6,20251020_035116
1760899814.0010087,12886716,3298999296,3298.999296,1,200,165,6,20251020_035116
1760899814.0109928,12886755,3299009280,3299.00928,5,200,164,6,20251020_035116
1760899814.0209768,12886794,3299019264,3299.019264,9,199,165,6,20251020_035116
1760899814.0309608,12886833,3299029248,3299.029248,13,200,164,6,20251020_035116
1760899814.0409448,12886872,3299039232,3299.039232,17,199,164,6,20251020_035116
1760899814.0509288,12886911,3299049216,3299.049216,20,200,164,6,20251020_035116
1760899814.0609128,12886950,3299059200,3299.0592,24,199,163,6,20251020_035116
1760899814.0708969,12886989,3299069184,3299.069184,28,200,161,6,20251020_035116
1760899814.0808809,12887028,3299079168,3299.079168,31,200,161,6,20251020_035116
1760899814.0911207,12887068,3299089408,3299.089408,35,200,156,6,20251020_035116
1760899814.1011047,12887107,3299099392,3299.099392,39,200,150,6,20251020_035116
1760899814.1110888,12887146,3299109376,3299.109376,44,200,142,6,20251020_035116
1760899814.1210728,12887185,3299119360,3299.11936,48,199,135,6,20251020_035116
1760899814.1310568,12887224,3299129344,3299.129344,53,200,128,6,20251020_035116
1760899814.1410408,12887263,3299139328,3299.139328,59,201,126,6,20251020_035116
1760899814.1510248,12887302,3299149312,3299.149312,64,200,121,6,20251020_035116
1760899814.1610088,12887341,3299159296,3299.159296,70,200,119,6,20251020_035116
1760899814.1709929,12887380,3299169280,3299.16928,75,200,119,6,20251020_035116
1760899814.1809769,12887419,3299179264,3299.179264,81,200,119,6,20251020_035116
1760899814.190961,12887458,3299189248,3299.189248,86,200,119,6,20251020_035116
1760899814.200945,12887497,3299199232,3299.199232,92,199,118,6,20251020_035116
1760899814.210929,12887536,3299209216,3299.209216,97,200,119,6,20251020_035116
1760899814.2209127,12887575,3299219200,3299.2192,102,199,119,6,20251020_035116
1760899814.2311528,12887615,3299229440,3299.22944,107,200,118,6,20251020_035116
1760899814.2411368,12887654,3299239424,3299.239424,111,200,118,6,20251020_035116
1760899814.2511208,12887693,3299249408,3299.249408,116,200,118,6,20251020_035116
1760899814.2611048,12887732,3299259392,3299.259392,120,200,118,6,20251020_035116
1760899814.2710888,12887771,3299269376,3299.269376,125,200,118,6,20251020_035116
1760899814.2810729,12887810,3299279360,3299.27936,129,200,118,6,20251020_035116
1760899814.2910569,12887849,3299289344,3299.289344,133,199,119,6,20251020_035116
1760899814.301041,12887888,3299299328,3299.299328,137,199,119,6,20251020_035116
1760899814.311025,12887927,3299309312,3299.309312,141,199,120,6,20251020_035116
1760899814.3210087,12887966,3299319296,3299.319296,145,199,120,6,20251020_035116
1760899814.3309927,12888005,3299329280,3299.32928,149,199,122,6,20251020_035116
1760899814.3409767,12888044,3299339264,3299.339264,153,199,123,6,20251020_035116
1760899814.3509607,12888083,3299349248,3299.349248,156,199,126,6,20251020_035116
1760899814.3609447,12888122,3299359232,3299.359232,160,199,129,6,20251020_035116
1760899814.3709288,12888161,3299369216,3299.369216,165,199,135,6,20251020_035116
1760899814.3811688,12888201,3299379456,3299.379456,169,199,143,6,20251020_035116
1760899814.3911529,12888240,3299389440,3299.38944,174,199,151,6,20251020_035116
1760899814.4011369,12888279,3299399424,3299.399424,179,200,154,6,20251020_035116
1760899814.411121,12888318,3299409408,3299.409408,185,199,159,6,20251020_035116
1760899814.421105,12888357,3299419392,3299.419392,190,199,161,6,20251020_035116
1760899814.4310887,12888396,3299429376,3299.429376,196,199,162,6,20251020_035116
1760899814.4410727,12888435,3299439360,3299.43936,202,200,163,6,20251020_035116
1760899814.4510567,12888474,3299449344,3299.449344,207,199,163,6,20251020_035116
1760899814.4610407,12888513,3299459328,3299.459328,212,200,162,6,20251020_035116
1760899814.4710248,12888552,3299469312,3299.469312,218,200,164,6,20251020_035116
1760899814.4810088,12888591,3299479296,3299.479296,223,199,163,6,20251020_035116
1760899814.4909928,12888630,3299489280,3299.48928,228,200,164,6,20251020_035116
1760899814.5009768,12888669,3299499264,3299.499264,233,199,164,6,20251020_035116
1760899814.5109608,12888708,3299509248,3299.509248,238,200,164,6,20251020_035116
1760899814.521201,12888748,3299519488,3299.519488,242,199,164,6,20251020_035116
1760899814.531185,12888787,3299529472,3299.529472,247,199,164,6,20251020_035116
1760899814.5411687,12888826,3299539456,3299.539456,251,200,164,6,20251020_035116
1760899814.5511527,12888865,3299549440,3299.54944,0,200,165,6,20251020_035116
1760899814.5611367,12888904,3299559424,3299.559424,5,200,165,6,20251020_035116
1760899814.5711207,12888943,3299569408,3299.569408,9,200,165,6,20251020_035116
1760899814.5811048,12888982,3299579392,3299.579392,12,200,164,6,20251020_035116
1760899814.5910888,12889021,3299589376,3299.589376,16,200,164,6,20251020_035116
1760899814.6010728,12889060,3299599360,3299.59936,20,199,164,6,20251020_035116
1760899814.6110568,12889099,3299609344,3299.609344,24,200,163,6,20251020_035116
1760899814.6210408,12889138,3299619328,3299.619328,27,199,163,6,20251020_035116
1760899814.6310248,12889177,3299629312,3299.629312,31,200,161,6,20251020_035116
1760899814.6410089,12889216,3299639296,3299.639296,35,200,159,6,20251020_035116
1760899814.6509929,12889255,3299649280,3299.64928,38,199,155,6,20251020_035116
1760899814.660977,12889294,3299659264,3299.659264,43,200,147,6,20251020_035116
1760899814.6712167,12889334,3299669504,3299.669504,47,200,139,6,20251020_035116
1760899814.6812007,12889373,3299679488,3299.679488,52,200,131,6,20251020_035116
1760899814.6911848,12889412,3299689472,3299.689472,57,199,127,6,20251020_035116
1760899814.7011688,12889451,3299699456,3299.699456,63,200,123,6,20251020_035116
1760899814.7111528,12889490,3299709440,3299.70944,68,200,118,6,20251020_035116
1760899814.7211368,12889529,3299719424,3299.719424,74,199,117,6,20251020_035116
1760899814.7311208,12889568,3299729408,3299.729408,79,200,117,6,20251020_035116
1760899814.7411048,12889607,3299739392,3299.739392,85,200,117,6,20251020_035116
1760899814.7510889,12889646,3299749376,3299.749376,90,199,117,6,20251020_035116
1760899814.7610729,12889685,3299759360,3299.75936,95,199,117,6,20251020_035116
1760899814.771057,12889724,3299769344,3299.769344,101,200,117,6,20251020_035116
1760899814.781041,12889763,3299779328,3299.779328,105,200,117,6,20251020_035116
1760899814.7910247,12889802,3299789312,3299.789312,110,200,117,6,20251020_035116
1760899814.8010087,12889841,3299799296,3299.799296,115,199,117,6,20251020_035116
1760899814.8109927,12889880,3299809280,3299.80928,119,199,117,6,20251020_035116
1760899814.8212328,12889920,3299819520,3299.81952,124,200,117,6,20251020_035116
1760899814.8312168,12889959,3299829504,3299.829504,128,199,117,6,20251020_035116
1760899814.8412008,12889998,3299839488,3299.839488,132,199,117,6,20251020_035116
1760899814.8511848,12890037,3299849472,3299.849472,136,199,116,6,20251020_035116
1760899814.8611689,12890076,3299859456,3299.859456,140,199,116,6,20251020_035116
1760899814.8711529,12890115,3299869440,3299.86944,144,199,118,6,20251020_035116
1760899814.881137,12890154,3299879424,3299.879424,148,199,118,6,20251020_035116
1760899814.891121,12890193,3299889408,3299.889408,151,199,119,6,20251020_035116
1760899814.9011047,12890232,3299899392,3299.899392,155,199,120,6,20251020_035116
1760899814.9110887,12890271,3299909376,3299.909376,159,199,121,6,20251020_035116
1760899814.9210727,12890310,3299919360,3299.91936,162,199,122,6,20251020_035116
1760899814.9310567,12890349,3299929344,3299.929344,166,199,125,6,20251020_035116
1760899814.9410408,12890388,3299939328,3299.939328,170,199,127,6,20251020_035116
1760899814.9510248,12890427,3299949312,3299.949312,174,199,127,6,20251020_035116
1760899814.9612648,12890467,3299959552,3299.959552,178,199,131,6,20251020_035116
1760899814.9712489,12890506,3299969536,3299.969536,182,199,136,6,20251020_035116
1760899814.981233,12890545,3299979520,3299.97952,187,200,143,6,20251020_035116
1760899814.991217,12890584,3299989504,3299.989504,192,199,150,6,20251020_035116
1760899815.001201,12890623,3299999488,3299.999488,197,199,153,6,20251020_035116
1760899815.0111847,12890662,3300009472,3300.009472,202,200,156,6,20251020_035116
1760899815.0211687,12890701,3300019456,3300.019456,207,200,160,6,20251020_035116
1760899815.0311527,12890740,3300029440,3300.02944,213,200,160,6,20251020_035116
1760899815.0411367,12890779,3300039424,3300.039424,218,200,161,6,20251020_035116
1760899815.0511208,12890818,3300049408,3300.049408,223,200,162,6,20251020_035116
1760899815.0611048,12890857,3300059392,3300.059392,228,199,162,6,20251020_035116
1760899815.0710888,12890896,3300069376,3300.069376,233,200,162,6,20251020_035116
1760899815.0810728,12890935,3300079360,3300.07936,238,199,163,6,20251020_035116
1760899815.0910568,12890974,3300089344,3300.089344,242,200,164,6,20251020_035116
1760899815.1010408,12891013,3300099328,3300.099328,247,200,163,6,20251020_035116
1760899815.111281,12891053,3300109568,3300.109568,251,199,164,6,20251020_035116
1760899815.1212647,12891092,3300119552,3300.119552,0,199,164,6,20251020_035116
1760899815.1312487,12891131,3300129536,3300.129536,5,200,164,6,20251020_035116
1760899815.1412327,12891170,3300139520,3300.13952,9,200,163,6,20251020_035116
1760899815.1512167,12891209,3300149504,3300.149504,12,200,163,6,20251020_035116
1760899815.1612008,12891248,3300159488,3300.159488,16,199,163,6,20251020_035116
1760899815.1711848,12891287,3300169472,3300.169472,20,199,162,6,20251020_035116
1760899815.1811688,12891326,3300179456,3300.179456,24,200,161,6,20251020_035116
1760899815.1911528,12891365,3300189440,3300.18944,28,199,161,6,20251020_035116
1760899815.2011368,12891404,3300199424,3300.199424,31,200,160,6,20251020_035116
1760899815.2111208,12891443,3300209408,3300.209408,35,200,157,6,20251020_035116
1760899815.2211049,12891482,3300219392,3300.219392,39,200,153,6,20251020_035116
1760899815.2310889,12891521,3300229376,3300.229376,43,200,150,6,20251020_035116
1760899815.241073,12891560,3300239360,3300.23936,47,200,142,6,20251020_035116
1760899815.2513127,12891600,3300249600,3300.2496,52,200,136,6,20251020_035116
1760899815.2612967,12891639,3300259584,3300.259584,57,200,130,6,20251020_035116
1760899815.2712808,12891678,3300269568,3300.269568,62,200,127,6,20251020_035116
1760899815.2812648,12891717,3300279552,3300.279552,68,199,123,6,20251020_035116
1760899815.2912488,12891756,3300289536,3300.289536,73,200,120,6,20251020_035116
1760899815.3012328,12891795,3300299520,3300.29952,79,200,117,6,20251020_035116
1760899815.3112168,12891834,3300309504,3300.309504,84,200,116,6,20251020_035116
1760899815.3212008,12891873,3300319488,3300.319488,89,200,117,6,20251020_035116
1760899815.3311849,12891912,3300329472,3300.329472,95,200,118,6,20251020_035116
1760899815.3411689,12891951,3300339456,3300.339456,100,200,117,6,20251020_035116
1760899815.351153,12891990,3300349440,3300.34944,105,200,117,6,20251020_035116
1760899815.361137,12892029,3300359424,3300.359424,109,199,117,6,20251020_035116
1760899815.3711207,12892068,3300369408,3300.369408,114,199,117,6,20251020_035116
1760899815.3811047,12892107,3300379392,3300.379392,119,199,117,6,20251020_035116
1760899815.3910887,12892146,3300389376,3300.389376,123,199,117,6,20251020_035116
1760899815.4013288,12892186,3300399616,3300.399616,127,199,117,6,20251020_035116
1760899815.4113128,12892225,3300409600,3300.4096,131,200,117,6,20251020_035116
1760899815.4212968,12892264,3300419584,3300.419584,135,199,118,6,20251020_035116
1760899815.4312809,12892303,3300429568,3300.429568,139,199,118,6,20251020_035116
1760899815.4412649,12892342,3300439552,3300.439552,143,199,119,6,20251020_035116
1760899815.451249,12892381,3300449536,3300.449536,147,199,121,6,20251020_035116
1760899815.461233,12892420,3300459520,3300.45952,151,199,124,6,20251020_035116
1760899815.471217,12892459,3300469504,3300.469504,155,199,127,6,20251020_035116
1760899815.4812007,12892498,3300479488,3300.479488,159,199,129,6,20251020_035116
1760899815.4911847,12892537,3300489472,3300.489472,163,199,135,6,20251020_035116
1760899815.5011687,12892576,3300499456,3300.499456,168,199,144,6,20251020_035116
1760899815.5111527,12892615,3300509440,3300.50944,173,200,152,6,20251020_035116
1760899815.5211368,12892654,3300519424,3300.519424,178,199,154,6,20251020_035116
1760899815.5311208,12892693,3300529408,3300.529408,183,199,159,6,20251020_035116
1760899815.5413609,12892733,3300539648,3300.539648,189,199,161,6,20251020_035116
1760899815.5513449,12892772,3300549632,3300.549632,195,199,161,6,20251020_035116
1760899815.561329,12892811,3300559616,3300.559616,200,199,162,6,20251020_035116
1760899815.571313,12892850,3300569600,3300.5696,206,200,162,6,20251020_035116
1760899815.5812967,12892889,3300579584,3300.579584,211,199,163,6,20251020_035116
1760899815.5912807,12892928,3300589568,3300.589568,216,200,163,6,20251020_035116
1760899815.6012647,12892967,3300599552,3300.599552,222,200,163,6,20251020_035116
1760899815.6112487,12893006,3300609536,3300.609536,227,200,164,6,20251020_035116
1760899815.6212327,12893045,3300619520,3300.61952,232,199,164,6,20251020_035116
1760899815.6312168,12893084,3300629504,3300.629504,236,200,163,6,20251020_035116
1760899815.6412008,12893123,3300639488,3300.639488,241,200,164,6,20251020_035116
1760899815.6511848,12893162,3300649472,3300.649472,246,199,164,6,20251020_035116
1760899815.6611688,12893201,3300659456,3300.659456,250,199,164,6,20251020_035116
1760899815.6711528,12893240,3300669440,3300.66944,254,200,164,6,20251020_035116
1760899815.6811368,12893279,3300679424,3300.679424,3,200,164,6,20251020_035116
1760899815.6913767,12893319,3300689664,3300.689664,7,200,165,6,20251020_035116
1760899815.7013607,12893358,3300699648,3300.699648,11,199,164,6,20251020_035116
1760899815.7113447,12893397,3300709632,3300.709632,15,199,164,6,20251020_035116
1760899815.7213287,12893436,3300719616,3300.719616,19,199,164,6,20251020_035116
1760899815.7313128,12893475,3300729600,3300.7296,23,199,163,6,20251020_035116
1760899815.7412968,12893514,3300739584,3300.739584,26,200,162,6,20251020_035116
1760899815.7512808,12893553,3300749568,3300.749568,30,200,160,6,20251020_035116
1760899815.7612648,12893592,3300759552,3300.759552,34,200,158,6,20251020_035116
1760899815.7712488,12893631,3300769536,3300.769536,38,200,153,6,20251020_035116
1760899815.7812328,12893670,3300779520,3300.77952,42,200,145,6,20251020_035116
1760899815.7912169,12893709,3300789504,3300.789504,46,200,138,6,20251020_035116
1760899815.8012009,12893748,3300799488,3300.799488,51,200,131,6,20251020_035116
1760899815.811185,12893787,3300809472,3300.809472,57,200,126,6,20251020_035116
1760899815.821169,12893826,3300819456,3300.819456,62,199,122,6,20251020_035116
1760899815.8314087,12893866,3300829696,3300.829696,68,200,119,6,20251020_035116
1760899815.8413928,12893905,3300839680,3300.83968,73,200,118,6,20251020_035116
1760899815.8513768,12893944,3300849664,3300.849664,79,200,118,6,20251020_035116
1760899815.8613608,12893983,3300859648,3300.859648,84,199,119,6,20251020_035116
1760899815.8713448,12894022,3300869632,3300.869632,90,200,118,6,20251020_035116
1760899815.8813288,12894061,3300879616,3300.879616,95,200,116,6,20251020_035116
1760899815.8913128,12894100,3300889600,3300.8896,100,200,118,6,20251020_035116
1760899815.9012969,12894139,3300899584,3300.899584,105,199,118,6,20251020_035116
1760899815.9112809,12894178,3300909568,3300.909568,110,199,118,6,20251020_035116
1760899815.921265,12894217,3300919552,3300.919552,114,199,118,6,20251020_035116
1760899815.931249,12894256,3300929536,3300.929536,119,199,118,6,20251020_035116
1760899815.9412327,12894295,3300939520,3300.93952,123,199,118,6,20251020_035116
1760899815.9512167,12894334,3300949504,3300.949504,127,199,118,6,20251020_035116
1760899815.9612007,12894373,3300959488,3300.959488,132,199,118,6,20251020_035116
1760899815.9714408,12894413,3300969728,3300.969728,136,199,118,6,20251020_035116
1760899815.9814248,12894452,3300979712,3300.979712,140,199,118,6,20251020_035116
1760899815.9914088,12894491,3300989696,3300.989696,144,199,120,6,20251020_035116
1760899816.0013928,12894530,3300999680,3300.99968,147,199,122,6,20251020_035116
1760899816.0113769,12894569,3301009664,3301.009664,151,199,124,6,20251020_035116
1760899816.0213609,12894608,3301019648,3301.019648,155,199,127,6,20251020_035116
1760899816.031345,12894647,3301029632,3301.029632,159,199,132,6,20251020_035116
1760899816.041329,12894686,3301039616,3301.039616,164,199,140,6,20251020_035116
1760899816.0513127,12894725,3301049600,3301.0496,169,199,149,6,20251020_035116
1760899816.0612967,12894764,3301059584,3301.059584,174,199,153,6,20251020_035116
1760899816.0712807,12894803,3301069568,3301.069568,179,199,157,6,20251020_035116
1760899816.0812647,12894842,3301079552,3301.079552,185,199,161,6,20251020_035116
1760899816.0915048,12894882,3301089792,3301.089792,190,200,161,6,20251020_035116
1760899816.1014888,12894921,3301099776,3301.099776,196,200,161,6,20251020_035116
1760899816.1114728,12894960,3301109760,3301.10976,202,200,161,6,20251020_035116
1760899816.1214569,12894999,3301119744,3301.119744,207,199,163,6,20251020_035116
1760899816.1314409,12895038,3301129728,3301.129728,212,199,163,6,20251020_035116
1760899816.141425,12895077,3301139712,3301.139712,218,200,162,6,20251020_035116
1760899816.151409,12895116,3301149696,3301.149696,223,199,164,6,20251020_035116
1760899816.1613927,12895155,3301159680,3301.15968,228,199,164,6,20251020_035116
1760899816.1713767,12895194,3301169664,3301.169664,233,199,164,6,20251020_035116
1760899816.1813607,12895233,3301179648,3301.179648,238,199,164,6,20251020_035116
1760899816.1913447,12895272,3301189632,3301.189632,242,200,164,6,20251020_035116
1760899816.2013288,12895311,3301199616,3301.199616,247,199,164,6,20251020_035116
1760899816.2113128,12895350,3301209600,3301.2096,251,199,164,6,20251020_035116
1760899816.2212968,12895389,3301219584,3301.219584,0,200,164,6,20251020_035116
1760899816.2312808,12895428,3301229568,3301.229568,5,199,164,6,20251020_035116
1760899816.241521,12895468,3301239808,3301.239808,9,200,164,6,20251020_035116
1760899816.251505,12895507,3301249792,3301.249792,12,200,164,6,20251020_035116
1760899816.261489,12895546,3301259776,3301.259776,16,200,164,6,20251020_035116
1760899816.2714727,12895585,3301269760,3301.26976,20,200,164,6,20251020_035116
1760899816.2814567,12895624,3301279744,3301.279744,24,200,161,6,20251020_035116
1760899816.2914407,12895663,3301289728,3301.289728,27,199,162,6,20251020_035116
1760899816.3014247,12895702,3301299712,3301.299712,31,200,160,6,20251020_035116
1760899816.3114088,12895741,3301309696,3301.309696,35,200,156,6,20251020_035116
1760899816.3213928,12895780,3301319680,3301.31968,39,200,151,6,20251020_035116
1760899816.3313768,12895819,3301329664,3301.329664,43,200,142,6,20251020_035116
1760899816.3413608,12895858,3301339648,3301.339648,48,200,136,6,20251020_035116
1760899816.3513448,12895897,3301349632,3301.349632,53,200,128,6,20251020_035116
1760899816.3613288,12895936,3301359616,3301.359616,58,200,125,6,20251020_035116
1760899816.3713129,12895975,3301369600,3301.3696,64,200,120,6,20251020_035116
1760899816.3815527,12896015,3301379840,3301.37984,69,199,118,6,20251020_035116
1760899816.3915367,12896054,3301389824,3301.389824,75,200,118,6,20251020_035116
1760899816.4015207,12896093,3301399808,3301.399808,80,199,118,6,20251020_035116
1760899816.4115047,12896132,3301409792,3301.409792,86,199,118,6,20251020_035116
1760899816.4214888,12896171,3301419776,3301.419776,91,200,118,6,20251020_035116
1760899816.4314728,12896210,3301429760,3301.42976,96,199,118,6,20251020_035116
1760899816.4414568,12896249,3301439744,3301.439744,101,199,118,6,20251020_035116
1760899816.4514408,12896288,3301449728,3301.449728,106,199,118,6,20251020_035116
1760899816.4614248,12896327,3301459712,3301.459712,111,199,117,6,20251020_035116
1760899816.4714088,12896366,3301469696,3301.469696,115,199,118,6,20251020_035116
1760899816.4813929,12896405,3301479680,3301.47968,120,199,117,6,20251020_035116
1760899816.4913769,12896444,3301489664,3301.489664,124,199,117,6,20251020_035116
1760899816.501361,12896483,3301499648,3301.499648,128,199,118,6,20251020_035116
1760899816.511345,12896522,3301509632,3301.509632,133,200,117,6,20251020_035116
1760899816.5215847,12896562,3301519872,3301.519872,137,199,117,6,20251020_035116
1760899816.5315688,12896601,3301529856,3301.529856,140,199,118,6,20251020_035116
1760899816.5415528,12896640,3301539840,3301.53984,144,199,118,6,20251020_035116
1760899816.5515368,12896679,3301549824,3301.549824,148,199,119,6,20251020_035116
1760899816.5615208,12896718,3301559808,3301.559808,152,199,119,6,20251020_035116
1760899816.5715048,12896757,3301569792,3301.569792,155,199,120,6,20251020_035116
1760899816.5814888,12896796,3301579776,3301.579776,159,199,122,6,20251020_035116
1760899816.5914729,12896835,3301589760,3301.58976,163,199,123,6,20251020_035116
1760899816.6014569,12896874,3301599744,3301.599744,167,199,126,6,20251020_035116
1760899816.611441,12896913,3301609728,3301.609728,171,199,127,6,20251020_035116
1760899816.621425,12896952,3301619712,3301.619712,175,199,129,6,20251020_035116
1760899816.6314087,12896991,3301629696,3301.629696,179,199,136,6,20251020_035116
1760899816.6413927,12897030,3301639680,3301.63968,183,199,143,6,20251020_035116
1760899816.6513767,12897069,3301649664,3301.649664,188,199,148,6,20251020_035116
1760899816.6613607,12897108,3301659648,3301.659648,193,199,152,6,20251020_035116
1760899816.6716008,12897148,3301669888,3301.669888,199,199,154,6,20251020_035116
1760899816.6815848,12897187,3301679872,3301.679872,204,199,158,6,20251020_035116
1760899816.6915689,12897226,3301689856,3301.689856,209,199,161,6,20251020_035116
1760899816.7015529,12897265,3301699840,3301.69984,215,199,162,6,20251020_035116
1760899816.711537,12897304,3301709824,3301.709824,220,199,162,6,20251020_035116
1760899816.721521,12897343,3301719808,3301.719808,225,199,162,6,20251020_035116
1760899816.731505,12897382,3301729792,3301.729792,230,199,163,6,20251020_035116
1760899816.7414887,12897421,3301739776,3301.739776,235,199,163,6,20251020_035116
1760899816.7514727,12897460,3301749760,3301.74976,240,200,163,6,20251020_035116
1760899816.7614567,12897499,3301759744,3301.759744,244,199,163,6,20251020_035116
1760899816.7714407,12897538,3301769728,3301.769728,249,199,164,6,20251020_035116
1760899816.7814248,12897577,3301779712,3301.779712,253,199,163,6,20251020_035116
1760899816.7914088,12897616,3301789696,3301.789696,2,200,164,6,20251020_035116
1760899816.8013928,12897655,3301799680,3301.79968,6,199,164,6,20251020_035116
1760899816.8116329,12897695,3301809920,3301.80992,10,200,164,6,20251020_035116
1760899816.821617,12897734,3301819904,3301.819904,14,200,163,6,20251020_035116
1760899816.831601,12897773,3301829888,3301.829888,18,199,164,6,20251020_035116
1760899816.8415847,12897812,3301839872,3301.839872,21,200,164,6,20251020_035116
1760899816.8515687,12897851,3301849856,3301.849856,25,199,163,6,20251020_035116
1760899816.8615527,12897890,3301859840,3301.85984,29,199,163,6,20251020_035116
1760899816.8715367,12897929,3301869824,3301.869824,32,200,162,6,20251020_035116
1760899816.8815207,12897968,3301879808,3301.879808,36,200,162,6,20251020_035116
1760899816.8915048,12898007,3301889792,3301.889792,39,199,162,6,20251020_035116
1760899816.9014888,12898046,3301899776,3301.899776,43,199,159,6,20251020_035116
1760899816.9114728,12898085,3301909760,3301.90976,47,199,156,6,20251020_035116
1760899816.9214568,12898124,3301919744,3301.919744,51,200,149,6,20251020_035116
1760899816.9314408,12898163,3301929728,3301.929728,55,200,144,6,20251020_035116
1760899816.9414248,12898202,3301939712,3301.939712,59,200,139,6,20251020_035116
1760899816.9514089,12898241,3301949696,3301.949696,64,200,131,6,20251020_035116
1760899816.9616487,12898281,3301959936,3301.959936,70,199,127,6,20251020_035116
1760899816.9716327,12898320,3301969920,3301.96992,75,200,122,6,20251020_035116
1760899816.9816167,12898359,3301979904,3301.979904,80,200,119,6,20251020_035116
1760899816.9916008,12898398,3301989888,3301.989888,86,199,118,6,20251020_035116
1760899817.0015848,12898437,3301999872,3301.999872,91,200,118,6,20251020_035116
1760899817.0115688,12898476,3302009856,3302.009856,96,199,118,6,20251020_035116
1760899817.0215528,12898515,3302019840,3302.01984,101,199,117,6,20251020_035116
1760899817.0315368,12898554,3302029824,3302.029824,106,199,117,6,20251020_035116
1760899817.0415208,12898593,3302039808,3302.039808,111,199,117,6,20251020_035116
1760899817.0515049,12898632,3302049792,3302.049792,116,199,117,6,20251020_035116
1760899817.0614889,12898671,3302059776,3302.059776,120,199,115,6,20251020_035116
1760899817.071473,12898710,3302069760,3302.06976,124,199,117,6,20251020_035116
1760899817.081457,12898749,3302079744,3302.079744,129,199,116,6,20251020_035116
1760899817.091441,12898788,3302089728,3302.089728,133,199,117,6,20251020_035116
1760899817.1016808,12898828,3302099968,3302.099968,137,199,118,6,20251020_035116
1760899817.1116648,12898867,3302109952,3302.109952,141,199,117,6,20251020_035116
1760899817.1216488,12898906,3302119936,3302.119936,144,199,120,6,20251020_035116
1760899817.1316328,12898945,3302129920,3302.12992,148,199,122,6,20251020_035116
1760899817.1416168,12898984,3302139904,3302.139904,152,199,125,6,20251020_035116
1760899817.1516008,12899023,3302149888,3302.149888,156,199,126,6,20251020_035116
1760899817.1615849,12899062,3302159872,3302.159872,160,199,129,6,20251020_035116
1760899817.1715689,12899101,3302169856,3302.169856,164,199,135,6,20251020_035116
1760899817.181553,12899140,3302179840,3302.17984,169,199,142,6,20251020_035116
1760899817.191537,12899179,3302189824,3302.189824,174,199,149,6,20251020_035116
1760899817.2015207,12899218,3302199808,3302.199808,179,199,153,6,20251020_035116
1760899817.2115047,12899257,3302209792,3302.209792,184,199,155,6,20251020_035116
1760899817.2214887,12899296,3302219776,3302.219776,190,199,159,6,20251020_035116
1760899817.2314727,12899335,3302229760,3302.22976,195,199,161,6,20251020_035116
1760899817.2417128,12899375,3302240000,3302.24,201,199,162,6,20251020_035116
1760899817.2516968,12899414,3302249984,3302.249984,206,200,161,6,20251020_035116
1760899817.2616808,12899453,3302259968,3302.259968,212,200,162,6,20251020_035116
1760899817.2716649,12899492,3302269952,3302.269952,217,199,163,6,20251020_035116
1760899817.2816489,12899531,3302279936,3302.279936,222,199,163,6,20251020_035116
1760899817.291633,12899570,3302289920,3302.28992,227,200,163,6,20251020_035116
1760899817.301617,12899609,3302299904,3302.299904,232,200,164,6,20251020_035116
1760899817.3116007,12899648,3302309888,3302.309888,237,200,167,6,20251020_035116
1760899817.3215847,12899687,3302319872,3302.319872,242,200,164,6,20251020_035116
1760899817.3315687,12899726,3302329856,3302.329856,246,200,164,6,20251020_035116
1760899817.3415527,12899765,3302339840,3302.33984,251,200,164,6,20251020_035116
1760899817.3515368,12899804,3302349824,3302.349824,0,200,164,6,20251020_035116
1760899817.3615208,12899843,3302359808,3302.359808,4,199,164,6,20251020_035116
1760899817.3715048,12899882,3302369792,3302.369792,8,199,165,6,20251020_035116
1760899817.3817449,12899922,3302380032,3302.380032,12,200,164,6,20251020_035116
1760899817.3917289,12899961,3302390016,3302.390016,16,199,162,6,20251020_035116
1760899817.401713,12900000,3302400000,3302.4,19,199,163,6,20251020_035116
1760899817.411697,12900039,3302409984,3302.409984,23,200,163,6,20251020_035116
1760899817.4216807,12900078,3302419968,3302.419968,27,199,162,6,20251020_035116
1760899817.4316647,12900117,3302429952,3302.429952,31,200,160,6,20251020_035116
1760899817.4416487,12900156,3302439936,3302.439936,34,200,159,6,20251020_035116
1760899817.4516327,12900195,3302449920,3302.44992,38,199,155,6,20251020_035116
1760899817.4616168,12900234,3302459904,3302.459904,42,200,148,6,20251020_035116
1760899817.4716008,12900273,3302469888,3302.469888,47,200,141,6,20251020_035116
1760899817.4815848,12900312,3302479872,3302.479872,51,200,134,6,20251020_035116
1760899817.4915688,12900351,3302489856,3302.489856,57,199,128,6,20251020_035116
1760899817.5015528,12900390,3302499840,3302.49984,62,199,127,6,20251020_035116
1760899817.5115368,12900429,3302509824,3302.509824,67,199,122,6,20251020_035116
1760899817.5215209,12900468,3302519808,3302.519808,73,199,118,6,20251020_035116
1760899817.5317607,12900508,3302530048,3302.530048,78,200,118,6,20251020_035116
1760899817.5417447,12900547,3302540032,3302.540032,84,200,119,6,20251020_035116
1760899817.5517287,12900586,3302550016,3302.550016,89,200,119,6,20251020_035116
1760899817.5617127,12900625,3302560000,3302.56,94,200,118,6,20251020_035116
1760899817.5716968,12900664,3302569984,3302.569984,99,199,119,6,20251020_035116
1760899817.5816808,12900703,3302579968,3302.579968,104,199,119,6,20251020_035116
1760899817.5916648,12900742,3302589952,3302.589952,109,199,118,6,20251020_035116
1760899817.6016488,12900781,3302599936,3302.599936,114,199,118,6,20251020_035116
1760899817.6116328,12900820,3302609920,3302.60992,118,200,118,6,20251020_035116
1760899817.6216168,12900859,3302619904,3302.619904,123,199,118,6,20251020_035116
1760899817.6316009,12900898,3302629888,3302.629888,127,198,118,6,20251020_035116
1760899817.6415849,12900937,3302639872,3302.639872,131,199,118,6,20251020_035116
1760899817.651569,12900976,3302649856,3302.649856,135,199,119,6,20251020_035116
1760899817.661553,12901015,3302659840,3302.65984,139,199,120,6,20251020_035116
1760899817.6717927,12901055,3302670080,3302.67008,143,199,120,6,20251020_035116
1760899817.6817768,12901094,3302680064,3302.680064,147,199,122,6,20251020_035116
1760899817.6917608,12901133,3302690048,3302.690048,151,199,125,6,20251020_035116
1760899817.7017448,12901172,3302700032,3302.700032,155,199,127,6,20251020_035116
1760899817.7117288,12901211,3302710016,3302.710016,159,199,131,6,20251020_035116
1760899817.7217128,12901250,3302720000,3302.72,163,199,139,6,20251020_035116
1760899817.7316968,12901289,3302729984,3302.729984,168,199,148,6,20251020_035116
1760899817.7416809,12901328,3302739968,3302.739968,173,199,153,6,20251020_035116
1760899817.7516649,12901367,3302749952,3302.749952,178,199,156,6,20251020_035116
1760899817.761649,12901406,3302759936,3302.759936,184,200,160,6,20251020_035116
1760899817.771633,12901445,3302769920,3302.76992,190,199,161,6,20251020_035116
1760899817.7816167,12901484,3302779904,3302.779904,195,199,162,6,20251020_035116
1760899817.7916007,12901523,3302789888,3302.789888,201,199,162,6,20251020_035116
1760899817.8018408,12901563,3302800128,3302.800128,206,199,162,6,20251020_035116
1760899817.8118248,12901602,3302810112,3302.810112,212,200,162,6,20251020_035116
1760899817.8218088,12901641,3302820096,3302.820096,217,200,163,6,20251020_035116
1760899817.8317928,12901680,3302830080,3302.83008,222,199,163,6,20251020_035116
1760899817.8417768,12901719,3302840064,3302.840064,227,200,163,6,20251020_035116
1760899817.8517609,12901758,3302850048,3302.850048,232,199,164,6,20251020_035116
1760899817.8617449,12901797,3302860032,3302.860032,237,200,163,6,20251020_035116
1760899817.8719847,12901837,3302870272,3302.870272,242,200,164,6,20251020_035116
1760899817.8819687,12901876,3302880256,3302.880256,246,200,164,6,20251020_035116
1760899817.8919528,12901915,3302890240,3302.89024,251,199,164,6,20251020_035116
1760899817.9019368,12901954,3302900224,3302.900224,0,200,163,6,20251020_035116
1760899817.9119208,12901993,3302910208,3302.910208,4,200,164,6,20251020_035116
1760899817.9219048,12902032,3302920192,3302.920192,8,200,164,6,20251020_035116
1760899817.9318888,12902071,3302930176,3302.930176,12,199,164,6,20251020_035116
1760899817.9418728,12902110,3302940160,3302.94016,16,200,163,6,20251020_035116
1760899817.9518569,12902149,3302950144,3302.950144,20,200,163,6,20251020_035116
1760899817.9620967,12902189,3302960384,3302.960384,23,200,163,6,20251020_035116
1760899817.9720807,12902228,3302970368,3302.970368,27,200,162,6,20251020_035116
1760899817.9820647,12902267,3302980352,3302.980352,31,199,159,6,20251020_035116
1760899817.9920487,12902306,3302990336,3302.990336,34,200,157,6,20251020_035116
1760899818.0020328,12902345,3303000320,3303.00032,38,199,148,6,20251020_035116
1760899818.0120168,12902384,3303010304,3303.010304,43,200,140,6,20251020_035116
1760899818.0220008,12902423,3303020288,3303.020288,48,200,134,6,20251020_035116
1760899818.0319848,12902462,3303030272,3303.030272,53,200,127,6,20251020_035116
1760899818.0419688,12902501,3303040256,3303.040256,58,200,125,6,20251020_035116
1760899818.0519528,12902540,3303050240,3303.05024,64,200,120,6,20251020_035116
1760899818.0619369,12902579,3303060224,3303.060224,70,200,117,6,20251020_035116
1760899818.0719209,12902618,3303070208,3303.070208,75,200,119,6,20251020_035116
1760899818.081905,12902657,3303080192,3303.080192,81,200,119,6,20251020_035116
1760899818.091889,12902696,3303090176,3303.090176,86,199,118,6,20251020_035116
1760899818.1018727,12902735,3303100160,3303.10016,91,199,118,6,20251020_035116
1760899818.1121128,12902775,3303110400,3303.1104,96,199,118,6,20251020_035116
1760899818.1220968,12902814,3303120384,3303.120384,101,199,118,6,20251020_035116
1760899818.1320808,12902853,3303130368,3303.130368,106,199,118,6,20251020_035116
1760899818.1420648,12902892,3303140352,3303.140352,111,199,116,6,20251020_035116
1760899818.1520488,12902931,3303150336,3303.150336,116,199,118,6,20251020_035116
1760899818.1620328,12902970,3303160320,3303.16032,120,199,118,6,20251020_035116
1760899818.1720169,12903009,3303170304,3303.170304,125,199,117,6,20251020_035116
1760899818.1820009,12903048,3303180288,3303.180288,129,198,117,6,20251020_035116
1760899818.191985,12903087,3303190272,3303.190272,133,199,117,6,20251020_035116
1760899818.201969,12903126,3303200256,3303.200256,137,198,116,6,20251020_035116
1760899818.2119527,12903165,3303210240,3303.21024,141,199,117,6,20251020_035116
1760899818.2219367,12903204,3303220224,3303.220224,145,198,119,6,20251020_035116
1760899818.2319207,12903243,3303230208,3303.230208,148,199,119,6,20251020_035116
1760899818.2419047,12903282,3303240192,3303.240192,152,199,122,6,20251020_035116
1760899818.2521448,12903322,3303250432,3303.250432,156,199,123,6,20251020_035116
1760899818.2621288,12903361,3303260416,3303.260416,160,198,127,6,20251020_035116
1760899818.2721128,12903400,3303270400,3303.2704,164,199,129,6,20251020_035116
1760899818.2820969,12903439,3303280384,3303.280384,168,199,137,6,20251020_035116
1760899818.2920809,12903478,3303290368,3303.290368,173,199,146,6,20251020_035116
1760899818.302065,12903517,3303300352,3303.300352,178,199,151,6,20251020_035116
1760899818.312049,12903556,3303310336,3303.310336,183,199,156,6,20251020_035116
1760899818.3220327,12903595,3303320320,3303.32032,189,199,160,6,20251020_035116
1760899818.3320167,12903634,3303330304,3303.330304,194,199,161,6,20251020_035116
1760899818.3420007,12903673,3303340288,3303.340288,200,199,160,6,20251020_035116
1760899818.3519847,12903712,3303350272,3303.350272,205,199,162,6,20251020_035116
1760899818.3619688,12903751,3303360256,3303.360256,211,199,163,6,20251020_035116
1760899818.3719528,12903790,3303370240,3303.37024,216,199,163,6,20251020_035116
1760899818.3819368,12903829,3303380224,3303.380224,221,199,163,6,20251020_035116
1760899818.3919208,12903868,3303390208,3303.390208,226,199,163,6,20251020_035116
1760899818.402161,12903908,3303400448,3303.400448,231,199,163,6,20251020_035116
1760899818.412145,12903947,3303410432,3303.410432,236,200,163,6,20251020_035116
1760899818.422129,12903986,3303420416,3303.420416,241,200,164,6,20251020_035116
1760899818.4321127,12904025,3303430400,3303.4304,245,199,164,6,20251020_035116
1760899818.4420967,12904064,3303440384,3303.440384,250,200,163,6,20251020_035116
1760899818.4520807,12904103,3303450368,3303.450368,254,199,164,6,20251020_035116
1760899818.4620647,12904142,3303460352,3303.460352,3,199,164,6,20251020_035116
1760899818.4720488,12904181,3303470336,3303.470336,7,199,164,6,20251020_035116
1760899818.4820328,12904220,3303480320,3303.48032,11,200,163,6,20251020_035116
1760899818.4920168,12904259,3303490304,3303.490304,15,199,164,6,20251020_035116
1760899818.5020008,12904298,3303500288,3303.500288,19,199,163,6,20251020_035116
1760899818.512241,12904338,3303510528,3303.510528,22,199,163,6,20251020_035116
1760899818.522225,12904377,3303520512,3303.520512,26,200,162,6,20251020_035116
1760899818.5322087,12904416,3303530496,3303.530496,30,200,161,6,20251020_035116
1760899818.5421927,12904455,3303540480,3303.54048,33,199,160,6,20251020_035116
1760899818.5521767,12904494,3303550464,3303.550464,37,199,157,6,20251020_035116
1760899818.5621607,12904533,3303560448,3303.560448,41,200,151,6,20251020_035116
1760899818.5721447,12904572,3303570432,3303.570432,45,199,143,6,20251020_035116
1760899818.5823848,12904612,3303580672,3303.580672,50,200,135,6,20251020_035116
1760899818.5923688,12904651,3303590656,3303.590656,55,199,128,6,20251020_035116
1760899818.6023529,12904690,3303600640,3303.60064,61,200,125,6,20251020_035116
1760899818.6123369,12904729,3303610624,3303.610624,66,199,120,6,20251020_035116
1760899818.622321,12904768,3303620608,3303.620608,72,199,117,6,20251020_035116
1760899818.632305,12904807,3303630592,3303.630592,77,199,116,6,20251020_035116
1760899818.6422887,12904846,3303640576,3303.640576,83,199,117,6,20251020_035116
1760899818.6522727,12904885,3303650560,3303.65056,88,199,117,6,20251020_035116
1760899818.6625128,12904925,3303660800,3303.6608,94,199,117,6,20251020_035116
1760899818.6724968,12904964,3303670784,3303.670784,99,200,116,6,20251020_035116
1760899818.6824808,12905003,3303680768,3303.680768,104,199,117,6,20251020_035116
1760899818.6924648,12905042,3303690752,3303.690752,108,199,117,6,20251020_035116
1760899818.7024488,12905081,3303700736,3303.700736,113,199,117,6,20251020_035116
1760899818.7124329,12905120,3303710720,3303.71072,118,199,116,6,20251020_035116
1760899818.7224169,12905159,3303720704,3303.720704,122,198,117,6,20251020_035116
1760899818.732401,12905198,3303730688,3303.730688,126,199,117,6,20251020_035116
1760899818.742385,12905237,3303740672,3303.740672,131,199,116,6,20251020_035116
1760899818.7523687,12905276,3303750656,3303.750656,135,198,117,6,20251020_035116
1760899818.7623527,12905315,3303760640,3303.76064,139,199,117,6,20251020_035116
1760899818.7723367,12905354,3303770624,3303.770624,142,198,118,6,20251020_035116
1760899818.7823207,12905393,3303780608,3303.780608,146,198,118,6,20251020_035116
1760899818.7925608,12905433,3303790848,3303.790848,150,198,119,6,20251020_035116
1760899818.8025448,12905472,3303800832,3303.800832,154,199,120,6,20251020_035116
1760899818.8125288,12905511,3303810816,3303.810816,157,198,120,6,20251020_035116
1760899818.8225129,12905550,3303820800,3303.8208,161,198,121,6,20251020_035116
1760899818.832497,12905589,3303830784,3303.830784,165,199,123,6,20251020_035116
1760899818.842481,12905628,3303840768,3303.840768,168,199,125,6,20251020_035116
1760899818.852465,12905667,3303850752,3303.850752,172,199,127,6,20251020_035116
1760899818.8624487,12905706,3303860736,3303.860736,176,199,131,6,20251020_035116
1760899818.8724327,12905745,3303870720,3303.87072,180,199,136,6,20251020_035116
1760899818.8824167,12905784,3303880704,3303.880704,185,198,141,6,20251020_035116
1760899818.8924007,12905823,3303890688,3303.890688,190,199,148,6,20251020_035116
1760899818.9023848,12905862,3303900672,3303.900672,195,199,152,6,20251020_035116
1760899818.9123688,12905901,3303910656,3303.910656,200,199,154,6,20251020_035116
1760899818.9223528,12905940,3303920640,3303.92064,205,199,157,6,20251020_035116
1760899818.9325929,12905980,3303930880,3303.93088,211,199,161,6,20251020_035116
1760899818.942577,12906019,3303940864,3303.940864,216,199,162,6,20251020_035116
1760899818.952561,12906058,3303950848,3303.950848,221,199,161,6,20251020_035116
1760899818.962545,12906097,3303960832,3303.960832,226,199,162,6,20251020_035116
1760899818.9725287,12906136,3303970816,3303.970816,231,199,162,6,20251020_035116
1760899818.9825127,12906175,3303980800,3303.9808,236,198,163,6,20251020_035116
1760899818.9924967,12906214,3303990784,3303.990784,240,199,163,6,20251020_035116
1760899819.0024807,12906253,3304000768,3304.000768,245,199,163,6,20251020_035116
1760899819.0124648,12906292,3304010752,3304.010752,249,199,163,6,20251020_035116
1760899819.0224488,12906331,3304020736,3304.020736,254,199,164,6,20251020_035116
1760899819.0324328,12906370,3304030720,3304.03072,3,199,163,6,20251020_035116
1760899819.0424168,12906409,3304040704,3304.040704,7,199,163,6,20251020_035116
1760899819.0524008,12906448,3304050688,3304.050688,11,199,163,6,20251020_035116
1760899819.0623848,12906487,3304060672,3304.060672,15,199,162,6,20251020_035116
1760899819.0726247,12906527,3304070912,3304.070912,19,199,162,6,20251020_035116
1760899819.0826087,12906566,3304080896,3304.080896,22,199,162,6,20251020_035116
1760899819.0925927,12906605,3304090880,3304.09088,26,199,161,6,20251020_035116
1760899819.1025767,12906644,3304100864,3304.100864,30,199,160,6,20251020_035116
1760899819.1125607,12906683,3304110848,3304.110848,33,199,159,6,20251020_035116
1760899819.1225448,12906722,3304120832,3304.120832,37,199,157,6,20251020_035116
1760899819.1325288,12906761,3304130816,3304.130816,41,199,153,6,20251020_035116
1760899819.1425128,12906800,3304140800,3304.1408,45,199,145,6,20251020_035116
1760899819.1524968,12906839,3304150784,3304.150784,50,199,140,6,20251020_035116
1760899819.1624808,12906878,3304160768,3304.160768,55,199,134,6,20251020_035116
1760899819.1724648,12906917,3304170752,3304.170752,60,199,129,6,20251020_035116
1760899819.1824489,12906956,3304180736,3304.180736,65,199,125,6,20251020_035116
1760899819.1924329,12906995,3304190720,3304.19072,70,199,122,6,20251020_035116
1760899819.202417,12907034,3304200704,3304.200704,76,199,119,6,20251020_035116
1760899819.212401,12907073,3304210688,3304.210688,81,199,118,6,20251020_035116
1760899819.2226408,12907113,3304220928,3304.220928,87,199,118,6,20251020_035116
1760899819.2326248,12907152,3304230912,3304.230912,92,199,119,6,20251020_035116
1760899819.2426088,12907191,3304240896,3304.240896,97,199,118,6,20251020_035116
1760899819.2525928,12907230,3304250880,3304.25088,102,199,118,6,20251020_035116
1760899819.2625768,12907269,3304260864,3304.260864,107,199,118,6,20251020_035116
1760899819.2725608,12907308,3304270848,3304.270848,112,199,118,6,20251020_035116
1760899819.2825449,12907347,3304280832,3304.280832,116,199,117,6,20251020_035116
1760899819.2925289,12907386,3304290816,3304.290816,121,198,118,6,20251020_035116
1760899819.3027687,12907426,3304301056,3304.301056,125,199,118,6,20251020_035116
1760899819.3127527,12907465,3304311040,3304.31104,129,199,118,6,20251020_035116
1760899819.3227367,12907504,3304321024,3304.321024,133,199,118,6,20251020_035116
1760899819.3327208,12907543,3304331008,3304.331008,137,198,119,6,20251020_035116
1760899819.3427048,12907582,3304340992,3304.340992,141,199,119,6,20251020_035116
1760899819.3526888,12907621,3304350976,3304.350976,145,199,121,6,20251020_035116
1760899819.3626728,12907660,3304360960,3304.36096,149,199,122,6,20251020_035116
1760899819.3726568,12907699,3304370944,3304.370944,153,199,126,6,20251020_035116
1760899819.3826408,12907738,3304380928,3304.380928,157,199,128,6,20251020_035116
1760899819.3926249,12907777,3304390912,3304.390912,161,199,133,6,20251020_035116
1760899819.4026089,12907816,3304400896,3304.400896,166,199,141,6,20251020_035116
1760899819.412593,12907855,3304410880,3304.41088,171,199,150,6,20251020_035116
1760899819.422577,12907894,3304420864,3304.420864,176,199,153,6,20251020_035116
1760899819.4325607,12907933,3304430848,3304.430848,181,199,156,6,20251020_035116
1760899819.4428008,12907973,3304441088,3304.441088,187,198,160,6,20251020_035116
1760899819.4527848,12908012,3304451072,3304.451072,192,199,161,6,20251020_035116
1760899819.4627688,12908051,3304461056,3304.461056,198,199,160,6,20251020_035116
1760899819.4727528,12908090,3304471040,3304.47104,203,199,161,6,20251020_035116
1760899819.4827368,12908129,3304481024,3304.481024,209,199,161,6,20251020_035116
1760899819.4927208,12908168,3304491008,3304.491008,214,199,162,6,20251020_035116
1760899819.5027049,12908207,3304500992,3304.500992,219,199,163,6,20251020_035116
1760899819.5126889,12908246,3304510976,3304.510976,224,199,162,6,20251020_035116
1760899819.522673,12908285,3304520960,3304.52096,229,199,164,6,20251020_035116
1760899819.532657,12908324,3304530944,3304.530944,234,199,164,6,20251020_035116
1760899819.5426407,12908363,3304540928,3304.540928,239,199,164,6,20251020_035116
1760899819.5526247,12908402,3304550912,3304.550912,244,199,164,6,20251020_035116
1760899819.5626087,12908441,3304560896,3304.560896,248,199,164,6,20251020_035116
1760899819.5725927,12908480,3304570880,3304.57088,252,199,164,6,20251020_035116
1760899819.5825768,12908519,3304580864,3304.580864,2,199,164,6,20251020_035116
1760899819.5928168,12908559,3304591104,3304.591104,6,199,164,6,20251020_035116
1760899819.6028008,12908598,3304601088,3304.601088,10,200,164,6,20251020_035116
1760899819.6127849,12908637,3304611072,3304.611072,14,199,164,6,20251020_035116
1760899819.6227689,12908676,3304621056,3304.621056,17,199,164,6,20251020_035116
1760899819.632753,12908715,3304631040,3304.63104,21,199,163,6,20251020_035116
1760899819.642737,12908754,3304641024,3304.641024,25,199,163,6,20251020_035116
1760899819.6527207,12908793,3304651008,3304.651008,28,199,161,6,20251020_035116
1760899819.6627047,12908832,3304660992,3304.660992,32,199,159,6,20251020_035116
1760899819.6726887,12908871,3304670976,3304.670976,36,199,156,6,20251020_035116
1760899819.6826727,12908910,3304680960,3304.68096,40,199,148,6,20251020_035116
1760899819.6926568,12908949,3304690944,3304.690944,44,199,141,6,20251020_035116
1760899819.7026408,12908988,3304700928,3304.700928,49,198,134,6,20251020_035116
1760899819.7126248,12909027,3304710912,3304.710912,54,199,127,6,20251020_035116
1760899819.7226088,12909066,3304720896,3304.720896,60,201,126,6,20251020_035116
1760899819.732849,12909106,3304731136,3304.731136,65,199,120,6,20251020_035116
1760899819.742833,12909145,3304741120,3304.74112,71,199,118,6,20251020_035116
1760899819.752817,12909184,3304751104,3304.751104,76,199,118,6,20251020_035116
1760899819.7628007,12909223,3304761088,3304.761088,82,199,119,6,20251020_035116
1760899819.7727847,12909262,3304771072,3304.771072,87,199,118,6,20251020_035116
1760899819.7827687,12909301,3304781056,3304.781056,92,199,117,6,20251020_035116
1760899819.7927527,12909340,3304791040,3304.79104,98,199,118,6,20251020_035116
1760899819.8027368,12909379,3304801024,3304.801024,103,199,117,6,20251020_035116
1760899819.8127208,12909418,3304811008,3304.811008,107,199,117,6,20251020_035116
1760899819.8227048,12909457,3304820992,3304.820992,112,198,118,6,20251020_035116
1760899819.8326888,12909496,3304830976,3304.830976,117,198,118,6,20251020_035116
1760899819.8426728,12909535,3304840960,3304.84096,121,198,118,6,20251020_035116
1760899819.8526568,12909574,3304850944,3304.850944,125,199,117,6,20251020_035116
1760899819.8626409,12909613,3304860928,3304.860928,130,198,118,6,20251020_035116
1760899819.8726249,12909652,3304870912,3304.870912,134,198,118,6,20251020_035116
1760899819.8828647,12909692,3304881152,3304.881152,138,198,118,6,20251020_035116
1760899819.8928487,12909731,3304891136,3304.891136,142,198,120,6,20251020_035116
1760899819.9028327,12909770,3304901120,3304.90112,146,198,122,6,20251020_035116
1760899819.9128168,12909809,3304911104,3304.911104,149,198,123,6,20251020_035116
1760899819.9228008,12909848,3304921088,3304.921088,153,199,126,6,20251020_035116
1760899819.9327848,12909887,3304931072,3304.931072,157,199,127,6,20251020_035116
1760899819.9427688,12909926,3304941056,3304.941056,162,199,135,6,20251020_035116
1760899819.9527528,12909965,3304951040,3304.95104,166,199,144,6,20251020_035116
1760899819.9627368,12910004,3304961024,3304.961024,171,199,150,6,20251020_035116
1760899819.9727209,12910043,3304971008,3304.971008,176,199,154,6,20251020_035116
1760899819.9827049,12910082,3304980992,3304.980992,182,199,158,6,20251020_035116
1760899819.992689,12910121,3304990976,3304.990976,187,199,161,6,20251020_035116
1760899820.002673,12910160,3305000960,3305.00096,193,199,162,6,20251020_035116
1760899820.0126567,12910199,3305010944,3305.010944,199,199,161,6,20251020_035116
1760899820.0228968,12910239,3305021184,3305.021184,204,199,162,6,20251020_035116
1760899820.0328808,12910278,3305031168,3305.031168,210,199,162,6,20251020_035116
1760899820.0428648,12910317,3305041152,3305.041152,215,199,161,6,20251020_035116
1760899820.0528488,12910356,3305051136,3305.051136,220,199,162,6,20251020_035116
1760899820.0628328,12910395,3305061120,3305.06112,225,199,163,6,20251020_035116
1760899820.0728168,12910434,3305071104,3305.071104,230,199,163,6,20251020_035116
1760899820.0828009,12910473,3305081088,3305.081088,235,199,164,6,20251020_035116
1760899820.092785,12910512,3305091072,3305.091072,240,199,164,6,20251020_035116
1760899820.102769,12910551,3305101056,3305.101056,245,199,163,6,20251020_035116
1760899820.112753,12910590,3305111040,3305.11104,249,199,163,6,20251020_035116
1760899820.1227367,12910629,3305121024,3305.121024,253,199,164,6,20251020_035116
1760899820.1327207,12910668,3305131008,3305.131008,2,199,164,6,20251020_035116
1760899820.1427047,12910707,3305140992,3305.140992,7,199,164,6,20251020_035116
1760899820.1529448,12910747,3305151232,3305.151232,10,199,164,6,20251020_035116
1760899820.1629288,12910786,3305161216,3305.161216,14,199,164,6,20251020_035116
1760899820.1729128,12910825,3305171200,3305.1712,18,199,164,6,20251020_035116
1760899820.1828969,12910864,3305181184,3305.181184,22,199,163,6,20251020_035116
1760899820.1928809,12910903,3305191168,3305.191168,25,199,163,6,20251020_035116
1760899820.202865,12910942,3305201152,3305.201152,29,199,161,6,20251020_035116
1760899820.212849,12910981,3305211136,3305.211136,33,199,159,6,20251020_035116
1760899820.222833,12911020,3305221120,3305.22112,37,199,153,6,20251020_035116
1760899820.2328167,12911059,3305231104,3305.231104,41,199,148,6,20251020_035116
1760899820.2428007,12911098,3305241088,3305.241088,45,199,138,6,20251020_035116
1760899820.2527847,12911137,3305251072,3305.251072,50,199,132,6,20251020_035116
1760899820.2627687,12911176,3305261056,3305.261056,55,199,127,6,20251020_035116
1760899820.2727528,12911215,3305271040,3305.27104,61,199,123,6,20251020_035116
1760899820.2827368,12911254,3305281024,3305.281024,66,199,118,6,20251020_035116
1760899820.2929769,12911294,3305291264,3305.291264,72,199,118,6,20251020_035116
1760899820.3029609,12911333,3305301248,3305.301248,78,198,118,6,20251020_035116
1760899820.312945,12911372,3305311232,3305.311232,83,198,118,6,20251020_035116
1760899820.322929,12911411,3305321216,3305.321216,88,199,117,6,20251020_035116
1760899820.3329127,12911450,3305331200,3305.3312,94,199,116,6,20251020_035116
1760899820.3428967,12911489,3305341184,3305.341184,99,199,118,6,20251020_035116
1760899820.3528807,12911528,3305351168,3305.351168,104,199,116,6,20251020_035116
1760899820.3628647,12911567,3305361152,3305.361152,108,199,118,6,20251020_035116
1760899820.3728487,12911606,3305371136,3305.371136,113,198,117,6,20251020_035116
1760899820.3828328,12911645,3305381120,3305.38112,118,198,117,6,20251020_035116
1760899820.3928168,12911684,3305391104,3305.391104,122,198,117,6,20251020_035116
1760899820.4028008,12911723,3305401088,3305.401088,126,198,116,6,20251020_035116
1760899820.4127848,12911762,3305411072,3305.411072,131,198,117,6,20251020_035116
1760899820.4227688,12911801,3305421056,3305.421056,135,197,117,6,20251020_035116
1760899820.4327528,12911840,3305431040,3305.43104,139,198,118,6,20251020_035116
1760899820.4429927,12911880,3305441280,3305.44128,142,197,117,6,20251020_035116
1760899820.4529767,12911919,3305451264,3305.451264,146,198,118,6,20251020_035116
1760899820.4629607,12911958,3305461248,3305.461248,150,198,119,6,20251020_035116
1760899820.4729447,12911997,3305471232,3305.471232,154,198,120,6,20251020_035116
1760899820.4829288,12912036,3305481216,3305.481216,157,198,121,6,20251020_035116
1760899820.4929128,12912075,3305491200,3305.4912,161,198,122,6,20251020_035116
1760899820.5028968,12912114,3305501184,3305.501184,165,198,125,6,20251020_035116
1760899820.5128808,12912153,3305511168,3305.511168,169,198,127,6,20251020_035116
1760899820.5228648,12912192,3305521152,3305.521152,173,198,130,6,20251020_035116
1760899820.5328488,12912231,3305531136,3305.531136,177,198,136,6,20251020_035116
1760899820.5428329,12912270,3305541120,3305.54112,182,198,143,6,20251020_035116
1760899820.5530727,12912310,3305551360,3305.55136,187,198,149,6,20251020_035116
1760899820.5630567,12912349,3305561344,3305.561344,192,198,152,6,20251020_035116
1760899820.5730407,12912388,3305571328,3305.571328,197,198,154,6,20251020_035116
1760899820.5830247,12912427,3305581312,3305.581312,202,198,158,6,20251020_035116
1760899820.5930088,12912466,3305591296,3305.591296,208,198,161,6,20251020_035116
1760899820.6029928,12912505,3305601280,3305.60128,213,198,161,6,20251020_035116
1760899820.6129768,12912544,3305611264,3305.611264,218,198,161,6,20251020_035116
1760899820.6229608,12912583,3305621248,3305.621248,223,198,162,6,20251020_035116
1760899820.6329448,12912622,3305631232,3305.631232,228,198,163,6,20251020_035116
1760899820.6429288,12912661,3305641216,3305.641216,233,198,163,6,20251020_035116
1760899820.6529129,12912700,3305651200,3305.6512,238,198,163,6,20251020_035116
1760899820.6628969,12912739,3305661184,3305.661184,243,198,163,6,20251020_035116
1760899820.672881,12912778,3305671168,3305.671168,247,199,163,6,20251020_035116
1760899820.682865,12912817,3305681152,3305.681152,251,198,164,6,20251020_035116
1760899820.6928487,12912856,3305691136,3305.691136,1,199,164,6,20251020_035116
1760899820.7030888,12912896,3305701376,3305.701376,5,198,164,6,20251020_035116
1760899820.7130728,12912935,3305711360,3305.71136,9,199,163,6,20251020_035116
1760899820.7230568,12912974,3305721344,3305.721344,13,198,164,6,20251020_035116
1760899820.7330408,12913013,3305731328,3305.731328,17,198,164,6,20251020_035116
1760899820.7430248,12913052,3305741312,3305.741312,20,199,164,6,20251020_035116
1760899820.7530088,12913091,3305751296,3305.751296,24,199,164,6,20251020_035116
1760899820.7629929,12913130,3305761280,3305.76128,28,198,163,6,20251020_035116
1760899820.7729769,12913169,3305771264,3305.771264,31,199,163,6,20251020_035116
1760899820.782961,12913208,3305781248,3305.781248,35,199,162,6,20251020_035116
1760899820.792945,12913247,3305791232,3305.791232,38,199,161,6,20251020_035116
1760899820.8029287,12913286,3305801216,3305.801216,42,198,159,6,20251020_035116
1760899820.8129127,12913325,3305811200,3305.8112,45,198,156,6,20251020_035116
1760899820.8228967,12913364,3305821184,3305.821184,50,199,149,6,20251020_035116
1760899820.8328807,12913403,3305831168,3305.831168,54,199,144,6,20251020_035116
1760899820.8431208,12913443,3305841408,3305.841408,58,199,137,6,20251020_035116
1760899820.8531048,12913482,3305851392,3305.851392,63,199,130,6,20251020_035116
1760899820.8630888,12913521,3305861376,3305.861376,69,198,126,6,20251020_035116
1760899820.8730729,12913560,3305871360,3305.87136,74,199,122,6,20251020_035116
1760899820.8830569,12913599,3305881344,3305.881344,80,199,118,6,20251020_035116
1760899820.893041,12913638,3305891328,3305.891328,85,198,117,6,20251020_035116
1760899820.903025,12913677,3305901312,3305.901312,90,198,117,6,20251020_035116
1760899820.9130087,12913716,3305911296,3305.911296,96,198,117,6,20251020_035116
1760899820.9229927,12913755,3305921280,3305.92128,101,199,116,6,20251020_035116
1760899820.9329767,12913794,3305931264,3305.931264,105,198,116,6,20251020_035116
1760899820.9429607,12913833,3305941248,3305.941248,110,198,118,6,20251020_035116
1760899820.9529448,12913872,3305951232,3305.951232,115,198,116,6,20251020_035116
1760899820.9629288,12913911,3305961216,3305.961216,119,198,116,6,20251020_035116
1760899820.9729128,12913950,3305971200,3305.9712,124,198,116,6,20251020_035116
1760899820.9828968,12913989,3305981184,3305.981184,128,199,117,6,20251020_035116
1760899820.993137,12914029,3305991424,3305.991424,132,198,116,6,20251020_035116
1760899821.003121,12914068,3306001408,3306.001408,136,198,116,6,20251020_035116
1760899821.013105,12914107,3306011392,3306.011392,140,198,118,6,20251020_035116
1760899821.0230887,12914146,3306021376,3306.021376,144,199,119,6,20251020_035116
1760899821.0330727,12914185,3306031360,3306.03136,148,198,121,6,20251020_035116
1760899821.0430567,12914224,3306041344,3306.041344,152,198,124,6,20251020_035116
1760899821.0530407,12914263,3306051328,3306.051328,156,198,126,6,20251020_035116
1760899821.0630248,12914302,3306061312,3306.061312,160,198,127,6,20251020_035116
1760899821.0730088,12914341,3306071296,3306.071296,164,198,131,6,20251020_035116
1760899821.0829928,12914380,3306081280,3306.08128,168,198,138,6,20251020_035116
1760899821.0929768,12914419,3306091264,3306.091264,173,199,145,6,20251020_035116
1760899821.1029608,12914458,3306101248,3306.101248,178,199,152,6,20251020_035116
1760899821.1129448,12914497,3306111232,3306.111232,183,199,153,6,20251020_035116
1760899821.1229289,12914536,3306121216,3306.121216,188,198,156,6,20251020_035116
1760899821.1329129,12914575,3306131200,3306.1312,194,199,159,6,20251020_035116
1760899821.1431527,12914615,3306141440,3306.14144,199,199,161,6,20251020_035116
1760899821.1531367,12914654,3306151424,3306.151424,205,199,162,6,20251020_035116
1760899821.1631207,12914693,3306161408,3306.161408,210,199,162,6,20251020_035116
1760899821.1731048,12914732,3306171392,3306.171392,215,199,162,6,20251020_035116
1760899821.1830888,12914771,3306181376,3306.181376,221,198,163,6,20251020_035116
1760899821.1930728,12914810,3306191360,3306.19136,226,199,163,6,20251020_035116
1760899821.2030568,12914849,3306201344,3306.201344,231,198,163,6,20251020_035116
1760899821.2130408,12914888,3306211328,3306.211328,235,198,163,6,20251020_035116
1760899821.2230248,12914927,3306221312,3306.221312,240,199,163,6,20251020_035116
1760899821.2330089,12914966,3306231296,3306.231296,245,198,164,6,20251020_035116
1760899821.2429929,12915005,3306241280,3306.24128,249,199,163,6,20251020_035116
1760899821.252977,12915044,3306251264,3306.251264,253,198,164,6,20251020_035116
1760899821.262961,12915083,3306261248,3306.261248,3,199,164,6,20251020_035116
1760899821.2729447,12915122,3306271232,3306.271232,7,199,163,6,20251020_035116
1760899821.2831848,12915162,3306281472,3306.281472,11,199,163,6,20251020_035116
1760899821.2931688,12915201,3306291456,3306.291456,14,198,164,6,20251020_035116
1760899821.3031528,12915240,3306301440,3306.30144,18,199,163,6,20251020_035116
1760899821.3131368,12915279,3306311424,3306.311424,22,199,163,6,20251020_035116
1760899821.3231208,12915318,3306321408,3306.321408,26,199,162,6,20251020_035116
1760899821.3331048,12915357,3306331392,3306.331392,29,199,161,6,20251020_035116
1760899821.3430889,12915396,3306341376,3306.341376,33,199,160,6,20251020_035116
1760899821.353073,12915435,3306351360,3306.35136,37,199,157,6,20251020_035116
1760899821.363057,12915474,3306361344,3306.361344,41,199,152,6,20251020_035116
1760899821.373041,12915513,3306371328,3306.371328,45,199,145,6,20251020_035116
1760899821.3830247,12915552,3306381312,3306.381312,49,199,138,6,20251020_035116
1760899821.3930087,12915591,3306391296,3306.391296,54,199,133,6,20251020_035116
1760899821.4029927,12915630,3306401280,3306.40128,59,199,127,6,20251020_035116
1760899821.4129767,12915669,3306411264,3306.411264,65,199,124,6,20251020_035116
1760899821.4232168,12915709,3306421504,3306.421504,70,199,120,6,20251020_035116
1760899821.4332008,12915748,3306431488,3306.431488,76,199,118,6,20251020_035116
1760899821.4431849,12915787,3306441472,3306.441472,81,198,118,6,20251020_035116
1760899821.4531689,12915826,3306451456,3306.451456,87,199,119,6,20251020_035116
1760899821.463153,12915865,3306461440,3306.46144,92,199,117,6,20251020_035116
1760899821.473137,12915904,3306471424,3306.471424,97,198,118,6,20251020_035116
1760899821.483121,12915943,3306481408,3306.481408,102,198,118,6,20251020_035116
1760899821.4931047,12915982,3306491392,3306.491392,107,198,118,6,20251020_035116
1760899821.5030887,12916021,3306501376,3306.501376,112,198,118,6,20251020_035116
1760899821.5130727,12916060,3306511360,3306.51136,116,198,118,6,20251020_035116
1760899821.5230567,12916099,3306521344,3306.521344,121,198,118,6,20251020_035116
1760899821.5330408,12916138,3306531328,3306.531328,125,198,118,6,20251020_035116
1760899821.5430248,12916177,3306541312,3306.541312,129,198,118,6,20251020_035116
1760899821.5530088,12916216,3306551296,3306.551296,133,198,118,6,20251020_035116
1760899821.5632489,12916256,3306561536,3306.561536,137,198,119,6,20251020_035116
1760899821.573233,12916295,3306571520,3306.57152,141,198,120,6,20251020_035116
1760899821.583217,12916334,3306581504,3306.581504,145,198,121,6,20251020_035116
1760899821.5932007,12916373,3306591488,3306.591488,149,198,122,6,20251020_035116
1760899821.6031847,12916412,3306601472,3306.601472,153,198,126,6,20251020_035116
1760899821.6131687,12916451,3306611456,3306.611456,157,198,127,6,20251020_035116
1760899821.6231527,12916490,3306621440,3306.62144,161,199,134,6,20251020_035116
1760899821.6331367,12916529,3306631424,3306.631424,166,198,142,6,20251020_035116
1760899821.6431208,12916568,3306641408,3306.641408,171,198,150,6,20251020_035116
1760899821.6531048,12916607,3306651392,3306.651392,176,198,153,6,20251020_035116
1760899821.6630888,12916646,3306661376,3306.661376,181,199,157,6,20251020_035116
1760899821.6730728,12916685,3306671360,3306.67136,187,199,161,6,20251020_035116
1760899821.6830568,12916724,3306681344,3306.681344,192,199,160,6,20251020_035116
1760899821.6930408,12916763,3306691328,3306.691328,198,199,162,6,20251020_035116
1760899821.7032807,12916803,3306701568,3306.701568,203,199,162,6,20251020_035116
1760899821.7132647,12916842,3306711552,3306.711552,209,199,163,6,20251020_035116
1760899821.7232487,12916881,3306721536,3306.721536,214,199,162,6,20251020_035116
1760899821.7332327,12916920,3306731520,3306.73152,219,199,162,6,20251020_035116
1760899821.7432168,12916959,3306741504,3306.741504,225,199,163,6,20251020_035116
1760899821.7532008,12916998,3306751488,3306.751488,230,198,163,6,20251020_035116
1760899821.7631848,12917037,3306761472,3306.761472,234,199,164,6,20251020_035116
1760899821.7731688,12917076,3306771456,3306.771456,239,199,163,6,20251020_035116
1760899821.7831528,12917115,3306781440,3306.78144,244,199,164,6,20251020_035116
1760899821.7931368,12917154,3306791424,3306.791424,248,199,164,6,20251020_035116
1760899821.8031209,12917193,3306801408,3306.801408,253,199,164,6,20251020_035116
1760899821.8131049,12917232,3306811392,3306.811392,2,199,164,6,20251020_035116
1760899821.823089,12917271,3306821376,3306.821376,6,199,164,6,20251020_035116
1760899821.833073,12917310,3306831360,3306.83136,10,199,164,6,20251020_035116
1760899821.843057,12917349,3306841344,3306.841344,14,199,164,6,20251020_035116
1760899821.8532968,12917389,3306851584,3306.851584,17,199,164,6,20251020_035116
1760899821.8632808,12917428,3306861568,3306.861568,21,199,161,6,20251020_035116
1760899821.8732648,12917467,3306871552,3306.871552,25,199,162,6,20251020_035116
1760899821.8832488,12917506,3306881536,3306.881536,29,199,161,6,20251020_035116
1760899821.8932328,12917545,3306891520,3306.89152,32,199,158,6,20251020_035116
1760899821.9032168,12917584,3306901504,3306.901504,36,199,153,6,20251020_035116
1760899821.9132009,12917623,3306911488,3306.911488,40,199,147,6,20251020_035116
1760899821.9231849,12917662,3306921472,3306.921472,45,199,139,6,20251020_035116
1760899821.933169,12917701,3306931456,3306.931456,50,199,134,6,20251020_035116
1760899821.943153,12917740,3306941440,3306.94144,55,199,127,6,20251020_035116
1760899821.9531367,12917779,3306951424,3306.951424,60,198,123,6,20251020_035116
1760899821.9631207,12917818,3306961408,3306.961408,66,199,120,6,20251020_035116
1760899821.9731047,12917857,3306971392,3306.971392,71,199,117,6,20251020_035116
1760899821.9830887,12917896,3306981376,3306.981376,77,198,118,6,20251020_035116
1760899821.9933288,12917936,3306991616,3306.991616,82,198,118,6,20251020_035116
1760899822.0033128,12917975,3307001600,3307.0016,88,198,117,6,20251020_035116
1760899822.0132968,12918014,3307011584,3307.011584,93,198,117,6,20251020_035116
1760899822.0232809,12918053,3307021568,3307.021568,98,198,117,6,20251020_035116
1760899822.0332649,12918092,3307031552,3307.031552,103,199,117,6,20251020_035116
1760899822.043249,12918131,3307041536,3307.041536,108,198,117,6,20251020_035116
1760899822.053233,12918170,3307051520,3307.05152,113,198,116,6,20251020_035116
1760899822.0632167,12918209,3307061504,3307.061504,117,198,117,6,20251020_035116
1760899822.0732007,12918248,3307071488,3307.071488,122,198,117,6,20251020_035116
1760899822.0831847,12918287,3307081472,3307.081472,126,198,116,6,20251020_035116
1760899822.0931687,12918326,3307091456,3307.091456,130,198,117,6,20251020_035116
1760899822.1031528,12918365,3307101440,3307.10144,134,198,116,6,20251020_035116
1760899822.1131368,12918404,3307111424,3307.111424,138,198,118,6,20251020_035116
1760899822.1231208,12918443,3307121408,3307.121408,142,198,118,6,20251020_035116
1760899822.1331048,12918482,3307131392,3307.131392,146,198,119,6,20251020_035116
1760899822.1433449,12918522,3307141632,3307.141632,150,198,121,6,20251020_035116
1760899822.153329,12918561,3307151616,3307.151616,154,198,122,6,20251020_035116
1760899822.163313,12918600,3307161600,3307.1616,157,198,126,6,20251020_035116
1760899822.1732967,12918639,3307171584,3307.171584,161,198,128,6,20251020_035116
1760899822.1832807,12918678,3307181568,3307.181568,166,198,134,6,20251020_035116
1760899822.1932647,12918717,3307191552,3307.191552,170,198,144,6,20251020_035116
1760899822.2032487,12918756,3307201536,3307.201536,175,198,150,6,20251020_035116
1760899822.2132328,12918795,3307211520,3307.21152,180,198,153,6,20251020_035116
1760899822.2232168,12918834,3307221504,3307.221504,186,199,158,6,20251020_035116
1760899822.2332008,12918873,3307231488,3307.231488,191,198,160,6,20251020_035116
1760899822.2431848,12918912,3307241472,3307.241472,197,198,161,6,20251020_035116
1760899822.2531688,12918951,3307251456,3307.251456,202,198,162,6,20251020_035116
1760899822.2631528,12918990,3307261440,3307.26144,208,198,162,6,20251020_035116
1760899822.2731369,12919029,3307271424,3307.271424,213,198,162,6,20251020_035116
1760899822.2833767,12919069,3307281664,3307.281664,219,199,163,6,20251020_035116
1760899822.2933607,12919108,3307291648,3307.291648,224,198,163,6,20251020_035116
1760899822.3033447,12919147,3307301632,3307.301632,229,198,163,6,20251020_035116
1760899822.3133287,12919186,3307311616,3307.311616,234,198,163,6,20251020_035116
1760899822.3233128,12919225,3307321600,3307.3216,238,199,163,6,20251020_035116
1760899822.3332968,12919264,3307331584,3307.331584,243,198,164,6,20251020_035116
1760899822.3432808,12919303,3307341568,3307.341568,248,199,163,6,20251020_035116
1760899822.3532648,12919342,3307351552,3307.351552,252,199,164,6,20251020_035116
1760899822.3632488,12919381,3307361536,3307.361536,1,199,164,6,20251020_035116
1760899822.3732328,12919420,3307371520,3307.37152,5,199,163,6,20251020_035116
1760899822.3832169,12919459,3307381504,3307.381504,9,199,164,6,20251020_035116
1760899822.3932009,12919498,3307391488,3307.391488,13,198,164,6,20251020_035116
1760899822.403185,12919537,3307401472,3307.401472,17,198,164,6,20251020_035116
1760899822.413169,12919576,3307411456,3307.411456,21,198,163,6,20251020_035116
1760899822.4231527,12919615,3307421440,3307.42144,24,198,162,6,20251020_035116
1760899822.4333928,12919655,3307431680,3307.43168,28,198,162,6,20251020_035116
1760899822.4433768,12919694,3307441664,3307.441664,32,199,161,6,20251020_035116
1760899822.4533608,12919733,3307451648,3307.451648,35,199,158,6,20251020_035116
1760899822.4633448,12919772,3307461632,3307.461632,39,199,153,6,20251020_035116
1760899822.4733288,12919811,3307471616,3307.471616,43,199,145,6,20251020_035116
1760899822.4833128,12919850,3307481600,3307.4816,48,199,136,6,20251020_035116
1760899822.4932969,12919889,3307491584,3307.491584,53,199,129,6,20251020_035116
1760899822.5032809,12919928,3307501568,3307.501568,58,199,127,6,20251020_035116
1760899822.513265,12919967,3307511552,3307.511552,64,199,123,6,20251020_035116
1760899822.523249,12920006,3307521536,3307.521536,69,198,118,6,20251020_035116
1760899822.5332327,12920045,3307531520,3307.53152,75,198,118,6,20251020_035116
1760899822.5432167,12920084,3307541504,3307.541504,80,198,119,6,20251020_035116
1760899822.5532007,12920123,3307551488,3307.551488,86,198,118,6,20251020_035116
1760899822.5631847,12920162,3307561472,3307.561472,91,198,118,6,20251020_035116
1760899822.5734248,12920202,3307571712,3307.571712,96,198,118,6,20251020_035116
1760899822.5834088,12920241,3307581696,3307.581696,101,198,118,6,20251020_035116
1760899822.5933928,12920280,3307591680,3307.59168,106,198,118,6,20251020_035116
1760899822.6033769,12920319,3307601664,3307.601664,111,198,118,6,20251020_035116
1760899822.613361,12920358,3307611648,3307.611648,115,198,117,6,20251020_035116
1760899822.623345,12920397,3307621632,3307.621632,120,197,118,6,20251020_035116
1760899822.633329,12920436,3307631616,3307.631616,124,197,118,6,20251020_035116
1760899822.6433127,12920475,3307641600,3307.6416,128,197,118,6,20251020_035116
1760899822.6532967,12920514,3307651584,3307.651584,132,197,117,6,20251020_035116
1760899822.6632807,12920553,3307661568,3307.661568,136,197,118,6,20251020_035116
1760899822.6732647,12920592,3307671552,3307.671552,140,197,117,6,20251020_035116
1760899822.6832488,12920631,3307681536,3307.681536,144,198,118,6,20251020_035116
1760899822.6932328,12920670,3307691520,3307.69152,148,198,118,6,20251020_035116
1760899822.7032168,12920709,3307701504,3307.701504,152,197,120,6,20251020_035116
1760899822.7134569,12920749,3307711744,3307.711744,155,197,121,6,20251020_035116
1760899822.723441,12920788,3307721728,3307.721728,159,198,121,6,20251020_035116
1760899822.733425,12920827,3307731712,3307.731712,163,197,124,6,20251020_035116
1760899822.743409,12920866,3307741696,3307.741696,167,198,124,6,20251020_035116
1760899822.7533927,12920905,3307751680,3307.75168,171,197,127,6,20251020_035116
1760899822.7633767,12920944,3307761664,3307.761664,174,197,129,6,20251020_035116
1760899822.7733607,12920983,3307771648,3307.771648,179,197,134,6,20251020_035116
1760899822.7833447,12921022,3307781632,3307.781632,183,197,138,6,20251020_035116
1760899822.7933288,12921061,3307791616,3307.791616,188,197,145,6,20251020_035116
1760899822.8033128,12921100,3307801600,3307.8016,193,197,150,6,20251020_035116
1760899822.8132968,12921139,3307811584,3307.811584,198,197,153,6,20251020_035116
1760899822.8232808,12921178,3307821568,3307.821568,203,197,155,6,20251020_035116
1760899822.8332648,12921217,3307831552,3307.831552,208,197,158,6,20251020_035116
1760899822.8432488,12921256,3307841536,3307.841536,213,197,161,6,20251020_035116
1760899822.8532329,12921295,3307851520,3307.85152,219,198,162,6,20251020_035116
1760899822.8634727,12921335,3307861760,3307.86176,224,198,161,6,20251020_035116
1760899822.8734567,12921374,3307871744,3307.871744,229,197,162,6,20251020_035116
1760899822.8834407,12921413,3307881728,3307.881728,234,197,163,6,20251020_035116
1760899822.8934247,12921452,3307891712,3307.891712,238,198,163,6,20251020_035116
1760899822.9034088,12921491,3307901696,3307.901696,243,198,163,6,20251020_035116
1760899822.9133928,12921530,3307911680,3307.91168,247,198,162,6,20251020_035116
1760899822.9233768,12921569,3307921664,3307.921664,252,198,163,6,20251020_035116
1760899822.9333608,12921608,3307931648,3307.931648,1,198,164,6,20251020_035116
1760899822.9433448,12921647,3307941632,3307.941632,5,198,164,6,20251020_035116
1760899822.9533288,12921686,3307951616,3307.951616,9,198,163,6,20251020_035116
1760899822.9633129,12921725,3307961600,3307.9616,13,198,163,6,20251020_035116
1760899822.9732969,12921764,3307971584,3307.971584,17,198,163,6,20251020_035116
1760899822.983281,12921803,3307981568,3307.981568,21,198,163,6,20251020_035116
1760899822.993265,12921842,3307991552,3307.991552,24,198,162,6,20251020_035116
1760899823.0035048,12921882,3308001792,3308.001792,28,198,162,6,20251020_035116
1760899823.0134888,12921921,3308011776,3308.011776,32,198,161,6,20251020_035116
1760899823.0234728,12921960,3308021760,3308.02176,35,198,160,6,20251020_035116
1760899823.0334568,12921999,3308031744,3308.031744,39,198,158,6,20251020_035116
1760899823.0434408,12922038,3308041728,3308.041728,43,198,152,6,20251020_035116
1760899823.0534248,12922077,3308051712,3308.051712,47,198,149,6,20251020_035116
1760899823.0634089,12922116,3308061696,3308.061696,51,198,142,6,20251020_035116
1760899823.0733929,12922155,3308071680,3308.07168,56,198,137,6,20251020_035116
1760899823.083377,12922194,3308081664,3308.081664,61,198,132,6,20251020_035116
1760899823.093361,12922233,3308091648,3308.091648,66,198,127,6,20251020_035116
1760899823.103345,12922272,3308101632,3308.101632,71,198,124,6,20251020_035116
1760899823.1133287,12922311,3308111616,3308.111616,77,198,119,6,20251020_035116
1760899823.1233127,12922350,3308121600,3308.1216,82,198,117,6,20251020_035116
1760899823.1332967,12922389,3308131584,3308.131584,88,198,117,6,20251020_035116
1760899823.1432807,12922428,3308141568,3308.141568,93,197,118,6,20251020_035116
1760899823.1535208,12922468,3308151808,3308.151808,98,197,118,6,20251020_035116
1760899823.1635048,12922507,3308161792,3308.161792,103,198,116,6,20251020_035116
1760899823.1734889,12922546,3308171776,3308.171776,108,198,116,6,20251020_035116
1760899823.1834729,12922585,3308181760,3308.18176,113,197,117,6,20251020_035116
1760899823.193457,12922624,3308191744,3308.191744,117,198,116,6,20251020_035116
1760899823.203441,12922663,3308201728,3308.201728,122,198,117,6,20251020_035116
1760899823.2134247,12922702,3308211712,3308.211712,126,197,117,6,20251020_035116
1760899823.2234087,12922741,3308221696,3308.221696,130,197,117,6,20251020_035116
1760899823.2333927,12922780,3308231680,3308.23168,134,198,118,6,20251020_035116
1760899823.2433767,12922819,3308241664,3308.241664,138,197,118,6,20251020_035116
1760899823.2533607,12922858,3308251648,3308.251648,142,197,120,6,20251020_035116
1760899823.2633448,12922897,3308261632,3308.261632,146,198,122,6,20251020_035116
1760899823.2733288,12922936,3308271616,3308.271616,150,197,124,6,20251020_035116
1760899823.2833128,12922975,3308281600,3308.2816,154,197,127,6,20251020_035116
1760899823.2935529,12923015,3308291840,3308.29184,158,198,128,6,20251020_035116
1760899823.303537,12923054,3308301824,3308.301824,162,197,134,6,20251020_035116
1760899823.313521,12923093,3308311808,3308.311808,167,198,142,6,20251020_035116
1760899823.3235047,12923132,3308321792,3308.321792,172,198,150,6,20251020_035116
1760899823.3334887,12923171,3308331776,3308.331776,177,198,153,6,20251020_035116
1760899823.3434727,12923210,3308341760,3308.34176,182,198,157,6,20251020_035116
1760899823.3534567,12923249,3308351744,3308.351744,188,198,160,6,20251020_035116
1760899823.3634408,12923288,3308361728,3308.361728,193,198,160,6,20251020_035116
1760899823.3734248,12923327,3308371712,3308.371712,199,198,162,6,20251020_035116
1760899823.3834088,12923366,3308381696,3308.381696,204,198,162,6,20251020_035116
1760899823.3933928,12923405,3308391680,3308.39168,210,198,162,6,20251020_035116
1760899823.4033768,12923444,3308401664,3308.401664,215,198,162,6,20251020_035116
1760899823.4133608,12923483,3308411648,3308.411648,220,198,163,6,20251020_035116
1760899823.4233449,12923522,3308421632,3308.421632,226,198,163,6,20251020_035116
1760899823.4335847,12923562,3308431872,3308.431872,231,198,163,6,20251020_035116
1760899823.4435687,12923601,3308441856,3308.441856,235,198,163,6,20251020_035116
1760899823.4535527,12923640,3308451840,3308.45184,240,198,163,6,20251020_035116
1760899823.4635367,12923679,3308461824,3308.461824,245,198,164,6,20251020_035116
1760899823.4735208,12923718,3308471808,3308.471808,249,198,163,6,20251020_035116
1760899823.4835048,12923757,3308481792,3308.481792,253,198,164,6,20251020_035116
1760899823.4934888,12923796,3308491776,3308.491776,3,198,163,6,20251020_035116
1760899823.5034728,12923835,3308501760,3308.50176,7,198,164,6,20251020_035116
1760899823.5134568,12923874,3308511744,3308.511744,11,198,164,6,20251020_035116
1760899823.5234408,12923913,3308521728,3308.521728,14,198,163,6,20251020_035116
1760899823.5334249,12923952,3308531712,3308.531712,18,198,163,6,20251020_035116
1760899823.5434089,12923991,3308541696,3308.541696,22,198,162,6,20251020_035116
1760899823.553393,12924030,3308551680,3308.55168,26,198,163,6,20251020_035116
1760899823.563377,12924069,3308561664,3308.561664,29,198,162,6,20251020_035116
1760899823.5736167,12924109,3308571904,3308.571904,33,197,159,6,20251020_035116
1760899823.5836008,12924148,3308581888,3308.581888,37,198,153,6,20251020_035116
1760899823.5935848,12924187,3308591872,3308.591872,41,198,147,6,20251020_035116
1760899823.6035688,12924226,3308601856,3308.601856,45,198,139,6,20251020_035116
1760899823.6135528,12924265,3308611840,3308.61184,50,198,134,6,20251020_035116
1760899823.6235368,12924304,3308621824,3308.621824,55,198,128,6,20251020_035116
1760899823.6335208,12924343,3308631808,3308.631808,61,198,124,6,20251020_035116
1760899823.6435049,12924382,3308641792,3308.641792,66,197,120,6,20251020_035116
1760899823.6534889,12924421,3308651776,3308.651776,72,198,118,6,20251020_035116
1760899823.663473,12924460,3308661760,3308.66176,77,197,118,6,20251020_035116
1760899823.673457,12924499,3308671744,3308.671744,83,198,118,6,20251020_035116
1760899823.6834407,12924538,3308681728,3308.681728,88,198,118,6,20251020_035116
1760899823.6934247,12924577,3308691712,3308.691712,93,197,117,6,20251020_035116
1760899823.7034087,12924616,3308701696,3308.701696,99,198,117,6,20251020_035116
1760899823.7133927,12924655,3308711680,3308.71168,103,197,117,6,20251020_035116
1760899823.7236328,12924695,3308721920,3308.72192,108,197,117,6,20251020_035116
1760899823.7336168,12924734,3308731904,3308.731904,113,198,116,6,20251020_035116
1760899823.7436008,12924773,3308741888,3308.741888,118,197,117,6,20251020_035116
1760899823.7535849,12924812,3308751872,3308.751872,122,197,117,6,20251020_035116
1760899823.7635689,12924851,3308761856,3308.761856,126,197,117,6,20251020_035116
1760899823.773553,12924890,3308771840,3308.77184,130,197,117,6,20251020_035116
1760899823.783537,12924929,3308781824,3308.781824,134,197,118,6,20251020_035116
1760899823.7935207,12924968,3308791808,3308.791808,138,199,118,6,20251020_035116
1760899823.8035047,12925007,3308801792,3308.801792,142,197,119,6,20251020_035116
1760899823.8134887,12925046,3308811776,3308.811776,146,197,121,6,20251020_035116
1760899823.8234727,12925085,3308821760,3308.82176,150,197,123,6,20251020_035116
1760899823.8334568,12925124,3308831744,3308.831744,154,197,127,6,20251020_035116
1760899823.8434408,12925163,3308841728,3308.841728,158,197,128,6,20251020_035116
1760899823.8534248,12925202,3308851712,3308.851712,162,197,135,6,20251020_035116
1760899823.8636649,12925242,3308861952,3308.861952,167,198,145,6,20251020_035116
1760899823.873649,12925281,3308871936,3308.871936,172,197,151,6,20251020_035116
1760899823.883633,12925320,3308881920,3308.88192,177,198,154,6,20251020_035116
1760899823.893617,12925359,3308891904,3308.891904,183,198,158,6,20251020_035116
1760899823.9036007,12925398,3308901888,3308.901888,188,198,161,6,20251020_035116
1760899823.9135847,12925437,3308911872,3308.911872,194,198,161,6,20251020_035116
1760899823.9235687,12925476,3308921856,3308.921856,199,198,160,6,20251020_035116
1760899823.9335527,12925515,3308931840,3308.93184,205,198,162,6,20251020_035116
1760899823.9435368,12925554,3308941824,3308.941824,210,198,162,6,20251020_035116
1760899823.9535208,12925593,3308951808,3308.951808,216,198,163,6,20251020_035116
1760899823.9635048,12925632,3308961792,3308.961792,221,198,162,6,20251020_035116
1760899823.9734888,12925671,3308971776,3308.971776,226,198,163,6,20251020_035116
1760899823.9834728,12925710,3308981760,3308.98176,231,198,163,6,20251020_035116
1760899823.9934568,12925749,3308991744,3308.991744,236,198,162,6,20251020_035116
1760899824.003697,12925789,3309001984,3309.001984,241,198,164,6,20251020_035116
1760899824.0136807,12925828,3309011968,3309.011968,245,198,164,6,20251020_035116
1760899824.0236647,12925867,3309021952,3309.021952,250,198,164,6,20251020_035116
1760899824.0336487,12925906,3309031936,3309.031936,254,198,164,6,20251020_035116
1760899824.0436327,12925945,3309041920,3309.04192,3,198,164,6,20251020_035116
1760899824.0536168,12925984,3309051904,3309.051904,7,198,165,6,20251020_035116
1760899824.0636008,12926023,3309061888,3309.061888,11,198,164,6,20251020_035116
1760899824.0735848,12926062,3309071872,3309.071872,15,198,164,6,20251020_035116
1760899824.0835688,12926101,3309081856,3309.081856,19,198,164,6,20251020_035116
1760899824.0935528,12926140,3309091840,3309.09184,22,198,162,6,20251020_035116
1760899824.1035368,12926179,3309101824,3309.101824,26,198,163,6,20251020_035116
1760899824.1135209,12926218,3309111808,3309.111808,30,198,162,6,20251020_035116
1760899824.1235049,12926257,3309121792,3309.121792,33,198,160,6,20251020_035116
1760899824.133489,12926296,3309131776,3309.131776,37,198,156,6,20251020_035116
1760899824.143473,12926335,3309141760,3309.14176,41,198,149,6,20251020_035116
1760899824.1537127,12926375,3309152000,3309.152,45,198,141,6,20251020_035116
1760899824.1636968,12926414,3309161984,3309.161984,50,198,134,6,20251020_035116
1760899824.1736808,12926453,3309171968,3309.171968,55,198,127,6,20251020_035116
1760899824.1836648,12926492,3309181952,3309.181952,61,197,123,6,20251020_035116
1760899824.1936488,12926531,3309191936,3309.191936,66,198,119,6,20251020_035116
1760899824.2036328,12926570,3309201920,3309.20192,72,197,117,6,20251020_035116
1760899824.2136168,12926609,3309211904,3309.211904,78,198,117,6,20251020_035116
1760899824.2236009,12926648,3309221888,3309.221888,83,197,117,6,20251020_035116
1760899824.233585,12926687,3309231872,3309.231872,88,197,117,6,20251020_035116
1760899824.243569,12926726,3309241856,3309.241856,94,197,116,6,20251020_035116
1760899824.253553,12926765,3309251840,3309.25184,99,197,116,6,20251020_035116
1760899824.2635367,12926804,3309261824,3309.261824,104,197,117,6,20251020_035116
1760899824.2735207,12926843,3309271808,3309.271808,108,197,117,6,20251020_035116
1760899824.2835047,12926882,3309281792,3309.281792,113,197,117,6,20251020_035116
1760899824.2937448,12926922,3309292032,3309.292032,118,196,117,6,20251020_035116
1760899824.3037288,12926961,3309302016,3309.302016,122,196,117,6,20251020_035116
1760899824.3137128,12927000,3309312000,3309.312,126,196,117,6,20251020_035116
1760899824.3236969,12927039,3309321984,3309.321984,131,196,117,6,20251020_035116
1760899824.3336809,12927078,3309331968,3309.331968,135,196,117,6,20251020_035116
1760899824.343665,12927117,3309341952,3309.341952,139,196,117,6,20251020_035116
1760899824.353649,12927156,3309351936,3309.351936,142,196,118,6,20251020_035116
1760899824.363633,12927195,3309361920,3309.36192,146,196,119,6,20251020_035116
1760899824.3736167,12927234,3309371904,3309.371904,150,196,118,6,20251020_035116
1760899824.3836007,12927273,3309381888,3309.381888,154,196,120,6,20251020_035116
1760899824.3935847,12927312,3309391872,3309.391872,157,196,121,6,20251020_035116
1760899824.4035687,12927351,3309401856,3309.401856,161,196,122,6,20251020_035116
1760899824.4135528,12927390,3309411840,3309.41184,165,196,124,6,20251020_035116
1760899824.4235368,12927429,3309421824,3309.421824,169,196,127,6,20251020_035116
1760899824.4337769,12927469,3309432064,3309.432064,173,196,127,6,20251020_035116
1760899824.4437609,12927508,3309442048,3309.442048,177,197,132,6,20251020_035116
1760899824.453745,12927547,3309452032,3309.452032,181,196,138,6,20251020_035116
1760899824.463729,12927586,3309462016,3309.462016,186,196,145,6,20251020_035116
1760899824.4737127,12927625,3309472000,3309.472,191,197,150,6,20251020_035116
1760899824.4836967,12927664,3309481984,3309.481984,196,196,153,6,20251020_035116
1760899824.4936807,12927703,3309491968,3309.491968,201,197,154,6,20251020_035116
1760899824.5036647,12927742,3309501952,3309.501952,206,197,159,6,20251020_035116
1760899824.5136487,12927781,3309511936,3309.511936,212,197,161,6,20251020_035116
1760899824.5236328,12927820,3309521920,3309.52192,217,197,160,6,20251020_035116
1760899824.5336168,12927859,3309531904,3309.531904,222,197,162,6,20251020_035116
1760899824.5436008,12927898,3309541888,3309.541888,227,197,161,6,20251020_035116
1760899824.5535848,12927937,3309551872,3309.551872,232,196,162,6,20251020_035116
1760899824.5635688,12927976,3309561856,3309.561856,237,197,162,6,20251020_035116
1760899824.5735528,12928015,3309571840,3309.57184,242,197,163,6,20251020_035116
1760899824.5837927,12928055,3309582080,3309.58208,246,197,163,6,20251020_035116
1760899824.5937767,12928094,3309592064,3309.592064,250,198,162,6,20251020_035116
1760899824.6037607,12928133,3309602048,3309.602048,0,197,164,6,20251020_035116
1760899824.6137447,12928172,3309612032,3309.612032,4,198,163,6,20251020_035116
1760899824.6237288,12928211,3309622016,3309.622016,8,197,164,6,20251020_035116
1760899824.6337128,12928250,3309632000,3309.632,12,197,163,6,20251020_035116
1760899824.6436968,12928289,3309641984,3309.641984,16,197,164,6,20251020_035116
1760899824.6536808,12928328,3309651968,3309.651968,19,197,163,6,20251020_035116
1760899824.6636648,12928367,3309661952,3309.661952,23,197,163,6,20251020_035116
1760899824.6736488,12928406,3309671936,3309.671936,27,197,163,6,20251020_035116
1760899824.6836329,12928445,3309681920,3309.68192,30,197,163,6,20251020_035116
1760899824.6936169,12928484,3309691904,3309.691904,34,197,162,6,20251020_035116
1760899824.703601,12928523,3309701888,3309.701888,37,198,162,6,20251020_035116
1760899824.713585,12928562,3309711872,3309.711872,41,197,161,6,20251020_035116
1760899824.7238247,12928602,3309722112,3309.722112,44,198,159,6,20251020_035116
1760899824.7338088,12928641,3309732096,3309.732096,48,198,156,6,20251020_035116
1760899824.7437928,12928680,3309742080,3309.74208,52,197,149,6,20251020_035116
1760899824.7537768,12928719,3309752064,3309.752064,56,197,144,6,20251020_035116
1760899824.7637608,12928758,3309762048,3309.762048,61,197,137,6,20251020_035116
1760899824.7737448,12928797,3309772032,3309.772032,66,198,128,6,20251020_035116
1760899824.7837288,12928836,3309782016,3309.782016,71,197,126,6,20251020_035116
1760899824.7937129,12928875,3309792000,3309.792,76,198,121,6,20251020_035116
1760899824.8036969,12928914,3309801984,3309.801984,82,197,117,6,20251020_035116
1760899824.813681,12928953,3309811968,3309.811968,87,197,116,6,20251020_035116
1760899824.823665,12928992,3309821952,3309.821952,92,197,118,6,20251020_035116
1760899824.8336487,12929031,3309831936,3309.831936,98,197,117,6,20251020_035116
1760899824.8436327,12929070,3309841920,3309.84192,103,197,117,6,20251020_035116
1760899824.8536167,12929109,3309851904,3309.851904,107,197,116,6,20251020_035116
1760899824.8638568,12929149,3309862144,3309.862144,112,197,117,6,20251020_035116
1760899824.8738408,12929188,3309872128,3309.872128,117,197,118,6,20251020_035116
1760899824.8838248,12929227,3309882112,3309.882112,121,197,118,6,20251020_035116
1760899824.8938088,12929266,3309892096,3309.892096,125,196,118,6,20251020_035116
1760899824.9037929,12929305,3309902080,3309.90208,130,196,118,6,20251020_035116
1760899824.9137769,12929344,3309912064,3309.912064,134,196,118,6,20251020_035116
1760899824.923761,12929383,3309922048,3309.922048,138,196,118,6,20251020_035116
1760899824.933745,12929422,3309932032,3309.932032,142,196,120,6,20251020_035116
1760899824.9437287,12929461,3309942016,3309.942016,146,196,121,6,20251020_035116
1760899824.9537127,12929500,3309952000,3309.952,149,197,122,6,20251020_035116
1760899824.9636967,12929539,3309961984,3309.961984,153,197,126,6,20251020_035116
1760899824.9736807,12929578,3309971968,3309.971968,157,197,127,6,20251020_035116
1760899824.9836648,12929617,3309981952,3309.981952,161,197,128,6,20251020_035116
1760899824.9936488,12929656,3309991936,3309.991936,165,197,132,6,20251020_035116
1760899825.0036328,12929695,3310001920,3310.00192,170,197,137,6,20251020_035116
1760899825.0138729,12929735,3310012160,3310.01216,174,197,144,6,20251020_035116
1760899825.0238569,12929774,3310022144,3310.022144,179,197,151,6,20251020_035116
1760899825.033841,12929813,3310032128,3310.032128,185,197,153,6,20251020_035116
1760899825.043825,12929852,3310042112,3310.042112,190,197,156,6,20251020_035116
1760899825.0538087,12929891,3310052096,3310.052096,195,197,158,6,20251020_035116
1760899825.0637927,12929930,3310062080,3310.06208,201,197,161,6,20251020_035116
1760899825.0737767,12929969,3310072064,3310.072064,206,197,161,6,20251020_035116
1760899825.0837607,12930008,3310082048,3310.082048,212,197,161,6,20251020_035116
1760899825.0937448,12930047,3310092032,3310.092032,217,197,162,6,20251020_035116
1760899825.1037288,12930086,3310102016,3310.102016,222,197,162,6,20251020_035116
1760899825.1137128,12930125,3310112000,3310.112,227,197,162,6,20251020_035116
1760899825.1236968,12930164,3310121984,3310.121984,232,197,163,6,20251020_035116
1760899825.1336808,12930203,3310131968,3310.131968,237,197,163,6,20251020_035116
1760899825.1436648,12930242,3310141952,3310.141952,242,197,164,6,20251020_035116
1760899825.153905,12930282,3310152192,3310.152192,246,197,163,6,20251020_035116
1760899825.1638887,12930321,3310162176,3310.162176,251,197,164,6,20251020_035116
1760899825.1738727,12930360,3310172160,3310.17216,0,197,164,6,20251020_035116
1760899825.1838567,12930399,3310182144,3310.182144,4,197,164,6,20251020_035116
1760899825.1938407,12930438,3310192128,3310.192128,8,197,164,6,20251020_035116
1760899825.2038248,12930477,3310202112,3310.202112,12,197,164,6,20251020_035116
1760899825.2138088,12930516,3310212096,3310.212096,16,198,162,6,20251020_035116
1760899825.2237928,12930555,3310222080,3310.22208,20,197,163,6,20251020_035116
1760899825.2337768,12930594,3310232064,3310.232064,23,197,162,6,20251020_035116
1760899825.2437608,12930633,3310242048,3310.242048,27,197,162,6,20251020_035116
1760899825.2537448,12930672,3310252032,3310.252032,31,197,161,6,20251020_035116
1760899825.2637289,12930711,3310262016,3310.262016,34,197,159,6,20251020_035116
1760899825.2737129,12930750,3310272000,3310.272,38,197,156,6,20251020_035116
1760899825.283697,12930789,3310281984,3310.281984,42,197,150,6,20251020_035116
1760899825.2939367,12930829,3310292224,3310.292224,46,197,145,6,20251020_035116
1760899825.3039207,12930868,3310302208,3310.302208,51,197,139,6,20251020_035116
1760899825.3139048,12930907,3310312192,3310.312192,56,197,132,6,20251020_035116
1760899825.3238888,12930946,3310322176,3310.322176,61,197,128,6,20251020_035116
1760899825.3338728,12930985,3310332160,3310.33216,66,197,123,6,20251020_035116
1760899825.3438568,12931024,3310342144,3310.342144,72,197,120,6,20251020_035116
1760899825.3538408,12931063,3310352128,3310.352128,77,197,117,6,20251020_035116
1760899825.3638248,12931102,3310362112,3310.362112,83,197,116,6,20251020_035116
1760899825.3738089,12931141,3310372096,3310.372096,88,197,117,6,20251020_035116
1760899825.3837929,12931180,3310382080,3310.38208,93,197,117,6,20251020_035116
1760899825.393777,12931219,3310392064,3310.392064,98,197,117,6,20251020_035116
1760899825.403761,12931258,3310402048,3310.402048,103,197,118,6,20251020_035116
1760899825.4137447,12931297,3310412032,3310.412032,108,196,117,6,20251020_035116
1760899825.4237287,12931336,3310422016,3310.422016,113,197,117,6,20251020_035116
1760899825.4337127,12931375,3310432000,3310.432,117,197,117,6,20251020_035116
1760899825.4439528,12931415,3310442240,3310.44224,122,197,117,6,20251020_035116
1760899825.4539368,12931454,3310452224,3310.452224,126,196,117,6,20251020_035116
1760899825.4639208,12931493,3310462208,3310.462208,130,196,117,6,20251020_035116
1760899825.4739048,12931532,3310472192,3310.472192,134,196,118,6,20251020_035116
1760899825.4838889,12931571,3310482176,3310.482176,138,196,118,6,20251020_035116
1760899825.493873,12931610,3310492160,3310.49216,142,196,120,6,20251020_035116
1760899825.503857,12931649,3310502144,3310.502144,146,196,122,6,20251020_035116
1760899825.513841,12931688,3310512128,3310.512128,150,196,124,6,20251020_035116
1760899825.5238247,12931727,3310522112,3310.522112,154,197,127,6,20251020_035116
1760899825.5338087,12931766,3310532096,3310.532096,158,197,129,6,20251020_035116
1760899825.5437927,12931805,3310542080,3310.54208,162,197,136,6,20251020_035116
1760899825.5537767,12931844,3310552064,3310.552064,167,197,145,6,20251020_035116
1760899825.5637608,12931883,3310562048,3310.562048,172,198,151,6,20251020_035116
1760899825.5737448,12931922,3310572032,3310.572032,177,198,155,6,20251020_035116
1760899825.5839849,12931962,3310582272,3310.582272,183,197,159,6,20251020_035116
1760899825.5939689,12932001,3310592256,3310.592256,188,198,159,6,20251020_035116
1760899825.603953,12932040,3310602240,3310.60224,194,197,161,6,20251020_035116
1760899825.613937,12932079,3310612224,3310.612224,200,197,161,6,20251020_035116
1760899825.623921,12932118,3310622208,3310.622208,205,197,162,6,20251020_035116
1760899825.6339047,12932157,3310632192,3310.632192,211,197,162,6,20251020_035116
1760899825.6438887,12932196,3310642176,3310.642176,216,198,162,6,20251020_035116
1760899825.6538727,12932235,3310652160,3310.65216,221,197,162,6,20251020_035116
1760899825.6638567,12932274,3310662144,3310.662144,226,197,163,6,20251020_035116
1760899825.6738408,12932313,3310672128,3310.672128,231,197,163,6,20251020_035116
1760899825.6838248,12932352,3310682112,3310.682112,236,198,163,6,20251020_035116
1760899825.6938088,12932391,3310692096,3310.692096,241,198,163,6,20251020_035116
1760899825.7037928,12932430,3310702080,3310.70208,245,197,163,6,20251020_035116
1760899825.7137768,12932469,3310712064,3310.712064,250,197,164,6,20251020_035116
1760899825.7237608,12932508,3310722048,3310.722048,254,197,164,6,20251020_035116
1760899825.7340007,12932548,3310732288,3310.732288,3,197,164,6,20251020_035116
1760899825.7439847,12932587,3310742272,3310.742272,7,197,164,6,20251020_035116
1760899825.7539687,12932626,3310752256,3310.752256,11,197,164,6,20251020_035116
1760899825.7639527,12932665,3310762240,3310.76224,15,197,164,6,20251020_035116
1760899825.7739367,12932704,3310772224,3310.772224,19,198,163,6,20251020_035116
1760899825.7839208,12932743,3310782208,3310.782208,22,198,163,6,20251020_035116
1760899825.7939048,12932782,3310792192,3310.792192,26,197,162,6,20251020_035116
1760899825.8038888,12932821,3310802176,3310.802176,30,198,160,6,20251020_035116
1760899825.8138728,12932860,3310812160,3310.81216,33,198,159,6,20251020_035116
1760899825.8238568,12932899,3310822144,3310.822144,37,197,153,6,20251020_035116
1760899825.8338408,12932938,3310832128,3310.832128,41,197,147,6,20251020_035116
1760899825.8438249,12932977,3310842112,3310.842112,46,197,139,6,20251020_035116
1760899825.8538089,12933016,3310852096,3310.852096,51,197,132,6,20251020_035116
1760899825.863793,12933055,3310862080,3310.86208,56,198,127,6,20251020_035116
1760899825.873777,12933094,3310872064,3310.872064,61,197,123,6,20251020_035116
1760899825.8840168,12933134,3310882304,3310.882304,67,198,119,6,20251020_035116
1760899825.8940008,12933173,3310892288,3310.892288,73,197,117,6,20251020_035116
1760899825.9039848,12933212,3310902272,3310.902272,78,197,118,6,20251020_035116
1760899825.9139688,12933251,3310912256,3310.912256,84,197,117,6,20251020_035116
1760899825.9239528,12933290,3310922240,3310.92224,89,197,117,6,20251020_035116
1760899825.9339368,12933329,3310932224,3310.932224,94,197,117,6,20251020_035116
1760899825.9439209,12933368,3310942208,3310.942208,99,197,116,6,20251020_035116
1760899825.9539049,12933407,3310952192,3310.952192,104,197,117,6,20251020_035116
1760899825.963889,12933446,3310962176,3310.962176,109,197,117,6,20251020_035116
1760899825.973873,12933485,3310972160,3310.97216,114,196,117,6,20251020_035116
1760899825.983857,12933524,3310982144,3310.982144,118,196,117,6,20251020_035116
1760899825.9938407,12933563,3310992128,3310.992128,123,196,116,6,20251020_035116
1760899826.0038247,12933602,3311002112,3311.002112,127,196,117,6,20251020_035116
1760899826.0138087,12933641,3311012096,3311.012096,131,195,117,6,20251020_035116
1760899826.0240488,12933681,3311022336,3311.022336,135,196,117,6,20251020_035116
1760899826.0340328,12933720,3311032320,3311.03232,139,195,118,6,20251020_035116
1760899826.0440168,12933759,3311042304,3311.042304,143,195,118,6,20251020_035116
1760899826.0540009,12933798,3311052288,3311.052288,147,195,120,6,20251020_035116
1760899826.0639849,12933837,3311062272,3311.062272,151,195,121,6,20251020_035116
1760899826.073969,12933876,3311072256,3311.072256,154,195,124,6,20251020_035116
1760899826.083953,12933915,3311082240,3311.08224,158,195,127,6,20251020_035116
1760899826.0939367,12933954,3311092224,3311.092224,162,196,130,6,20251020_035116
1760899826.1039207,12933993,3311102208,3311.102208,167,196,138,6,20251020_035116
1760899826.1139047,12934032,3311112192,3311.112192,171,197,146,6,20251020_035116
1760899826.1238887,12934071,3311122176,3311.122176,177,196,152,6,20251020_035116
1760899826.1338727,12934110,3311132160,3311.13216,182,197,156,6,20251020_035116
1760899826.1438568,12934149,3311142144,3311.142144,187,197,159,6,20251020_035116
1760899826.1538408,12934188,3311152128,3311.152128,193,197,161,6,20251020_035116
1760899826.1640809,12934228,3311162368,3311.162368,199,197,161,6,20251020_035116
1760899826.1740649,12934267,3311172352,3311.172352,204,197,162,6,20251020_035116
1760899826.184049,12934306,3311182336,3311.182336,210,197,161,6,20251020_035116
1760899826.194033,12934345,3311192320,3311.19232,215,197,162,6,20251020_035116
1760899826.2040167,12934384,3311202304,3311.202304,220,197,163,6,20251020_035116
1760899826.2140007,12934423,3311212288,3311.212288,225,196,163,6,20251020_035116
1760899826.2239847,12934462,3311222272,3311.222272,230,197,162,6,20251020_035116
1760899826.2342248,12934502,3311232512,3311.232512,235,197,163,6,20251020_035116
1760899826.2442088,12934541,3311242496,3311.242496,240,197,163,6,20251020_035116
1760899826.2541928,12934580,3311252480,3311.25248,244,197,163,6,20251020_035116
1760899826.2641768,12934619,3311262464,3311.262464,249,197,163,6,20251020_035116
1760899826.2741609,12934658,3311272448,3311.272448,253,197,164,6,20251020_035116
1760899826.2841449,12934697,3311282432,3311.282432,2,197,163,6,20251020_035116
1760899826.294129,12934736,3311292416,3311.292416,6,197,164,6,20251020_035116
1760899826.3043687,12934776,3311302656,3311.302656,10,197,164,6,20251020_035116
1760899826.3143528,12934815,3311312640,3311.31264,14,197,164,6,20251020_035116
1760899826.3243368,12934854,3311322624,3311.322624,18,197,163,6,20251020_035116
1760899826.3343208,12934893,3311332608,3311.332608,22,197,162,6,20251020_035116
1760899826.3443048,12934932,3311342592,3311.342592,25,197,162,6,20251020_035116
1760899826.3542888,12934971,3311352576,3311.352576,29,197,161,6,20251020_035116
1760899826.3642728,12935010,3311362560,3311.36256,33,197,159,6,20251020_035116
1760899826.3742568,12935049,3311372544,3311.372544,36,198,157,6,20251020_035116
1760899826.3844967,12935089,3311382784,3311.382784,40,197,152,6,20251020_035116
1760899826.3944807,12935128,3311392768,3311.392768,45,197,144,6,20251020_035116
1760899826.4044647,12935167,3311402752,3311.402752,49,197,136,6,20251020_035116
1760899826.4144487,12935206,3311412736,3311.412736,54,197,129,6,20251020_035116
1760899826.4244328,12935245,3311422720,3311.42272,59,198,126,6,20251020_035116
1760899826.4344168,12935284,3311432704,3311.432704,65,198,122,6,20251020_035116
1760899826.4444008,12935323,3311442688,3311.442688,71,198,117,6,20251020_035116
1760899826.4543848,12935362,3311452672,3311.452672,76,197,117,6,20251020_035116
1760899826.4643688,12935401,3311462656,3311.462656,82,198,118,6,20251020_035116
1760899826.4743528,12935440,3311472640,3311.47264,87,197,116,6,20251020_035116
1760899826.484593,12935480,3311482880,3311.48288,92,197,117,6,20251020_035116
1760899826.4945767,12935519,3311492864,3311.492864,97,197,117,6,20251020_035116
1760899826.5045607,12935558,3311502848,3311.502848,102,197,117,6,20251020_035116
1760899826.5145447,12935597,3311512832,3311.512832,107,197,118,6,20251020_035116
1760899826.5245287,12935636,3311522816,3311.522816,112,197,117,6,20251020_035116
1760899826.5345128,12935675,3311532800,3311.5328,117,197,117,6,20251020_035116
1760899826.5444968,12935714,3311542784,3311.542784,121,197,117,6,20251020_035116
1760899826.5544808,12935753,3311552768,3311.552768,125,197,117,6,20251020_035116
1760899826.5644648,12935792,3311562752,3311.562752,130,196,117,6,20251020_035116
1760899826.5744488,12935831,3311572736,3311.572736,134,196,117,6,20251020_035116
1760899826.5844328,12935870,3311582720,3311.58272,138,196,117,6,20251020_035116
1760899826.5944169,12935909,3311592704,3311.592704,141,196,117,6,20251020_035116
1760899826.6044009,12935948,3311602688,3311.602688,145,195,118,6,20251020_035116
1760899826.614385,12935987,3311612672,3311.612672,149,196,118,6,20251020_035116
1760899826.624369,12936026,3311622656,3311.622656,153,195,119,6,20251020_035116
1760899826.6346087,12936066,3311632896,3311.632896,156,196,119,6,20251020_035116
1760899826.6445928,12936105,3311642880,3311.64288,160,195,121,6,20251020_035116
1760899826.6545768,12936144,3311652864,3311.652864,164,196,122,6,20251020_035116
1760899826.6645608,12936183,3311662848,3311.662848,167,196,124,6,20251020_035116
1760899826.6745448,12936222,3311672832,3311.672832,171,196,125,6,20251020_035116
1760899826.6845288,12936261,3311682816,3311.682816,175,196,127,6,20251020_035116
1760899826.6945128,12936300,3311692800,3311.6928,179,196,131,6,20251020_035116
1760899826.7044969,12936339,3311702784,3311.702784,183,196,137,6,20251020_035116
1760899826.7144809,12936378,3311712768,3311.712768,188,197,144,6,20251020_035116
1760899826.724465,12936417,3311722752,3311.722752,193,197,149,6,20251020_035116
1760899826.734449,12936456,3311732736,3311.732736,198,197,152,6,20251020_035116
1760899826.7444327,12936495,3311742720,3311.74272,203,197,155,6,20251020_035116
1760899826.7544167,12936534,3311752704,3311.752704,208,197,158,6,20251020_035116
1760899826.7644007,12936573,3311762688,3311.762688,214,197,160,6,20251020_035116
1760899826.7746408,12936613,3311772928,3311.772928,219,197,161,6,20251020_035116
1760899826.7846248,12936652,3311782912,3311.782912,224,198,162,6,20251020_035116
1760899826.7946088,12936691,3311792896,3311.792896,229,197,162,6,20251020_035116
1760899826.8045928,12936730,3311802880,3311.80288,234,197,162,6,20251020_035116
1760899826.8145769,12936769,3311812864,3311.812864,239,197,162,6,20251020_035116
1760899826.8245609,12936808,3311822848,3311.822848,243,198,162,6,20251020_035116
1760899826.834545,12936847,3311832832,3311.832832,248,198,162,6,20251020_035116
1760899826.844529,12936886,3311842816,3311.842816,252,198,163,6,20251020_035116
1760899826.8545127,12936925,3311852800,3311.8528,1,198,164,6,20251020_035116
1760899826.8644967,12936964,3311862784,3311.862784,5,197,163,6,20251020_035116
1760899826.8744807,12937003,3311872768,3311.872768,9,198,162,6,20251020_035116
1760899826.8844647,12937042,3311882752,3311.882752,13,198,162,6,20251020_035116
1760899826.8944488,12937081,3311892736,3311.892736,17,198,163,6,20251020_035116
1760899826.9044328,12937120,3311902720,3311.90272,21,197,162,6,20251020_035116
1760899826.9146729,12937160,3311912960,3311.91296,25,198,162,6,20251020_035116
1760899826.9246569,12937199,3311922944,3311.922944,28,198,162,6,20251020_035116
1760899826.934641,12937238,3311932928,3311.932928,32,197,160,6,20251020_035116
1760899826.944625,12937277,3311942912,3311.942912,35,197,161,6,20251020_035116
1760899826.954609,12937316,3311952896,3311.952896,39,198,159,6,20251020_035116
1760899826.9645927,12937355,3311962880,3311.96288,43,198,157,6,20251020_035116
1760899826.9745767,12937394,3311972864,3311.972864,46,198,154,6,20251020_035116
1760899826.9845607,12937433,3311982848,3311.982848,51,198,147,6,20251020_035116
1760899826.9945447,12937472,3311992832,3311.992832,55,198,142,6,20251020_035116
1760899827.0045288,12937511,3312002816,3312.002816,60,198,136,6,20251020_035116
1760899827.0145128,12937550,3312012800,3312.0128,65,198,129,6,20251020_035116
1760899827.0247529,12937590,3312023040,3312.02304,70,198,126,6,20251020_035116
1760899827.0347369,12937629,3312033024,3312.033024,75,197,122,6,20251020_035116
1760899827.044721,12937668,3312043008,3312.043008,81,198,118,6,20251020_035116
1760899827.054705,12937707,3312052992,3312.052992,86,198,116,6,20251020_035116
1760899827.0646887,12937746,3312062976,3312.062976,91,198,118,6,20251020_035116
1760899827.0746727,12937785,3312072960,3312.07296,96,197,118,6,20251020_035116
1760899827.0846567,12937824,3312082944,3312.082944,102,198,118,6,20251020_035116
1760899827.0946407,12937863,3312092928,3312.092928,106,197,117,6,20251020_035116
1760899827.1048808,12937903,3312103168,3312.103168,111,197,117,6,20251020_035116
1760899827.1148648,12937942,3312113152,3312.113152,116,197,117,6,20251020_035116
1760899827.1248488,12937981,3312123136,3312.123136,120,197,117,6,20251020_035116
1760899827.1348329,12938020,3312133120,3312.13312,125,196,117,6,20251020_035116
1760899827.1448169,12938059,3312143104,3312.143104,129,196,117,6,20251020_035116
1760899827.154801,12938098,3312153088,3312.153088,133,196,118,6,20251020_035116
1760899827.164785,12938137,3312163072,3312.163072,137,196,118,6,20251020_035116
1760899827.1747687,12938176,3312173056,3312.173056,141,196,120,6,20251020_035116
1760899827.1847527,12938215,3312183040,3312.18304,145,196,120,6,20251020_035116
1760899827.1947367,12938254,3312193024,3312.193024,149,196,123,6,20251020_035116
1760899827.2047207,12938293,3312203008,3312.203008,153,196,126,6,20251020_035116
1760899827.2147048,12938332,3312212992,3312.212992,157,196,127,6,20251020_035116
1760899827.2246888,12938371,3312222976,3312.222976,161,196,132,6,20251020_035116
1760899827.2346728,12938410,3312232960,3312.23296,165,196,140,6,20251020_035116
1760899827.2449129,12938450,3312243200,3312.2432,170,196,148,6,20251020_035116
1760899827.2548969,12938489,3312253184,3312.253184,175,197,151,6,20251020_035116
1760899827.264881,12938528,3312263168,3312.263168,180,196,155,6,20251020_035116
1760899827.274865,12938567,3312273152,3312.273152,186,197,158,6,20251020_035116
1760899827.2848487,12938606,3312283136,3312.283136,192,197,161,6,20251020_035116
1760899827.2948327,12938645,3312293120,3312.29312,197,196,161,6,20251020_035116
1760899827.3048167,12938684,3312303104,3312.303104,203,197,161,6,20251020_035116
1760899827.3148007,12938723,3312313088,3312.313088,208,197,162,6,20251020_035116
1760899827.3247848,12938762,3312323072,3312.323072,214,197,163,6,20251020_035116
1760899827.3347688,12938801,3312333056,3312.333056,219,197,163,6,20251020_035116
1760899827.3447528,12938840,3312343040,3312.34304,224,196,162,6,20251020_035116
1760899827.3547368,12938879,3312353024,3312.353024,229,197,163,6,20251020_035116
1760899827.3647208,12938918,3312363008,3312.363008,234,197,163,6,20251020_035116
1760899827.3747048,12938957,3312372992,3312.372992,239,197,164,6,20251020_035116
1760899827.3846889,12938996,3312382976,3312.382976,243,197,164,6,20251020_035116
1760899827.3949287,12939036,3312393216,3312.393216,248,197,164,6,20251020_035116
1760899827.4049127,12939075,3312403200,3312.4032,252,197,164,6,20251020_035116
1760899827.4148967,12939114,3312413184,3312.413184,1,198,164,6,20251020_035116
1760899827.4248807,12939153,3312423168,3312.423168,5,197,164,6,20251020_035116
1760899827.4348648,12939192,3312433152,3312.433152,9,197,164,6,20251020_035116
1760899827.4448488,12939231,3312443136,3312.443136,13,198,164,6,20251020_035116
1760899827.4548328,12939270,3312453120,3312.45312,17,197,163,6,20251020_035116
1760899827.4648168,12939309,3312463104,3312.463104,21,198,163,6,20251020_035116
1760899827.4748008,12939348,3312473088,3312.473088,24,198,162,6,20251020_035116
1760899827.4847848,12939387,3312483072,3312.483072,28,198,161,6,20251020_035116
1760899827.4947689,12939426,3312493056,3312.493056,32,198,159,6,20251020_035116
1760899827.5047529,12939465,3312503040,3312.50304,36,198,154,6,20251020_035116
1760899827.514737,12939504,3312513024,3312.513024,40,197,149,6,20251020_035116
1760899827.524721,12939543,3312523008,3312.523008,44,198,140,6,20251020_035116
1760899827.5349607,12939583,3312533248,3312.533248,49,197,135,6,20251020_035116
1760899827.5449448,12939622,3312543232,3312.543232,54,198,128,6,20251020_035116
1760899827.5549288,12939661,3312553216,3312.553216,59,198,125,6,20251020_035116
1760899827.5649128,12939700,3312563200,3312.5632,65,198,121,6,20251020_035116
1760899827.5748968,12939739,3312573184,3312.573184,70,198,117,6,20251020_035116
1760899827.5848808,12939778,3312583168,3312.583168,76,198,117,6,20251020_035116
1760899827.5948648,12939817,3312593152,3312.593152,81,198,118,6,20251020_035116
1760899827.6048489,12939856,3312603136,3312.603136,87,198,118,6,20251020_035116
1760899827.6148329,12939895,3312613120,3312.61312,92,197,117,6,20251020_035116
1760899827.624817,12939934,3312623104,3312.623104,97,197,117,6,20251020_035116
1760899827.634801,12939973,3312633088,3312.633088,102,198,117,6,20251020_035116
1760899827.6447847,12940012,3312643072,3312.643072,107,198,116,6,20251020_035116
1760899827.6547687,12940051,3312653056,3312.653056,112,198,116,6,20251020_035116
1760899827.6647527,12940090,3312663040,3312.66304,116,197,117,6,20251020_035116
1760899827.6749928,12940130,3312673280,3312.67328,121,197,117,6,20251020_035116
1760899827.6849768,12940169,3312683264,3312.683264,125,197,116,6,20251020_035116
1760899827.6949608,12940208,3312693248,3312.693248,129,197,117,6,20251020_035116
1760899827.7049448,12940247,3312703232,3312.703232,133,197,118,6,20251020_035116
1760899827.7149289,12940286,3312713216,3312.713216,137,196,118,6,20251020_035116
1760899827.724913,12940325,3312723200,3312.7232,141,196,119,6,20251020_035116
1760899827.734897,12940364,3312733184,3312.733184,145,196,120,6,20251020_035116
1760899827.744881,12940403,3312743168,3312.743168,149,196,123,6,20251020_035116
1760899827.7548647,12940442,3312753152,3312.753152,153,196,126,6,20251020_035116
1760899827.7648487,12940481,3312763136,3312.763136,157,197,127,6,20251020_035116
1760899827.7748327,12940520,3312773120,3312.77312,161,197,134,6,20251020_035116
1760899827.7848167,12940559,3312783104,3312.783104,166,196,142,6,20251020_035116
1760899827.7948008,12940598,3312793088,3312.793088,171,196,149,6,20251020_035116
1760899827.8047848,12940637,3312803072,3312.803072,176,197,153,6,20251020_035116
1760899827.8150249,12940677,3312813312,3312.813312,181,197,158,6,20251020_035116
1760899827.8250089,12940716,3312823296,3312.823296,187,197,160,6,20251020_035116
1760899827.834993,12940755,3312833280,3312.83328,192,196,161,6,20251020_035116
1760899827.844977,12940794,3312843264,3312.843264,198,197,161,6,20251020_035116
1760899827.854961,12940833,3312853248,3312.853248,204,197,161,6,20251020_035116
1760899827.8649447,12940872,3312863232,3312.863232,209,197,161,6,20251020_035116
1760899827.8749287,12940911,3312873216,3312.873216,214,197,162,6,20251020_035116
1760899827.8849127,12940950,3312883200,3312.8832,220,197,162,6,20251020_035116
1760899827.8948967,12940989,3312893184,3312.893184,225,197,163,6,20251020_035116
1760899827.9048808,12941028,3312903168,3312.903168,230,197,163,6,20251020_035116
1760899827.9148648,12941067,3312913152,3312.913152,235,197,163,6,20251020_035116
1760899827.9248488,12941106,3312923136,3312.923136,239,197,163,6,20251020_035116
1760899827.9348328,12941145,3312933120,3312.93312,244,197,163,6,20251020_035116
1760899827.9448168,12941184,3312943104,3312.943104,248,197,164,6,20251020_035116
1760899827.955057,12941224,3312953344,3312.953344,253,197,163,6,20251020_035116
1760899827.9650407,12941263,3312963328,3312.963328,2,198,165,6,20251020_035116
1760899827.9750247,12941302,3312973312,3312.973312,6,198,164,6,20251020_035116
1760899827.9850087,12941341,3312983296,3312.983296,10,197,163,6,20251020_035116
1760899827.9949927,12941380,3312993280,3312.99328,14,197,163,6,20251020_035116
1760899828.0049767,12941419,3313003264,3313.003264,18,197,163,6,20251020_035116
1760899828.0149608,12941458,3313013248,3313.013248,21,197,162,6,20251020_035116
1760899828.0249448,12941497,3313023232,3313.023232,25,198,161,6,20251020_035116
1760899828.0349288,12941536,3313033216,3313.033216,29,198,161,6,20251020_035116
1760899828.0449128,12941575,3313043200,3313.0432,32,198,160,6,20251020_035116
1760899828.0548968,12941614,3313053184,3313.053184,36,198,156,6,20251020_035116
1760899828.0648808,12941653,3313063168,3313.063168,40,198,149,6,20251020_035116
1760899828.0748649,12941692,3313073152,3313.073152,44,198,141,6,20251020_035116
1760899828.0848489,12941731,3313083136,3313.083136,49,198,133,6,20251020_035116
1760899828.094833,12941770,3313093120,3313.09312,54,198,127,6,20251020_035116
1760899828.1050727,12941810,3313103360,3313.10336,60,198,124,6,20251020_035116
1760899828.1150568,12941849,3313113344,3313.113344,65,198,119,6,20251020_035116
1760899828.1250408,12941888,3313123328,3313.123328,71,198,117,6,20251020_035116
1760899828.1350248,12941927,3313133312,3313.133312,76,198,117,6,20251020_035116
1760899828.1450088,12941966,3313143296,3313.143296,82,198,117,6,20251020_035116
1760899828.1549928,12942005,3313153280,3313.15328,87,198,117,6,20251020_035116
1760899828.1649768,12942044,3313163264,3313.163264,93,198,117,6,20251020_035116
1760899828.1749609,12942083,3313173248,3313.173248,98,197,117,6,20251020_035116
1760899828.1849449,12942122,3313183232,3313.183232,103,197,117,6,20251020_035116
1760899828.194929,12942161,3313193216,3313.193216,108,198,117,6,20251020_035116
1760899828.204913,12942200,3313203200,3313.2032,112,197,117,6,20251020_035116
1760899828.214897,12942239,3313213184,3313.213184,117,197,116,6,20251020_035116
1760899828.2248807,12942278,3313223168,3313.223168,121,197,117,6,20251020_035116
1760899828.2348647,12942317,3313233152,3313.233152,126,197,117,6,20251020_035116
1760899828.2451048,12942357,3313243392,3313.243392,130,197,117,6,20251020_035116
1760899828.2550888,12942396,3313253376,3313.253376,134,197,115,6,20251020_035116
1760899828.2650728,12942435,3313263360,3313.26336,138,197,117,6,20251020_035116
1760899828.2750568,12942474,3313273344,3313.273344,142,197,116,6,20251020_035116
1760899828.2850409,12942513,3313283328,3313.283328,145,197,119,6,20251020_035116
1760899828.2950249,12942552,3313293312,3313.293312,149,197,119,6,20251020_035116
1760899828.305009,12942591,3313303296,3313.303296,153,196,119,6,20251020_035116
1760899828.314993,12942630,3313313280,3313.31328,157,197,120,6,20251020_035116
1760899828.3249767,12942669,3313323264,3313.323264,160,197,123,6,20251020_035116
1760899828.3349607,12942708,3313333248,3313.333248,164,196,124,6,20251020_035116
1760899828.3449447,12942747,3313343232,3313.343232,168,197,127,6,20251020_035116
1760899828.3549287,12942786,3313353216,3313.353216,172,197,128,6,20251020_035116
1760899828.3649127,12942825,3313363200,3313.3632,176,197,131,6,20251020_035116
1760899828.3748968,12942864,3313373184,3313.373184,180,197,138,6,20251020_035116
1760899828.3851368,12942904,3313383424,3313.383424,185,197,147,6,20251020_035116
1760899828.3951209,12942943,3313393408,3313.393408,190,197,150,6,20251020_035116
1760899828.4051049,12942982,3313403392,3313.403392,195,197,152,6,20251020_035116
1760899828.415089,12943021,3313413376,3313.413376,201,197,156,6,20251020_035116
1760899828.425073,12943060,3313423360,3313.42336,206,197,159,6,20251020_035116
1760899828.4350567,12943099,3313433344,3313.433344,211,197,160,6,20251020_035116
1760899828.4450407,12943138,3313443328,3313.443328,217,197,161,6,20251020_035116
1760899828.4550247,12943177,3313453312,3313.453312,222,198,161,6,20251020_035116
1760899828.4650087,12943216,3313463296,3313.463296,227,198,162,6,20251020_035116
1760899828.4749928,12943255,3313473280,3313.47328,232,198,162,6,20251020_035116
1760899828.4849768,12943294,3313483264,3313.483264,237,198,162,6,20251020_035116
1760899828.4949608,12943333,3313493248,3313.493248,241,198,163,6,20251020_035116
1760899828.5049448,12943372,3313503232,3313.503232,246,198,162,6,20251020_035116
1760899828.5149288,12943411,3313513216,3313.513216,250,198,162,6,20251020_035116
1760899828.5249128,12943450,3313523200,3313.5232,0,198,163,6,20251020_035116
1760899828.535153,12943490,3313533440,3313.53344,4,198,163,6,20251020_035116
1760899828.5451367,12943529,3313543424,3313.543424,8,198,164,6,20251020_035116
1760899828.5551207,12943568,3313553408,3313.553408,12,198,164,6,20251020_035116
1760899828.5651047,12943607,3313563392,3313.563392,15,198,163,6,20251020_035116
1760899828.5750887,12943646,3313573376,3313.573376,19,198,162,6,20251020_035116
1760899828.5850728,12943685,3313583360,3313.58336,23,198,163,6,20251020_035116
1760899828.5950568,12943724,3313593344,3313.593344,27,198,163,6,20251020_035116
1760899828.6050408,12943763,3313603328,3313.603328,30,198,162,6,20251020_035116
1760899828.6150248,12943802,3313613312,3313.613312,34,198,162,6,20251020_035116
1760899828.6250088,12943841,3313623296,3313.623296,37,198,161,6,20251020_035116
1760899828.6349928,12943880,3313633280,3313.63328,41,198,160,6,20251020_035116
1760899828.6449769,12943919,3313643264,3313.643264,44,198,158,6,20251020_035116
1760899828.6549609,12943958,3313653248,3313.653248,48,198,154,6,20251020_035116
1760899828.664945,12943997,3313663232,3313.663232,52,198,148,6,20251020_035116
1760899828.6751847,12944037,3313673472,3313.673472,56,198,141,6,20251020_035116
1760899828.6851687,12944076,3313683456,3313.683456,61,198,132,6,20251020_035116
1760899828.6951528,12944115,3313693440,3313.69344,66,198,127,6,20251020_035116
1760899828.7051368,12944154,3313703424,3313.703424,72,198,124,6,20251020_035116
1760899828.7151208,12944193,3313713408,3313.713408,77,198,119,6,20251020_035116
1760899828.7251048,12944232,3313723392,3313.723392,83,198,117,6,20251020_035116
1760899828.7350888,12944271,3313733376,3313.733376,88,198,119,6,20251020_035116
1760899828.7450728,12944310,3313743360,3313.74336,93,197,119,6,20251020_035116
1760899828.7550569,12944349,3313753344,3313.753344,98,198,118,6,20251020_035116
1760899828.7650409,12944388,3313763328,3313.763328,103,198,117,6,20251020_035116
1760899828.775025,12944427,3313773312,3313.773312,108,197,118,6,20251020_035116
1760899828.785009,12944466,3313783296,3313.783296,113,197,119,6,20251020_035116
1760899828.7949927,12944505,3313793280,3313.79328,117,197,118,6,20251020_035116
1760899828.8049767,12944544,3313803264,3313.803264,122,197,118,6,20251020_035116
1760899828.8152168,12944584,3313813504,3313.813504,126,197,118,6,20251020_035116
1760899828.8252008,12944623,3313823488,3313.823488,130,196,118,6,20251020_035116
1760899828.8351848,12944662,3313833472,3313.833472,134,197,118,6,20251020_035116
1760899828.8451688,12944701,3313843456,3313.843456,138,196,119,6,20251020_035116
1760899828.8551528,12944740,3313853440,3313.85344,142,196,120,6,20251020_035116
1760899828.8651369,12944779,3313863424,3313.863424,146,196,121,6,20251020_035116
1760899828.8751209,12944818,3313873408,3313.873408,150,196,122,6,20251020_035116
1760899828.885105,12944857,3313883392,3313.883392,154,196,124,6,20251020_035116
1760899828.895089,12944896,3313893376,3313.893376,158,196,126,6,20251020_035116
1760899828.9050727,12944935,3313903360,3313.90336,162,197,127,6,20251020_035116
1760899828.9150567,12944974,3313913344,3313.913344,166,196,130,6,20251020_035116
1760899828.9250407,12945013,3313923328,3313.923328,170,197,136,6,20251020_035116
1760899828.9350247,12945052,3313933312,3313.933312,174,197,142,6,20251020_035116
1760899828.9450088,12945091,3313943296,3313.943296,179,198,150,6,20251020_035116
1760899828.9549928,12945130,3313953280,3313.95328,185,197,152,6,20251020_035116
1760899828.9652328,12945170,3313963520,3313.96352,190,197,154,6,20251020_035116
1760899828.9752169,12945209,3313973504,3313.973504,195,197,157,6,20251020_035116
1760899828.985201,12945248,3313983488,3313.983488,201,197,160,6,20251020_035116
1760899828.995185,12945287,3313993472,3313.993472,206,197,160,6,20251020_035116
1760899829.005169,12945326,3314003456,3314.003456,212,198,162,6,20251020_035116
1760899829.0151527,12945365,3314013440,3314.01344,217,198,161,6,20251020_035116
1760899829.0251367,12945404,3314023424,3314.023424,222,197,162,6,20251020_035116
1760899829.0351207,12945443,3314033408,3314.033408,227,198,163,6,20251020_035116
1760899829.0451047,12945482,3314043392,3314.043392,232,197,163,6,20251020_035116
1760899829.0550888,12945521,3314053376,3314.053376,237,198,163,6,20251020_035116
1760899829.0650728,12945560,3314063360,3314.06336,241,198,163,6,20251020_035116
1760899829.0750568,12945599,3314073344,3314.073344,246,198,163,6,20251020_035116
1760899829.0850408,12945638,3314083328,3314.083328,250,197,163,6,20251020_035116
1760899829.0950248,12945677,3314093312,3314.093312,0,198,164,6,20251020_035116
1760899829.105265,12945717,3314103552,3314.103552,4,197,164,6,20251020_035116
1760899829.115249,12945756,3314113536,3314.113536,8,198,163,6,20251020_035116
1760899829.1252327,12945795,3314123520,3314.12352,12,198,163,6,20251020_035116
1760899829.1352167,12945834,3314133504,3314.133504,16,198,162,6,20251020_035116
1760899829.1452007,12945873,3314143488,3314.143488,19,198,162,6,20251020_035116
1760899829.1551847,12945912,3314153472,3314.153472,23,198,161,6,20251020_035116
1760899829.1651688,12945951,3314163456,3314.163456,27,198,162,6,20251020_035116
1760899829.1751528,12945990,3314173440,3314.17344,30,198,161,6,20251020_035116
1760899829.1851368,12946029,3314183424,3314.183424,34,199,160,6,20251020_035116
1760899829.1951208,12946068,3314193408,3314.193408,38,198,158,6,20251020_035116
1760899829.2051048,12946107,3314203392,3314.203392,41,198,154,6,20251020_035116
1760899829.2150888,12946146,3314213376,3314.213376,45,198,150,6,20251020_035116
1760899829.2250729,12946185,3314223360,3314.22336,50,198,143,6,20251020_035116
1760899829.2350569,12946224,3314233344,3314.233344,54,198,136,6,20251020_035116
1760899829.2452967,12946264,3314243584,3314.243584,59,198,130,6,20251020_035116
1760899829.2552807,12946303,3314253568,3314.253568,65,198,127,6,20251020_035116
1760899829.2652647,12946342,3314263552,3314.263552,70,198,124,6,20251020_035116
1760899829.2752488,12946381,3314273536,3314.273536,75,198,119,6,20251020_035116
1760899829.2852328,12946420,3314283520,3314.28352,81,198,117,6,20251020_035116
1760899829.2952168,12946459,3314293504,3314.293504,86,198,117,6,20251020_035116
1760899829.3052008,12946498,3314303488,3314.303488,92,198,117,6,20251020_035116
1760899829.3151848,12946537,3314313472,3314.313472,97,198,118,6,20251020_035116
1760899829.3251688,12946576,3314323456,3314.323456,102,198,117,6,20251020_035116
1760899829.3351529,12946615,3314333440,3314.33344,107,198,117,6,20251020_035116
1760899829.345137,12946654,3314343424,3314.343424,111,198,118,6,20251020_035116
1760899829.355121,12946693,3314353408,3314.353408,116,197,117,6,20251020_035116
1760899829.365105,12946732,3314363392,3314.363392,120,197,117,6,20251020_035116
1760899829.3750887,12946771,3314373376,3314.373376,125,197,117,6,20251020_035116
1760899829.3850727,12946810,3314383360,3314.38336,129,198,118,6,20251020_035116
1760899829.3953128,12946850,3314393600,3314.3936,133,196,118,6,20251020_035116
1760899829.4052968,12946889,3314403584,3314.403584,137,197,119,6,20251020_035116
1760899829.4152808,12946928,3314413568,3314.413568,141,197,120,6,20251020_035116
1760899829.4252648,12946967,3314423552,3314.423552,145,196,122,6,20251020_035116
1760899829.4352489,12947006,3314433536,3314.433536,149,197,124,6,20251020_035116
1760899829.4452329,12947045,3314443520,3314.44352,153,196,126,6,20251020_035116
1760899829.455217,12947084,3314453504,3314.453504,157,197,128,6,20251020_035116
1760899829.465201,12947123,3314463488,3314.463488,161,197,134,6,20251020_035116
1760899829.475185,12947162,3314473472,3314.473472,166,197,143,6,20251020_035116
1760899829.4851687,12947201,3314483456,3314.483456,171,197,150,6,20251020_035116
1760899829.4954088,12947241,3314493696,3314.493696,176,197,153,6,20251020_035116
1760899829.5053928,12947280,3314503680,3314.50368,181,197,158,6,20251020_035116
1760899829.5153768,12947319,3314513664,3314.513664,187,197,160,6,20251020_035116
1760899829.5253608,12947358,3314523648,3314.523648,193,197,161,6,20251020_035116
1760899829.5353448,12947397,3314533632,3314.533632,198,197,161,6,20251020_035116
1760899829.5453289,12947436,3314543616,3314.543616,204,197,162,6,20251020_035116
1760899829.5553129,12947475,3314553600,3314.5536,209,197,162,6,20251020_035116
1760899829.565297,12947514,3314563584,3314.563584,215,197,162,6,20251020_035116
1760899829.575281,12947553,3314573568,3314.573568,220,197,162,6,20251020_035116
1760899829.5852647,12947592,3314583552,3314.583552,225,198,163,6,20251020_035116
1760899829.5952487,12947631,3314593536,3314.593536,230,197,163,6,20251020_035116
1760899829.6052327,12947670,3314603520,3314.60352,235,198,163,6,20251020_035116
1760899829.6152167,12947709,3314613504,3314.613504,239,198,163,6,20251020_035116
1760899829.6252007,12947748,3314623488,3314.623488,244,198,162,6,20251020_035116
1760899829.6354408,12947788,3314633728,3314.633728,249,198,164,6,20251020_035116
1760899829.6454248,12947827,3314643712,3314.643712,253,198,164,6,20251020_035116
1760899829.6554089,12947866,3314653696,3314.653696,2,198,163,6,20251020_035116
1760899829.6653929,12947905,3314663680,3314.66368,6,198,164,6,20251020_035116
1760899829.675377,12947944,3314673664,3314.673664,10,198,164,6,20251020_035116
1760899829.685361,12947983,3314683648,3314.683648,14,198,163,6,20251020_035116
1760899829.6953447,12948022,3314693632,3314.693632,18,198,163,6,20251020_035116
1760899829.7053287,12948061,3314703616,3314.703616,21,198,162,6,20251020_035116
1760899829.7153127,12948100,3314713600,3314.7136,25,198,162,6,20251020_035116
1760899829.7252967,12948139,3314723584,3314.723584,29,198,161,6,20251020_035116
1760899829.7352808,12948178,3314733568,3314.733568,32,198,160,6,20251020_035116
1760899829.7452648,12948217,3314743552,3314.743552,36,198,156,6,20251020_035116
1760899829.7552488,12948256,3314753536,3314.753536,40,198,148,6,20251020_035116
1760899829.7652328,12948295,3314763520,3314.76352,44,198,141,6,20251020_035116
1760899829.7754729,12948335,3314773760,3314.77376,49,198,134,6,20251020_035116
1760899829.785457,12948374,3314783744,3314.783744,54,198,127,6,20251020_035116
1760899829.795441,12948413,3314793728,3314.793728,60,198,125,6,20251020_035116
1760899829.8054247,12948452,3314803712,3314.803712,65,198,121,6,20251020_035116
1760899829.8154087,12948491,3314813696,3314.813696,71,198,117,6,20251020_035116
1760899829.8253927,12948530,3314823680,3314.82368,76,198,117,6,20251020_035116
1760899829.8353767,12948569,3314833664,3314.833664,82,198,117,6,20251020_035116
1760899829.8453608,12948608,3314843648,3314.843648,87,198,117,6,20251020_035116
1760899829.8553448,12948647,3314853632,3314.853632,93,198,116,6,20251020_035116
1760899829.8653288,12948686,3314863616,3314.863616,98,198,118,6,20251020_035116
1760899829.8753128,12948725,3314873600,3314.8736,103,198,117,6,20251020_035116
1760899829.8852968,12948764,3314883584,3314.883584,108,198,116,6,20251020_035116
1760899829.8952808,12948803,3314893568,3314.893568,112,198,116,6,20251020_035116
1760899829.9052649,12948842,3314903552,3314.903552,117,198,116,6,20251020_035116
1760899829.9152489,12948881,3314913536,3314.913536,121,198,116,6,20251020_035116
1760899829.9254887,12948921,3314923776,3314.923776,126,197,117,6,20251020_035116
1760899829.9354727,12948960,3314933760,3314.93376,130,197,117,6,20251020_035116
1760899829.9454567,12948999,3314943744,3314.943744,134,197,117,6,20251020_035116
1760899829.9554408,12949038,3314953728,3314.953728,138,197,118,6,20251020_035116
1760899829.9654248,12949077,3314963712,3314.963712,142,197,118,6,20251020_035116
1760899829.9754088,12949116,3314973696,3314.973696,146,197,120,6,20251020_035116
1760899829.9853928,12949155,3314983680,3314.98368,149,197,122,6,20251020_035116
1760899829.9953768,12949194,3314993664,3314.993664,153,196,124,6,20251020_035116
1760899830.0053608,12949233,3315003648,3315.003648,157,197,127,6,20251020_035116
1760899830.0153449,12949272,3315013632,3315.013632,161,197,131,6,20251020_035116
1760899830.0253289,12949311,3315023616,3315.023616,166,197,139,6,20251020_035116
1760899830.035313,12949350,3315033600,3315.0336,170,198,148,6,20251020_035116
1760899830.045297,12949389,3315043584,3315.043584,176,197,152,6,20251020_035116
1760899830.0552807,12949428,3315053568,3315.053568,181,197,157,6,20251020_035116
1760899830.0655208,12949468,3315063808,3315.063808,187,197,160,6,20251020_035116
1760899830.0755048,12949507,3315073792,3315.073792,192,197,161,6,20251020_035116
1760899830.0854888,12949546,3315083776,3315.083776,198,198,161,6,20251020_035116
1760899830.0954728,12949585,3315093760,3315.09376,203,197,161,6,20251020_035116
1760899830.1054568,12949624,3315103744,3315.103744,209,198,161,6,20251020_035116
1760899830.1154408,12949663,3315113728,3315.113728,214,197,162,6,20251020_035116
1760899830.1254249,12949702,3315123712,3315.123712,219,198,162,6,20251020_035116
1760899830.1354089,12949741,3315133696,3315.133696,225,198,162,6,20251020_035116
1760899830.145393,12949780,3315143680,3315.14368,230,198,163,6,20251020_035116
1760899830.155377,12949819,3315153664,3315.153664,234,198,163,6,20251020_035116
1760899830.1653607,12949858,3315163648,3315.163648,239,198,163,6,20251020_035116
1760899830.1753447,12949897,3315173632,3315.173632,244,198,164,6,20251020_035116
1760899830.1853287,12949936,3315183616,3315.183616,248,198,163,6,20251020_035116
1760899830.1953127,12949975,3315193600,3315.1936,253,198,165,6,20251020_035116
1760899830.2052968,12950014,3315203584,3315.203584,2,198,163,6,20251020_035116
1760899830.2155368,12950054,3315213824,3315.213824,6,198,163,6,20251020_035116
1760899830.2255208,12950093,3315223808,3315.223808,10,198,163,6,20251020_035116
1760899830.2355049,12950132,3315233792,3315.233792,14,198,163,6,20251020_035116
1760899830.245489,12950171,3315243776,3315.243776,17,198,164,6,20251020_035116
1760899830.255473,12950210,3315253760,3315.25376,21,198,163,6,20251020_035116
1760899830.265457,12950249,3315263744,3315.263744,25,198,162,6,20251020_035116
1760899830.2754407,12950288,3315273728,3315.273728,29,198,161,6,20251020_035116
1760899830.2854247,12950327,3315283712,3315.283712,32,198,160,6,20251020_035116
1760899830.2954087,12950366,3315293696,3315.293696,36,198,157,6,20251020_035116
1760899830.3053927,12950405,3315303680,3315.30368,40,198,151,6,20251020_035116
1760899830.3153768,12950444,3315313664,3315.313664,44,198,143,6,20251020_035116
1760899830.3253608,12950483,3315323648,3315.323648,49,198,136,6,20251020_035116
1760899830.3353448,12950522,3315333632,3315.333632,54,198,129,6,20251020_035116
1760899830.3453288,12950561,3315343616,3315.343616,59,198,127,6,20251020_035116
1760899830.355569,12950601,3315353856,3315.353856,64,198,122,6,20251020_035116
1760899830.365553,12950640,3315363840,3315.36384,70,199,119,6,20251020_035116
1760899830.375537,12950679,3315373824,3315.373824,76,198,117,6,20251020_035116
1760899830.3855207,12950718,3315383808,3315.383808,81,198,118,6,20251020_035116
1760899830.3955047,12950757,3315393792,3315.393792,86,198,117,6,20251020_035116
1760899830.4054887,12950796,3315403776,3315.403776,92,198,117,6,20251020_035116
1760899830.4154727,12950835,3315413760,3315.41376,97,198,117,6,20251020_035116
1760899830.4254568,12950874,3315423744,3315.423744,102,198,117,6,20251020_035116
1760899830.4354408,12950913,3315433728,3315.433728,107,198,117,6,20251020_035116
1760899830.4454248,12950952,3315443712,3315.443712,112,198,117,6,20251020_035116
1760899830.4554088,12950991,3315453696,3315.453696,116,198,117,6,20251020_035116
1760899830.4653928,12951030,3315463680,3315.46368,121,198,116,6,20251020_035116
1760899830.4753768,12951069,3315473664,3315.473664,125,198,116,6,20251020_035116
1760899830.4853609,12951108,3315483648,3315.483648,129,198,116,6,20251020_035116
1760899830.4956007,12951148,3315493888,3315.493888,133,198,117,6,20251020_035116
1760899830.5055847,12951187,3315503872,3315.503872,137,197,116,6,20251020_035116
1760899830.5155687,12951226,3315513856,3315.513856,141,197,117,6,20251020_035116
1760899830.5255527,12951265,3315523840,3315.52384,145,197,117,6,20251020_035116
1760899830.5355368,12951304,3315533824,3315.533824,149,197,118,6,20251020_035116
1760899830.5455208,12951343,3315543808,3315.543808,152,197,119,6,20251020_035116
1760899830.5555048,12951382,3315553792,3315.553792,156,197,120,6,20251020_035116
1760899830.5654888,12951421,3315563776,3315.563776,160,197,121,6,20251020_035116
1760899830.5754728,12951460,3315573760,3315.57376,163,197,123,6,20251020_035116
1760899830.5854568,12951499,3315583744,3315.583744,167,198,125,6,20251020_035116
1760899830.5954409,12951538,3315593728,3315.593728,171,197,126,6,20251020_035116
1760899830.605425,12951577,3315603712,3315.603712,175,197,128,6,20251020_035116
1760899830.615409,12951616,3315613696,3315.613696,179,198,133,6,20251020_035116
1760899830.625393,12951655,3315623680,3315.62368,183,198,138,6,20251020_035116
1760899830.6353767,12951694,3315633664,3315.633664,188,198,145,6,20251020_035116
1760899830.6456168,12951734,3315643904,3315.643904,193,198,149,6,20251020_035116
1760899830.6556008,12951773,3315653888,3315.653888,198,198,152,6,20251020_035116
1760899830.6655848,12951812,3315663872,3315.663872,203,199,155,6,20251020_035116
1760899830.6755688,12951851,3315673856,3315.673856,209,198,158,6,20251020_035116
1760899830.6855528,12951890,3315683840,3315.68384,214,198,160,6,20251020_035116
1760899830.6955369,12951929,3315693824,3315.693824,219,198,161,6,20251020_035116
1760899830.7055209,12951968,3315703808,3315.703808,224,198,160,6,20251020_035116
1760899830.715505,12952007,3315713792,3315.713792,229,199,161,6,20251020_035116
1760899830.725489,12952046,3315723776,3315.723776,234,198,162,6,20251020_035116
1760899830.735473,12952085,3315733760,3315.73376,239,199,162,6,20251020_035116
1760899830.7454567,12952124,3315743744,3315.743744,243,198,163,6,20251020_035116
1760899830.7554407,12952163,3315753728,3315.753728,248,199,162,6,20251020_035116
1760899830.7654247,12952202,3315763712,3315.763712,252,199,163,6,20251020_035116
1760899830.7754087,12952241,3315773696,3315.773696,1,199,162,6,20251020_035116
1760899830.7856488,12952281,3315783936,3315.783936,5,199,162,6,20251020_035116
1760899830.7956328,12952320,3315793920,3315.79392,9,198,163,6,20251020_035116
1760899830.8056169,12952359,3315803904,3315.803904,13,200,165,6,20251020_035116
1760899830.8156009,12952398,3315813888,3315.813888,17,199,163,6,20251020_035116
1760899830.825585,12952437,3315823872,3315.823872,21,198,163,6,20251020_035116
1760899830.835569,12952476,3315833856,3315.833856,25,198,163,6,20251020_035116
1760899830.8455527,12952515,3315843840,3315.84384,28,198,162,6,20251020_035116
1760899830.8555367,12952554,3315853824,3315.853824,32,199,162,6,20251020_035116
1760899830.8655207,12952593,3315863808,3315.863808,35,199,161,6,20251020_035116
1760899830.8755047,12952632,3315873792,3315.873792,39,199,162,6,20251020_035116
1760899830.8854887,12952671,3315883776,3315.883776,42,198,160,6,20251020_035116
1760899830.8954728,12952710,3315893760,3315.89376,46,199,156,6,20251020_035116
1760899830.9054568,12952749,3315903744,3315.903744,50,198,151,6,20251020_035116
1760899830.9154408,12952788,3315913728,3315.913728,54,198,146,6,20251020_035116
1760899830.9256809,12952828,3315923968,3315.923968,59,198,139,6,20251020_035116
1760899830.935665,12952867,3315933952,3315.933952,63,198,131,6,20251020_035116
1760899830.945649,12952906,3315943936,3315.943936,69,199,127,6,20251020_035116
1760899830.9556327,12952945,3315953920,3315.95392,74,199,123,6,20251020_035116
1760899830.9656167,12952984,3315963904,3315.963904,79,199,119,6,20251020_035116
1760899830.9756007,12953023,3315973888,3315.973888,85,198,117,6,20251020_035116
1760899830.9855847,12953062,3315983872,3315.983872,90,198,117,6,20251020_035116
1760899830.9955688,12953101,3315993856,3315.993856,95,198,118,6,20251020_035116
1760899831.0055528,12953140,3316003840,3316.00384,100,198,117,6,20251020_035116
1760899831.0155368,12953179,3316013824,3316.013824,105,198,117,6,20251020_035116
1760899831.0255208,12953218,3316023808,3316.023808,110,198,118,6,20251020_035116
1760899831.0355048,12953257,3316033792,3316.033792,115,198,117,6,20251020_035116
1760899831.0454888,12953296,3316043776,3316.043776,119,198,117,6,20251020_035116
1760899831.0554729,12953335,3316053760,3316.05376,123,198,116,6,20251020_035116
1760899831.0654569,12953374,3316063744,3316.063744,128,198,117,6,20251020_035116
1760899831.0756967,12953414,3316073984,3316.073984,132,198,117,6,20251020_035116
1760899831.0856807,12953453,3316083968,3316.083968,136,197,118,6,20251020_035116
1760899831.0956647,12953492,3316093952,3316.093952,140,197,120,6,20251020_035116
1760899831.1056488,12953531,3316103936,3316.103936,144,197,120,6,20251020_035116
1760899831.1156328,12953570,3316113920,3316.11392,148,197,123,6,20251020_035116
1760899831.1256168,12953609,3316123904,3316.123904,152,197,125,6,20251020_035116
1760899831.1356008,12953648,3316133888,3316.133888,156,197,127,6,20251020_035116
1760899831.1455848,12953687,3316143872,3316.143872,160,197,130,6,20251020_035116
1760899831.1555688,12953726,3316153856,3316.153856,164,197,137,6,20251020_035116
1760899831.1655529,12953765,3316163840,3316.16384,169,198,145,6,20251020_035116
1760899831.1755369,12953804,3316173824,3316.173824,174,198,151,6,20251020_035116
1760899831.185521,12953843,3316183808,3316.183808,179,197,154,6,20251020_035116
1760899831.195505,12953882,3316193792,3316.193792,184,197,158,6,20251020_035116
1760899831.2054887,12953921,3316203776,3316.203776,190,197,160,6,20251020_035116
1760899831.2154727,12953960,3316213760,3316.21376,196,198,160,6,20251020_035116
1760899831.2257128,12954000,3316224000,3316.224,201,197,161,6,20251020_035116
1760899831.2356968,12954039,3316233984,3316.233984,207,198,161,6,20251020_035116
1760899831.2456808,12954078,3316243968,3316.243968,212,198,162,6,20251020_035116
1760899831.2556648,12954117,3316253952,3316.253952,217,198,162,6,20251020_035116
1760899831.2656488,12954156,3316263936,3316.263936,223,198,162,6,20251020_035116
1760899831.2756329,12954195,3316273920,3316.27392,228,198,163,6,20251020_035116
1760899831.2856169,12954234,3316283904,3316.283904,232,198,163,6,20251020_035116
1760899831.295601,12954273,3316293888,3316.293888,237,198,163,6,20251020_035116
1760899831.305585,12954312,3316303872,3316.303872,242,198,164,6,20251020_035116
1760899831.3155687,12954351,3316313856,3316.313856,246,198,164,6,20251020_035116
1760899831.3255527,12954390,3316323840,3316.32384,251,198,164,6,20251020_035116
1760899831.3355367,12954429,3316333824,3316.333824,0,198,163,6,20251020_035116
1760899831.3455207,12954468,3316343808,3316.343808,4,198,163,6,20251020_035116
1760899831.3555048,12954507,3316353792,3316.353792,8,198,164,6,20251020_035116
1760899831.3657448,12954547,3316364032,3316.364032,12,198,164,6,20251020_035116
1760899831.3757288,12954586,3316374016,3316.374016,16,199,163,6,20251020_035116
1760899831.3857129,12954625,3316384000,3316.384,20,199,162,6,20251020_035116
1760899831.3956969,12954664,3316393984,3316.393984,23,199,162,6,20251020_035116
1760899831.405681,12954703,3316403968,3316.403968,27,198,162,6,20251020_035116
1760899831.415665,12954742,3316413952,3316.413952,31,198,159,6,20251020_035116
1760899831.4256487,12954781,3316423936,3316.423936,34,198,156,6,20251020_035116
1760899831.4356327,12954820,3316433920,3316.43392,38,199,149,6,20251020_035116
1760899831.4456167,12954859,3316443904,3316.443904,43,198,142,6,20251020_035116
1760899831.4556007,12954898,3316453888,3316.453888,47,198,136,6,20251020_035116
1760899831.4655848,12954937,3316463872,3316.463872,52,199,130,6,20251020_035116
1760899831.4755688,12954976,3316473856,3316.473856,58,198,127,6,20251020_035116
1760899831.4855528,12955015,3316483840,3316.48384,63,198,123,6,20251020_035116
1760899831.4955368,12955054,3316493824,3316.493824,69,199,118,6,20251020_035116
1760899831.5055208,12955093,3316503808,3316.503808,74,198,117,6,20251020_035116
1760899831.515761,12955133,3316514048,3316.514048,80,199,117,6,20251020_035116
1760899831.525745,12955172,3316524032,3316.524032,85,198,118,6,20251020_035116
1760899831.5357287,12955211,3316534016,3316.534016,90,199,118,6,20251020_035116
1760899831.5457127,12955250,3316544000,3316.544,96,199,116,6,20251020_035116
1760899831.5556967,12955289,3316553984,3316.553984,101,198,118,6,20251020_035116
1760899831.5656807,12955328,3316563968,3316.563968,106,199,117,6,20251020_035116
1760899831.5756648,12955367,3316573952,3316.573952,110,198,117,6,20251020_035116
1760899831.5856488,12955406,3316583936,3316.583936,115,199,116,6,20251020_035116
1760899831.5956328,12955445,3316593920,3316.59392,119,197,117,6,20251020_035116
1760899831.6056168,12955484,3316603904,3316.603904,124,198,117,6,20251020_035116
1760899831.6156008,12955523,3316613888,3316.613888,128,198,116,6,20251020_035116
1760899831.6255848,12955562,3316623872,3316.623872,132,197,117,6,20251020_035116
1760899831.6355689,12955601,3316633856,3316.633856,136,198,117,6,20251020_035116
1760899831.6455529,12955640,3316643840,3316.64384,140,197,119,6,20251020_035116
1760899831.6557927,12955680,3316654080,3316.65408,144,198,121,6,20251020_035116
1760899831.6657767,12955719,3316664064,3316.664064,148,197,123,6,20251020_035116
1760899831.6757607,12955758,3316674048,3316.674048,152,197,124,6,20251020_035116
1760899831.6857448,12955797,3316684032,3316.684032,156,197,127,6,20251020_035116
1760899831.6957288,12955836,3316694016,3316.694016,160,198,132,6,20251020_035116
1760899831.7057128,12955875,3316704000,3316.704,164,197,141,6,20251020_035116
1760899831.7156968,12955914,3316713984,3316.713984,169,198,148,6,20251020_035116
1760899831.7256808,12955953,3316723968,3316.723968,174,198,152,6,20251020_035116
1760899831.7356648,12955992,3316733952,3316.733952,180,198,156,6,20251020_035116
1760899831.7456489,12956031,3316743936,3316.743936,185,198,159,6,20251020_035116
1760899831.7556329,12956070,3316753920,3316.75392,191,198,160,6,20251020_035116
1760899831.765617,12956109,3316763904,3316.763904,197,198,160,6,20251020_035116
1760899831.775601,12956148,3316773888,3316.773888,202,198,161,6,20251020_035116
1760899831.7855847,12956187,3316783872,3316.783872,208,198,162,6,20251020_035116
1760899831.7955687,12956226,3316793856,3316.793856,213,198,161,6,20251020_035116
1760899831.8058088,12956266,3316804096,3316.804096,218,198,162,6,20251020_035116
1760899831.8157928,12956305,3316814080,3316.81408,223,198,162,6,20251020_035116
1760899831.8257768,12956344,3316824064,3316.824064,229,198,162,6,20251020_035116
1760899831.8357608,12956383,3316834048,3316.834048,233,198,162,6,20251020_035116
1760899831.8457448,12956422,3316844032,3316.844032,238,198,163,6,20251020_035116
1760899831.8557289,12956461,3316854016,3316.854016,243,198,164,6,20251020_035116
1760899831.865713,12956500,3316864000,3316.864,247,198,163,6,20251020_035116
1760899831.875697,12956539,3316873984,3316.873984,252,198,164,6,20251020_035116
1760899831.885681,12956578,3316883968,3316.883968,1,198,164,6,20251020_035116
1760899831.8956647,12956617,3316893952,3316.893952,5,198,163,6,20251020_035116
1760899831.9056487,12956656,3316903936,3316.903936,9,198,164,6,20251020_035116
1760899831.9158888,12956696,3316914176,3316.914176,13,198,163,6,20251020_035116
1760899831.9258728,12956735,3316924160,3316.92416,17,198,163,6,20251020_035116
1760899831.9358568,12956774,3316934144,3316.934144,20,199,162,6,20251020_035116
1760899831.9458408,12956813,3316944128,3316.944128,24,198,161,6,20251020_035116
1760899831.9558249,12956852,3316954112,3316.954112,28,198,161,6,20251020_035116
1760899831.9658089,12956891,3316964096,3316.964096,31,198,160,6,20251020_035116
1760899831.975793,12956930,3316974080,3316.97408,35,198,158,6,20251020_035116
1760899831.985777,12956969,3316984064,3316.984064,39,199,151,6,20251020_035116
1760899831.995761,12957008,3316994048,3316.994048,43,198,144,6,20251020_035116
1760899832.0057447,12957047,3317004032,3317.004032,48,198,137,6,20251020_035116
1760899832.0157287,12957086,3317014016,3317.014016,53,199,128,6,20251020_035116
1760899832.0257127,12957125,3317024000,3317.024,58,199,125,6,20251020_035116
1760899832.0356967,12957164,3317033984,3317.033984,64,199,120,6,20251020_035116
1760899832.0456808,12957203,3317043968,3317.043968,69,198,117,6,20251020_035116
1760899832.0556648,12957242,3317053952,3317.053952,75,198,117,6,20251020_035116
1760899832.0659049,12957282,3317064192,3317.064192,80,198,117,6,20251020_035116
1760899832.0758889,12957321,3317074176,3317.074176,86,198,117,6,20251020_035116
1760899832.085873,12957360,3317084160,3317.08416,91,199,117,6,20251020_035116
1760899832.095857,12957399,3317094144,3317.094144,96,199,116,6,20251020_035116
1760899832.1058407,12957438,3317104128,3317.104128,101,199,117,6,20251020_035116
1760899832.1158247,12957477,3317114112,3317.114112,106,199,116,6,20251020_035116
1760899832.1258087,12957516,3317124096,3317.124096,111,199,116,6,20251020_035116
1760899832.1357927,12957555,3317134080,3317.13408,116,199,116,6,20251020_035116
1760899832.1457767,12957594,3317144064,3317.144064,120,198,116,6,20251020_035116
1760899832.1557608,12957633,3317154048,3317.154048,124,198,117,6,20251020_035116
1760899832.1657448,12957672,3317164032,3317.164032,129,198,117,6,20251020_035116
1760899832.1757288,12957711,3317174016,3317.174016,133,199,118,6,20251020_035116
1760899832.1857128,12957750,3317184000,3317.184,137,198,116,6,20251020_035116
1760899832.1956968,12957789,3317193984,3317.193984,141,198,116,6,20251020_035116
1760899832.205937,12957829,3317204224,3317.204224,144,198,118,6,20251020_035116
1760899832.2159207,12957868,3317214208,3317.214208,148,197,119,6,20251020_035116
1760899832.2259047,12957907,3317224192,3317.224192,152,198,119,6,20251020_035116
1760899832.2358887,12957946,3317234176,3317.234176,156,197,121,6,20251020_035116
1760899832.2458727,12957985,3317244160,3317.24416,159,197,122,6,20251020_035116
1760899832.2558568,12958024,3317254144,3317.254144,163,197,124,6,20251020_035116
1760899832.2658408,12958063,3317264128,3317.264128,167,197,127,6,20251020_035116
1760899832.2758248,12958102,3317274112,3317.274112,171,198,128,6,20251020_035116
1760899832.2858088,12958141,3317284096,3317.284096,175,198,133,6,20251020_035116
1760899832.2957928,12958180,3317294080,3317.29408,180,198,141,6,20251020_035116
1760899832.3057768,12958219,3317304064,3317.304064,184,198,148,6,20251020_035116
1760899832.3157609,12958258,3317314048,3317.314048,190,198,151,6,20251020_035116
1760899832.3257449,12958297,3317324032,3317.324032,195,198,152,6,20251020_035116
1760899832.335729,12958336,3317334016,3317.334016,200,198,156,6,20251020_035116
1760899832.3459687,12958376,3317344256,3317.344256,205,198,160,6,20251020_035116
1760899832.3559527,12958415,3317354240,3317.35424,211,198,161,6,20251020_035116
1760899832.3659368,12958454,3317364224,3317.364224,216,198,161,6,20251020_035116
1760899832.3759208,12958493,3317374208,3317.374208,221,198,162,6,20251020_035116
1760899832.3859048,12958532,3317384192,3317.384192,226,199,162,6,20251020_035116
1760899832.3958888,12958571,3317394176,3317.394176,231,199,162,6,20251020_035116
1760899832.4058728,12958610,3317404160,3317.40416,236,199,162,6,20251020_035116
1760899832.4158568,12958649,3317414144,3317.414144,241,198,163,6,20251020_035116
1760899832.4258409,12958688,3317424128,3317.424128,245,199,163,6,20251020_035116
1760899832.4358249,12958727,3317434112,3317.434112,250,198,163,6,20251020_035116
1760899832.445809,12958766,3317444096,3317.444096,254,198,163,6,20251020_035116
1760899832.455793,12958805,3317454080,3317.45408,3,199,164,6,20251020_035116
1760899832.4657767,12958844,3317464064,3317.464064,7,199,163,6,20251020_035116
1760899832.4757607,12958883,3317474048,3317.474048,11,199,164,6,20251020_035116
1760899832.4860008,12958923,3317484288,3317.484288,15,199,164,6,20251020_035116
1760899832.4959848,12958962,3317494272,3317.494272,19,198,163,6,20251020_035116
1760899832.5059688,12959001,3317504256,3317.504256,23,199,162,6,20251020_035116
1760899832.5159528,12959040,3317514240,3317.51424,26,200,164,6,20251020_035116
1760899832.5259368,12959079,3317524224,3317.524224,30,199,161,6,20251020_035116
1760899832.5359209,12959118,3317534208,3317.534208,33,199,160,6,20251020_035116
1760899832.5459049,12959157,3317544192,3317.544192,37,199,160,6,20251020_035116
1760899832.555889,12959196,3317554176,3317.554176,41,199,157,6,20251020_035116
1760899832.5661287,12959236,3317564416,3317.564416,44,199,153,6,20251020_035116
1760899832.5761127,12959275,3317574400,3317.5744,49,199,147,6,20251020_035116
1760899832.5860968,12959314,3317584384,3317.584384,53,199,139,6,20251020_035116
1760899832.5960808,12959353,3317594368,3317.594368,58,199,130,6,20251020_035116
1760899832.6060648,12959392,3317604352,3317.604352,63,199,127,6,20251020_035116
1760899832.6160488,12959431,3317614336,3317.614336,69,199,122,6,20251020_035116
1760899832.6260328,12959470,3317624320,3317.62432,74,199,117,6,20251020_035116
1760899832.6360168,12959509,3317634304,3317.634304,80,198,118,6,20251020_035116
1760899832.6462567,12959549,3317644544,3317.644544,85,198,119,6,20251020_035116
1760899832.6562407,12959588,3317654528,3317.654528,90,198,118,6,20251020_035116
1760899832.6662247,12959627,3317664512,3317.664512,96,199,118,6,20251020_035116
1760899832.6762087,12959666,3317674496,3317.674496,101,199,118,6,20251020_035116
1760899832.6861928,12959705,3317684480,3317.68448,105,198,118,6,20251020_035116
1760899832.6961768,12959744,3317694464,3317.694464,110,198,118,6,20251020_035116
1760899832.7064168,12959784,3317704704,3317.704704,115,198,119,6,20251020_035116
1760899832.7164009,12959823,3317714688,3317.714688,119,198,118,6,20251020_035116
1760899832.7263849,12959862,3317724672,3317.724672,124,198,117,6,20251020_035116
1760899832.736369,12959901,3317734656,3317.734656,128,198,117,6,20251020_035116
1760899832.746353,12959940,3317744640,3317.74464,132,197,118,6,20251020_035116
1760899832.7563367,12959979,3317754624,3317.754624,136,198,118,6,20251020_035116
1760899832.7663207,12960018,3317764608,3317.764608,140,198,118,6,20251020_035116
1760899832.7763047,12960057,3317774592,3317.774592,144,197,119,6,20251020_035116
1760899832.7865448,12960097,3317784832,3317.784832,148,198,120,6,20251020_035116
1760899832.7965288,12960136,3317794816,3317.794816,152,198,120,6,20251020_035116
1760899832.8065128,12960175,3317804800,3317.8048,155,197,122,6,20251020_035116
1760899832.8164968,12960214,3317814784,3317.814784,159,198,123,6,20251020_035116
1760899832.8264809,12960253,3317824768,3317.824768,163,198,125,6,20251020_035116
1760899832.836465,12960292,3317834752,3317.834752,167,198,127,6,20251020_035116
1760899832.846449,12960331,3317844736,3317.844736,171,198,129,6,20251020_035116
1760899832.856433,12960370,3317854720,3317.85472,175,198,133,6,20251020_035116
1760899832.8666728,12960410,3317864960,3317.86496,180,198,140,6,20251020_035116
1760899832.8766568,12960449,3317874944,3317.874944,184,198,147,6,20251020_035116
1760899832.8866408,12960488,3317884928,3317.884928,189,198,150,6,20251020_035116
1760899832.8966248,12960527,3317894912,3317.894912,195,198,153,6,20251020_035116
1760899832.9066088,12960566,3317904896,3317.904896,200,198,155,6,20251020_035116
1760899832.9165928,12960605,3317914880,3317.91488,205,198,159,6,20251020_035116
1760899832.9265769,12960644,3317924864,3317.924864,211,198,160,6,20251020_035116
1760899832.9365609,12960683,3317934848,3317.934848,216,198,161,6,20251020_035116
1760899832.946545,12960722,3317944832,3317.944832,221,198,162,6,20251020_035116
1760899832.956529,12960761,3317954816,3317.954816,226,199,161,6,20251020_035116
1760899832.966513,12960800,3317964800,3317.9648,231,198,162,6,20251020_035116
1760899832.9767528,12960840,3317975040,3317.97504,236,198,162,6,20251020_035116
1760899832.9867368,12960879,3317985024,3317.985024,241,199,163,6,20251020_035116
1760899832.9967208,12960918,3317995008,3317.995008,245,199,163,6,20251020_035116
1760899833.0067048,12960957,3318004992,3318.004992,250,199,163,6,20251020_035116
1760899833.0166888,12960996,3318014976,3318.014976,254,199,163,6,20251020_035116
1760899833.0266728,12961035,3318024960,3318.02496,3,198,163,6,20251020_035116
1760899833.0366569,12961074,3318034944,3318.034944,7,198,163,6,20251020_035116
1760899833.0466409,12961113,3318044928,3318.044928,11,198,162,6,20251020_035116
1760899833.056625,12961152,3318054912,3318.054912,15,199,162,6,20251020_035116
1760899833.066609,12961191,3318064896,3318.064896,19,199,162,6,20251020_035116
1760899833.0765927,12961230,3318074880,3318.07488,22,199,162,6,20251020_035116
1760899833.0865767,12961269,3318084864,3318.084864,26,199,161,6,20251020_035116
1760899833.0965607,12961308,3318094848,3318.094848,30,198,161,6,20251020_035116
1760899833.1065447,12961347,3318104832,3318.104832,33,199,160,6,20251020_035116
1760899833.1167848,12961387,3318115072,3318.115072,37,199,158,6,20251020_035116
1760899833.1267688,12961426,3318125056,3318.125056,41,199,155,6,20251020_035116
1760899833.1367528,12961465,3318135040,3318.13504,45,198,151,6,20251020_035116
1760899833.1467369,12961504,3318145024,3318.145024,49,199,144,6,20251020_035116
1760899833.1567209,12961543,3318155008,3318.155008,53,199,139,6,20251020_035116
1760899833.166705,12961582,3318164992,3318.164992,58,199,131,6,20251020_035116
1760899833.176689,12961621,3318174976,3318.174976,63,199,127,6,20251020_035116
1760899833.1866727,12961660,3318184960,3318.18496,69,199,124,6,20251020_035116
1760899833.1966567,12961699,3318194944,3318.194944,74,199,121,6,20251020_035116
1760899833.2066407,12961738,3318204928,3318.204928,80,199,118,6,20251020_035116
1760899833.2166247,12961777,3318214912,3318.214912,85,199,117,6,20251020_035116
1760899833.2266088,12961816,3318224896,3318.224896,90,199,116,6,20251020_035116
1760899833.2365928,12961855,3318234880,3318.23488,96,198,118,6,20251020_035116
1760899833.2465768,12961894,3318244864,3318.244864,101,199,117,6,20251020_035116
1760899833.2565608,12961933,3318254848,3318.254848,106,199,117,6,20251020_035116
1760899833.2668009,12961973,3318265088,3318.265088,110,198,117,6,20251020_035116
1760899833.276785,12962012,3318275072,3318.275072,115,198,117,6,20251020_035116
1760899833.286769,12962051,3318285056,3318.285056,119,198,116,6,20251020_035116
1760899833.2967527,12962090,3318295040,3318.29504,124,198,116,6,20251020_035116
1760899833.3067367,12962129,3318305024,3318.305024,128,198,117,6,20251020_035116
1760899833.3167207,12962168,3318315008,3318.315008,132,198,116,6,20251020_035116
1760899833.3267047,12962207,3318324992,3318.324992,136,197,118,6,20251020_035116
1760899833.3366888,12962246,3318334976,3318.334976,140,198,119,6,20251020_035116
1760899833.3466728,12962285,3318344960,3318.34496,144,197,120,6,20251020_035116
1760899833.3566568,12962324,3318354944,3318.354944,148,198,122,6,20251020_035116
1760899833.3666408,12962363,3318364928,3318.364928,152,198,125,6,20251020_035116
1760899833.3766248,12962402,3318374912,3318.374912,156,198,127,6,20251020_035116
1760899833.3866088,12962441,3318384896,3318.384896,160,198,130,6,20251020_035116
1760899833.3965929,12962480,3318394880,3318.39488,164,198,137,6,20251020_035116
1760899833.4068327,12962520,3318405120,3318.40512,169,198,146,6,20251020_035116
1760899833.4168167,12962559,3318415104,3318.415104,174,198,151,6,20251020_035116
1760899833.4268007,12962598,3318425088,3318.425088,179,198,154,6,20251020_035116
1760899833.4367847,12962637,3318435072,3318.435072,185,198,159,6,20251020_035116
1760899833.4467688,12962676,3318445056,3318.445056,190,198,161,6,20251020_035116
1760899833.4567528,12962715,3318455040,3318.45504,196,198,160,6,20251020_035116
1760899833.4667368,12962754,3318465024,3318.465024,202,198,161,6,20251020_035116
1760899833.4767208,12962793,3318475008,3318.475008,207,198,162,6,20251020_035116
1760899833.4867048,12962832,3318484992,3318.484992,212,198,162,6,20251020_035116
1760899833.496945,12962872,3318495232,3318.495232,218,198,162,6,20251020_035116
1760899833.5069287,12962911,3318505216,3318.505216,223,198,163,6,20251020_035116
1760899833.5169127,12962950,3318515200,3318.5152,228,199,163,6,20251020_035116
1760899833.5268967,12962989,3318525184,3318.525184,233,198,163,6,20251020_035116
1760899833.5368807,12963028,3318535168,3318.535168,238,199,162,6,20251020_035116
1760899833.5468647,12963067,3318545152,3318.545152,242,199,163,6,20251020_035116
1760899833.5568488,12963106,3318555136,3318.555136,247,198,163,6,20251020_035116
1760899833.5668328,12963145,3318565120,3318.56512,251,198,164,6,20251020_035116
1760899833.5768168,12963184,3318575104,3318.575104,0,199,162,6,20251020_035116
1760899833.5868008,12963223,3318585088,3318.585088,5,198,164,6,20251020_035116
1760899833.5967848,12963262,3318595072,3318.595072,9,199,163,6,20251020_035116
1760899833.6067688,12963301,3318605056,3318.605056,12,199,164,6,20251020_035116
1760899833.6167529,12963340,3318615040,3318.61504,16,199,163,6,20251020_035116
1760899833.6267369,12963379,3318625024,3318.625024,20,199,162,6,20251020_035116
1760899833.6369767,12963419,3318635264,3318.635264,24,199,161,6,20251020_035116
1760899833.6469607,12963458,3318645248,3318.645248,27,199,162,6,20251020_035116
1760899833.6569448,12963497,3318655232,3318.655232,31,199,161,6,20251020_035116
1760899833.6669288,12963536,3318665216,3318.665216,35,199,158,6,20251020_035116
1760899833.6769128,12963575,3318675200,3318.6752,39,199,153,6,20251020_035116
1760899833.6868968,12963614,3318685184,3318.685184,43,199,145,6,20251020_035116
1760899833.6968808,12963653,3318695168,3318.695168,47,199,137,6,20251020_035116
1760899833.7068648,12963692,3318705152,3318.705152,52,199,130,6,20251020_035116
1760899833.7168489,12963731,3318715136,3318.715136,58,200,127,6,20251020_035116
1760899833.7268329,12963770,3318725120,3318.72512,63,199,122,6,20251020_035116
1760899833.736817,12963809,3318735104,3318.735104,69,199,118,6,20251020_035116
1760899833.746801,12963848,3318745088,3318.745088,74,199,116,6,20251020_035116
1760899833.756785,12963887,3318755072,3318.755072,80,199,117,6,20251020_035116
1760899833.7667687,12963926,3318765056,3318.765056,85,198,117,6,20251020_035116
1760899833.7767527,12963965,3318775040,3318.77504,91,198,117,6,20251020_035116
1760899833.7869928,12964005,3318785280,3318.78528,96,199,116,6,20251020_035116
1760899833.7969768,12964044,3318795264,3318.795264,101,199,117,6,20251020_035116
1760899833.8069608,12964083,3318805248,3318.805248,106,198,117,6,20251020_035116
1760899833.8169448,12964122,3318815232,3318.815232,110,199,116,6,20251020_035116
1760899833.8269289,12964161,3318825216,3318.825216,115,198,116,6,20251020_035116
1760899833.8369129,12964200,3318835200,3318.8352,120,198,117,6,20251020_035116
1760899833.846897,12964239,3318845184,3318.845184,124,199,116,6,20251020_035116
1760899833.856881,12964278,3318855168,3318.855168,128,198,116,6,20251020_035116
1760899833.8668647,12964317,3318865152,3318.865152,132,198,117,6,20251020_035116
1760899833.8768487,12964356,3318875136,3318.875136,136,198,116,6,20251020_035116
1760899833.8868327,12964395,3318885120,3318.88512,140,198,117,6,20251020_035116
1760899833.8968167,12964434,3318895104,3318.895104,144,198,118,6,20251020_035116
1760899833.9068007,12964473,3318905088,3318.905088,148,198,121,6,20251020_035116
1760899833.9167848,12964512,3318915072,3318.915072,152,197,123,6,20251020_035116
1760899833.9270248,12964552,3318925312,3318.925312,156,198,126,6,20251020_035116
1760899833.9370089,12964591,3318935296,3318.935296,160,197,127,6,20251020_035116
1760899833.9469929,12964630,3318945280,3318.94528,164,198,133,6,20251020_035116
1760899833.956977,12964669,3318955264,3318.955264,168,198,142,6,20251020_035116
1760899833.966961,12964708,3318965248,3318.965248,173,198,150,6,20251020_035116
1760899833.9769447,12964747,3318975232,3318.975232,178,198,153,6,20251020_035116
1760899833.9869287,12964786,3318985216,3318.985216,184,198,158,6,20251020_035116
1760899833.9969127,12964825,3318995200,3318.9952,189,198,160,6,20251020_035116
1760899834.0068967,12964864,3319005184,3319.005184,195,198,160,6,20251020_035116
1760899834.0168808,12964903,3319015168,3319.015168,201,198,160,6,20251020_035116
1760899834.0268648,12964942,3319025152,3319.025152,206,198,162,6,20251020_035116
1760899834.0368488,12964981,3319035136,3319.035136,211,198,162,6,20251020_035116
1760899834.0468328,12965020,3319045120,3319.04512,217,198,162,6,20251020_035116
1760899834.0568168,12965059,3319055104,3319.055104,222,199,162,6,20251020_035116
1760899834.067057,12965099,3319065344,3319.065344,227,199,162,6,20251020_035116
1760899834.077041,12965138,3319075328,3319.075328,232,199,163,6,20251020_035116
1760899834.0870247,12965177,3319085312,3319.085312,237,198,163,6,20251020_035116
1760899834.0970087,12965216,3319095296,3319.095296,241,199,163,6,20251020_035116
1760899834.1069927,12965255,3319105280,3319.10528,246,199,163,6,20251020_035116
1760899834.1169767,12965294,3319115264,3319.115264,250,198,163,6,20251020_035116
1760899834.1269608,12965333,3319125248,3319.125248,0,199,164,6,20251020_035116
1760899834.1369448,12965372,3319135232,3319.135232,4,199,163,6,20251020_035116
1760899834.1469288,12965411,3319145216,3319.145216,8,199,164,6,20251020_035116
1760899834.1569128,12965450,3319155200,3319.1552,12,199,164,6,20251020_035116
1760899834.1668968,12965489,3319165184,3319.165184,16,199,163,6,20251020_035116
1760899834.1768808,12965528,3319175168,3319.175168,19,199,163,6,20251020_035116
1760899834.1868649,12965567,3319185152,3319.185152,23,199,162,6,20251020_035116
1760899834.1968489,12965606,3319195136,3319.195136,27,199,161,6,20251020_035116
1760899834.206833,12965645,3319205120,3319.20512,30,199,160,6,20251020_035116
1760899834.2170727,12965685,3319215360,3319.21536,34,199,159,6,20251020_035116
1760899834.2270567,12965724,3319225344,3319.225344,38,199,155,6,20251020_035116
1760899834.2370408,12965763,3319235328,3319.235328,42,199,151,6,20251020_035116
1760899834.2470248,12965802,3319245312,3319.245312,46,198,142,6,20251020_035116
1760899834.2570088,12965841,3319255296,3319.255296,51,199,134,6,20251020_035116
1760899834.2669928,12965880,3319265280,3319.26528,56,199,127,6,20251020_035116
1760899834.2769768,12965919,3319275264,3319.275264,61,199,125,6,20251020_035116
1760899834.2869608,12965958,3319285248,3319.285248,67,199,120,6,20251020_035116
1760899834.2969449,12965997,3319295232,3319.295232,72,199,117,6,20251020_035116
1760899834.3069289,12966036,3319305216,3319.305216,78,199,116,6,20251020_035116
1760899834.316913,12966075,3319315200,3319.3152,83,199,116,6,20251020_035116
1760899834.326897,12966114,3319325184,3319.325184,89,199,117,6,20251020_035116
1760899834.3368807,12966153,3319335168,3319.335168,94,199,116,6,20251020_035116
1760899834.3468647,12966192,3319345152,3319.345152,99,199,116,6,20251020_035116
1760899834.3571048,12966232,3319355392,3319.355392,104,199,117,6,20251020_035116
1760899834.3670888,12966271,3319365376,3319.365376,109,199,116,6,20251020_035116
1760899834.3770728,12966310,3319375360,3319.37536,113,199,116,6,20251020_035116
1760899834.3870568,12966349,3319385344,3319.385344,118,198,116,6,20251020_035116
1760899834.3970408,12966388,3319395328,3319.395328,122,199,115,6,20251020_035116
1760899834.4070249,12966427,3319405312,3319.405312,127,198,116,6,20251020_035116
1760899834.4170089,12966466,3319415296,3319.415296,131,198,116,6,20251020_035116
1760899834.426993,12966505,3319425280,3319.42528,135,198,116,6,20251020_035116
1760899834.436977,12966544,3319435264,3319.435264,139,198,117,6,20251020_035116
1760899834.4469607,12966583,3319445248,3319.445248,143,198,117,6,20251020_035116
1760899834.4569447,12966622,3319455232,3319.455232,146,198,117,6,20251020_035116
1760899834.4669287,12966661,3319465216,3319.465216,150,198,118,6,20251020_035116
1760899834.4769127,12966700,3319475200,3319.4752,154,198,119,6,20251020_035116
1760899834.4868968,12966739,3319485184,3319.485184,158,198,119,6,20251020_035116
1760899834.4968808,12966778,3319495168,3319.495168,161,198,121,6,20251020_035116
1760899834.5071208,12966818,3319505408,3319.505408,165,198,122,6,20251020_035116
1760899834.5171049,12966857,3319515392,3319.515392,169,198,124,6,20251020_035116
1760899834.5270889,12966896,3319525376,3319.525376,173,198,127,6,20251020_035116
1760899834.537073,12966935,3319535360,3319.53536,176,198,127,6,20251020_035116
1760899834.547057,12966974,3319545344,3319.545344,181,198,133,6,20251020_035116
1760899834.5570407,12967013,3319555328,3319.555328,185,199,138,6,20251020_035116
1760899834.5670247,12967052,3319565312,3319.565312,190,199,144,6,20251020_035116
1760899834.5770087,12967091,3319575296,3319.575296,195,199,149,6,20251020_035116
1760899834.5869927,12967130,3319585280,3319.58528,200,199,152,6,20251020_035116
1760899834.5969768,12967169,3319595264,3319.595264,205,199,155,6,20251020_035116
1760899834.6069608,12967208,3319605248,3319.605248,210,198,158,6,20251020_035116
1760899834.6169448,12967247,3319615232,3319.615232,215,198,160,6,20251020_035116
1760899834.6269288,12967286,3319625216,3319.625216,220,199,160,6,20251020_035116
1760899834.6369128,12967325,3319635200,3319.6352,226,199,162,6,20251020_035116
1760899834.6468968,12967364,3319645184,3319.645184,230,199,161,6,20251020_035116
1760899834.657137,12967404,3319655424,3319.655424,235,199,162,6,20251020_035116
1760899834.6671207,12967443,3319665408,3319.665408,240,199,162,6,20251020_035116
1760899834.6771047,12967482,3319675392,3319.675392,245,199,162,6,20251020_035116
1760899834.6870887,12967521,3319685376,3319.685376,249,199,163,6,20251020_035116
1760899834.6970727,12967560,3319695360,3319.69536,253,199,162,6,20251020_035116
1760899834.7070568,12967599,3319705344,3319.705344,2,199,162,6,20251020_035116
1760899834.7170408,12967638,3319715328,3319.715328,7,199,163,6,20251020_035116
1760899834.7270248,12967677,3319725312,3319.725312,11,199,163,6,20251020_035116
1760899834.7370088,12967716,3319735296,3319.735296,14,199,162,6,20251020_035116
1760899834.7469928,12967755,3319745280,3319.74528,18,199,162,6,20251020_035116
1760899834.7569768,12967794,3319755264,3319.755264,22,199,162,6,20251020_035116
1760899834.7669609,12967833,3319765248,3319.765248,26,199,162,6,20251020_035116
1760899834.7769449,12967872,3319775232,3319.775232,29,199,161,6,20251020_035116
1760899834.786929,12967911,3319785216,3319.785216,33,199,161,6,20251020_035116
1760899834.7971687,12967951,3319795456,3319.795456,36,199,160,6,20251020_035116
1760899834.8071527,12967990,3319805440,3319.80544,40,199,159,6,20251020_035116
1760899834.8171368,12968029,3319815424,3319.815424,44,199,156,6,20251020_035116
1760899834.8271208,12968068,3319825408,3319.825408,48,199,151,6,20251020_035116
1760899834.8371048,12968107,3319835392,3319.835392,52,199,146,6,20251020_035116
1760899834.8470888,12968146,3319845376,3319.845376,56,199,139,6,20251020_035116
1760899834.8570728,12968185,3319855360,3319.85536,61,199,132,6,20251020_035116
1760899834.8670568,12968224,3319865344,3319.865344,66,200,127,6,20251020_035116
1760899834.8770409,12968263,3319875328,3319.875328,71,200,125,6,20251020_035116
1760899834.8870249,12968302,3319885312,3319.885312,77,199,120,6,20251020_035116
1760899834.897009,12968341,3319895296,3319.895296,82,199,117,6,20251020_035116
1760899834.906993,12968380,3319905280,3319.90528,88,199,116,6,20251020_035116
1760899834.9169767,12968419,3319915264,3319.915264,93,199,117,6,20251020_035116
1760899834.9269607,12968458,3319925248,3319.925248,98,199,116,6,20251020_035116
1760899834.9372008,12968498,3319935488,3319.935488,103,199,116,6,20251020_035116
1760899834.9471848,12968537,3319945472,3319.945472,108,199,116,6,20251020_035116
1760899834.9571688,12968576,3319955456,3319.955456,113,199,116,6,20251020_035116
1760899834.9671528,12968615,3319965440,3319.96544,117,198,117,6,20251020_035116
1760899834.9771369,12968654,3319975424,3319.975424,122,198,117,6,20251020_035116
1760899834.9871209,12968693,3319985408,3319.985408,126,198,117,6,20251020_035116
1760899834.997105,12968732,3319995392,3319.995392,130,198,117,6,20251020_035116
1760899835.007089,12968771,3320005376,3320.005376,134,200,118,6,20251020_035116
1760899835.017073,12968810,3320015360,3320.01536,138,198,118,6,20251020_035116
1760899835.0270567,12968849,3320025344,3320.025344,142,197,119,6,20251020_035116
1760899835.0370407,12968888,3320035328,3320.035328,146,198,119,6,20251020_035116
1760899835.0470247,12968927,3320045312,3320.045312,150,198,122,6,20251020_035116
1760899835.0570087,12968966,3320055296,3320.055296,154,198,125,6,20251020_035116
1760899835.0669928,12969005,3320065280,3320.06528,158,198,127,6,20251020_035116
1760899835.0772328,12969045,3320075520,3320.07552,162,198,131,6,20251020_035116
1760899835.0872169,12969084,3320085504,3320.085504,166,198,138,6,20251020_035116
1760899835.0972009,12969123,3320095488,3320.095488,171,198,147,6,20251020_035116
1760899835.107185,12969162,3320105472,3320.105472,176,198,151,6,20251020_035116
1760899835.117169,12969201,3320115456,3320.115456,181,198,154,6,20251020_035116
1760899835.1271527,12969240,3320125440,3320.12544,187,198,158,6,20251020_035116
1760899835.1371367,12969279,3320135424,3320.135424,192,198,160,6,20251020_035116
1760899835.1471207,12969318,3320145408,3320.145408,198,198,161,6,20251020_035116
1760899835.1571047,12969357,3320155392,3320.155392,204,198,161,6,20251020_035116
1760899835.1670887,12969396,3320165376,3320.165376,209,198,162,6,20251020_035116
1760899835.1770728,12969435,3320175360,3320.17536,214,198,162,6,20251020_035116
1760899835.1870568,12969474,3320185344,3320.185344,220,199,162,6,20251020_035116
1760899835.1970408,12969513,3320195328,3320.195328,225,198,163,6,20251020_035116
1760899835.2070248,12969552,3320205312,3320.205312,230,199,163,6,20251020_035116
1760899835.2170088,12969591,3320215296,3320.215296,235,199,163,6,20251020_035116
1760899835.227249,12969631,3320225536,3320.225536,239,199,163,6,20251020_035116
1760899835.2372327,12969670,3320235520,3320.23552,244,199,163,6,20251020_035116
1760899835.2472167,12969709,3320245504,3320.245504,248,198,163,6,20251020_035116
1760899835.2572007,12969748,3320255488,3320.255488,253,199,163,6,20251020_035116
1760899835.2671847,12969787,3320265472,3320.265472,2,199,164,6,20251020_035116
1760899835.2771688,12969826,3320275456,3320.275456,6,199,163,6,20251020_035116
1760899835.2871528,12969865,3320285440,3320.28544,10,200,163,6,20251020_035116
1760899835.2971368,12969904,3320295424,3320.295424,14,199,163,6,20251020_035116
1760899835.3071208,12969943,3320305408,3320.305408,18,199,163,6,20251020_035116
1760899835.3171048,12969982,3320315392,3320.315392,21,199,162,6,20251020_035116
1760899835.3270888,12970021,3320325376,3320.325376,25,199,162,6,20251020_035116
1760899835.3370728,12970060,3320335360,3320.33536,29,199,161,6,20251020_035116
1760899835.3470569,12970099,3320345344,3320.345344,32,200,159,6,20251020_035116
1760899835.357041,12970138,3320355328,3320.355328,36,201,155,6,20251020_035116
1760899835.3672807,12970178,3320365568,3320.365568,40,199,147,6,20251020_035116
1760899835.3772647,12970217,3320375552,3320.375552,45,199,139,6,20251020_035116
1760899835.3872488,12970256,3320385536,3320.385536,49,199,134,6,20251020_035116
1760899835.3972328,12970295,3320395520,3320.39552,55,199,128,6,20251020_035116
1760899835.4072168,12970334,3320405504,3320.405504,60,199,125,6,20251020_035116
1760899835.4172008,12970373,3320415488,3320.415488,65,199,120,6,20251020_035116
1760899835.4271848,12970412,3320425472,3320.425472,71,199,117,6,20251020_035116
1760899835.4371688,12970451,3320435456,3320.435456,76,199,118,6,20251020_035116
1760899835.4471529,12970490,3320445440,3320.44544,82,199,118,6,20251020_035116
1760899835.4571369,12970529,3320455424,3320.455424,87,199,118,6,20251020_035116
1760899835.467121,12970568,3320465408,3320.465408,92,199,118,6,20251020_035116
1760899835.477105,12970607,3320475392,3320.475392,98,200,117,6,20251020_035116
1760899835.487089,12970646,3320485376,3320.485376,103,199,117,6,20251020_035116
1760899835.4970727,12970685,3320495360,3320.49536,107,199,117,6,20251020_035116
1760899835.5070567,12970724,3320505344,3320.505344,112,199,119,6,20251020_035116
1760899835.5172968,12970764,3320515584,3320.515584,117,199,118,6,20251020_035116
1760899835.5272808,12970803,3320525568,3320.525568,121,198,118,6,20251020_035116
1760899835.5372648,12970842,3320535552,3320.535552,125,199,118,6,20251020_035116
1760899835.5472488,12970881,3320545536,3320.545536,130,198,118,6,20251020_035116
1760899835.5572329,12970920,3320555520,3320.55552,134,198,118,6,20251020_035116
1760899835.5672169,12970959,3320565504,3320.565504,138,198,119,6,20251020_035116
1760899835.577201,12970998,3320575488,3320.575488,142,198,118,6,20251020_035116
1760899835.587185,12971037,3320585472,3320.585472,146,198,120,6,20251020_035116
1760899835.5971687,12971076,3320595456,3320.595456,149,198,123,6,20251020_035116
1760899835.6071527,12971115,3320605440,3320.60544,153,198,126,6,20251020_035116
1760899835.6171367,12971154,3320615424,3320.615424,157,198,127,6,20251020_035116
1760899835.6271207,12971193,3320625408,3320.625408,162,198,133,6,20251020_035116
1760899835.6371047,12971232,3320635392,3320.635392,166,198,142,6,20251020_035116
1760899835.6470888,12971271,3320645376,3320.645376,171,198,150,6,20251020_035116
1760899835.6573288,12971311,3320655616,3320.655616,176,198,152,6,20251020_035116
1760899835.6673129,12971350,3320665600,3320.6656,182,198,159,6,20251020_035116
1760899835.6772969,12971389,3320675584,3320.675584,187,198,160,6,20251020_035116
1760899835.687281,12971428,3320685568,3320.685568,193,198,160,6,20251020_035116
1760899835.697265,12971467,3320695552,3320.695552,199,199,161,6,20251020_035116
1760899835.7072487,12971506,3320705536,3320.705536,204,198,161,6,20251020_035116
1760899835.7172327,12971545,3320715520,3320.71552,210,198,162,6,20251020_035116
1760899835.7272167,12971584,3320725504,3320.725504,215,199,162,6,20251020_035116
1760899835.7372007,12971623,3320735488,3320.735488,220,199,162,6,20251020_035116
1760899835.7471848,12971662,3320745472,3320.745472,225,199,162,6,20251020_035116
1760899835.7571688,12971701,3320755456,3320.755456,230,199,163,6,20251020_035116
1760899835.7671528,12971740,3320765440,3320.76544,235,198,163,6,20251020_035116
1760899835.7771368,12971779,3320775424,3320.775424,240,199,162,6,20251020_035116
1760899835.7871208,12971818,3320785408,3320.785408,244,199,164,6,20251020_035116
1760899835.7971048,12971857,3320795392,3320.795392,249,198,163,6,20251020_035116
1760899835.807345,12971897,3320805632,3320.805632,253,199,163,6,20251020_035116
1760899835.8173287,12971936,3320815616,3320.815616,2,199,164,6,20251020_035116
1760899835.8273127,12971975,3320825600,3320.8256,6,199,163,6,20251020_035116
1760899835.8372967,12972014,3320835584,3320.835584,10,199,163,6,20251020_035116
1760899835.8472807,12972053,3320845568,3320.845568,14,199,163,6,20251020_035116
1760899835.8572648,12972092,3320855552,3320.855552,18,199,163,6,20251020_035116
1760899835.8672488,12972131,3320865536,3320.865536,22,199,162,6,20251020_035116
1760899835.8772328,12972170,3320875520,3320.87552,25,199,162,6,20251020_035116
1760899835.8872168,12972209,3320885504,3320.885504,29,199,161,6,20251020_035116
1760899835.8972008,12972248,3320895488,3320.895488,33,199,159,6,20251020_035116
1760899835.9071848,12972287,3320905472,3320.905472,37,199,156,6,20251020_035116
1760899835.9171689,12972326,3320915456,3320.915456,40,199,149,6,20251020_035116
1760899835.9271529,12972365,3320925440,3320.92544,45,199,138,6,20251020_035116
1760899835.937137,12972404,3320935424,3320.935424,50,199,131,6,20251020_035116
1760899835.9473767,12972444,3320945664,3320.945664,55,199,127,6,20251020_035116
1760899835.9573607,12972483,3320955648,3320.955648,60,199,122,6,20251020_035116
1760899835.9673448,12972522,3320965632,3320.965632,66,199,118,6,20251020_035116
1760899835.9773288,12972561,3320975616,3320.975616,72,199,117,6,20251020_035116
1760899835.9873128,12972600,3320985600,3320.9856,77,199,117,6,20251020_035116
1760899835.9972968,12972639,3320995584,3320.995584,83,199,117,6,20251020_035116
1760899836.0072808,12972678,3321005568,3321.005568,88,199,117,6,20251020_035116
1760899836.0172648,12972717,3321015552,3321.015552,93,199,117,6,20251020_035116
1760899836.0272489,12972756,3321025536,3321.025536,99,199,117,6,20251020_035116
1760899836.0372329,12972795,3321035520,3321.03552,103,199,116,6,20251020_035116
1760899836.047217,12972834,3321045504,3321.045504,108,199,116,6,20251020_035116
1760899836.057201,12972873,3321055488,3321.055488,113,199,117,6,20251020_035116
1760899836.0671847,12972912,3321065472,3321.065472,118,198,116,6,20251020_035116
1760899836.0771687,12972951,3321075456,3321.075456,122,199,115,6,20251020_035116
1760899836.0874088,12972991,3321085696,3321.085696,126,199,116,6,20251020_035116
1760899836.0973928,12973030,3321095680,3321.09568,130,198,116,6,20251020_035116
1760899836.1073768,12973069,3321105664,3321.105664,134,201,116,6,20251020_035116
1760899836.1173608,12973108,3321115648,3321.115648,138,199,116,6,20251020_035116
1760899836.1273448,12973147,3321125632,3321.125632,142,199,116,6,20251020_035116
1760899836.1373289,12973186,3321135616,3321.135616,146,198,118,6,20251020_035116
1760899836.1473129,12973225,3321145600,3321.1456,150,198,119,6,20251020_035116
1760899836.157297,12973264,3321155584,3321.155584,154,199,120,6,20251020_035116
1760899836.167281,12973303,3321165568,3321.165568,157,198,121,6,20251020_035116
1760899836.1772647,12973342,3321175552,3321.175552,161,198,122,6,20251020_035116
1760899836.1872487,12973381,3321185536,3321.185536,165,198,126,6,20251020_035116
1760899836.1972327,12973420,3321195520,3321.19552,169,199,127,6,20251020_035116
1760899836.2072167,12973459,3321205504,3321.205504,173,199,130,6,20251020_035116
1760899836.2172008,12973498,3321215488,3321.215488,177,199,137,6,20251020_035116
1760899836.2274408,12973538,3321225728,3321.225728,182,199,144,6,20251020_035116
1760899836.2374249,12973577,3321235712,3321.235712,187,199,149,6,20251020_035116
1760899836.2474089,12973616,3321245696,3321.245696,192,199,153,6,20251020_035116
1760899836.257393,12973655,3321255680,3321.25568,197,198,157,6,20251020_035116
1760899836.267377,12973694,3321265664,3321.265664,203,199,159,6,20251020_035116
1760899836.277361,12973733,3321275648,3321.275648,208,199,160,6,20251020_035116
1760899836.2873447,12973772,3321285632,3321.285632,214,199,161,6,20251020_035116
1760899836.2973287,12973811,3321295616,3321.295616,219,199,161,6,20251020_035116
1760899836.3073127,12973850,3321305600,3321.3056,224,199,161,6,20251020_035116
1760899836.3172967,12973889,3321315584,3321.315584,229,199,162,6,20251020_035116
1760899836.3272808,12973928,3321325568,3321.325568,234,199,162,6,20251020_035116
1760899836.3372648,12973967,3321335552,3321.335552,239,199,162,6,20251020_035116
1760899836.3472488,12974006,3321345536,3321.345536,243,199,162,6,20251020_035116
1760899836.3572328,12974045,3321355520,3321.35552,248,199,163,6,20251020_035116
1760899836.3672168,12974084,3321365504,3321.365504,252,199,163,6,20251020_035116
1760899836.377457,12974124,3321375744,3321.375744,1,199,163,6,20251020_035116
1760899836.3874407,12974163,3321385728,3321.385728,5,199,163,6,20251020_035116
1760899836.3974247,12974202,3321395712,3321.395712,9,199,163,6,20251020_035116
1760899836.4074087,12974241,3321405696,3321.405696,13,199,163,6,20251020_035116
1760899836.4173927,12974280,3321415680,3321.41568,17,199,163,6,20251020_035116
1760899836.4273767,12974319,3321425664,3321.425664,21,199,163,6,20251020_035116
1760899836.4373608,12974358,3321435648,3321.435648,24,199,161,6,20251020_035116
1760899836.4473448,12974397,3321445632,3321.445632,28,199,162,6,20251020_035116
1760899836.4573288,12974436,3321455616,3321.455616,32,199,160,6,20251020_035116
1760899836.4675689,12974476,3321465856,3321.465856,35,199,160,6,20251020_035116
1760899836.477553,12974515,3321475840,3321.47584,39,199,156,6,20251020_035116
1760899836.487537,12974554,3321485824,3321.485824,43,199,150,6,20251020_035116
1760899836.4975207,12974593,3321495808,3321.495808,47,199,143,6,20251020_035116
1760899836.5075047,12974632,3321505792,3321.505792,52,199,135,6,20251020_035116
1760899836.5174887,12974671,3321515776,3321.515776,57,199,128,6,20251020_035116
1760899836.5274727,12974710,3321525760,3321.52576,62,199,124,6,20251020_035116
1760899836.5374568,12974749,3321535744,3321.535744,68,199,119,6,20251020_035116
1760899836.5474408,12974788,3321545728,3321.545728,73,199,118,6,20251020_035116
1760899836.5574248,12974827,3321555712,3321.555712,79,199,119,6,20251020_035116
1760899836.5674088,12974866,3321565696,3321.565696,84,199,118,6,20251020_035116
1760899836.5776489,12974906,3321575936,3321.575936,90,199,117,6,20251020_035116
1760899836.587633,12974945,3321585920,3321.58592,95,199,118,6,20251020_035116
1760899836.597617,12974984,3321595904,3321.595904,100,199,118,6,20251020_035116
1760899836.6076007,12975023,3321605888,3321.605888,105,199,118,6,20251020_035116
1760899836.6175847,12975062,3321615872,3321.615872,109,199,117,6,20251020_035116
1760899836.6275687,12975101,3321625856,3321.625856,114,199,118,6,20251020_035116
1760899836.6375527,12975140,3321635840,3321.63584,119,199,117,6,20251020_035116
1760899836.6475368,12975179,3321645824,3321.645824,123,199,118,6,20251020_035116
1760899836.6575208,12975218,3321655808,3321.655808,127,199,118,6,20251020_035116
1760899836.6675048,12975257,3321665792,3321.665792,131,198,118,6,20251020_035116
1760899836.6774888,12975296,3321675776,3321.675776,136,198,117,6,20251020_035116
1760899836.6874728,12975335,3321685760,3321.68576,139,198,117,6,20251020_035116
1760899836.6974568,12975374,3321695744,3321.695744,143,198,118,6,20251020_035116
1760899836.7074409,12975413,3321705728,3321.705728,147,198,117,6,20251020_035116
1760899836.7174249,12975452,3321715712,3321.715712,151,198,119,6,20251020_035116
1760899836.7276647,12975492,3321725952,3321.725952,155,198,120,6,20251020_035116
1760899836.7376487,12975531,3321735936,3321.735936,158,200,122,6,20251020_035116
1760899836.7476327,12975570,3321745920,3321.74592,162,199,124,6,20251020_035116
1760899836.7576168,12975609,3321755904,3321.755904,166,198,125,6,20251020_035116
1760899836.7676008,12975648,3321765888,3321.765888,170,198,126,6,20251020_035116
1760899836.7775848,12975687,3321775872,3321.775872,174,199,128,6,20251020_035116
1760899836.7875688,12975726,3321785856,3321.785856,178,199,132,6,20251020_035116
1760899836.7975528,12975765,3321795840,3321.79584,182,199,137,6,20251020_035116
1760899836.8075368,12975804,3321805824,3321.805824,187,199,143,6,20251020_035116
1760899836.8175209,12975843,3321815808,3321.815808,192,199,148,6,20251020_035116
1760899836.8275049,12975882,3321825792,3321.825792,197,199,152,6,20251020_035116
1760899836.837489,12975921,3321835776,3321.835776,202,199,154,6,20251020_035116
1760899836.847473,12975960,3321845760,3321.84576,207,199,158,6,20251020_035116
1760899836.8574567,12975999,3321855744,3321.855744,213,199,160,6,20251020_035116
1760899836.8676968,12976039,3321865984,3321.865984,218,198,161,6,20251020_035116
1760899836.8776808,12976078,3321875968,3321.875968,223,199,161,6,20251020_035116
1760899836.8876648,12976117,3321885952,3321.885952,228,199,161,6,20251020_035116
1760899836.8976488,12976156,3321895936,3321.895936,233,199,161,6,20251020_035116
1760899836.9076328,12976195,3321905920,3321.90592,238,199,161,6,20251020_035116
1760899836.9176168,12976234,3321915904,3321.915904,242,199,161,6,20251020_035116
1760899836.9276009,12976273,3321925888,3321.925888,247,199,162,6,20251020_035116
1760899836.9375849,12976312,3321935872,3321.935872,251,199,163,6,20251020_035116
1760899836.947569,12976351,3321945856,3321.945856,0,200,162,6,20251020_035116
1760899836.957553,12976390,3321955840,3321.95584,4,199,163,6,20251020_035116
1760899836.9675367,12976429,3321965824,3321.965824,8,199,163,6,20251020_035116
1760899836.9775207,12976468,3321975808,3321.975808,12,199,164,6,20251020_035116
1760899836.9875047,12976507,3321985792,3321.985792,16,200,162,6,20251020_035116
1760899836.9974887,12976546,3321995776,3321.995776,20,199,163,6,20251020_035116
1760899837.0077288,12976586,3322006016,3322.006016,24,200,162,6,20251020_035116
1760899837.0177128,12976625,3322016000,3322.016,27,200,162,6,20251020_035116
1760899837.0276968,12976664,3322025984,3322.025984,31,199,162,6,20251020_035116
1760899837.0376809,12976703,3322035968,3322.035968,34,200,160,6,20251020_035116
1760899837.0476649,12976742,3322045952,3322.045952,38,199,158,6,20251020_035116
1760899837.057649,12976781,3322055936,3322.055936,42,199,159,6,20251020_035116
1760899837.067633,12976820,3322065920,3322.06592,45,200,155,6,20251020_035116
1760899837.0776167,12976859,3322075904,3322.075904,49,200,151,6,20251020_035116
1760899837.0876007,12976898,3322085888,3322.085888,53,199,145,6,20251020_035116
1760899837.0975847,12976937,3322095872,3322.095872,58,200,139,6,20251020_035116
1760899837.1075687,12976976,3322105856,3322.105856,63,199,132,6,20251020_035116
1760899837.1178088,12977016,3322116096,3322.116096,68,199,127,6,20251020_035116
1760899837.1277928,12977055,3322126080,3322.12608,73,199,125,6,20251020_035116
1760899837.1377769,12977094,3322136064,3322.136064,79,199,120,6,20251020_035116
1760899837.1477609,12977133,3322146048,3322.146048,84,199,117,6,20251020_035116
1760899837.157745,12977172,3322156032,3322.156032,89,200,117,6,20251020_035116
1760899837.167729,12977211,3322166016,3322.166016,95,199,117,6,20251020_035116
1760899837.177713,12977250,3322176000,3322.176,100,199,118,6,20251020_035116
1760899837.1876967,12977289,3322185984,3322.185984,105,199,117,6,20251020_035116
1760899837.1979368,12977329,3322196224,3322.196224,109,199,117,6,20251020_035116
1760899837.2079208,12977368,3322206208,3322.206208,114,198,116,6,20251020_035116
1760899837.2179048,12977407,3322216192,3322.216192,119,199,116,6,20251020_035116
1760899837.2278888,12977446,3322226176,3322.226176,123,199,116,6,20251020_035116
1760899837.2378728,12977485,3322236160,3322.23616,127,199,117,6,20251020_035116
1760899837.2478569,12977524,3322246144,3322.246144,131,198,117,6,20251020_035116
1760899837.2580967,12977564,3322256384,3322.256384,135,199,118,6,20251020_035116
1760899837.2680807,12977603,3322266368,3322.266368,139,199,119,6,20251020_035116
1760899837.2780647,12977642,3322276352,3322.276352,143,199,120,6,20251020_035116
1760899837.2880487,12977681,3322286336,3322.286336,147,199,122,6,20251020_035116
1760899837.2980328,12977720,3322296320,3322.29632,151,199,125,6,20251020_035116
1760899837.3080168,12977759,3322306304,3322.306304,155,198,127,6,20251020_035116
1760899837.3180008,12977798,3322316288,3322.316288,159,198,132,6,20251020_035116
1760899837.3279848,12977837,3322326272,3322.326272,164,199,140,6,20251020_035116
1760899837.338225,12977877,3322336512,3322.336512,169,199,148,6,20251020_035116
1760899837.348209,12977916,3322346496,3322.346496,174,199,151,6,20251020_035116
1760899837.3581927,12977955,3322356480,3322.35648,179,199,154,6,20251020_035116
1760899837.3681767,12977994,3322366464,3322.366464,185,198,159,6,20251020_035116
1760899837.3781607,12978033,3322376448,3322.376448,190,199,160,6,20251020_035116
1760899837.3881447,12978072,3322386432,3322.386432,196,198,161,6,20251020_035116
1760899837.3983848,12978112,3322396672,3322.396672,201,199,161,6,20251020_035116
1760899837.4083688,12978151,3322406656,3322.406656,207,198,163,6,20251020_035116
1760899837.4183528,12978190,3322416640,3322.41664,212,199,162,6,20251020_035116
1760899837.4283369,12978229,3322426624,3322.426624,218,199,163,6,20251020_035116
1760899837.4383209,12978268,3322436608,3322.436608,223,199,163,6,20251020_035116
1760899837.448305,12978307,3322446592,3322.446592,228,199,163,6,20251020_035116
1760899837.458289,12978346,3322456576,3322.456576,233,199,163,6,20251020_035116
1760899837.4682727,12978385,3322466560,3322.46656,238,199,163,6,20251020_035116
1760899837.4782567,12978424,3322476544,3322.476544,242,199,163,6,20251020_035116
1760899837.4882407,12978463,3322486528,3322.486528,247,199,164,6,20251020_035116
1760899837.4982247,12978502,3322496512,3322.496512,251,199,164,6,20251020_035116
1760899837.5082088,12978541,3322506496,3322.506496,0,199,164,6,20251020_035116
1760899837.5181928,12978580,3322516480,3322.51648,4,199,162,6,20251020_035116
1760899837.5281768,12978619,3322526464,3322.526464,8,199,164,6,20251020_035116
1760899837.5384169,12978659,3322536704,3322.536704,12,199,163,6,20251020_035116
1760899837.5484009,12978698,3322546688,3322.546688,16,199,163,6,20251020_035116
1760899837.558385,12978737,3322556672,3322.556672,20,199,163,6,20251020_035116
1760899837.568369,12978776,3322566656,3322.566656,24,199,161,6,20251020_035116
1760899837.5783527,12978815,3322576640,3322.57664,27,199,161,6,20251020_035116
1760899837.5883367,12978854,3322586624,3322.586624,31,199,160,6,20251020_035116
1760899837.5983207,12978893,3322596608,3322.596608,35,200,156,6,20251020_035116
1760899837.6083047,12978932,3322606592,3322.606592,39,199,150,6,20251020_035116
1760899837.6182888,12978971,3322616576,3322.616576,43,199,143,6,20251020_035116
1760899837.6282728,12979010,3322626560,3322.62656,48,200,135,6,20251020_035116
1760899837.6382568,12979049,3322636544,3322.636544,53,199,127,6,20251020_035116
1760899837.6482408,12979088,3322646528,3322.646528,58,199,125,6,20251020_035116
1760899837.6582248,12979127,3322656512,3322.656512,63,199,121,6,20251020_035116
1760899837.6682088,12979166,3322666496,3322.666496,69,200,118,6,20251020_035116
1760899837.6781929,12979205,3322676480,3322.67648,75,199,117,6,20251020_035116
1760899837.6884327,12979245,3322686720,3322.68672,80,200,116,6,20251020_035116
1760899837.6984167,12979284,3322696704,3322.696704,86,199,117,6,20251020_035116
1760899837.7084007,12979323,3322706688,3322.706688,91,200,114,6,20251020_035116
1760899837.7183847,12979362,3322716672,3322.716672,96,199,117,6,20251020_035116
1760899837.7283688,12979401,3322726656,3322.726656,101,199,117,6,20251020_035116
1760899837.7383528,12979440,3322736640,3322.73664,106,199,117,6,20251020_035116
1760899837.7483368,12979479,3322746624,3322.746624,111,199,116,6,20251020_035116
1760899837.7583208,12979518,3322756608,3322.756608,115,199,117,6,20251020_035116
1760899837.7683048,12979557,3322766592,3322.766592,120,199,116,6,20251020_035116
1760899837.7782888,12979596,3322776576,3322.776576,124,199,116,6,20251020_035116
1760899837.7882729,12979635,3322786560,3322.78656,128,199,117,6,20251020_035116
1760899837.7982569,12979674,3322796544,3322.796544,133,199,116,6,20251020_035116
1760899837.808241,12979713,3322806528,3322.806528,137,199,117,6,20251020_035116
1760899837.818225,12979752,3322816512,3322.816512,140,199,118,6,20251020_035116
1760899837.8284647,12979792,3322826752,3322.826752,144,199,118,6,20251020_035116
1760899837.8384488,12979831,3322836736,3322.836736,148,199,121,6,20251020_035116
1760899837.8484328,12979870,3322846720,3322.84672,152,198,124,6,20251020_035116
1760899837.8584168,12979909,3322856704,3322.856704,156,199,127,6,20251020_035116
1760899837.8684008,12979948,3322866688,3322.866688,160,199,131,6,20251020_035116
1760899837.8783848,12979987,3322876672,3322.876672,165,199,140,6,20251020_035116
1760899837.8883688,12980026,3322886656,3322.886656,169,198,149,6,20251020_035116
1760899837.8983529,12980065,3322896640,3322.89664,175,199,151,6,20251020_035116
1760899837.9083369,12980104,3322906624,3322.906624,180,199,157,6,20251020_035116
1760899837.918321,12980143,3322916608,3322.916608,186,199,160,6,20251020_035116
1760899837.928305,12980182,3322926592,3322.926592,191,199,160,6,20251020_035116
1760899837.9382887,12980221,3322936576,3322.936576,197,199,160,6,20251020_035116
1760899837.9482727,12980260,3322946560,3322.94656,202,199,161,6,20251020_035116
1760899837.9582567,12980299,3322956544,3322.956544,208,199,162,6,20251020_035116
1760899837.9682407,12980338,3322966528,3322.966528,213,199,162,6,20251020_035116
1760899837.9784808,12980378,3322976768,3322.976768,219,199,163,6,20251020_035116
1760899837.9884648,12980417,3322986752,3322.986752,224,199,163,6,20251020_035116
1760899837.9984488,12980456,3322996736,3322.996736,229,199,163,6,20251020_035116
1760899838.0084329,12980495,3323006720,3323.00672,234,199,163,6,20251020_035116
1760899838.018417,12980534,3323016704,3323.016704,238,199,162,6,20251020_035116
1760899838.028401,12980573,3323026688,3323.026688,243,199,163,6,20251020_035116
1760899838.038385,12980612,3323036672,3323.036672,248,199,163,6,20251020_035116
1760899838.0486248,12980652,3323046912,3323.046912,252,199,163,6,20251020_035116
1760899838.0586088,12980691,3323056896,3323.056896,1,199,164,6,20251020_035116
1760899838.0685928,12980730,3323066880,3323.06688,5,199,163,6,20251020_035116
1760899838.0785768,12980769,3323076864,3323.076864,9,199,164,6,20251020_035116
1760899838.0885608,12980808,3323086848,3323.086848,13,199,164,6,20251020_035116
1760899838.0985448,12980847,3323096832,3323.096832,17,199,163,6,20251020_035116
1760899838.1085289,12980886,3323106816,3323.106816,21,199,163,6,20251020_035116
1760899838.1187687,12980926,3323117056,3323.117056,24,200,162,6,20251020_035116
1760899838.1287527,12980965,3323127040,3323.12704,28,199,161,6,20251020_035116
1760899838.1387367,12981004,3323137024,3323.137024,32,200,160,6,20251020_035116
1760899838.1487207,12981043,3323147008,3323.147008,35,200,156,6,20251020_035116
1760899838.1587048,12981082,3323156992,3323.156992,39,200,152,6,20251020_035116
1760899838.1686888,12981121,3323166976,3323.166976,43,200,142,6,20251020_035116
1760899838.1786728,12981160,3323176960,3323.17696,48,200,136,6,20251020_035116
1760899838.1886568,12981199,3323186944,3323.186944,53,201,128,6,20251020_035116
1760899838.198897,12981239,3323197184,3323.197184,59,199,125,6,20251020_035116
1760899838.208881,12981278,3323207168,3323.207168,64,200,121,6,20251020_035116
1760899838.218865,12981317,3323217152,3323.217152,70,200,116,6,20251020_035116
1760899838.2288487,12981356,3323227136,3323.227136,75,199,117,6,20251020_035116
1760899838.2388327,12981395,3323237120,3323.23712,81,199,117,6,20251020_035116
1760899838.2488167,12981434,3323247104,3323.247104,86,200,117,6,20251020_035116
1760899838.2588007,12981473,3323257088,3323.257088,92,200,118,6,20251020_035116
1760899838.2687848,12981512,3323267072,3323.267072,97,200,116,6,20251020_035116
1760899838.2787688,12981551,3323277056,3323.277056,102,199,116,6,20251020_035116
1760899838.2887528,12981590,3323287040,3323.28704,107,199,116,6,20251020_035116
1760899838.2987368,12981629,3323297024,3323.297024,111,199,116,6,20251020_035116
1760899838.3087208,12981668,3323307008,3323.307008,116,199,116,6,20251020_035116
1760899838.3187048,12981707,3323316992,3323.316992,120,199,116,6,20251020_035116
1760899838.3286889,12981746,3323326976,3323.326976,125,199,116,6,20251020_035116
1760899838.3389287,12981786,3323337216,3323.337216,129,199,116,6,20251020_035116
1760899838.3489127,12981825,3323347200,3323.3472,133,199,116,6,20251020_035116
1760899838.3588967,12981864,3323357184,3323.357184,137,199,116,6,20251020_035116
1760899838.3688807,12981903,3323367168,3323.367168,141,199,116,6,20251020_035116
1760899838.3788648,12981942,3323377152,3323.377152,145,199,117,6,20251020_035116
1760899838.3888488,12981981,3323387136,3323.387136,148,199,117,6,20251020_035116
1760899838.3988328,12982020,3323397120,3323.39712,152,199,118,6,20251020_035116
1760899838.4088168,12982059,3323407104,3323.407104,156,199,119,6,20251020_035116
1760899838.4188008,12982098,3323417088,3323.417088,159,199,120,6,20251020_035116
1760899838.4287848,12982137,3323427072,3323.427072,163,200,121,6,20251020_035116
1760899838.4387689,12982176,3323437056,3323.437056,167,199,124,6,20251020_035116
1760899838.4487529,12982215,3323447040,3323.44704,171,200,126,6,20251020_035116
1760899838.458737,12982254,3323457024,3323.457024,175,199,127,6,20251020_035116
1760899838.468721,12982293,3323467008,3323.467008,179,199,130,6,20251020_035116
1760899838.4787047,12982332,3323476992,3323.476992,183,199,136,6,20251020_035116
1760899838.4889448,12982372,3323487232,3323.487232,187,199,143,6,20251020_035116
1760899838.4989288,12982411,3323497216,3323.497216,192,199,148,6,20251020_035116
1760899838.5089128,12982450,3323507200,3323.5072,197,199,151,6,20251020_035116
1760899838.5188968,12982489,3323517184,3323.517184,203,199,154,6,20251020_035116
1760899838.5288808,12982528,3323527168,3323.527168,208,199,157,6,20251020_035116
1760899838.5388649,12982567,3323537152,3323.537152,213,199,160,6,20251020_035116
1760899838.5488489,12982606,3323547136,3323.547136,218,200,160,6,20251020_035116
1760899838.558833,12982645,3323557120,3323.55712,223,200,160,6,20251020_035116
1760899838.568817,12982684,3323567104,3323.567104,228,199,161,6,20251020_035116
1760899838.578801,12982723,3323577088,3323.577088,233,200,161,6,20251020_035116
1760899838.5887847,12982762,3323587072,3323.587072,238,200,162,6,20251020_035116
1760899838.5987687,12982801,3323597056,3323.597056,243,200,162,6,20251020_035116
1760899838.6087527,12982840,3323607040,3323.60704,247,199,162,6,20251020_035116
1760899838.6187367,12982879,3323617024,3323.617024,252,199,162,6,20251020_035116
1760899838.6287208,12982918,3323627008,3323.627008,1,200,163,6,20251020_035116
1760899838.6389608,12982958,3323637248,3323.637248,5,200,163,6,20251020_035116
1760899838.6489449,12982997,3323647232,3323.647232,9,199,163,6,20251020_035116
1760899838.6589289,12983036,3323657216,3323.657216,13,199,163,6,20251020_035116
1760899838.668913,12983075,3323667200,3323.6672,17,200,163,6,20251020_035116
1760899838.678897,12983114,3323677184,3323.677184,20,199,162,6,20251020_035116
1760899838.6888807,12983153,3323687168,3323.687168,24,200,162,6,20251020_035116
1760899838.6988647,12983192,3323697152,3323.697152,28,200,163,6,20251020_035116
1760899838.7088487,12983231,3323707136,3323.707136,31,200,161,6,20251020_035116
1760899838.7188327,12983270,3323717120,3323.71712,35,199,161,6,20251020_035116
1760899838.7288167,12983309,3323727104,3323.727104,38,200,161,6,20251020_035116
1760899838.7388008,12983348,3323737088,3323.737088,42,199,160,6,20251020_035116
1760899838.7487848,12983387,3323747072,3323.747072,45,200,158,6,20251020_035116
1760899838.7587688,12983426,3323757056,3323.757056,49,200,153,6,20251020_035116
1760899838.7687528,12983465,3323767040,3323.76704,53,200,147,6,20251020_035116
1760899838.778993,12983505,3323777280,3323.77728,58,200,142,6,20251020_035116
1760899838.788977,12983544,3323787264,3323.787264,62,200,135,6,20251020_035116
1760899838.7989607,12983583,3323797248,3323.797248,67,200,129,6,20251020_035116
1760899838.8089447,12983622,3323807232,3323.807232,72,199,126,6,20251020_035116
1760899838.8189287,12983661,3323817216,3323.817216,78,200,122,6,20251020_035116
1760899838.8289127,12983700,3323827200,3323.8272,83,200,118,6,20251020_035116
1760899838.8388968,12983739,3323837184,3323.837184,88,200,117,6,20251020_035116
1760899838.8488808,12983778,3323847168,3323.847168,94,200,117,6,20251020_035116
1760899838.8588648,12983817,3323857152,3323.857152,99,199,117,6,20251020_035116
1760899838.8688488,12983856,3323867136,3323.867136,104,200,117,6,20251020_035116
1760899838.8788328,12983895,3323877120,3323.87712,108,199,117,6,20251020_035116
1760899838.8888168,12983934,3323887104,3323.887104,113,199,116,6,20251020_035116
1760899838.8988008,12983973,3323897088,3323.897088,118,199,117,6,20251020_035116
1760899838.9087849,12984012,3323907072,3323.907072,122,199,118,6,20251020_035116
1760899838.918769,12984051,3323917056,3323.917056,126,199,117,6,20251020_035116
1760899838.9290087,12984091,3323927296,3323.927296,131,199,117,6,20251020_035116
1760899838.9389927,12984130,3323937280,3323.93728,135,199,117,6,20251020_035116
1760899838.9489768,12984169,3323947264,3323.947264,139,199,119,6,20251020_035116
1760899838.9589608,12984208,3323957248,3323.957248,143,199,120,6,20251020_035116
1760899838.9689448,12984247,3323967232,3323.967232,146,199,121,6,20251020_035116
1760899838.9789288,12984286,3323977216,3323.977216,150,199,123,6,20251020_035116
1760899838.9889128,12984325,3323987200,3323.9872,154,199,125,6,20251020_035116
1760899838.9988968,12984364,3323997184,3323.997184,158,199,127,6,20251020_035116
1760899839.0088809,12984403,3324007168,3324.007168,163,199,132,6,20251020_035116
1760899839.0188649,12984442,3324017152,3324.017152,167,199,138,6,20251020_035116
1760899839.028849,12984481,3324027136,3324.027136,172,199,146,6,20251020_035116
1760899839.038833,12984520,3324037120,3324.03712,177,199,151,6,20251020_035116
1760899839.0488167,12984559,3324047104,3324.047104,182,199,154,6,20251020_035116
1760899839.0588007,12984598,3324057088,3324.057088,187,199,157,6,20251020_035116
1760899839.0687847,12984637,3324067072,3324.067072,193,199,160,6,20251020_035116
1760899839.0790248,12984677,3324077312,3324.077312,199,199,161,6,20251020_035116
1760899839.0890088,12984716,3324087296,3324.087296,204,199,161,6,20251020_035116
1760899839.0989928,12984755,3324097280,3324.09728,209,199,161,6,20251020_035116
1760899839.1089768,12984794,3324107264,3324.107264,215,199,162,6,20251020_035116
1760899839.1189609,12984833,3324117248,3324.117248,220,199,162,6,20251020_035116
1760899839.1289449,12984872,3324127232,3324.127232,225,199,162,6,20251020_035116
1760899839.138929,12984911,3324137216,3324.137216,230,199,163,6,20251020_035116
1760899839.148913,12984950,3324147200,3324.1472,235,199,162,6,20251020_035116
1760899839.1588967,12984989,3324157184,3324.157184,240,200,163,6,20251020_035116
1760899839.1688807,12985028,3324167168,3324.167168,244,200,163,6,20251020_035116
1760899839.1788647,12985067,3324177152,3324.177152,249,200,163,6,20251020_035116
1760899839.1888487,12985106,3324187136,3324.187136,253,200,163,6,20251020_035116
1760899839.1988328,12985145,3324197120,3324.19712,2,200,163,6,20251020_035116
1760899839.2088168,12985184,3324207104,3324.207104,6,200,163,6,20251020_035116
1760899839.2190568,12985224,3324217344,3324.217344,10,200,162,6,20251020_035116
1760899839.2290409,12985263,3324227328,3324.227328,14,200,163,6,20251020_035116
1760899839.2390249,12985302,3324237312,3324.237312,18,200,163,6,20251020_035116
1760899839.249009,12985341,3324247296,3324.247296,22,200,162,6,20251020_035116
1760899839.258993,12985380,3324257280,3324.25728,25,200,162,6,20251020_035116
1760899839.2689767,12985419,3324267264,3324.267264,29,199,160,6,20251020_035116
1760899839.2789607,12985458,3324277248,3324.277248,33,199,156,6,20251020_035116
1760899839.2889447,12985497,3324287232,3324.287232,37,199,153,6,20251020_035116
1760899839.2989287,12985536,3324297216,3324.297216,41,200,148,6,20251020_035116
1760899839.3089128,12985575,3324307200,3324.3072,45,200,141,6,20251020_035116
1760899839.3188968,12985614,3324317184,3324.317184,50,201,137,6,20251020_035116
1760899839.3288808,12985653,3324327168,3324.327168,55,200,129,6,20251020_035116
1760899839.3388648,12985692,3324337152,3324.337152,60,199,126,6,20251020_035116
1760899839.3488488,12985731,3324347136,3324.347136,65,200,123,6,20251020_035116
1760899839.359089,12985771,3324357376,3324.357376,71,200,119,6,20251020_035116
1760899839.369073,12985810,3324367360,3324.36736,76,199,117,6,20251020_035116
1760899839.3790567,12985849,3324377344,3324.377344,82,200,117,6,20251020_035116
1760899839.3890407,12985888,3324387328,3324.387328,87,200,117,6,20251020_035116
1760899839.3990247,12985927,3324397312,3324.397312,93,199,118,6,20251020_035116
1760899839.4090087,12985966,3324407296,3324.407296,98,200,116,6,20251020_035116
1760899839.4189928,12986005,3324417280,3324.41728,103,200,116,6,20251020_035116
1760899839.4289768,12986044,3324427264,3324.427264,108,199,116,6,20251020_035116
1760899839.4389608,12986083,3324437248,3324.437248,112,199,117,6,20251020_035116
1760899839.4489448,12986122,3324447232,3324.447232,117,199,116,6,20251020_035116
1760899839.4589288,12986161,3324457216,3324.457216,121,199,117,6,20251020_035116
1760899839.4689128,12986200,3324467200,3324.4672,126,199,117,6,20251020_035116
1760899839.4788969,12986239,3324477184,3324.477184,130,199,117,6,20251020_035116
1760899839.4888809,12986278,3324487168,3324.487168,134,199,117,6,20251020_035116
1760899839.498865,12986317,3324497152,3324.497152,138,199,118,6,20251020_035116
1760899839.5091047,12986357,3324507392,3324.507392,142,199,119,6,20251020_035116
1760899839.5190887,12986396,3324517376,3324.517376,146,199,120,6,20251020_035116
1760899839.5290728,12986435,3324527360,3324.52736,150,199,123,6,20251020_035116
1760899839.5390568,12986474,3324537344,3324.537344,153,199,126,6,20251020_035116
1760899839.5490408,12986513,3324547328,3324.547328,158,199,128,6,20251020_035116
1760899839.5590248,12986552,3324557312,3324.557312,162,199,134,6,20251020_035116
1760899839.5690088,12986591,3324567296,3324.567296,166,199,142,6,20251020_035116
1760899839.5789928,12986630,3324577280,3324.57728,171,199,149,6,20251020_035116
1760899839.5889769,12986669,3324587264,3324.587264,176,199,152,6,20251020_035116
1760899839.5989609,12986708,3324597248,3324.597248,182,199,158,6,20251020_035116
1760899839.608945,12986747,3324607232,3324.607232,187,199,160,6,20251020_035116
1760899839.618929,12986786,3324617216,3324.617216,193,198,160,6,20251020_035116
1760899839.6289127,12986825,3324627200,3324.6272,199,199,161,6,20251020_035116
1760899839.6388967,12986864,3324637184,3324.637184,204,199,160,6,20251020_035116
1760899839.6491368,12986904,3324647424,3324.647424,210,199,161,6,20251020_035116
1760899839.6591208,12986943,3324657408,3324.657408,215,199,162,6,20251020_035116
1760899839.6691048,12986982,3324667392,3324.667392,220,199,162,6,20251020_035116
1760899839.6790888,12987021,3324677376,3324.677376,225,199,162,6,20251020_035116
1760899839.6890728,12987060,3324687360,3324.68736,230,199,163,6,20251020_035116
1760899839.6990569,12987099,3324697344,3324.697344,235,199,163,6,20251020_035116
1760899839.7090409,12987138,3324707328,3324.707328,240,200,162,6,20251020_035116
1760899839.719025,12987177,3324717312,3324.717312,244,199,162,6,20251020_035116
1760899839.729009,12987216,3324727296,3324.727296,249,200,163,6,20251020_035116
1760899839.7389927,12987255,3324737280,3324.73728,253,200,163,6,20251020_035116
1760899839.7489767,12987294,3324747264,3324.747264,2,199,163,6,20251020_035116
1760899839.7589607,12987333,3324757248,3324.757248,6,199,163,6,20251020_035116
1760899839.7689447,12987372,3324767232,3324.767232,10,200,164,6,20251020_035116
1760899839.7789288,12987411,3324777216,3324.777216,14,199,162,6,20251020_035116
1760899839.7889128,12987450,3324787200,3324.7872,18,200,163,6,20251020_035116
1760899839.7991529,12987490,3324797440,3324.79744,22,199,162,6,20251020_035116
1760899839.8091369,12987529,3324807424,3324.807424,25,200,162,6,20251020_035116
1760899839.819121,12987568,3324817408,3324.817408,29,199,160,6,20251020_035116
1760899839.829105,12987607,3324827392,3324.827392,33,200,158,6,20251020_035116
1760899839.839089,12987646,3324837376,3324.837376,36,199,154,6,20251020_035116
1760899839.8490727,12987685,3324847360,3324.84736,41,199,147,6,20251020_035116
1760899839.8590567,12987724,3324857344,3324.857344,45,200,140,6,20251020_035116
1760899839.8690407,12987763,3324867328,3324.867328,50,200,132,6,20251020_035116
1760899839.8790247,12987802,3324877312,3324.877312,55,200,127,6,20251020_035116
1760899839.8890088,12987841,3324887296,3324.887296,60,199,123,6,20251020_035116
1760899839.8989928,12987880,3324897280,3324.89728,66,200,118,6,20251020_035116
1760899839.9089768,12987919,3324907264,3324.907264,72,200,115,6,20251020_035116
1760899839.9189608,12987958,3324917248,3324.917248,77,200,117,6,20251020_035116
1760899839.9289448,12987997,3324927232,3324.927232,83,200,116,6,20251020_035116
1760899839.939185,12988037,3324937472,3324.937472,88,200,116,6,20251020_035116
1760899839.9491687,12988076,3324947456,3324.947456,93,200,116,6,20251020_035116
1760899839.9591527,12988115,3324957440,3324.95744,98,200,115,6,20251020_035116
1760899839.9691367,12988154,3324967424,3324.967424,103,200,115,6,20251020_035116
1760899839.9791207,12988193,3324977408,3324.977408,108,200,115,6,20251020_035116
1760899839.9891047,12988232,3324987392,3324.987392,113,200,116,6,20251020_035116
1760899839.9990888,12988271,3324997376,3324.997376,118,200,116,6,20251020_035116
1760899840.0090728,12988310,3325007360,3325.00736,122,200,116,6,20251020_035116
1760899840.0190568,12988349,3325017344,3325.017344,126,199,116,6,20251020_035116
1760899840.0292969,12988389,3325027584,3325.027584,130,199,116,6,20251020_035116
1760899840.039281,12988428,3325037568,3325.037568,134,199,115,6,20251020_035116
1760899840.049265,12988467,3325047552,3325.047552,138,200,116,6,20251020_035116
1760899840.0592487,12988506,3325057536,3325.057536,142,199,116,6,20251020_035116
1760899840.0692327,12988545,3325067520,3325.06752,146,199,117,6,20251020_035116
1760899840.0792167,12988584,3325077504,3325.077504,150,199,118,6,20251020_035116
1760899840.0892007,12988623,3325087488,3325.087488,153,199,119,6,20251020_035116
1760899840.0991848,12988662,3325097472,3325.097472,157,199,120,6,20251020_035116
1760899840.1091688,12988701,3325107456,3325.107456,161,199,123,6,20251020_035116
1760899840.1191528,12988740,3325117440,3325.11744,165,199,127,6,20251020_035116
1760899840.1291368,12988779,3325127424,3325.127424,169,199,130,6,20251020_035116
1760899840.1391208,12988818,3325137408,3325.137408,173,199,137,6,20251020_035116
1760899840.1491048,12988857,3325147392,3325.147392,178,199,146,6,20251020_035116
1760899840.1590889,12988896,3325157376,3325.157376,183,199,150,6,20251020_035116
1760899840.1693287,12988936,3325167616,3325.167616,188,199,154,6,20251020_035116
1760899840.1793127,12988975,3325177600,3325.1776,194,199,158,6,20251020_035116
1760899840.1892967,12989014,3325187584,3325.187584,199,199,160,6,20251020_035116
1760899840.1992807,12989053,3325197568,3325.197568,205,199,160,6,20251020_035116
1760899840.2092648,12989092,3325207552,3325.207552,210,200,161,6,20251020_035116
1760899840.2192488,12989131,3325217536,3325.217536,215,200,161,6,20251020_035116
1760899840.2292328,12989170,3325227520,3325.22752,221,199,161,6,20251020_035116
1760899840.2392168,12989209,3325237504,3325.237504,226,199,162,6,20251020_035116
1760899840.2492008,12989248,3325247488,3325.247488,231,199,162,6,20251020_035116
1760899840.2591848,12989287,3325257472,3325.257472,236,199,161,6,20251020_035116
1760899840.2691689,12989326,3325267456,3325.267456,240,199,162,6,20251020_035116
1760899840.2791529,12989365,3325277440,3325.27744,245,200,162,6,20251020_035116
1760899840.289137,12989404,3325287424,3325.287424,249,200,162,6,20251020_035116
1760899840.299121,12989443,3325297408,3325.297408,253,199,163,6,20251020_035116
1760899840.3091047,12989482,3325307392,3325.307392,3,200,162,6,20251020_035116
1760899840.3193448,12989522,3325317632,3325.317632,7,200,163,6,20251020_035116
1760899840.3293288,12989561,3325327616,3325.327616,11,200,162,6,20251020_035116
1760899840.3393128,12989600,3325337600,3325.3376,15,200,163,6,20251020_035116
1760899840.3492968,12989639,3325347584,3325.347584,18,200,164,6,20251020_035116
1760899840.3592808,12989678,3325357568,3325.357568,22,200,162,6,20251020_035116
1760899840.3692648,12989717,3325367552,3325.367552,26,200,161,6,20251020_035116
1760899840.3792489,12989756,3325377536,3325.377536,29,200,161,6,20251020_035116
1760899840.3892329,12989795,3325387520,3325.38752,33,199,160,6,20251020_035116
1760899840.399217,12989834,3325397504,3325.397504,37,200,157,6,20251020_035116
1760899840.409201,12989873,3325407488,3325.407488,40,199,152,6,20251020_035116
1760899840.4191847,12989912,3325417472,3325.417472,45,200,144,6,20251020_035116
1760899840.4291687,12989951,3325427456,3325.427456,49,200,136,6,20251020_035116
1760899840.4391527,12989990,3325437440,3325.43744,54,200,128,6,20251020_035116
1760899840.4491367,12990029,3325447424,3325.447424,60,200,126,6,20251020_035116
1760899840.4593768,12990069,3325457664,3325.457664,65,200,121,6,20251020_035116
1760899840.4693608,12990108,3325467648,3325.467648,71,200,116,6,20251020_035116
1760899840.4793448,12990147,3325477632,3325.477632,76,200,118,6,20251020_035116
1760899840.4893289,12990186,3325487616,3325.487616,82,201,118,6,20251020_035116
1760899840.4993129,12990225,3325497600,3325.4976,87,200,117,6,20251020_035116
1760899840.509297,12990264,3325507584,3325.507584,92,199,117,6,20251020_035116
1760899840.519281,12990303,3325517568,3325.517568,97,200,117,6,20251020_035116
1760899840.5292647,12990342,3325527552,3325.527552,102,200,117,6,20251020_035116
1760899840.5392487,12990381,3325537536,3325.537536,107,200,117,6,20251020_035116
1760899840.5492327,12990420,3325547520,3325.54752,112,200,117,6,20251020_035116
1760899840.5592167,12990459,3325557504,3325.557504,117,199,117,6,20251020_035116
1760899840.5692008,12990498,3325567488,3325.567488,121,200,116,6,20251020_035116
1760899840.5791848,12990537,3325577472,3325.577472,125,199,117,6,20251020_035116
1760899840.5891688,12990576,3325587456,3325.587456,130,199,117,6,20251020_035116
1760899840.5994089,12990616,3325597696,3325.597696,134,199,117,6,20251020_035116
1760899840.609393,12990655,3325607680,3325.60768,138,199,116,6,20251020_035116
1760899840.619377,12990694,3325617664,3325.617664,141,199,116,6,20251020_035116
1760899840.629361,12990733,3325627648,3325.627648,145,199,118,6,20251020_035116
1760899840.6393447,12990772,3325637632,3325.637632,149,199,119,6,20251020_035116
1760899840.6493287,12990811,3325647616,3325.647616,153,199,120,6,20251020_035116
1760899840.6593127,12990850,3325657600,3325.6576,157,199,119,6,20251020_035116
1760899840.6692967,12990889,3325667584,3325.667584,160,199,123,6,20251020_035116
1760899840.6792808,12990928,3325677568,3325.677568,164,199,124,6,20251020_035116
1760899840.6892648,12990967,3325687552,3325.687552,168,200,125,6,20251020_035116
1760899840.6992488,12991006,3325697536,3325.697536,172,199,127,6,20251020_035116
1760899840.7092328,12991045,3325707520,3325.70752,176,200,131,6,20251020_035116
1760899840.7192168,12991084,3325717504,3325.717504,180,199,136,6,20251020_035116
1760899840.7292008,12991123,3325727488,3325.727488,185,199,143,6,20251020_035116
1760899840.7391849,12991162,3325737472,3325.737472,190,199,148,6,20251020_035116
1760899840.7494247,12991202,3325747712,3325.747712,195,200,151,6,20251020_035116
1760899840.7594087,12991241,3325757696,3325.757696,200,199,153,6,20251020_035116
1760899840.7693927,12991280,3325767680,3325.76768,205,200,156,6,20251020_035116
1760899840.7793767,12991319,3325777664,3325.777664,211,199,160,6,20251020_035116
1760899840.7893608,12991358,3325787648,3325.787648,216,200,162,6,20251020_035116
1760899840.7993448,12991397,3325797632,3325.797632,221,200,161,6,20251020_035116
1760899840.8093288,12991436,3325807616,3325.807616,226,199,161,6,20251020_035116
1760899840.8193128,12991475,3325817600,3325.8176,231,200,162,6,20251020_035116
1760899840.8292968,12991514,3325827584,3325.827584,236,199,160,6,20251020_035116
1760899840.8392808,12991553,3325837568,3325.837568,241,200,162,6,20251020_035116
1760899840.8492649,12991592,3325847552,3325.847552,245,199,163,6,20251020_035116
1760899840.8592489,12991631,3325857536,3325.857536,250,200,163,6,20251020_035116
1760899840.869233,12991670,3325867520,3325.86752,254,200,163,6,20251020_035116
1760899840.879217,12991709,3325877504,3325.877504,3,199,163,6,20251020_035116
1760899840.8894567,12991749,3325887744,3325.887744,7,200,163,6,20251020_035116
1760899840.8994408,12991788,3325897728,3325.897728,11,200,163,6,20251020_035116
1760899840.9094248,12991827,3325907712,3325.907712,15,200,162,6,20251020_035116
1760899840.9194088,12991866,3325917696,3325.917696,19,200,162,6,20251020_035116
1760899840.9293928,12991905,3325927680,3325.92768,22,200,162,6,20251020_035116
1760899840.9393768,12991944,3325937664,3325.937664,26,200,160,6,20251020_035116
1760899840.9493608,12991983,3325947648,3325.947648,30,199,160,6,20251020_035116
1760899840.9593449,12992022,3325957632,3325.957632,33,200,157,6,20251020_035116
1760899840.9693289,12992061,3325967616,3325.967616,37,200,153,6,20251020_035116
1760899840.979313,12992100,3325977600,3325.9776,41,200,150,6,20251020_035116
1760899840.989297,12992139,3325987584,3325.987584,46,200,143,6,20251020_035116
1760899840.9992807,12992178,3325997568,3325.997568,50,199,138,6,20251020_035116
1760899841.0092647,12992217,3326007552,3326.007552,55,200,131,6,20251020_035116
1760899841.0192487,12992256,3326017536,3326.017536,60,200,127,6,20251020_035116
1760899841.0292327,12992295,3326027520,3326.02752,65,200,123,6,20251020_035116
1760899841.0394728,12992335,3326037760,3326.03776,71,199,120,6,20251020_035116
1760899841.0494568,12992374,3326047744,3326.047744,76,199,117,6,20251020_035116
1760899841.0594409,12992413,3326057728,3326.057728,82,199,118,6,20251020_035116
1760899841.0694249,12992452,3326067712,3326.067712,87,200,117,6,20251020_035116
1760899841.079409,12992491,3326077696,3326.077696,92,200,116,6,20251020_035116
1760899841.089393,12992530,3326087680,3326.08768,98,200,117,6,20251020_035116
1760899841.099377,12992569,3326097664,3326.097664,103,199,117,6,20251020_035116
1760899841.1093607,12992608,3326107648,3326.107648,107,200,116,6,20251020_035116
1760899841.1193447,12992647,3326117632,3326.117632,112,199,117,6,20251020_035116
1760899841.1293287,12992686,3326127616,3326.127616,117,199,117,6,20251020_035116
1760899841.1393127,12992725,3326137600,3326.1376,121,199,117,6,20251020_035116
1760899841.1492968,12992764,3326147584,3326.147584,125,199,116,6,20251020_035116
1760899841.1592808,12992803,3326157568,3326.157568,130,199,117,6,20251020_035116
1760899841.1692648,12992842,3326167552,3326.167552,134,199,117,6,20251020_035116
1760899841.1795049,12992882,3326177792,3326.177792,138,199,118,6,20251020_035116
1760899841.189489,12992921,3326187776,3326.187776,142,199,119,6,20251020_035116
1760899841.199473,12992960,3326197760,3326.19776,146,199,120,6,20251020_035116
1760899841.2094567,12992999,3326207744,3326.207744,149,199,121,6,20251020_035116
1760899841.2194407,12993038,3326217728,3326.217728,153,199,124,6,20251020_035116
1760899841.2294247,12993077,3326227712,3326.227712,157,199,127,6,20251020_035116
1760899841.2394087,12993116,3326237696,3326.237696,161,199,130,6,20251020_035116
1760899841.2493927,12993155,3326247680,3326.24768,166,200,139,6,20251020_035116
1760899841.2593768,12993194,3326257664,3326.257664,171,200,148,6,20251020_035116
1760899841.2693608,12993233,3326267648,3326.267648,176,199,151,6,20251020_035116
1760899841.2793448,12993272,3326277632,3326.277632,181,199,155,6,20251020_035116
1760899841.2893288,12993311,3326287616,3326.287616,187,199,159,6,20251020_035116
1760899841.2993128,12993350,3326297600,3326.2976,192,199,160,6,20251020_035116
1760899841.3092968,12993389,3326307584,3326.307584,198,199,161,6,20251020_035116
1760899841.3192809,12993428,3326317568,3326.317568,203,200,162,6,20251020_035116
1760899841.3295207,12993468,3326327808,3326.327808,209,200,161,6,20251020_035116
1760899841.3395047,12993507,3326337792,3326.337792,214,199,162,6,20251020_035116
1760899841.3494887,12993546,3326347776,3326.347776,219,199,162,6,20251020_035116
1760899841.3594728,12993585,3326357760,3326.35776,225,200,162,6,20251020_035116
1760899841.3694568,12993624,3326367744,3326.367744,230,200,163,6,20251020_035116
1760899841.3794408,12993663,3326377728,3326.377728,235,200,162,6,20251020_035116
1760899841.3894248,12993702,3326387712,3326.387712,239,200,163,6,20251020_035116
1760899841.3994088,12993741,3326397696,3326.397696,244,200,162,6,20251020_035116
1760899841.4093928,12993780,3326407680,3326.40768,248,200,163,6,20251020_035116
1760899841.4193769,12993819,3326417664,3326.417664,253,199,163,6,20251020_035116
1760899841.4293609,12993858,3326427648,3326.427648,2,199,163,6,20251020_035116
1760899841.439345,12993897,3326437632,3326.437632,6,199,163,6,20251020_035116
1760899841.449329,12993936,3326447616,3326.447616,10,200,162,6,20251020_035116
1760899841.459313,12993975,3326457600,3326.4576,14,200,163,6,20251020_035116
1760899841.4695528,12994015,3326467840,3326.46784,17,200,162,6,20251020_035116
1760899841.4795368,12994054,3326477824,3326.477824,21,200,162,6,20251020_035116
1760899841.4895208,12994093,3326487808,3326.487808,25,199,162,6,20251020_035116
1760899841.4995048,12994132,3326497792,3326.497792,29,200,161,6,20251020_035116
1760899841.5094888,12994171,3326507776,3326.507776,32,200,159,6,20251020_035116
1760899841.5194728,12994210,3326517760,3326.51776,36,200,154,6,20251020_035116
1760899841.5294569,12994249,3326527744,3326.527744,40,200,146,6,20251020_035116
1760899841.5394409,12994288,3326537728,3326.537728,45,200,140,6,20251020_035116
1760899841.549425,12994327,3326547712,3326.547712,49,200,134,6,20251020_035116
1760899841.559409,12994366,3326557696,3326.557696,54,200,128,6,20251020_035116
1760899841.5693927,12994405,3326567680,3326.56768,60,199,124,6,20251020_035116
1760899841.5793767,12994444,3326577664,3326.577664,65,200,119,6,20251020_035116
1760899841.5893607,12994483,3326587648,3326.587648,71,201,117,6,20251020_035116
1760899841.5993447,12994522,3326597632,3326.597632,76,200,117,6,20251020_035116
1760899841.6095848,12994562,3326607872,3326.607872,82,200,117,6,20251020_035116
1760899841.6195688,12994601,3326617856,3326.617856,87,200,118,6,20251020_035116
1760899841.6295528,12994640,3326627840,3326.62784,92,200,118,6,20251020_035116
1760899841.6395369,12994679,3326637824,3326.637824,97,200,117,6,20251020_035116
1760899841.6495209,12994718,3326647808,3326.647808,102,199,117,6,20251020_035116
1760899841.659505,12994757,3326657792,3326.657792,107,199,117,6,20251020_035116
1760899841.669489,12994796,3326667776,3326.667776,112,200,116,6,20251020_035116
1760899841.6794727,12994835,3326677760,3326.67776,117,199,117,6,20251020_035116
1760899841.6894567,12994874,3326687744,3326.687744,121,199,118,6,20251020_035116
1760899841.6994407,12994913,3326697728,3326.697728,125,199,117,6,20251020_035116
1760899841.7094247,12994952,3326707712,3326.707712,130,199,116,6,20251020_035116
1760899841.7194088,12994991,3326717696,3326.717696,134,199,117,6,20251020_035116
1760899841.7293928,12995030,3326727680,3326.72768,138,199,118,6,20251020_035116
1760899841.7393768,12995069,3326737664,3326.737664,142,199,118,6,20251020_035116
1760899841.7493608,12995108,3326747648,3326.747648,145,199,119,6,20251020_035116
1760899841.7596009,12995148,3326757888,3326.757888,149,199,122,6,20251020_035116
1760899841.769585,12995187,3326767872,3326.767872,153,199,126,6,20251020_035116
1760899841.779569,12995226,3326777856,3326.777856,157,199,127,6,20251020_035116
1760899841.7895527,12995265,3326787840,3326.78784,161,200,132,6,20251020_035116
1760899841.7995367,12995304,3326797824,3326.797824,166,199,142,6,20251020_035116
1760899841.8095207,12995343,3326807808,3326.807808,171,200,149,6,20251020_035116
1760899841.8195047,12995382,3326817792,3326.817792,176,199,152,6,20251020_035116
1760899841.8294888,12995421,3326827776,3326.827776,182,200,158,6,20251020_035116
1760899841.8394728,12995460,3326837760,3326.83776,187,199,160,6,20251020_035116
1760899841.8494568,12995499,3326847744,3326.847744,193,199,160,6,20251020_035116
1760899841.8594408,12995538,3326857728,3326.857728,198,200,161,6,20251020_035116
1760899841.8694248,12995577,3326867712,3326.867712,204,199,162,6,20251020_035116
1760899841.8794088,12995616,3326877696,3326.877696,209,199,162,6,20251020_035116
1760899841.8893929,12995655,3326887680,3326.88768,215,199,162,6,20251020_035116
1760899841.8996327,12995695,3326897920,3326.89792,220,199,162,6,20251020_035116
1760899841.9096167,12995734,3326907904,3326.907904,225,200,162,6,20251020_035116
1760899841.9196007,12995773,3326917888,3326.917888,230,200,162,6,20251020_035116
1760899841.9295847,12995812,3326927872,3326.927872,235,200,163,6,20251020_035116
1760899841.9395688,12995851,3326937856,3326.937856,240,200,163,6,20251020_035116
1760899841.9495528,12995890,3326947840,3326.94784,244,200,163,6,20251020_035116
1760899841.9595368,12995929,3326957824,3326.957824,249,199,163,6,20251020_035116
1760899841.9695208,12995968,3326967808,3326.967808,253,200,163,6,20251020_035116
1760899841.9795048,12996007,3326977792,3326.977792,2,200,163,6,20251020_035116
1760899841.9894888,12996046,3326987776,3326.987776,6,199,164,6,20251020_035116
1760899841.9994729,12996085,3326997760,3326.99776,10,199,164,6,20251020_035116
1760899842.0094569,12996124,3327007744,3327.007744,14,200,163,6,20251020_035116
1760899842.019441,12996163,3327017728,3327.017728,18,200,163,6,20251020_035116
1760899842.029425,12996202,3327027712,3327.027712,22,199,162,6,20251020_035116
1760899842.0396647,12996242,3327037952,3327.037952,25,200,161,6,20251020_035116
1760899842.0496488,12996281,3327047936,3327.047936,29,199,161,6,20251020_035116
1760899842.0596328,12996320,3327057920,3327.05792,33,200,158,6,20251020_035116
1760899842.0696168,12996359,3327067904,3327.067904,36,200,154,6,20251020_035116
1760899842.0796008,12996398,3327077888,3327.077888,41,199,146,6,20251020_035116
1760899842.0895848,12996437,3327087872,3327.087872,45,199,138,6,20251020_035116
1760899842.0995688,12996476,3327097856,3327.097856,50,200,132,6,20251020_035116
1760899842.1095529,12996515,3327107840,3327.10784,55,200,127,6,20251020_035116
1760899842.1195369,12996554,3327117824,3327.117824,60,199,124,6,20251020_035116
1760899842.129521,12996593,3327127808,3327.127808,66,200,119,6,20251020_035116
1760899842.139505,12996632,3327137792,3327.137792,72,200,116,6,20251020_035116
1760899842.1494887,12996671,3327147776,3327.147776,77,199,117,6,20251020_035116
1760899842.1594727,12996710,3327157760,3327.15776,83,199,116,6,20251020_035116
1760899842.1694567,12996749,3327167744,3327.167744,88,200,116,6,20251020_035116
1760899842.1796968,12996789,3327177984,3327.177984,93,200,117,6,20251020_035116
1760899842.1896808,12996828,3327187968,3327.187968,98,200,117,6,20251020_035116
1760899842.1996648,12996867,3327197952,3327.197952,103,200,117,6,20251020_035116
1760899842.2096488,12996906,3327207936,3327.207936,108,199,116,6,20251020_035116
1760899842.2196329,12996945,3327217920,3327.21792,113,199,116,6,20251020_035116
1760899842.2296169,12996984,3327227904,3327.227904,117,199,117,6,20251020_035116
1760899842.239601,12997023,3327237888,3327.237888,122,199,117,6,20251020_035116
1760899842.249585,12997062,3327247872,3327.247872,126,199,117,6,20251020_035116
1760899842.2595687,12997101,3327257856,3327.257856,130,199,117,6,20251020_035116
1760899842.2695527,12997140,3327267840,3327.26784,134,199,116,6,20251020_035116
1760899842.2795367,12997179,3327277824,3327.277824,138,199,117,6,20251020_035116
1760899842.2895207,12997218,3327287808,3327.287808,142,199,117,6,20251020_035116
1760899842.2995048,12997257,3327297792,3327.297792,146,199,117,6,20251020_035116
1760899842.3094888,12997296,3327307776,3327.307776,150,199,118,6,20251020_035116
1760899842.3194728,12997335,3327317760,3327.31776,153,199,119,6,20251020_035116
1760899842.3297129,12997375,3327328000,3327.328,157,199,120,6,20251020_035116
1760899842.339697,12997414,3327337984,3327.337984,161,199,121,6,20251020_035116
1760899842.349681,12997453,3327347968,3327.347968,165,199,124,6,20251020_035116
1760899842.359665,12997492,3327357952,3327.357952,168,201,126,6,20251020_035116
1760899842.3696487,12997531,3327367936,3327.367936,172,199,127,6,20251020_035116
1760899842.3796327,12997570,3327377920,3327.37792,176,199,131,6,20251020_035116
1760899842.3896167,12997609,3327387904,3327.387904,181,199,137,6,20251020_035116
1760899842.3996007,12997648,3327397888,3327.397888,185,199,143,6,20251020_035116
1760899842.4095848,12997687,3327407872,3327.407872,190,199,149,6,20251020_035116
1760899842.4195688,12997726,3327417856,3327.417856,195,199,152,6,20251020_035116
1760899842.4295528,12997765,3327427840,3327.42784,201,199,154,6,20251020_035116
1760899842.4395368,12997804,3327437824,3327.437824,206,199,157,6,20251020_035116
1760899842.4495208,12997843,3327447808,3327.447808,211,200,159,6,20251020_035116
1760899842.4595048,12997882,3327457792,3327.457792,216,199,160,6,20251020_035116
1760899842.4697447,12997922,3327468032,3327.468032,222,200,161,6,20251020_035116
1760899842.4797287,12997961,3327478016,3327.478016,227,199,161,6,20251020_035116
1760899842.4897127,12998000,3327488000,3327.488,232,200,161,6,20251020_035116
1760899842.4996967,12998039,3327497984,3327.497984,236,199,161,6,20251020_035116
1760899842.5096807,12998078,3327507968,3327.507968,241,200,161,6,20251020_035116
1760899842.5196648,12998117,3327517952,3327.517952,246,200,162,6,20251020_035116
1760899842.5296488,12998156,3327527936,3327.527936,250,200,162,6,20251020_035116
1760899842.5396328,12998195,3327537920,3327.53792,254,199,162,6,20251020_035116
1760899842.5496168,12998234,3327547904,3327.547904,3,200,163,6,20251020_035116
1760899842.5596008,12998273,3327557888,3327.557888,7,199,161,6,20251020_035116
1760899842.5695848,12998312,3327567872,3327.567872,11,200,163,6,20251020_035116
1760899842.5795689,12998351,3327577856,3327.577856,15,199,163,6,20251020_035116
1760899842.5895529,12998390,3327587840,3327.58784,19,200,162,6,20251020_035116
1760899842.599537,12998429,3327597824,3327.597824,23,199,161,6,20251020_035116
1760899842.609521,12998468,3327607808,3327.607808,26,200,162,6,20251020_035116
1760899842.6197608,12998508,3327618048,3327.618048,30,200,162,6,20251020_035116
1760899842.6297448,12998547,3327628032,3327.628032,33,199,162,6,20251020_035116
1760899842.6397288,12998586,3327638016,3327.638016,37,200,161,6,20251020_035116
1760899842.6497128,12998625,3327648000,3327.648,41,200,160,6,20251020_035116
1760899842.6596968,12998664,3327657984,3327.657984,44,199,158,6,20251020_035116
1760899842.6696808,12998703,3327667968,3327.667968,48,200,155,6,20251020_035116
1760899842.6796649,12998742,3327677952,3327.677952,52,200,151,6,20251020_035116
1760899842.6896489,12998781,3327687936,3327.687936,56,200,143,6,20251020_035116
1760899842.699633,12998820,3327697920,3327.69792,61,200,136,6,20251020_035116
1760899842.709617,12998859,3327707904,3327.707904,66,200,129,6,20251020_035116
1760899842.719601,12998898,3327717888,3327.717888,71,200,127,6,20251020_035116
1760899842.7295847,12998937,3327727872,3327.727872,76,200,122,6,20251020_035116
1760899842.7395687,12998976,3327737856,3327.737856,81,200,119,6,20251020_035116
1760899842.7495527,12999015,3327747840,3327.74784,87,200,117,6,20251020_035116
1760899842.7597928,12999055,3327758080,3327.75808,92,200,118,6,20251020_035116
1760899842.7697768,12999094,3327768064,3327.768064,97,199,117,6,20251020_035116
1760899842.7797608,12999133,3327778048,3327.778048,102,200,117,6,20251020_035116
1760899842.7897449,12999172,3327788032,3327.788032,107,199,117,6,20251020_035116
1760899842.7997289,12999211,3327798016,3327.798016,112,199,117,6,20251020_035116
1760899842.809713,12999250,3327808000,3327.808,116,199,117,6,20251020_035116
1760899842.819697,12999289,3327817984,3327.817984,121,200,116,6,20251020_035116
1760899842.8296807,12999328,3327827968,3327.827968,125,199,117,6,20251020_035116
1760899842.8396647,12999367,3327837952,3327.837952,129,199,116,6,20251020_035116
1760899842.8496487,12999406,3327847936,3327.847936,133,199,118,6,20251020_035116
1760899842.8596327,12999445,3327857920,3327.85792,137,199,118,6,20251020_035116
1760899842.8696167,12999484,3327867904,3327.867904,141,199,120,6,20251020_035116
1760899842.8796008,12999523,3327877888,3327.877888,145,199,121,6,20251020_035116
1760899842.8895848,12999562,3327887872,3327.887872,149,199,123,6,20251020_035116
1760899842.8998249,12999602,3327898112,3327.898112,153,199,125,6,20251020_035116
1760899842.9098089,12999641,3327908096,3327.908096,157,199,127,6,20251020_035116
1760899842.919793,12999680,3327918080,3327.91808,161,199,131,6,20251020_035116
1760899842.929777,12999719,3327928064,3327.928064,166,199,137,6,20251020_035116
1760899842.9397607,12999758,3327938048,3327.938048,170,200,145,6,20251020_035116
1760899842.9497447,12999797,3327948032,3327.948032,175,199,151,6,20251020_035116
1760899842.9597287,12999836,3327958016,3327.958016,180,199,153,6,20251020_035116
1760899842.9697127,12999875,3327968000,3327.968,186,200,157,6,20251020_035116
1760899842.9796968,12999914,3327977984,3327.977984,191,199,160,6,20251020_035116
1760899842.9896808,12999953,3327987968,3327.987968,197,199,161,6,20251020_035116
1760899842.9996648,12999992,3327997952,3327.997952,203,199,161,6,20251020_035116
1760899843.0096488,13000031,3328007936,3328.007936,208,199,161,6,20251020_035116
1760899843.0196328,13000070,3328017920,3328.01792,213,199,162,6,20251020_035116
1760899843.0296168,13000109,3328027904,3328.027904,219,199,162,6,20251020_035116
1760899843.0396008,13000148,3328037888,3328.037888,224,199,162,6,20251020_035116
1760899843.0498407,13000188,3328048128,3328.048128,229,200,162,6,20251020_035116
1760899843.0598247,13000227,3328058112,3328.058112,234,200,162,6,20251020_035116
1760899843.0698087,13000266,3328068096,3328.068096,238,199,162,6,20251020_035116
1760899843.0797927,13000305,3328078080,3328.07808,243,199,163,6,20251020_035116
1760899843.0897768,13000344,3328088064,3328.088064,248,199,163,6,20251020_035116
1760899843.0997608,13000383,3328098048,3328.098048,252,200,164,6,20251020_035116
1760899843.1097448,13000422,3328108032,3328.108032,1,200,164,6,20251020_035116
1760899843.1197288,13000461,3328118016,3328.118016,5,199,165,6,20251020_035116
1760899843.1297128,13000500,3328128000,3328.128,9,199,163,6,20251020_035116
1760899843.1396968,13000539,3328137984,3328.137984,13,200,163,6,20251020_035116
1760899843.1496809,13000578,3328147968,3328.147968,17,200,163,6,20251020_035116
1760899843.1596649,13000617,3328157952,3328.157952,21,200,162,6,20251020_035116
1760899843.169649,13000656,3328167936,3328.167936,24,200,162,6,20251020_035116
1760899843.179633,13000695,3328177920,3328.17792,28,200,161,6,20251020_035116
1760899843.1898727,13000735,3328188160,3328.18816,32,200,158,6,20251020_035116
1760899843.1998568,13000774,3328198144,3328.198144,35,199,156,6,20251020_035116
1760899843.2098408,13000813,3328208128,3328.208128,39,200,149,6,20251020_035116
1760899843.2198248,13000852,3328218112,3328.218112,44,200,144,6,20251020_035116
1760899843.2298088,13000891,3328228096,3328.228096,48,200,138,6,20251020_035116
1760899843.2397928,13000930,3328238080,3328.23808,53,200,132,6,20251020_035116
1760899843.2497768,13000969,3328248064,3328.248064,58,200,127,6,20251020_035116
1760899843.2597609,13001008,3328258048,3328.258048,64,200,123,6,20251020_035116
1760899843.2697449,13001047,3328268032,3328.268032,69,199,120,6,20251020_035116
1760899843.279729,13001086,3328278016,3328.278016,75,199,118,6,20251020_035116
1760899843.289713,13001125,3328288000,3328.288,80,200,117,6,20251020_035116
1760899843.2996967,13001164,3328297984,3328.297984,86,199,118,6,20251020_035116
1760899843.3096807,13001203,3328307968,3328.307968,91,199,118,6,20251020_035116
1760899843.3196647,13001242,3328317952,3328.317952,96,199,117,6,20251020_035116
1760899843.3296487,13001281,3328327936,3328.327936,101,200,117,6,20251020_035116
1760899843.3398888,13001321,3328338176,3328.338176,106,199,117,6,20251020_035116
1760899843.3498728,13001360,3328348160,3328.34816,111,200,117,6,20251020_035116
1760899843.3598568,13001399,3328358144,3328.358144,115,199,117,6,20251020_035116
1760899843.3698409,13001438,3328368128,3328.368128,120,199,117,6,20251020_035116
1760899843.3798249,13001477,3328378112,3328.378112,124,199,116,6,20251020_035116
1760899843.389809,13001516,3328388096,3328.388096,128,199,117,6,20251020_035116
1760899843.399793,13001555,3328398080,3328.39808,133,200,119,6,20251020_035116
1760899843.4097767,13001594,3328408064,3328.408064,137,199,118,6,20251020_035116
1760899843.4197607,13001633,3328418048,3328.418048,140,199,119,6,20251020_035116
1760899843.4297447,13001672,3328428032,3328.428032,144,199,120,6,20251020_035116
1760899843.4397287,13001711,3328438016,3328.438016,148,199,122,6,20251020_035116
1760899843.4497128,13001750,3328448000,3328.448,152,199,124,6,20251020_035116
1760899843.4596968,13001789,3328457984,3328.457984,156,199,127,6,20251020_035116
1760899843.4696808,13001828,3328467968,3328.467968,160,199,131,6,20251020_035116
1760899843.4799209,13001868,3328478208,3328.478208,165,200,138,6,20251020_035116
1760899843.4899049,13001907,3328488192,3328.488192,169,199,146,6,20251020_035116
1760899843.499889,13001946,3328498176,3328.498176,174,199,151,6,20251020_035116
1760899843.509873,13001985,3328508160,3328.50816,180,200,155,6,20251020_035116
1760899843.5198567,13002024,3328518144,3328.518144,185,199,159,6,20251020_035116
1760899843.5298407,13002063,3328528128,3328.528128,191,199,160,6,20251020_035116
1760899843.5398247,13002102,3328538112,3328.538112,196,199,161,6,20251020_035116
1760899843.5498087,13002141,3328548096,3328.548096,202,199,161,6,20251020_035116
1760899843.5597928,13002180,3328558080,3328.55808,208,199,161,6,20251020_035116
1760899843.5700328,13002220,3328568320,3328.56832,213,199,162,6,20251020_035116
1760899843.5800169,13002259,3328578304,3328.578304,218,200,161,6,20251020_035116
1760899843.5900009,13002298,3328588288,3328.588288,223,200,161,6,20251020_035116
1760899843.599985,13002337,3328598272,3328.598272,228,199,163,6,20251020_035116
1760899843.609969,13002376,3328608256,3328.608256,233,200,163,6,20251020_035116
1760899843.619953,13002415,3328618240,3328.61824,238,200,162,6,20251020_035116
1760899843.6299367,13002454,3328628224,3328.628224,243,200,163,6,20251020_035116
1760899843.6401768,13002494,3328638464,3328.638464,247,200,163,6,20251020_035116
1760899843.6501608,13002533,3328648448,3328.648448,252,199,163,6,20251020_035116
1760899843.6601448,13002572,3328658432,3328.658432,1,200,162,6,20251020_035116
1760899843.6701288,13002611,3328668416,3328.668416,5,199,164,6,20251020_035116
1760899843.6801128,13002650,3328678400,3328.6784,9,200,163,6,20251020_035116
1760899843.6900969,13002689,3328688384,3328.688384,13,200,162,6,20251020_035116
1760899843.7000809,13002728,3328698368,3328.698368,17,200,164,6,20251020_035116
1760899843.7103207,13002768,3328708608,3328.708608,20,200,162,6,20251020_035116
1760899843.7203047,13002807,3328718592,3328.718592,24,200,160,6,20251020_035116
1760899843.7302887,13002846,3328728576,3328.728576,28,199,161,6,20251020_035116
1760899843.7402728,13002885,3328738560,3328.73856,31,199,158,6,20251020_035116
1760899843.7502568,13002924,3328748544,3328.748544,35,199,155,6,20251020_035116
1760899843.7602408,13002963,3328758528,3328.758528,39,199,146,6,20251020_035116
1760899843.7702248,13003002,3328768512,3328.768512,44,200,138,6,20251020_035116
1760899843.7802088,13003041,3328778496,3328.778496,49,200,133,6,20251020_035116
1760899843.790449,13003081,3328788736,3328.788736,54,200,127,6,20251020_035116
1760899843.8004327,13003120,3328798720,3328.79872,59,200,124,6,20251020_035116
1760899843.8104167,13003159,3328808704,3328.808704,65,200,120,6,20251020_035116
1760899843.8204007,13003198,3328818688,3328.818688,70,199,117,6,20251020_035116
1760899843.8303847,13003237,3328828672,3328.828672,76,199,117,6,20251020_035116
1760899843.8403687,13003276,3328838656,3328.838656,82,200,117,6,20251020_035116
1760899843.8503528,13003315,3328848640,3328.84864,87,199,117,6,20251020_035116
1760899843.8605928,13003355,3328858880,3328.85888,92,200,116,6,20251020_035116
1760899843.8705769,13003394,3328868864,3328.868864,97,199,117,6,20251020_035116
1760899843.8805609,13003433,3328878848,3328.878848,102,199,117,6,20251020_035116
1760899843.890545,13003472,3328888832,3328.888832,107,199,117,6,20251020_035116
1760899843.900529,13003511,3328898816,3328.898816,112,199,117,6,20251020_035116
1760899843.9105127,13003550,3328908800,3328.9088,117,199,116,6,20251020_035116
1760899843.9204967,13003589,3328918784,3328.918784,121,199,115,6,20251020_035116
1760899843.9304807,13003628,3328928768,3328.928768,125,199,116,6,20251020_035116
1760899843.9407208,13003668,3328939008,3328.939008,130,199,117,6,20251020_035116
1760899843.9507048,13003707,3328948992,3328.948992,134,199,118,6,20251020_035116
1760899843.9606888,13003746,3328958976,3328.958976,138,199,118,6,20251020_035116
1760899843.9706728,13003785,3328968960,3328.96896,141,199,118,6,20251020_035116
1760899843.9806569,13003824,3328978944,3328.978944,145,199,119,6,20251020_035116
1760899843.9906409,13003863,3328988928,3328.988928,149,199,119,6,20251020_035116
1760899844.000625,13003902,3328998912,3328.998912,153,199,119,6,20251020_035116
1760899844.010609,13003941,3329008896,3329.008896,157,199,121,6,20251020_035116
1760899844.0205927,13003980,3329018880,3329.01888,160,200,124,6,20251020_035116
1760899844.0305767,13004019,3329028864,3329.028864,164,199,124,6,20251020_035116
1760899844.0405607,13004058,3329038848,3329.038848,168,199,127,6,20251020_035116
1760899844.0505447,13004097,3329048832,3329.048832,172,199,129,6,20251020_035116
1760899844.0605288,13004136,3329058816,3329.058816,176,199,135,6,20251020_035116
1760899844.0705128,13004175,3329068800,3329.0688,181,199,141,6,20251020_035116
1760899844.0804968,13004214,3329078784,3329.078784,186,199,148,6,20251020_035116
1760899844.0907369,13004254,3329089024,3329.089024,191,199,152,6,20251020_035116
1760899844.100721,13004293,3329099008,3329.099008,196,200,155,6,20251020_035116
1760899844.110705,13004332,3329108992,3329.108992,202,200,159,6,20251020_035116
1760899844.120689,13004371,3329118976,3329.118976,207,199,160,6,20251020_035116
1760899844.1306727,13004410,3329128960,3329.12896,212,199,161,6,20251020_035116
1760899844.1406567,13004449,3329138944,3329.138944,218,200,160,6,20251020_035116
1760899844.1506407,13004488,3329148928,3329.148928,223,199,162,6,20251020_035116
1760899844.1606247,13004527,3329158912,3329.158912,228,200,161,6,20251020_035116
1760899844.1706088,13004566,3329168896,3329.168896,233,200,162,6,20251020_035116
1760899844.1805928,13004605,3329178880,3329.17888,237,200,161,6,20251020_035116
1760899844.1905768,13004644,3329188864,3329.188864,242,200,163,6,20251020_035116
1760899844.2005608,13004683,3329198848,3329.198848,247,200,162,6,20251020_035116
1760899844.2105448,13004722,3329208832,3329.208832,251,199,163,6,20251020_035116
1760899844.2205288,13004761,3329218816,3329.218816,0,200,163,6,20251020_035116
1760899844.2305129,13004800,3329228800,3329.2288,4,200,163,6,20251020_035116
1760899844.2407527,13004840,3329239040,3329.23904,8,199,163,6,20251020_035116
1760899844.2507367,13004879,3329249024,3329.249024,12,199,163,6,20251020_035116
1760899844.2607207,13004918,3329259008,3329.259008,16,200,162,6,20251020_035116
1760899844.2707047,13004957,3329268992,3329.268992,20,199,162,6,20251020_035116
1760899844.2806888,13004996,3329278976,3329.278976,24,199,162,6,20251020_035116
1760899844.2906728,13005035,3329288960,3329.28896,27,200,161,6,20251020_035116
1760899844.3006568,13005074,3329298944,3329.298944,31,200,160,6,20251020_035116
1760899844.3106408,13005113,3329308928,3329.308928,34,199,160,6,20251020_035116
1760899844.3206248,13005152,3329318912,3329.318912,38,199,159,6,20251020_035116
1760899844.3306088,13005191,3329328896,3329.328896,42,200,154,6,20251020_035116
1760899844.3405929,13005230,3329338880,3329.33888,46,200,148,6,20251020_035116
1760899844.3505769,13005269,3329348864,3329.348864,50,201,140,6,20251020_035116
1760899844.360561,13005308,3329358848,3329.358848,55,200,131,6,20251020_035116
1760899844.370545,13005347,3329368832,3329.368832,60,200,127,6,20251020_035116
1760899844.3807847,13005387,3329379072,3329.379072,66,199,123,6,20251020_035116
1760899844.3907688,13005426,3329389056,3329.389056,71,200,118,6,20251020_035116
1760899844.4007528,13005465,3329399040,3329.39904,77,199,117,6,20251020_035116
1760899844.4107368,13005504,3329409024,3329.409024,82,200,118,6,20251020_035116
1760899844.4207208,13005543,3329419008,3329.419008,88,200,118,6,20251020_035116
1760899844.4307048,13005582,3329428992,3329.428992,93,200,118,6,20251020_035116
1760899844.4406888,13005621,3329438976,3329.438976,98,200,118,6,20251020_035116
1760899844.4506729,13005660,3329448960,3329.44896,103,200,118,6,20251020_035116
1760899844.460657,13005699,3329458944,3329.458944,108,200,118,6,20251020_035116
1760899844.470641,13005738,3329468928,3329.468928,112,199,118,6,20251020_035116
1760899844.480625,13005777,3329478912,3329.478912,117,199,118,6,20251020_035116
1760899844.4906087,13005816,3329488896,3329.488896,121,199,117,6,20251020_035116
1760899844.5005927,13005855,3329498880,3329.49888,126,199,118,6,20251020_035116
1760899844.5105767,13005894,3329508864,3329.508864,130,199,118,6,20251020_035116
1760899844.5208168,13005934,3329519104,3329.519104,134,199,117,6,20251020_035116
1760899844.5308008,13005973,3329529088,3329.529088,138,199,117,6,20251020_035116
1760899844.5407848,13006012,3329539072,3329.539072,142,198,118,6,20251020_035116
1760899844.5507689,13006051,3329549056,3329.549056,146,199,118,6,20251020_035116
1760899844.5607529,13006090,3329559040,3329.55904,149,199,119,6,20251020_035116
1760899844.570737,13006129,3329569024,3329.569024,153,199,120,6,20251020_035116
1760899844.580721,13006168,3329579008,3329.579008,157,199,122,6,20251020_035116
1760899844.590705,13006207,3329588992,3329.588992,161,199,123,6,20251020_035116
1760899844.6006887,13006246,3329598976,3329.598976,164,199,123,6,20251020_035116
1760899844.6106727,13006285,3329608960,3329.60896,168,199,126,6,20251020_035116
1760899844.6206567,13006324,3329618944,3329.618944,172,199,127,6,20251020_035116
1760899844.6306407,13006363,3329628928,3329.628928,176,199,132,6,20251020_035116
1760899844.6406248,13006402,3329638912,3329.638912,181,199,138,6,20251020_035116
1760899844.6506088,13006441,3329648896,3329.648896,185,199,143,6,20251020_035116
1760899844.6608489,13006481,3329659136,3329.659136,190,199,149,6,20251020_035116
1760899844.6708329,13006520,3329669120,3329.66912,195,199,152,6,20251020_035116
1760899844.680817,13006559,3329679104,3329.679104,201,199,153,6,20251020_035116
1760899844.690801,13006598,3329689088,3329.689088,206,199,157,6,20251020_035116
1760899844.7007847,13006637,3329699072,3329.699072,211,199,160,6,20251020_035116
1760899844.7107687,13006676,3329709056,3329.709056,216,199,162,6,20251020_035116
1760899844.7207527,13006715,3329719040,3329.71904,222,199,161,6,20251020_035116
1760899844.7307367,13006754,3329729024,3329.729024,227,200,161,6,20251020_035116
1760899844.7407207,13006793,3329739008,3329.739008,232,199,161,6,20251020_035116
1760899844.7507048,13006832,3329748992,3329.748992,236,200,161,6,20251020_035116
1760899844.7606888,13006871,3329758976,3329.758976,241,199,161,6,20251020_035116
1760899844.7706728,13006910,3329768960,3329.76896,246,200,162,6,20251020_035116
1760899844.7806568,13006949,3329778944,3329.778944,250,199,162,6,20251020_035116
1760899844.7906408,13006988,3329788928,3329.788928,254,200,163,6,20251020_035116
1760899844.8006248,13007027,3329798912,3329.798912,3,200,162,6,20251020_035116
1760899844.8108647,13007067,3329809152,3329.809152,7,200,163,6,20251020_035116
1760899844.8208487,13007106,3329819136,3329.819136,11,200,162,6,20251020_035116
1760899844.8308327,13007145,3329829120,3329.82912,15,200,163,6,20251020_035116
1760899844.8408167,13007184,3329839104,3329.839104,19,199,163,6,20251020_035116
1760899844.8508008,13007223,3329849088,3329.849088,23,199,162,6,20251020_035116
1760899844.8607848,13007262,3329859072,3329.859072,26,200,162,6,20251020_035116
1760899844.8707688,13007301,3329869056,3329.869056,30,200,161,6,20251020_035116
1760899844.8807528,13007340,3329879040,3329.87904,33,200,161,6,20251020_035116
1760899844.8907368,13007379,3329889024,3329.889024,37,200,160,6,20251020_035116
1760899844.9007208,13007418,3329899008,3329.899008,41,200,159,6,20251020_035116
1760899844.9107049,13007457,3329908992,3329.908992,44,199,157,6,20251020_035116
1760899844.9206889,13007496,3329918976,3329.918976,48,199,152,6,20251020_035116
1760899844.930673,13007535,3329928960,3329.92896,52,199,147,6,20251020_035116
1760899844.940657,13007574,3329938944,3329.938944,57,200,141,6,20251020_035116
1760899844.9508967,13007614,3329949184,3329.949184,61,199,136,6,20251020_035116
1760899844.9608808,13007653,3329959168,3329.959168,66,199,130,6,20251020_035116
1760899844.9708648,13007692,3329969152,3329.969152,71,199,127,6,20251020_035116
1760899844.9808488,13007731,3329979136,3329.979136,77,200,122,6,20251020_035116
1760899844.9908328,13007770,3329989120,3329.98912,82,200,119,6,20251020_035116
1760899845.0008168,13007809,3329999104,3329.999104,87,200,117,6,20251020_035116
1760899845.0108008,13007848,3330009088,3330.009088,93,200,117,6,20251020_035116
1760899845.0207849,13007887,3330019072,3330.019072,98,199,117,6,20251020_035116
1760899845.0307689,13007926,3330029056,3330.029056,103,200,117,6,20251020_035116
1760899845.040753,13007965,3330039040,3330.03904,108,200,117,6,20251020_035116
1760899845.050737,13008004,3330049024,3330.049024,112,199,117,6,20251020_035116
1760899845.0607207,13008043,3330059008,3330.059008,117,199,117,6,20251020_035116
1760899845.0707047,13008082,3330068992,3330.068992,121,199,117,6,20251020_035116
1760899845.0806887,13008121,3330078976,3330.078976,126,199,116,6,20251020_035116
1760899845.0909288,13008161,3330089216,3330.089216,130,199,117,6,20251020_035116
1760899845.1009128,13008200,3330099200,3330.0992,134,199,118,6,20251020_035116
1760899845.1108968,13008239,3330109184,3330.109184,138,199,119,6,20251020_035116
1760899845.1208808,13008278,3330119168,3330.119168,142,199,120,6,20251020_035116
1760899845.1308649,13008317,3330129152,3330.129152,146,199,121,6,20251020_035116
1760899845.1408489,13008356,3330139136,3330.139136,150,199,124,6,20251020_035116
1760899845.150833,13008395,3330149120,3330.14912,154,199,127,6,20251020_035116
1760899845.160817,13008434,3330159104,3330.159104,158,199,129,6,20251020_035116
1760899845.1708007,13008473,3330169088,3330.169088,162,199,135,6,20251020_035116
1760899845.1807847,13008512,3330179072,3330.179072,166,199,143,6,20251020_035116
1760899845.1907687,13008551,3330189056,3330.189056,171,199,150,6,20251020_035116
1760899845.2007527,13008590,3330199040,3330.19904,177,199,152,6,20251020_035116
1760899845.2107368,13008629,3330209024,3330.209024,182,199,156,6,20251020_035116
1760899845.2207208,13008668,3330219008,3330.219008,188,199,160,6,20251020_035116
1760899845.2307048,13008707,3330228992,3330.228992,193,199,160,6,20251020_035116
1760899845.2409449,13008747,3330239232,3330.239232,199,199,161,6,20251020_035116
1760899845.2509289,13008786,3330249216,3330.249216,204,200,161,6,20251020_035116
1760899845.260913,13008825,3330259200,3330.2592,210,199,162,6,20251020_035116
1760899845.270897,13008864,3330269184,3330.269184,215,200,162,6,20251020_035116
1760899845.2808807,13008903,3330279168,3330.279168,220,199,162,6,20251020_035116
1760899845.2908647,13008942,3330289152,3330.289152,226,200,162,6,20251020_035116
1760899845.3008487,13008981,3330299136,3330.299136,230,200,162,6,20251020_035116
1760899845.3108327,13009020,3330309120,3330.30912,235,200,163,6,20251020_035116
1760899845.3208168,13009059,3330319104,3330.319104,240,199,163,6,20251020_035116
1760899845.3308008,13009098,3330329088,3330.329088,245,200,162,6,20251020_035116
1760899845.3407848,13009137,3330339072,3330.339072,249,199,163,6,20251020_035116
1760899845.3507688,13009176,3330349056,3330.349056,253,200,163,6,20251020_035116
1760899845.3607528,13009215,3330359040,3330.35904,2,200,164,6,20251020_035116
1760899845.3707368,13009254,3330369024,3330.369024,7,199,163,6,20251020_035116
1760899845.380977,13009294,3330379264,3330.379264,11,200,164,6,20251020_035116
1760899845.3909607,13009333,3330389248,3330.389248,14,200,162,6,20251020_035116
1760899845.4009447,13009372,3330399232,3330.399232,18,200,163,6,20251020_035116
1760899845.4109287,13009411,3330409216,3330.409216,22,199,162,6,20251020_035116
1760899845.4209127,13009450,3330419200,3330.4192,26,199,161,6,20251020_035116
1760899845.4308968,13009489,3330429184,3330.429184,29,200,160,6,20251020_035116
1760899845.4408808,13009528,3330439168,3330.439168,33,200,158,6,20251020_035116
1760899845.4508648,13009567,3330449152,3330.449152,37,200,151,6,20251020_035116
1760899845.4608488,13009606,3330459136,3330.459136,41,200,144,6,20251020_035116
1760899845.4708328,13009645,3330469120,3330.46912,46,200,137,6,20251020_035116
1760899845.4808168,13009684,3330479104,3330.479104,50,200,132,6,20251020_035116
1760899845.4908009,13009723,3330489088,3330.489088,56,200,127,6,20251020_035116
1760899845.5007849,13009762,3330499072,3330.499072,61,200,124,6,20251020_035116
1760899845.510769,13009801,3330509056,3330.509056,66,199,119,6,20251020_035116
1760899845.520753,13009840,3330519040,3330.51904,72,200,116,6,20251020_035116
1760899845.5309927,13009880,3330529280,3330.52928,78,200,116,6,20251020_035116
1760899845.5409768,13009919,3330539264,3330.539264,83,199,117,6,20251020_035116
1760899845.5509608,13009958,3330549248,3330.549248,89,199,117,6,20251020_035116
1760899845.5609448,13009997,3330559232,3330.559232,94,200,116,6,20251020_035116
1760899845.5709288,13010036,3330569216,3330.569216,99,200,117,6,20251020_035116
1760899845.5809128,13010075,3330579200,3330.5792,104,200,117,6,20251020_035116
1760899845.5908968,13010114,3330589184,3330.589184,109,200,116,6,20251020_035116
1760899845.6008809,13010153,3330599168,3330.599168,113,199,116,6,20251020_035116
1760899845.6108649,13010192,3330609152,3330.609152,118,199,116,6,20251020_035116
1760899845.620849,13010231,3330619136,3330.619136,122,199,117,6,20251020_035116
1760899845.630833,13010270,3330629120,3330.62912,127,199,117,6,20251020_035116
1760899845.6408167,13010309,3330639104,3330.639104,131,198,117,6,20251020_035116
1760899845.6508007,13010348,3330649088,3330.649088,135,199,118,6,20251020_035116
1760899845.6607847,13010387,3330659072,3330.659072,139,199,118,6,20251020_035116
1760899845.6710248,13010427,3330669312,3330.669312,143,199,119,6,20251020_035116
1760899845.6810088,13010466,3330679296,3330.679296,147,199,120,6,20251020_035116
1760899845.6909928,13010505,3330689280,3330.68928,150,199,123,6,20251020_035116
1760899845.7009768,13010544,3330699264,3330.699264,154,199,126,6,20251020_035116
1760899845.7109609,13010583,3330709248,3330.709248,158,199,128,6,20251020_035116
1760899845.720945,13010622,3330719232,3330.719232,163,199,136,6,20251020_035116
1760899845.730929,13010661,3330729216,3330.729216,167,199,144,6,20251020_035116
1760899845.740913,13010700,3330739200,3330.7392,172,200,150,6,20251020_035116
1760899845.7508967,13010739,3330749184,3330.749184,178,199,153,6,20251020_035116
1760899845.7608807,13010778,3330759168,3330.759168,183,200,157,6,20251020_035116
1760899845.7708647,13010817,3330769152,3330.769152,189,199,160,6,20251020_035116
1760899845.7808487,13010856,3330779136,3330.779136,194,199,160,6,20251020_035116
1760899845.7908328,13010895,3330789120,3330.78912,200,199,161,6,20251020_035116
1760899845.8008168,13010934,3330799104,3330.799104,205,199,160,6,20251020_035116
1760899845.8110569,13010974,3330809344,3330.809344,211,199,162,6,20251020_035116
1760899845.8210409,13011013,3330819328,3330.819328,216,200,162,6,20251020_035116
1760899845.831025,13011052,3330829312,3330.829312,221,200,162,6,20251020_035116
1760899845.841009,13011091,3330839296,3330.839296,226,200,162,6,20251020_035116
1760899845.850993,13011130,3330849280,3330.84928,231,199,163,6,20251020_035116
1760899845.8609767,13011169,3330859264,3330.859264,236,199,163,6,20251020_035116
1760899845.8709607,13011208,3330869248,3330.869248,241,200,162,6,20251020_035116
1760899845.8809447,13011247,3330879232,3330.879232,245,200,162,6,20251020_035116
1760899845.8909287,13011286,3330889216,3330.889216,250,200,163,6,20251020_035116
1760899845.9009128,13011325,3330899200,3330.8992,254,199,163,6,20251020_035116
1760899845.9108968,13011364,3330909184,3330.909184,3,200,163,6,20251020_035116
1760899845.9208808,13011403,3330919168,3330.919168,7,200,163,6,20251020_035116
1760899845.9308648,13011442,3330929152,3330.929152,11,200,164,6,20251020_035116
1760899845.9408488,13011481,3330939136,3330.939136,15,200,163,6,20251020_035116
1760899845.9508328,13011520,3330949120,3330.94912,19,200,163,6,20251020_035116
1760899845.9610727,13011560,3330959360,3330.95936,23,200,162,6,20251020_035116
1760899845.9710567,13011599,3330969344,3330.969344,26,199,162,6,20251020_035116
1760899845.9810407,13011638,3330979328,3330.979328,30,199,161,6,20251020_035116
1760899845.9910247,13011677,3330989312,3330.989312,33,199,159,6,20251020_035116
1760899846.0010087,13011716,3330999296,3330.999296,37,201,153,6,20251020_035116
1760899846.0109928,13011755,3331009280,3331.00928,41,200,146,6,20251020_035116
1760899846.0209768,13011794,3331019264,3331.019264,46,199,139,6,20251020_035116
1760899846.0309608,13011833,3331029248,3331.029248,51,199,132,6,20251020_035116
1760899846.0409448,13011872,3331039232,3331.039232,56,200,127,6,20251020_035116
1760899846.0509288,13011911,3331049216,3331.049216,61,200,123,6,20251020_035116
1760899846.0609128,13011950,3331059200,3331.0592,67,200,118,6,20251020_035116
1760899846.0708969,13011989,3331069184,3331.069184,73,200,117,6,20251020_035116
1760899846.0808809,13012028,3331079168,3331.079168,78,200,116,6,20251020_035116
1760899846.090865,13012067,3331089152,3331.089152,84,200,116,6,20251020_035116
1760899846.1011047,13012107,3331099392,3331.099392,89,200,116,6,20251020_035116
1760899846.1110888,13012146,3331109376,3331.109376,94,200,116,6,20251020_035116
1760899846.1210728,13012185,3331119360,3331.11936,99,200,116,6,20251020_035116
1760899846.1310568,13012224,3331129344,3331.129344,104,199,116,6,20251020_035116
1760899846.1410408,13012263,3331139328,3331.139328,109,199,116,6,20251020_035116
1760899846.1510248,13012302,3331149312,3331.149312,114,199,117,6,20251020_035116
1760899846.1610088,13012341,3331159296,3331.159296,118,199,116,6,20251020_035116
1760899846.1709929,13012380,3331169280,3331.16928,123,200,115,6,20251020_035116
1760899846.1809769,13012419,3331179264,3331.179264,127,199,115,6,20251020_035116
1760899846.190961,13012458,3331189248,3331.189248,131,199,116,6,20251020_035116
1760899846.200945,13012497,3331199232,3331.199232,135,199,116,6,20251020_035116
1760899846.210929,13012536,3331209216,3331.209216,139,199,115,6,20251020_035116
1760899846.2209127,13012575,3331219200,3331.2192,143,199,117,6,20251020_035116
1760899846.2308967,13012614,3331229184,3331.229184,147,199,118,6,20251020_035116
1760899846.2408807,13012653,3331239168,3331.239168,150,199,118,6,20251020_035116
1760899846.2511208,13012693,3331249408,3331.249408,154,199,120,6,20251020_035116
1760899846.2611048,13012732,3331259392,3331.259392,158,199,120,6,20251020_035116
1760899846.2710888,13012771,3331269376,3331.269376,162,199,122,6,20251020_035116
1760899846.2810729,13012810,3331279360,3331.27936,165,199,123,6,20251020_035116
1760899846.2910569,13012849,3331289344,3331.289344,169,199,126,6,20251020_035116
1760899846.301041,13012888,3331299328,3331.299328,173,199,128,6,20251020_035116
1760899846.311025,13012927,3331309312,3331.309312,177,199,133,6,20251020_035116
1760899846.3210087,13012966,3331319296,3331.319296,182,200,138,6,20251020_035116
1760899846.3309927,13013005,3331329280,3331.32928,186,200,146,6,20251020_035116
1760899846.3409767,13013044,3331339264,3331.339264,191,199,150,6,20251020_035116
1760899846.3509607,13013083,3331349248,3331.349248,197,200,152,6,20251020_035116
1760899846.3609447,13013122,3331359232,3331.359232,202,199,155,6,20251020_035116
1760899846.3709288,13013161,3331369216,3331.369216,207,199,158,6,20251020_035116
1760899846.3811688,13013201,3331379456,3331.379456,212,199,160,6,20251020_035116
1760899846.3911529,13013240,3331389440,3331.38944,218,200,159,6,20251020_035116
1760899846.4011369,13013279,3331399424,3331.399424,223,199,161,6,20251020_035116
1760899846.411121,13013318,3331409408,3331.409408,228,200,161,6,20251020_035116
1760899846.421105,13013357,3331419392,3331.419392,233,200,161,6,20251020_035116
1760899846.4310887,13013396,3331429376,3331.429376,237,200,162,6,20251020_035116
1760899846.4410727,13013435,3331439360,3331.43936,242,200,162,6,20251020_035116
1760899846.4510567,13013474,3331449344,3331.449344,247,199,162,6,20251020_035116
1760899846.4610407,13013513,3331459328,3331.459328,251,200,161,6,20251020_035116
1760899846.4710248,13013552,3331469312,3331.469312,0,200,163,6,20251020_035116
1760899846.4810088,13013591,3331479296,3331.479296,4,199,163,6,20251020_035116
1760899846.4909928,13013630,3331489280,3331.48928,8,200,162,6,20251020_035116
1760899846.5009768,13013669,3331499264,3331.499264,12,199,163,6,20251020_035116
1760899846.5109608,13013708,3331509248,3331.509248,16,200,162,6,20251020_035116
1760899846.5209448,13013747,3331519232,3331.519232,20,199,162,6,20251020_035116
1760899846.531185,13013787,3331529472,3331.529472,24,200,162,6,20251020_035116
1760899846.5411687,13013826,3331539456,3331.539456,27,200,161,6,20251020_035116
1760899846.5511527,13013865,3331549440,3331.54944,31,200,161,6,20251020_035116
1760899846.5611367,13013904,3331559424,3331.559424,34,199,160,6,20251020_035116
1760899846.5711207,13013943,3331569408,3331.569408,38,199,159,6,20251020_035116
1760899846.5811048,13013982,3331579392,3331.579392,42,199,158,6,20251020_035116
1760899846.5910888,13014021,3331589376,3331.589376,45,200,154,6,20251020_035116
1760899846.6010728,13014060,3331599360,3331.59936,49,199,150,6,20251020_035116
1760899846.6110568,13014099,3331609344,3331.609344,54,200,143,6,20251020_035116
1760899846.6210408,13014138,3331619328,3331.619328,58,200,136,6,20251020_035116
1760899846.6310248,13014177,3331629312,3331.629312,63,200,129,6,20251020_035116
1760899846.6410089,13014216,3331639296,3331.639296,68,199,126,6,20251020_035116
1760899846.6509929,13014255,3331649280,3331.64928,74,200,121,6,20251020_035116
1760899846.660977,13014294,3331659264,3331.659264,79,200,118,6,20251020_035116
1760899846.670961,13014333,3331669248,3331.669248,84,200,116,6,20251020_035116
1760899846.6812007,13014373,3331679488,3331.679488,90,200,118,6,20251020_035116
1760899846.6911848,13014412,3331689472,3331.689472,95,200,116,6,20251020_035116
1760899846.7011688,13014451,3331699456,3331.699456,100,199,117,6,20251020_035116
1760899846.7111528,13014490,3331709440,3331.70944,105,199,117,6,20251020_035116
1760899846.7211368,13014529,3331719424,3331.719424,110,200,117,6,20251020_035116
1760899846.7311208,13014568,3331729408,3331.729408,114,199,117,6,20251020_035116
1760899846.7411048,13014607,3331739392,3331.739392,119,199,117,6,20251020_035116
1760899846.7510889,13014646,3331749376,3331.749376,123,199,116,6,20251020_035116
1760899846.7610729,13014685,3331759360,3331.75936,128,199,117,6,20251020_035116
1760899846.771057,13014724,3331769344,3331.769344,132,199,118,6,20251020_035116
1760899846.781041,13014763,3331779328,3331.779328,136,199,118,6,20251020_035116
1760899846.7910247,13014802,3331789312,3331.789312,140,199,119,6,20251020_035116
1760899846.8010087,13014841,3331799296,3331.799296,144,199,120,6,20251020_035116
1760899846.8109927,13014880,3331809280,3331.80928,148,199,121,6,20251020_035116
1760899846.8212328,13014920,3331819520,3331.81952,151,199,124,6,20251020_035116
1760899846.8312168,13014959,3331829504,3331.829504,155,199,127,6,20251020_035116
1760899846.8412008,13014998,3331839488,3331.839488,160,199,130,6,20251020_035116
1760899846.8511848,13015037,3331849472,3331.849472,164,199,135,6,20251020_035116
1760899846.8611689,13015076,3331859456,3331.859456,168,199,144,6,20251020_035116
1760899846.8711529,13015115,3331869440,3331.86944,173,200,150,6,20251020_035116
1760899846.881137,13015154,3331879424,3331.879424,179,199,153,6,20251020_035116
1760899846.891121,13015193,3331889408,3331.889408,184,200,157,6,20251020_035116
1760899846.9011047,13015232,3331899392,3331.899392,190,199,160,6,20251020_035116
1760899846.9110887,13015271,3331909376,3331.909376,195,199,160,6,20251020_035116
1760899846.9210727,13015310,3331919360,3331.91936,201,200,160,6,20251020_035116
1760899846.9310567,13015349,3331929344,3331.929344,206,200,161,6,20251020_035116
1760899846.9410408,13015388,3331939328,3331.939328,212,199,162,6,20251020_035116
1760899846.9510248,13015427,3331949312,3331.949312,217,200,161,6,20251020_035116
1760899846.9612648,13015467,3331959552,3331.959552,222,199,162,6,20251020_035116
1760899846.9712489,13015506,3331969536,3331.969536,227,200,163,6,20251020_035116
1760899846.981233,13015545,3331979520,3331.97952,232,199,163,6,20251020_035116
1760899846.991217,13015584,3331989504,3331.989504,237,199,163,6,20251020_035116
1760899847.001201,13015623,3331999488,3331.999488,242,199,163,6,20251020_035116
1760899847.0111847,13015662,3332009472,3332.009472,246,200,163,6,20251020_035116
1760899847.0211687,13015701,3332019456,3332.019456,251,199,163,6,20251020_035116
1760899847.0311527,13015740,3332029440,3332.02944,0,200,163,6,20251020_035116
1760899847.0411367,13015779,3332039424,3332.039424,4,199,164,6,20251020_035116
1760899847.0511208,13015818,3332049408,3332.049408,8,200,163,6,20251020_035116
1760899847.0611048,13015857,3332059392,3332.059392,12,200,162,6,20251020_035116
1760899847.0710888,13015896,3332069376,3332.069376,16,200,163,6,20251020_035116
1760899847.0810728,13015935,3332079360,3332.07936,19,199,162,6,20251020_035116
1760899847.0910568,13015974,3332089344,3332.089344,23,200,162,6,20251020_035116
1760899847.101297,13016014,3332099584,3332.099584,27,199,161,6,20251020_035116
1760899847.111281,13016053,3332109568,3332.109568,31,200,158,6,20251020_035116
1760899847.1212647,13016092,3332119552,3332.119552,34,200,155,6,20251020_035116
1760899847.1312487,13016131,3332129536,3332.129536,38,199,148,6,20251020_035116
1760899847.1412327,13016170,3332139520,3332.13952,43,200,143,6,20251020_035116
1760899847.1512167,13016209,3332149504,3332.149504,47,200,135,6,20251020_035116
1760899847.1612008,13016248,3332159488,3332.159488,52,200,130,6,20251020_035116
1760899847.1711848,13016287,3332169472,3332.169472,58,200,127,6,20251020_035116
1760899847.1811688,13016326,3332179456,3332.179456,63,200,123,6,20251020_035116
1760899847.1911528,13016365,3332189440,3332.18944,68,200,118,6,20251020_035116
1760899847.2011368,13016404,3332199424,3332.199424,74,200,117,6,20251020_035116
1760899847.2111208,13016443,3332209408,3332.209408,80,199,117,6,20251020_035116
1760899847.2211049,13016482,3332219392,3332.219392,85,200,118,6,20251020_035116
1760899847.2310889,13016521,3332229376,3332.229376,90,200,117,6,20251020_035116
1760899847.2413287,13016561,3332239616,3332.239616,96,199,117,6,20251020_035116
1760899847.2513127,13016600,3332249600,3332.2496,101,200,118,6,20251020_035116
1760899847.2612967,13016639,3332259584,3332.259584,105,199,117,6,20251020_035116
1760899847.2712808,13016678,3332269568,3332.269568,110,200,116,6,20251020_035116
1760899847.2812648,13016717,3332279552,3332.279552,115,200,116,6,20251020_035116
1760899847.2912488,13016756,3332289536,3332.289536,119,199,117,6,20251020_035116
1760899847.3012328,13016795,3332299520,3332.29952,124,199,117,6,20251020_035116
1760899847.3112168,13016834,3332309504,3332.309504,128,199,117,6,20251020_035116
1760899847.3212008,13016873,3332319488,3332.319488,132,199,116,6,20251020_035116
1760899847.3311849,13016912,3332329472,3332.329472,136,199,119,6,20251020_035116
1760899847.3411689,13016951,3332339456,3332.339456,140,199,119,6,20251020_035116
1760899847.351153,13016990,3332349440,3332.34944,144,199,120,6,20251020_035116
1760899847.361137,13017029,3332359424,3332.359424,148,199,122,6,20251020_035116
1760899847.3711207,13017068,3332369408,3332.369408,152,199,125,6,20251020_035116
1760899847.3811047,13017107,3332379392,3332.379392,156,199,127,6,20251020_035116
1760899847.3913448,13017147,3332389632,3332.389632,160,199,132,6,20251020_035116
1760899847.4013288,13017186,3332399616,3332.399616,164,199,139,6,20251020_035116
1760899847.4113128,13017225,3332409600,3332.4096,169,199,148,6,20251020_035116
1760899847.4212968,13017264,3332419584,3332.419584,174,199,151,6,20251020_035116
1760899847.4312809,13017303,3332429568,3332.429568,180,199,156,6,20251020_035116
1760899847.4412649,13017342,3332439552,3332.439552,185,199,159,6,20251020_035116
1760899847.451249,13017381,3332449536,3332.449536,191,200,159,6,20251020_035116
1760899847.461233,13017420,3332459520,3332.45952,196,199,160,6,20251020_035116
1760899847.471217,13017459,3332469504,3332.469504,202,200,160,6,20251020_035116
1760899847.4812007,13017498,3332479488,3332.479488,207,200,161,6,20251020_035116
1760899847.4911847,13017537,3332489472,3332.489472,213,199,162,6,20251020_035116
1760899847.5011687,13017576,3332499456,3332.499456,218,199,162,6,20251020_035116
1760899847.5111527,13017615,3332509440,3332.50944,223,199,162,6,20251020_035116
1760899847.5211368,13017654,3332519424,3332.519424,228,199,162,6,20251020_035116
1760899847.5311208,13017693,3332529408,3332.529408,233,199,163,6,20251020_035116
1760899847.5413609,13017733,3332539648,3332.539648,238,200,163,6,20251020_035116
1760899847.5513449,13017772,3332549632,3332.549632,243,200,162,6,20251020_035116
1760899847.561329,13017811,3332559616,3332.559616,247,199,163,6,20251020_035116
1760899847.571313,13017850,3332569600,3332.5696,251,200,163,6,20251020_035116
1760899847.5812967,13017889,3332579584,3332.579584,1,200,164,6,20251020_035116
1760899847.5912807,13017928,3332589568,3332.589568,5,199,163,6,20251020_035116
1760899847.6012647,13017967,3332599552,3332.599552,9,200,163,6,20251020_035116
1760899847.6112487,13018006,3332609536,3332.609536,13,199,163,6,20251020_035116
1760899847.6212327,13018045,3332619520,3332.61952,17,199,163,6,20251020_035116
1760899847.6312168,13018084,3332629504,3332.629504,20,200,162,6,20251020_035116
1760899847.6412008,13018123,3332639488,3332.639488,24,199,162,6,20251020_035116
1760899847.6511848,13018162,3332649472,3332.649472,28,199,161,6,20251020_035116
1760899847.6611688,13018201,3332659456,3332.659456,31,200,160,6,20251020_035116
1760899847.6711528,13018240,3332669440,3332.66944,35,200,156,6,20251020_035116
1760899847.681393,13018280,3332679680,3332.67968,39,199,150,6,20251020_035116
1760899847.6913767,13018319,3332689664,3332.689664,43,200,142,6,20251020_035116
1760899847.7013607,13018358,3332699648,3332.699648,48,199,134,6,20251020_035116
1760899847.7113447,13018397,3332709632,3332.709632,53,200,127,6,20251020_035116
1760899847.7213287,13018436,3332719616,3332.719616,58,199,124,6,20251020_035116
1760899847.7313128,13018475,3332729600,3332.7296,64,199,120,6,20251020_035116
1760899847.7412968,13018514,3332739584,3332.739584,70,199,117,6,20251020_035116
1760899847.7512808,13018553,3332749568,3332.749568,75,200,117,6,20251020_035116
1760899847.7612648,13018592,3332759552,3332.759552,81,200,116,6,20251020_035116
1760899847.7712488,13018631,3332769536,3332.769536,86,200,117,6,20251020_035116
1760899847.7812328,13018670,3332779520,3332.77952,91,200,116,6,20251020_035116
1760899847.7912169,13018709,3332789504,3332.789504,97,200,117,6,20251020_035116
1760899847.8012009,13018748,3332799488,3332.799488,102,199,116,6,20251020_035116
1760899847.811185,13018787,3332809472,3332.809472,106,200,116,6,20251020_035116
1760899847.8214247,13018827,3332819712,3332.819712,111,199,116,6,20251020_035116
1760899847.8314087,13018866,3332829696,3332.829696,116,199,116,6,20251020_035116
1760899847.8413928,13018905,3332839680,3332.83968,120,199,117,6,20251020_035116
1760899847.8513768,13018944,3332849664,3332.849664,125,199,116,6,20251020_035116
1760899847.8613608,13018983,3332859648,3332.859648,129,199,116,6,20251020_035116
1760899847.8713448,13019022,3332869632,3332.869632,133,199,116,6,20251020_035116
1760899847.8813288,13019061,3332879616,3332.879616,137,199,118,6,20251020_035116
1760899847.8913128,13019100,3332889600,3332.8896,141,199,116,6,20251020_035116
1760899847.9012969,13019139,3332899584,3332.899584,145,199,118,6,20251020_035116
1760899847.9112809,13019178,3332909568,3332.909568,148,199,119,6,20251020_035116
1760899847.921265,13019217,3332919552,3332.919552,152,199,119,6,20251020_035116
1760899847.931249,13019256,3332929536,3332.929536,156,199,120,6,20251020_035116
1760899847.9412327,13019295,3332939520,3332.93952,160,199,122,6,20251020_035116
1760899847.9512167,13019334,3332949504,3332.949504,163,199,123,6,20251020_035116
1760899847.9614568,13019374,3332959744,3332.959744,167,199,126,6,20251020_035116
1760899847.9714408,13019413,3332969728,3332.969728,171,199,127,6,20251020_035116
1760899847.9814248,13019452,3332979712,3332.979712,175,200,131,6,20251020_035116
1760899847.9914088,13019491,3332989696,3332.989696,179,200,138,6,20251020_035116
1760899848.0013928,13019530,3332999680,3332.99968,184,200,144,6,20251020_035116
1760899848.0113769,13019569,3333009664,3333.009664,189,199,149,6,20251020_035116
1760899848.0213609,13019608,3333019648,3333.019648,194,200,152,6,20251020_035116
1760899848.031345,13019647,3333029632,3333.029632,199,199,155,6,20251020_035116
1760899848.041329,13019686,3333039616,3333.039616,205,199,158,6,20251020_035116
1760899848.0513127,13019725,3333049600,3333.0496,210,200,160,6,20251020_035116
1760899848.0612967,13019764,3333059584,3333.059584,216,200,161,6,20251020_035116
1760899848.0712807,13019803,3333069568,3333.069568,221,200,161,6,20251020_035116
1760899848.0812647,13019842,3333079552,3333.079552,226,200,161,6,20251020_035116
1760899848.0912488,13019881,3333089536,3333.089536,231,200,162,6,20251020_035116
1760899848.1014888,13019921,3333099776,3333.099776,236,200,161,6,20251020_035116
1760899848.1114728,13019960,3333109760,3333.10976,240,199,162,6,20251020_035116
1760899848.1214569,13019999,3333119744,3333.119744,245,200,162,6,20251020_035116
1760899848.1314409,13020038,3333129728,3333.129728,249,199,162,6,20251020_035116
1760899848.141425,13020077,3333139712,3333.139712,254,200,164,6,20251020_035116
1760899848.151409,13020116,3333149696,3333.149696,3,199,163,6,20251020_035116
1760899848.1613927,13020155,3333159680,3333.15968,7,200,163,6,20251020_035116
1760899848.1713767,13020194,3333169664,3333.169664,11,200,163,6,20251020_035116
1760899848.1813607,13020233,3333179648,3333.179648,15,199,163,6,20251020_035116
1760899848.1913447,13020272,3333189632,3333.189632,18,200,163,6,20251020_035116
1760899848.2013288,13020311,3333199616,3333.199616,22,200,162,6,20251020_035116
1760899848.2113128,13020350,3333209600,3333.2096,26,199,162,6,20251020_035116
1760899848.2212968,13020389,3333219584,3333.219584,29,200,161,6,20251020_035116
1760899848.2312808,13020428,3333229568,3333.229568,33,199,161,6,20251020_035116
1760899848.241521,13020468,3333239808,3333.239808,36,200,161,6,20251020_035116
1760899848.251505,13020507,3333249792,3333.249792,40,200,160,6,20251020_035116
1760899848.261489,13020546,3333259776,3333.259776,44,200,156,6,20251020_035116
1760899848.2714727,13020585,3333269760,3333.26976,47,200,153,6,20251020_035116
1760899848.2814567,13020624,3333279744,3333.279744,51,200,146,6,20251020_035116
1760899848.2914407,13020663,3333289728,3333.289728,56,200,139,6,20251020_035116
1760899848.3014247,13020702,3333299712,3333.299712,61,200,131,6,20251020_035116
1760899848.3114088,13020741,3333309696,3333.309696,66,200,127,6,20251020_035116
1760899848.3213928,13020780,3333319680,3333.31968,71,200,123,6,20251020_035116
1760899848.3313768,13020819,3333329664,3333.329664,77,200,118,6,20251020_035116
1760899848.3413608,13020858,3333339648,3333.339648,82,199,118,6,20251020_035116
1760899848.3513448,13020897,3333349632,3333.349632,88,200,118,6,20251020_035116
1760899848.3613288,13020936,3333359616,3333.359616,93,200,118,6,20251020_035116
1760899848.3713129,13020975,3333369600,3333.3696,98,200,117,6,20251020_035116
1760899848.3815527,13021015,3333379840,3333.37984,103,200,118,6,20251020_035116
1760899848.3915367,13021054,3333389824,3333.389824,108,200,117,6,20251020_035116
1760899848.4015207,13021093,3333399808,3333.399808,112,200,118,6,20251020_035116
1760899848.4115047,13021132,3333409792,3333.409792,117,199,117,6,20251020_035116
1760899848.4214888,13021171,3333419776,3333.419776,121,199,118,6,20251020_035116
1760899848.4314728,13021210,3333429760,3333.42976,126,199,118,6,20251020_035116
1760899848.4414568,13021249,3333439744,3333.439744,130,199,118,6,20251020_035116
1760899848.4514408,13021288,3333449728,3333.449728,134,199,118,6,20251020_035116
1760899848.4614248,13021327,3333459712,3333.459712,138,199,119,6,20251020_035116
1760899848.4714088,13021366,3333469696,3333.469696,142,199,119,6,20251020_035116
1760899848.4813929,13021405,3333479680,3333.47968,146,199,120,6,20251020_035116
1760899848.4913769,13021444,3333489664,3333.489664,150,200,121,6,20251020_035116
1760899848.501361,13021483,3333499648,3333.499648,154,199,124,6,20251020_035116
1760899848.511345,13021522,3333509632,3333.509632,157,199,125,6,20251020_035116
1760899848.5213287,13021561,3333519616,3333.519616,161,199,127,6,20251020_035116
1760899848.5315688,13021601,3333529856,3333.529856,165,199,130,6,20251020_035116
1760899848.5415528,13021640,3333539840,3333.53984,170,199,134,6,20251020_035116
1760899848.5515368,13021679,3333549824,3333.549824,174,199,140,6,20251020_035116
1760899848.5615208,13021718,3333559808,3333.559808,179,199,147,6,20251020_035116
1760899848.5715048,13021757,3333569792,3333.569792,184,199,151,6,20251020_035116
1760899848.5814888,13021796,3333579776,3333.579776,189,199,153,6,20251020_035116
1760899848.5914729,13021835,3333589760,3333.58976,195,199,156,6,20251020_035116
1760899848.6014569,13021874,3333599744,3333.599744,200,199,160,6,20251020_035116
1760899848.611441,13021913,3333609728,3333.609728,206,199,160,6,20251020_035116
1760899848.621425,13021952,3333619712,3333.619712,211,199,160,6,20251020_035116
1760899848.6314087,13021991,3333629696,3333.629696,216,200,160,6,20251020_035116
1760899848.6413927,13022030,3333639680,3333.63968,222,199,162,6,20251020_035116
1760899848.6513767,13022069,3333649664,3333.649664,227,200,161,6,20251020_035116
1760899848.6613607,13022108,3333659648,3333.659648,232,199,162,6,20251020_035116
1760899848.6713448,13022147,3333669632,3333.669632,236,200,162,6,20251020_035116
1760899848.6815848,13022187,3333679872,3333.679872,241,199,162,6,20251020_035116
1760899848.6915689,13022226,3333689856,3333.689856,246,200,163,6,20251020_035116
1760899848.7015529,13022265,3333699840,3333.69984,250,199,163,6,20251020_035116
1760899848.711537,13022304,3333709824,3333.709824,254,200,163,6,20251020_035116
1760899848.721521,13022343,3333719808,3333.719808,3,199,163,6,20251020_035116
1760899848.731505,13022382,3333729792,3333.729792,7,200,163,6,20251020_035116
1760899848.7414887,13022421,3333739776,3333.739776,11,200,163,6,20251020_035116
1760899848.7514727,13022460,3333749760,3333.74976,15,200,163,6,20251020_035116
1760899848.7614567,13022499,3333759744,3333.759744,19,200,162,6,20251020_035116
1760899848.7714407,13022538,3333769728,3333.769728,23,200,162,6,20251020_035116
1760899848.7814248,13022577,3333779712,3333.779712,26,199,162,6,20251020_035116
1760899848.7914088,13022616,3333789696,3333.789696,30,200,161,6,20251020_035116
1760899848.8013928,13022655,3333799680,3333.79968,34,200,162,6,20251020_035116
1760899848.8113768,13022694,3333809664,3333.809664,37,200,160,6,20251020_035116
1760899848.821617,13022734,3333819904,3333.819904,41,200,158,6,20251020_035116
1760899848.831601,13022773,3333829888,3333.829888,45,199,154,6,20251020_035116
1760899848.8415847,13022812,3333839872,3333.839872,49,200,148,6,20251020_035116
1760899848.8515687,13022851,3333849856,3333.849856,53,200,141,6,20251020_035116
1760899848.8615527,13022890,3333859840,3333.85984,58,199,135,6,20251020_035116
1760899848.8715367,13022929,3333869824,3333.869824,63,200,128,6,20251020_035116
1760899848.8815207,13022968,3333879808,3333.879808,68,200,126,6,20251020_035116
1760899848.8915048,13023007,3333889792,3333.889792,73,199,122,6,20251020_035116
1760899848.9014888,13023046,3333899776,3333.899776,79,200,119,6,20251020_035116
1760899848.9114728,13023085,3333909760,3333.90976,84,200,116,6,20251020_035116
1760899848.9214568,13023124,3333919744,3333.919744,90,200,117,6,20251020_035116
1760899848.9314408,13023163,3333929728,3333.929728,95,200,117,6,20251020_035116
1760899848.9414248,13023202,3333939712,3333.939712,100,200,116,6,20251020_035116
1760899848.9514089,13023241,3333949696,3333.949696,105,200,116,6,20251020_035116
1760899848.9616487,13023281,3333959936,3333.959936,110,199,116,6,20251020_035116
1760899848.9716327,13023320,3333969920,3333.96992,114,199,116,6,20251020_035116
1760899848.9816167,13023359,3333979904,3333.979904,119,200,117,6,20251020_035116
1760899848.9916008,13023398,3333989888,3333.989888,123,199,116,6,20251020_035116
1760899849.0015848,13023437,3333999872,3333.999872,127,199,117,6,20251020_035116
1760899849.0115688,13023476,3334009856,3334.009856,131,199,117,6,20251020_035116
1760899849.0215528,13023515,3334019840,3334.01984,135,199,118,6,20251020_035116
1760899849.0315368,13023554,3334029824,3334.029824,139,199,119,6,20251020_035116
1760899849.0415208,13023593,3334039808,3334.039808,143,199,120,6,20251020_035116
1760899849.0515049,13023632,3334049792,3334.049792,147,199,122,6,20251020_035116
1760899849.0614889,13023671,3334059776,3334.059776,151,199,125,6,20251020_035116
1760899849.071473,13023710,3334069760,3334.06976,155,199,127,6,20251020_035116
1760899849.081457,13023749,3334079744,3334.079744,159,199,132,6,20251020_035116
1760899849.091441,13023788,3334089728,3334.089728,164,199,141,6,20251020_035116
1760899849.1016808,13023828,3334099968,3334.099968,169,199,148,6,20251020_035116
1760899849.1116648,13023867,3334109952,3334.109952,174,199,152,6,20251020_035116
1760899849.1216488,13023906,3334119936,3334.119936,179,199,156,6,20251020_035116
1760899849.1316328,13023945,3334129920,3334.12992,185,199,160,6,20251020_035116
1760899849.1416168,13023984,3334139904,3334.139904,191,199,160,6,20251020_035116
1760899849.1516008,13024023,3334149888,3334.149888,196,199,161,6,20251020_035116
1760899849.1615849,13024062,3334159872,3334.159872,202,199,161,6,20251020_035116
1760899849.1715689,13024101,3334169856,3334.169856,207,200,161,6,20251020_035116
1760899849.181553,13024140,3334179840,3334.17984,213,199,161,6,20251020_035116
1760899849.191537,13024179,3334189824,3334.189824,218,199,162,6,20251020_035116
1760899849.2015207,13024218,3334199808,3334.199808,223,199,162,6,20251020_035116
1760899849.2115047,13024257,3334209792,3334.209792,228,199,163,6,20251020_035116
1760899849.2214887,13024296,3334219776,3334.219776,233,200,162,6,20251020_035116
1760899849.2314727,13024335,3334229760,3334.22976,238,199,163,6,20251020_035116
1760899849.2414567,13024374,3334239744,3334.239744,242,200,162,6,20251020_035116
1760899849.2516968,13024414,3334249984,3334.249984,247,199,163,6,20251020_035116
1760899849.2616808,13024453,3334259968,3334.259968,251,200,162,6,20251020_035116
1760899849.2716649,13024492,3334269952,3334.269952,1,199,163,6,20251020_035116
1760899849.2816489,13024531,3334279936,3334.279936,5,199,163,6,20251020_035116
1760899849.291633,13024570,3334289920,3334.28992,9,199,164,6,20251020_035116
1760899849.301617,13024609,3334299904,3334.299904,13,200,163,6,20251020_035116
1760899849.3116007,13024648,3334309888,3334.309888,16,199,163,6,20251020_035116
1760899849.3215847,13024687,3334319872,3334.319872,20,200,162,6,20251020_035116
1760899849.3315687,13024726,3334329856,3334.329856,24,199,162,6,20251020_035116
1760899849.3415527,13024765,3334339840,3334.33984,27,199,161,6,20251020_035116
1760899849.3515368,13024804,3334349824,3334.349824,31,200,158,6,20251020_035116
1760899849.3615208,13024843,3334359808,3334.359808,35,200,154,6,20251020_035116
1760899849.3715048,13024882,3334369792,3334.369792,39,201,149,6,20251020_035116
1760899849.3814888,13024921,3334379776,3334.379776,43,200,141,6,20251020_035116
1760899849.3917289,13024961,3334390016,3334.390016,48,200,135,6,20251020_035116
1760899849.401713,13025000,3334400000,3334.4,53,200,129,6,20251020_035116
1760899849.411697,13025039,3334409984,3334.409984,58,200,125,6,20251020_035116
1760899849.4216807,13025078,3334419968,3334.419968,64,200,121,6,20251020_035116
1760899849.4316647,13025117,3334429952,3334.429952,69,199,117,6,20251020_035116
1760899849.4416487,13025156,3334439936,3334.439936,75,199,116,6,20251020_035116
1760899849.4516327,13025195,3334449920,3334.44992,81,199,117,6,20251020_035116
1760899849.4616168,13025234,3334459904,3334.459904,86,200,117,6,20251020_035116
1760899849.4716008,13025273,3334469888,3334.469888,91,200,116,6,20251020_035116
1760899849.4815848,13025312,3334479872,3334.479872,97,200,116,6,20251020_035116
1760899849.4915688,13025351,3334489856,3334.489856,102,200,116,6,20251020_035116
1760899849.5015528,13025390,3334499840,3334.49984,106,199,116,6,20251020_035116
1760899849.5115368,13025429,3334509824,3334.509824,111,200,116,6,20251020_035116
1760899849.5215209,13025468,3334519808,3334.519808,116,199,116,6,20251020_035116
1760899849.5317607,13025508,3334530048,3334.530048,120,200,116,6,20251020_035116
1760899849.5417447,13025547,3334540032,3334.540032,125,199,116,6,20251020_035116
1760899849.5517287,13025586,3334550016,3334.550016,129,199,116,6,20251020_035116
1760899849.5617127,13025625,3334560000,3334.56,133,199,116,6,20251020_035116
1760899849.5716968,13025664,3334569984,3334.569984,137,199,117,6,20251020_035116
1760899849.5816808,13025703,3334579968,3334.579968,141,199,117,6,20251020_035116
1760899849.5916648,13025742,3334589952,3334.589952,145,199,119,6,20251020_035116
1760899849.6016488,13025781,3334599936,3334.599936,148,200,121,6,20251020_035116
1760899849.6116328,13025820,3334609920,3334.60992,152,199,124,6,20251020_035116
1760899849.6216168,13025859,3334619904,3334.619904,156,200,127,6,20251020_035116
1760899849.6316009,13025898,3334629888,3334.629888,160,199,130,6,20251020_035116
1760899849.6415849,13025937,3334639872,3334.639872,165,200,138,6,20251020_035116
1760899849.651569,13025976,3334649856,3334.649856,169,199,146,6,20251020_035116
1760899849.661553,13026015,3334659840,3334.65984,175,199,151,6,20251020_035116
1760899849.6715367,13026054,3334669824,3334.669824,180,200,155,6,20251020_035116
1760899849.6817768,13026094,3334680064,3334.680064,185,199,159,6,20251020_035116
1760899849.6917608,13026133,3334690048,3334.690048,191,200,160,6,20251020_035116
1760899849.7017448,13026172,3334700032,3334.700032,197,199,160,6,20251020_035116
1760899849.7117288,13026211,3334710016,3334.710016,202,199,161,6,20251020_035116
1760899849.7217128,13026250,3334720000,3334.72,208,200,160,6,20251020_035116
1760899849.7316968,13026289,3334729984,3334.729984,213,200,162,6,20251020_035116
1760899849.7416809,13026328,3334739968,3334.739968,218,199,162,6,20251020_035116
1760899849.7516649,13026367,3334749952,3334.749952,223,199,162,6,20251020_035116
1760899849.761649,13026406,3334759936,3334.759936,228,200,162,6,20251020_035116
1760899849.771633,13026445,3334769920,3334.76992,233,199,162,6,20251020_035116
1760899849.7816167,13026484,3334779904,3334.779904,238,200,163,6,20251020_035116
1760899849.7916007,13026523,3334789888,3334.789888,243,200,162,6,20251020_035116
1760899849.8015847,13026562,3334799872,3334.799872,247,200,163,6,20251020_035116
1760899849.8115687,13026601,3334809856,3334.809856,252,200,163,6,20251020_035116
1760899849.8218088,13026641,3334820096,3334.820096,1,200,163,6,20251020_035116
1760899849.8317928,13026680,3334830080,3334.83008,5,199,163,6,20251020_035116
1760899849.8417768,13026719,3334840064,3334.840064,9,200,163,6,20251020_035116
1760899849.8517609,13026758,3334850048,3334.850048,13,200,163,6,20251020_035116
1760899849.8617449,13026797,3334860032,3334.860032,17,200,163,6,20251020_035116
1760899849.871729,13026836,3334870016,3334.870016,20,199,162,6,20251020_035116
1760899849.881713,13026875,3334880000,3334.88,24,199,162,6,20251020_035116
1760899849.8916967,13026914,3334889984,3334.889984,28,200,160,6,20251020_035116
1760899849.9016807,13026953,3334899968,3334.899968,31,200,160,6,20251020_035116
1760899849.9116647,13026992,3334909952,3334.909952,35,200,157,6,20251020_035116
1760899849.9216487,13027031,3334919936,3334.919936,39,199,152,6,20251020_035116
1760899849.9316328,13027070,3334929920,3334.92992,43,200,146,6,20251020_035116
1760899849.9416168,13027109,3334939904,3334.939904,47,200,138,6,20251020_035116
1760899849.9516008,13027148,3334949888,3334.949888,52,200,130,6,20251020_035116
1760899849.9618409,13027188,3334960128,3334.960128,58,200,127,6,20251020_035116
1760899849.971825,13027227,3334970112,3334.970112,63,200,122,6,20251020_035116
1760899849.981809,13027266,3334980096,3334.980096,69,200,118,6,20251020_035116
1760899849.991793,13027305,3334990080,3334.99008,74,200,116,6,20251020_035116
1760899850.0017767,13027344,3335000064,3335.000064,80,200,117,6,20251020_035116
1760899850.0117607,13027383,3335010048,3335.010048,85,200,117,6,20251020_035116
1760899850.0217447,13027422,3335020032,3335.020032,91,200,117,6,20251020_035116
1760899850.0317287,13027461,3335030016,3335.030016,96,200,116,6,20251020_035116
1760899850.0417128,13027500,3335040000,3335.04,101,200,117,6,20251020_035116
1760899850.0516968,13027539,3335049984,3335.049984,106,200,116,6,20251020_035116
1760899850.0616808,13027578,3335059968,3335.059968,110,199,116,6,20251020_035116
1760899850.0716648,13027617,3335069952,3335.069952,115,200,117,6,20251020_035116
1760899850.0816488,13027656,3335079936,3335.079936,120,200,116,6,20251020_035116
1760899850.0916328,13027695,3335089920,3335.08992,124,200,115,6,20251020_035116
1760899850.1018727,13027735,3335100160,3335.10016,128,200,116,6,20251020_035116
1760899850.1118567,13027774,3335110144,3335.110144,132,199,116,6,20251020_035116
1760899850.1218407,13027813,3335120128,3335.120128,136,200,116,6,20251020_035116
1760899850.1318247,13027852,3335130112,3335.130112,140,199,117,6,20251020_035116
1760899850.1418087,13027891,3335140096,3335.140096,144,199,117,6,20251020_035116
1760899850.1517928,13027930,3335150080,3335.15008,148,199,117,6,20251020_035116
1760899850.1617768,13027969,3335160064,3335.160064,151,199,118,6,20251020_035116
1760899850.1717608,13028008,3335170048,3335.170048,155,199,119,6,20251020_035116
1760899850.1817448,13028047,3335180032,3335.180032,159,199,120,6,20251020_035116
1760899850.1917288,13028086,3335190016,3335.190016,162,199,121,6,20251020_035116
1760899850.2017128,13028125,3335200000,3335.2,166,199,124,6,20251020_035116
1760899850.2116969,13028164,3335209984,3335.209984,170,199,127,6,20251020_035116
1760899850.2216809,13028203,3335219968,3335.219968,174,200,127,6,20251020_035116
1760899850.231665,13028242,3335229952,3335.229952,178,199,132,6,20251020_035116
1760899850.2419047,13028282,3335240192,3335.240192,182,199,137,6,20251020_035116
1760899850.2518888,13028321,3335250176,3335.250176,187,200,143,6,20251020_035116
1760899850.2618728,13028360,3335260160,3335.26016,192,200,149,6,20251020_035116
1760899850.2718568,13028399,3335270144,3335.270144,197,200,151,6,20251020_035116
1760899850.2818408,13028438,3335280128,3335.280128,202,199,154,6,20251020_035116
1760899850.2918248,13028477,3335290112,3335.290112,208,200,158,6,20251020_035116
1760899850.3018088,13028516,3335300096,3335.300096,213,200,160,6,20251020_035116
1760899850.3117929,13028555,3335310080,3335.31008,218,200,160,6,20251020_035116
1760899850.3217769,13028594,3335320064,3335.320064,223,200,160,6,20251020_035116
1760899850.331761,13028633,3335330048,3335.330048,228,200,161,6,20251020_035116
1760899850.341745,13028672,3335340032,3335.340032,233,200,161,6,20251020_035116
1760899850.351729,13028711,3335350016,3335.350016,238,200,161,6,20251020_035116
1760899850.3619688,13028751,3335360256,3335.360256,243,200,162,6,20251020_035116
1760899850.3719528,13028790,3335370240,3335.37024,247,199,162,6,20251020_035116
1760899850.3819368,13028829,3335380224,3335.380224,251,200,163,6,20251020_035116
1760899850.3919208,13028868,3335390208,3335.390208,1,200,162,6,20251020_035116
1760899850.4019048,13028907,3335400192,3335.400192,5,200,161,6,20251020_035116
1760899850.4118888,13028946,3335410176,3335.410176,9,200,163,6,20251020_035116
1760899850.4218729,13028985,3335420160,3335.42016,13,200,162,6,20251020_035116
1760899850.4318569,13029024,3335430144,3335.430144,17,200,162,6,20251020_035116
1760899850.441841,13029063,3335440128,3335.440128,20,200,162,6,20251020_035116
1760899850.4520807,13029103,3335450368,3335.450368,24,200,162,6,20251020_035116
1760899850.4620647,13029142,3335460352,3335.460352,28,199,161,6,20251020_035116
1760899850.4720488,13029181,3335470336,3335.470336,31,200,160,6,20251020_035116
1760899850.4820328,13029220,3335480320,3335.48032,35,200,160,6,20251020_035116
1760899850.4920168,13029259,3335490304,3335.490304,38,200,160,6,20251020_035116
1760899850.5020008,13029298,3335500288,3335.500288,42,200,159,6,20251020_035116
1760899850.5119848,13029337,3335510272,3335.510272,46,200,157,6,20251020_035116
1760899850.5219688,13029376,3335520256,3335.520256,49,199,153,6,20251020_035116
1760899850.5319529,13029415,3335530240,3335.53024,53,200,148,6,20251020_035116
1760899850.5419369,13029454,3335540224,3335.540224,58,200,142,6,20251020_035116
1760899850.551921,13029493,3335550208,3335.550208,62,200,132,6,20251020_035116
1760899850.561905,13029532,3335560192,3335.560192,68,200,127,6,20251020_035116
1760899850.5718887,13029571,3335570176,3335.570176,73,200,124,6,20251020_035116
1760899850.5818727,13029610,3335580160,3335.58016,78,200,121,6,20251020_035116
1760899850.5921128,13029650,3335590400,3335.5904,83,200,118,6,20251020_035116
1760899850.6020968,13029689,3335600384,3335.600384,89,200,118,6,20251020_035116
1760899850.6120808,13029728,3335610368,3335.610368,94,200,118,6,20251020_035116
1760899850.6220648,13029767,3335620352,3335.620352,99,200,117,6,20251020_035116
1760899850.6320488,13029806,3335630336,3335.630336,104,200,118,6,20251020_035116
1760899850.6420329,13029845,3335640320,3335.64032,109,199,118,6,20251020_035116
1760899850.6520169,13029884,3335650304,3335.650304,113,199,118,6,20251020_035116
1760899850.662001,13029923,3335660288,3335.660288,118,199,117,6,20251020_035116
1760899850.671985,13029962,3335670272,3335.670272,122,200,117,6,20251020_035116
1760899850.6819687,13030001,3335680256,3335.680256,127,200,117,6,20251020_035116
1760899850.6919527,13030040,3335690240,3335.69024,131,199,118,6,20251020_035116
1760899850.7019367,13030079,3335700224,3335.700224,135,199,119,6,20251020_035116
1760899850.7119207,13030118,3335710208,3335.710208,139,199,119,6,20251020_035116
1760899850.7219048,13030157,3335720192,3335.720192,143,199,121,6,20251020_035116
1760899850.7321448,13030197,3335730432,3335.730432,147,199,123,6,20251020_035116
1760899850.7421288,13030236,3335740416,3335.740416,151,199,125,6,20251020_035116
1760899850.7521129,13030275,3335750400,3335.7504,155,199,127,6,20251020_035116
1760899850.762097,13030314,3335760384,3335.760384,159,200,130,6,20251020_035116
1760899850.772081,13030353,3335770368,3335.770368,163,199,136,6,20251020_035116
1760899850.782065,13030392,3335780352,3335.780352,168,199,145,6,20251020_035116
1760899850.7920487,13030431,3335790336,3335.790336,173,200,150,6,20251020_035116
1760899850.8020327,13030470,3335800320,3335.80032,178,199,153,6,20251020_035116
1760899850.8120167,13030509,3335810304,3335.810304,184,199,158,6,20251020_035116
1760899850.8220007,13030548,3335820288,3335.820288,189,199,160,6,20251020_035116
1760899850.8319848,13030587,3335830272,3335.830272,195,199,161,6,20251020_035116
1760899850.8419688,13030626,3335840256,3335.840256,201,200,161,6,20251020_035116
1760899850.8519528,13030665,3335850240,3335.85024,206,199,161,6,20251020_035116
1760899850.8619368,13030704,3335860224,3335.860224,211,200,162,6,20251020_035116
1760899850.872177,13030744,3335870464,3335.870464,217,199,162,6,20251020_035116
1760899850.882161,13030783,3335880448,3335.880448,222,200,162,6,20251020_035116
1760899850.892145,13030822,3335890432,3335.890432,227,199,162,6,20251020_035116
1760899850.9021287,13030861,3335900416,3335.900416,232,199,163,6,20251020_035116
1760899850.9121127,13030900,3335910400,3335.9104,237,200,162,6,20251020_035116
1760899850.9220967,13030939,3335920384,3335.920384,241,200,163,6,20251020_035116
1760899850.9320807,13030978,3335930368,3335.930368,246,200,163,6,20251020_035116
1760899850.9420648,13031017,3335940352,3335.940352,250,200,163,6,20251020_035116
1760899850.9520488,13031056,3335950336,3335.950336,0,199,163,6,20251020_035116
1760899850.9620328,13031095,3335960320,3335.96032,4,200,163,6,20251020_035116
1760899850.9720168,13031134,3335970304,3335.970304,8,200,163,6,20251020_035116
1760899850.9820008,13031173,3335980288,3335.980288,12,199,163,6,20251020_035116
1760899850.9919848,13031212,3335990272,3335.990272,16,200,164,6,20251020_035116
1760899851.0019689,13031251,3336000256,3336.000256,19,200,162,6,20251020_035116
1760899851.0122087,13031291,3336010496,3336.010496,23,200,163,6,20251020_035116
1760899851.0221927,13031330,3336020480,3336.02048,27,200,161,6,20251020_035116
1760899851.0321767,13031369,3336030464,3336.030464,30,200,160,6,20251020_035116
1760899851.0421607,13031408,3336040448,3336.040448,34,200,154,6,20251020_035116
1760899851.0521448,13031447,3336050432,3336.050432,38,200,147,6,20251020_035116
1760899851.0621288,13031486,3336060416,3336.060416,43,199,141,6,20251020_035116
1760899851.0721128,13031525,3336070400,3336.0704,47,200,135,6,20251020_035116
1760899851.0823529,13031565,3336080640,3336.08064,52,200,128,6,20251020_035116
1760899851.092337,13031604,3336090624,3336.090624,58,199,126,6,20251020_035116
1760899851.102321,13031643,3336100608,3336.100608,63,199,122,6,20251020_035116
1760899851.1123047,13031682,3336110592,3336.110592,69,200,117,6,20251020_035116
1760899851.1222887,13031721,3336120576,3336.120576,74,200,118,6,20251020_035116
1760899851.1322727,13031760,3336130560,3336.13056,80,200,118,6,20251020_035116
1760899851.1422567,13031799,3336140544,3336.140544,85,200,118,6,20251020_035116
1760899851.1524968,13031839,3336150784,3336.150784,91,200,118,6,20251020_035116
1760899851.1624808,13031878,3336160768,3336.160768,96,200,118,6,20251020_035116
1760899851.1724648,13031917,3336170752,3336.170752,101,200,118,6,20251020_035116
1760899851.1824489,13031956,3336180736,3336.180736,106,200,117,6,20251020_035116
1760899851.1924329,13031995,3336190720,3336.19072,110,199,117,6,20251020_035116
1760899851.202417,13032034,3336200704,3336.200704,115,199,117,6,20251020_035116
1760899851.212401,13032073,3336210688,3336.210688,120,199,118,6,20251020_035116
1760899851.2226408,13032113,3336220928,3336.220928,124,199,118,6,20251020_035116
1760899851.2326248,13032152,3336230912,3336.230912,128,199,118,6,20251020_035116
1760899851.2426088,13032191,3336240896,3336.240896,132,200,117,6,20251020_035116
1760899851.2525928,13032230,3336250880,3336.25088,136,199,118,6,20251020_035116
1760899851.2625768,13032269,3336260864,3336.260864,140,199,119,6,20251020_035116
1760899851.2725608,13032308,3336270848,3336.270848,144,199,120,6,20251020_035116
1760899851.2825449,13032347,3336280832,3336.280832,148,199,124,6,20251020_035116
1760899851.2925289,13032386,3336290816,3336.290816,152,200,124,6,20251020_035116
1760899851.3027687,13032426,3336301056,3336.301056,156,199,128,6,20251020_035116
1760899851.3127527,13032465,3336311040,3336.31104,160,199,134,6,20251020_035116
1760899851.3227367,13032504,3336321024,3336.321024,165,199,143,6,20251020_035116
1760899851.3327208,13032543,3336331008,3336.331008,170,199,149,6,20251020_035116
1760899851.3427048,13032582,3336340992,3336.340992,175,200,153,6,20251020_035116
1760899851.3526888,13032621,3336350976,3336.350976,180,199,158,6,20251020_035116
1760899851.3626728,13032660,3336360960,3336.36096,186,200,159,6,20251020_035116
1760899851.3726568,13032699,3336370944,3336.370944,192,200,160,6,20251020_035116
1760899851.3826408,13032738,3336380928,3336.380928,197,200,160,6,20251020_035116
1760899851.3926249,13032777,3336390912,3336.390912,203,200,160,6,20251020_035116
1760899851.4026089,13032816,3336400896,3336.400896,208,199,162,6,20251020_035116
1760899851.412593,13032855,3336410880,3336.41088,214,200,160,6,20251020_035116
1760899851.422577,13032894,3336420864,3336.420864,219,200,162,6,20251020_035116
1760899851.4325607,13032933,3336430848,3336.430848,224,200,162,6,20251020_035116
1760899851.4425447,13032972,3336440832,3336.440832,229,200,162,6,20251020_035116
1760899851.4527848,13033012,3336451072,3336.451072,234,200,163,6,20251020_035116
1760899851.4627688,13033051,3336461056,3336.461056,239,200,163,6,20251020_035116
1760899851.4727528,13033090,3336471040,3336.47104,243,200,162,6,20251020_035116
1760899851.4827368,13033129,3336481024,3336.481024,248,200,163,6,20251020_035116
1760899851.4927208,13033168,3336491008,3336.491008,252,200,164,6,20251020_035116
1760899851.5027049,13033207,3336500992,3336.500992,1,200,162,6,20251020_035116
1760899851.5126889,13033246,3336510976,3336.510976,5,200,163,6,20251020_035116
1760899851.522673,13033285,3336520960,3336.52096,9,200,163,6,20251020_035116
1760899851.532657,13033324,3336530944,3336.530944,13,200,163,6,20251020_035116
1760899851.5426407,13033363,3336540928,3336.540928,17,200,164,6,20251020_035116
1760899851.5526247,13033402,3336550912,3336.550912,21,200,161,6,20251020_035116
1760899851.5626087,13033441,3336560896,3336.560896,24,200,161,6,20251020_035116
1760899851.5725927,13033480,3336570880,3336.57088,28,199,161,6,20251020_035116
1760899851.5825768,13033519,3336580864,3336.580864,32,200,160,6,20251020_035116
1760899851.5925608,13033558,3336590848,3336.590848,36,200,156,6,20251020_035116
1760899851.6028008,13033598,3336601088,3336.601088,39,199,151,6,20251020_035116
1760899851.6127849,13033637,3336611072,3336.611072,44,200,143,6,20251020_035116
1760899851.6227689,13033676,3336621056,3336.621056,48,199,135,6,20251020_035116
1760899851.632753,13033715,3336631040,3336.63104,54,200,128,6,20251020_035116
1760899851.642737,13033754,3336641024,3336.641024,59,200,124,6,20251020_035116
1760899851.6527207,13033793,3336651008,3336.651008,64,200,119,6,20251020_035116
1760899851.6627047,13033832,3336660992,3336.660992,70,200,116,6,20251020_035116
1760899851.6726887,13033871,3336670976,3336.670976,76,200,116,6,20251020_035116
1760899851.6826727,13033910,3336680960,3336.68096,81,200,116,6,20251020_035116
1760899851.6926568,13033949,3336690944,3336.690944,87,199,117,6,20251020_035116
1760899851.7026408,13033988,3336700928,3336.700928,92,200,115,6,20251020_035116
1760899851.7126248,13034027,3336710912,3336.710912,97,199,117,6,20251020_035116
1760899851.7226088,13034066,3336720896,3336.720896,102,200,117,6,20251020_035116
1760899851.7325928,13034105,3336730880,3336.73088,107,200,115,6,20251020_035116
1760899851.742833,13034145,3336741120,3336.74112,112,200,116,6,20251020_035116
1760899851.752817,13034184,3336751104,3336.751104,116,199,116,6,20251020_035116
1760899851.7628007,13034223,3336761088,3336.761088,121,199,116,6,20251020_035116
1760899851.7727847,13034262,3336771072,3336.771072,125,199,116,6,20251020_035116
1760899851.7827687,13034301,3336781056,3336.781056,129,199,117,6,20251020_035116
1760899851.7927527,13034340,3336791040,3336.79104,133,199,118,6,20251020_035116
1760899851.8027368,13034379,3336801024,3336.801024,137,199,119,6,20251020_035116
1760899851.8127208,13034418,3336811008,3336.811008,141,199,120,6,20251020_035116
1760899851.8227048,13034457,3336820992,3336.820992,145,199,121,6,20251020_035116
1760899851.8326888,13034496,3336830976,3336.830976,149,199,120,6,20251020_035116
1760899851.8426728,13034535,3336840960,3336.84096,153,199,119,6,20251020_035116
1760899851.8526568,13034574,3336850944,3336.850944,157,199,119,6,20251020_035116
1760899851.8626409,13034613,3336860928,3336.860928,160,199,119,6,20251020_035116
1760899851.8726249,13034652,3336870912,3336.870912,164,199,121,6,20251020_035116
1760899851.8828647,13034692,3336881152,3336.881152,167,199,121,6,20251020_035116
1760899851.8928487,13034731,3336891136,3336.891136,171,199,123,6,20251020_035116
1760899851.9028327,13034770,3336901120,3336.90112,175,199,126,6,20251020_035116
1760899851.9128168,13034809,3336911104,3336.911104,179,199,127,6,20251020_035116
1760899851.9228008,13034848,3336921088,3336.921088,183,199,132,6,20251020_035116
1760899851.9327848,13034887,3336931072,3336.931072,187,200,139,6,20251020_035116
1760899851.9427688,13034926,3336941056,3336.941056,192,199,146,6,20251020_035116
1760899851.9527528,13034965,3336951040,3336.95104,197,200,150,6,20251020_035116
1760899851.9627368,13035004,3336961024,3336.961024,202,199,154,6,20251020_035116
1760899851.9727209,13035043,3336971008,3336.971008,208,200,157,6,20251020_035116
1760899851.9827049,13035082,3336980992,3336.980992,213,199,160,6,20251020_035116
1760899851.992689,13035121,3336990976,3336.990976,218,200,159,6,20251020_035116
1760899852.002673,13035160,3337000960,3337.00096,223,199,161,6,20251020_035116
1760899852.0126567,13035199,3337010944,3337.010944,228,200,161,6,20251020_035116
1760899852.0228968,13035239,3337021184,3337.021184,233,200,162,6,20251020_035116
1760899852.0328808,13035278,3337031168,3337.031168,238,199,162,6,20251020_035116
1760899852.0428648,13035317,3337041152,3337.041152,243,200,161,6,20251020_035116
1760899852.0528488,13035356,3337051136,3337.051136,247,199,162,6,20251020_035116
1760899852.0628328,13035395,3337061120,3337.06112,251,200,162,6,20251020_035116
1760899852.0728168,13035434,3337071104,3337.071104,1,200,163,6,20251020_035116
1760899852.0828009,13035473,3337081088,3337.081088,5,199,163,6,20251020_035116
1760899852.092785,13035512,3337091072,3337.091072,9,200,163,6,20251020_035116
1760899852.102769,13035551,3337101056,3337.101056,13,199,163,6,20251020_035116
1760899852.112753,13035590,3337111040,3337.11104,17,200,162,6,20251020_035116
1760899852.1227367,13035629,3337121024,3337.121024,20,200,163,6,20251020_035116
1760899852.1327207,13035668,3337131008,3337.131008,24,200,161,6,20251020_035116
1760899852.1427047,13035707,3337140992,3337.140992,28,200,161,6,20251020_035116
1760899852.1526887,13035746,3337150976,3337.150976,31,199,160,6,20251020_035116
1760899852.1629288,13035786,3337161216,3337.161216,35,200,160,6,20251020_035116
1760899852.1729128,13035825,3337171200,3337.1712,38,201,160,6,20251020_035116
1760899852.1828969,13035864,3337181184,3337.181184,42,200,159,6,20251020_035116
1760899852.1928809,13035903,3337191168,3337.191168,46,200,156,6,20251020_035116
1760899852.202865,13035942,3337201152,3337.201152,50,200,149,6,20251020_035116
1760899852.212849,13035981,3337211136,3337.211136,54,200,140,6,20251020_035116
1760899852.222833,13036020,3337221120,3337.22112,59,199,135,6,20251020_035116
1760899852.2328167,13036059,3337231104,3337.231104,64,200,127,6,20251020_035116
1760899852.2428007,13036098,3337241088,3337.241088,69,200,125,6,20251020_035116
1760899852.2527847,13036137,3337251072,3337.251072,74,200,120,6,20251020_035116
1760899852.2627687,13036176,3337261056,3337.261056,80,200,117,6,20251020_035116
1760899852.2727528,13036215,3337271040,3337.27104,85,200,118,6,20251020_035116
1760899852.2827368,13036254,3337281024,3337.281024,91,199,117,6,20251020_035116
1760899852.2927208,13036293,3337291008,3337.291008,96,200,117,6,20251020_035116
1760899852.3027048,13036332,3337300992,3337.300992,101,200,118,6,20251020_035116
1760899852.312945,13036372,3337311232,3337.311232,106,200,117,6,20251020_035116
1760899852.322929,13036411,3337321216,3337.321216,110,200,117,6,20251020_035116
1760899852.3329127,13036450,3337331200,3337.3312,115,199,117,6,20251020_035116
1760899852.3428967,13036489,3337341184,3337.341184,120,199,118,6,20251020_035116
1760899852.3528807,13036528,3337351168,3337.351168,124,199,118,6,20251020_035116
1760899852.3628647,13036567,3337361152,3337.361152,128,199,118,6,20251020_035116
1760899852.3728487,13036606,3337371136,3337.371136,132,199,118,6,20251020_035116
1760899852.3828328,13036645,3337381120,3337.38112,136,199,118,6,20251020_035116
1760899852.3928168,13036684,3337391104,3337.391104,140,199,119,6,20251020_035116
1760899852.4028008,13036723,3337401088,3337.401088,144,200,120,6,20251020_035116
1760899852.4127848,13036762,3337411072,3337.411072,148,199,120,6,20251020_035116
1760899852.4227688,13036801,3337421056,3337.421056,152,199,121,6,20251020_035116
1760899852.4327528,13036840,3337431040,3337.43104,156,199,124,6,20251020_035116
1760899852.4427369,13036879,3337441024,3337.441024,160,199,125,6,20251020_035116
1760899852.4529767,13036919,3337451264,3337.451264,164,199,127,6,20251020_035116
1760899852.4629607,13036958,3337461248,3337.461248,168,199,129,6,20251020_035116
1760899852.4729447,13036997,3337471232,3337.471232,172,200,134,6,20251020_035116
1760899852.4829288,13037036,3337481216,3337.481216,176,199,140,6,20251020_035116
1760899852.4929128,13037075,3337491200,3337.4912,181,199,147,6,20251020_035116
1760899852.5028968,13037114,3337501184,3337.501184,186,199,151,6,20251020_035116
1760899852.5128808,13037153,3337511168,3337.511168,191,199,153,6,20251020_035116
1760899852.5228648,13037192,3337521152,3337.521152,197,199,156,6,20251020_035116
1760899852.5328488,13037231,3337531136,3337.531136,202,200,160,6,20251020_035116
1760899852.5428329,13037270,3337541120,3337.54112,208,200,160,6,20251020_035116
1760899852.5528169,13037309,3337551104,3337.551104,213,200,161,6,20251020_035116
1760899852.5630567,13037349,3337561344,3337.561344,218,200,160,6,20251020_035116
1760899852.5730407,13037388,3337571328,3337.571328,223,200,161,6,20251020_035116
1760899852.5830247,13037427,3337581312,3337.581312,228,199,162,6,20251020_035116
1760899852.5930088,13037466,3337591296,3337.591296,233,199,162,6,20251020_035116
1760899852.6029928,13037505,3337601280,3337.60128,238,200,162,6,20251020_035116
1760899852.6129768,13037544,3337611264,3337.611264,243,200,162,6,20251020_035116
1760899852.6229608,13037583,3337621248,3337.621248,247,200,163,6,20251020_035116
1760899852.6329448,13037622,3337631232,3337.631232,251,200,163,6,20251020_035116
1760899852.6429288,13037661,3337641216,3337.641216,1,200,162,6,20251020_035116
1760899852.6529129,13037700,3337651200,3337.6512,5,199,163,6,20251020_035116
1760899852.6628969,13037739,3337661184,3337.661184,9,200,163,6,20251020_035116
1760899852.672881,13037778,3337671168,3337.671168,13,200,163,6,20251020_035116
1760899852.682865,13037817,3337681152,3337.681152,16,200,162,6,20251020_035116
1760899852.6928487,13037856,3337691136,3337.691136,20,200,163,6,20251020_035116
1760899852.7030888,13037896,3337701376,3337.701376,24,200,161,6,20251020_035116
1760899852.7130728,13037935,3337711360,3337.71136,28,200,162,6,20251020_035116
1760899852.7230568,13037974,3337721344,3337.721344,31,200,161,6,20251020_035116
1760899852.7330408,13038013,3337731328,3337.731328,35,200,161,6,20251020_035116
1760899852.7430248,13038052,3337741312,3337.741312,38,200,159,6,20251020_035116
1760899852.7530088,13038091,3337751296,3337.751296,42,200,156,6,20251020_035116
1760899852.7629929,13038130,3337761280,3337.76128,46,200,153,6,20251020_035116
1760899852.7729769,13038169,3337771264,3337.771264,50,200,147,6,20251020_035116
1760899852.782961,13038208,3337781248,3337.781248,54,200,141,6,20251020_035116
1760899852.792945,13038247,3337791232,3337.791232,59,200,134,6,20251020_035116
1760899852.8029287,13038286,3337801216,3337.801216,64,200,128,6,20251020_035116
1760899852.8129127,13038325,3337811200,3337.8112,69,199,126,6,20251020_035116
1760899852.8228967,13038364,3337821184,3337.821184,75,200,121,6,20251020_035116
1760899852.8328807,13038403,3337831168,3337.831168,80,199,119,6,20251020_035116
1760899852.8431208,13038443,3337841408,3337.841408,85,200,116,6,20251020_035116
1760899852.8531048,13038482,3337851392,3337.851392,91,200,116,6,20251020_035116
1760899852.8630888,13038521,3337861376,3337.861376,96,200,117,6,20251020_035116
1760899852.8730729,13038560,3337871360,3337.87136,101,200,117,6,20251020_035116
1760899852.8830569,13038599,3337881344,3337.881344,106,200,116,6,20251020_035116
1760899852.893041,13038638,3337891328,3337.891328,111,199,116,6,20251020_035116
1760899852.903025,13038677,3337901312,3337.901312,115,199,117,6,20251020_035116
1760899852.9130087,13038716,3337911296,3337.911296,120,199,117,6,20251020_035116
1760899852.9229927,13038755,3337921280,3337.92128,124,199,116,6,20251020_035116
1760899852.9329767,13038794,3337931264,3337.931264,128,199,117,6,20251020_035116
1760899852.9429607,13038833,3337941248,3337.941248,132,199,117,6,20251020_035116
1760899852.9529448,13038872,3337951232,3337.951232,136,199,117,6,20251020_035116
1760899852.9629288,13038911,3337961216,3337.961216,140,199,118,6,20251020_035116
1760899852.9729128,13038950,3337971200,3337.9712,144,199,120,6,20251020_035116
1760899852.9828968,13038989,3337981184,3337.981184,148,199,122,6,20251020_035116
1760899852.993137,13039029,3337991424,3337.991424,152,199,124,6,20251020_035116
1760899853.003121,13039068,3338001408,3338.001408,156,200,127,6,20251020_035116
1760899853.013105,13039107,3338011392,3338.011392,160,199,131,6,20251020_035116
1760899853.0230887,13039146,3338021376,3338.021376,165,199,140,6,20251020_035116
1760899853.0330727,13039185,3338031360,3338.03136,170,200,149,6,20251020_035116
1760899853.0430567,13039224,3338041344,3338.041344,175,200,151,6,20251020_035116
1760899853.0530407,13039263,3338051328,3338.051328,180,199,156,6,20251020_035116
1760899853.0630248,13039302,3338061312,3338.061312,186,200,159,6,20251020_035116
1760899853.0730088,13039341,3338071296,3338.071296,191,200,160,6,20251020_035116
1760899853.0829928,13039380,3338081280,3338.08128,197,200,160,6,20251020_035116
1760899853.0929768,13039419,3338091264,3338.091264,202,199,161,6,20251020_035116
1760899853.1029608,13039458,3338101248,3338.101248,208,200,161,6,20251020_035116
1760899853.1129448,13039497,3338111232,3338.111232,213,200,161,6,20251020_035116
1760899853.1229289,13039536,3338121216,3338.121216,219,199,162,6,20251020_035116
1760899853.1329129,13039575,3338131200,3338.1312,224,200,162,6,20251020_035116
1760899853.1431527,13039615,3338141440,3338.14144,229,199,163,6,20251020_035116
1760899853.1531367,13039654,3338151424,3338.151424,234,200,163,6,20251020_035116
1760899853.1631207,13039693,3338161408,3338.161408,238,199,163,6,20251020_035116
1760899853.1731048,13039732,3338171392,3338.171392,243,200,163,6,20251020_035116
1760899853.1830888,13039771,3338181376,3338.181376,247,200,163,6,20251020_035116
1760899853.1930728,13039810,3338191360,3338.19136,252,200,163,6,20251020_035116
1760899853.2030568,13039849,3338201344,3338.201344,1,200,163,6,20251020_035116
1760899853.2130408,13039888,3338211328,3338.211328,5,200,163,6,20251020_035116
1760899853.2230248,13039927,3338221312,3338.221312,9,200,164,6,20251020_035116
1760899853.2330089,13039966,3338231296,3338.231296,13,200,163,6,20251020_035116
1760899853.2429929,13040005,3338241280,3338.24128,17,200,163,6,20251020_035116
1760899853.252977,13040044,3338251264,3338.251264,21,200,162,6,20251020_035116
1760899853.262961,13040083,3338261248,3338.261248,24,200,162,6,20251020_035116
1760899853.2729447,13040122,3338271232,3338.271232,28,200,161,6,20251020_035116
1760899853.2831848,13040162,3338281472,3338.281472,32,200,158,6,20251020_035116
1760899853.2931688,13040201,3338291456,3338.291456,35,200,156,6,20251020_035116
1760899853.3031528,13040240,3338301440,3338.30144,39,200,149,6,20251020_035116
1760899853.3131368,13040279,3338311424,3338.311424,44,200,142,6,20251020_035116
1760899853.3231208,13040318,3338321408,3338.321408,48,200,134,6,20251020_035116
1760899853.3331048,13040357,3338331392,3338.331392,53,200,127,6,20251020_035116
1760899853.3430889,13040396,3338341376,3338.341376,59,200,125,6,20251020_035116
1760899853.353073,13040435,3338351360,3338.35136,64,199,121,6,20251020_035116
1760899853.363057,13040474,3338361344,3338.361344,70,199,117,6,20251020_035116
1760899853.373041,13040513,3338371328,3338.371328,75,199,117,6,20251020_035116
1760899853.3830247,13040552,3338381312,3338.381312,81,200,116,6,20251020_035116
1760899853.3930087,13040591,3338391296,3338.391296,86,199,116,6,20251020_035116
1760899853.4029927,13040630,3338401280,3338.40128,92,199,116,6,20251020_035116
1760899853.4129767,13040669,3338411264,3338.411264,97,200,116,6,20251020_035116
1760899853.4232168,13040709,3338421504,3338.421504,102,200,116,6,20251020_035116
1760899853.4332008,13040748,3338431488,3338.431488,107,199,115,6,20251020_035116
1760899853.4431849,13040787,3338441472,3338.441472,111,199,116,6,20251020_035116
1760899853.4531689,13040826,3338451456,3338.451456,116,199,115,6,20251020_035116
1760899853.463153,13040865,3338461440,3338.46144,120,199,116,6,20251020_035116
1760899853.473137,13040904,3338471424,3338.471424,125,199,115,6,20251020_035116
1760899853.483121,13040943,3338481408,3338.481408,129,199,116,6,20251020_035116
1760899853.4931047,13040982,3338491392,3338.491392,133,199,116,6,20251020_035116
1760899853.5030887,13041021,3338501376,3338.501376,137,199,116,6,20251020_035116
1760899853.5130727,13041060,3338511360,3338.51136,141,199,117,6,20251020_035116
1760899853.5230567,13041099,3338521344,3338.521344,145,199,118,6,20251020_035116
1760899853.5330408,13041138,3338531328,3338.531328,149,199,121,6,20251020_035116
1760899853.5430248,13041177,3338541312,3338.541312,153,199,122,6,20251020_035116
1760899853.5530088,13041216,3338551296,3338.551296,157,200,127,6,20251020_035116
1760899853.5632489,13041256,3338561536,3338.561536,161,200,130,6,20251020_035116
1760899853.573233,13041295,3338571520,3338.57152,165,199,138,6,20251020_035116
1760899853.583217,13041334,3338581504,3338.581504,170,199,146,6,20251020_035116
1760899853.5932007,13041373,3338591488,3338.591488,175,199,151,6,20251020_035116
1760899853.6031847,13041412,3338601472,3338.601472,180,199,155,6,20251020_035116
1760899853.6131687,13041451,3338611456,3338.611456,186,199,159,6,20251020_035116
1760899853.6231527,13041490,3338621440,3338.62144,191,199,160,6,20251020_035116
1760899853.6331367,13041529,3338631424,3338.631424,197,199,160,6,20251020_035116
1760899853.6431208,13041568,3338641408,3338.641408,202,199,160,6,20251020_035116
1760899853.6531048,13041607,3338651392,3338.651392,208,199,161,6,20251020_035116
1760899853.6630888,13041646,3338661376,3338.661376,213,200,162,6,20251020_035116
1760899853.6730728,13041685,3338671360,3338.67136,219,200,162,6,20251020_035116
1760899853.6830568,13041724,3338681344,3338.681344,224,199,162,6,20251020_035116
1760899853.6930408,13041763,3338691328,3338.691328,229,199,162,6,20251020_035116
1760899853.7032807,13041803,3338701568,3338.701568,234,200,162,6,20251020_035116
1760899853.7132647,13041842,3338711552,3338.711552,238,200,162,6,20251020_035116
1760899853.7232487,13041881,3338721536,3338.721536,243,200,163,6,20251020_035116
1760899853.7332327,13041920,3338731520,3338.73152,248,200,163,6,20251020_035116
1760899853.7432168,13041959,3338741504,3338.741504,252,199,163,6,20251020_035116
1760899853.7532008,13041998,3338751488,3338.751488,1,199,163,6,20251020_035116
1760899853.7631848,13042037,3338761472,3338.761472,5,200,162,6,20251020_035116
1760899853.7731688,13042076,3338771456,3338.771456,9,200,162,6,20251020_035116
1760899853.7831528,13042115,3338781440,3338.78144,13,199,163,6,20251020_035116
1760899853.7931368,13042154,3338791424,3338.791424,17,199,163,6,20251020_035116
1760899853.8031209,13042193,3338801408,3338.801408,21,200,162,6,20251020_035116
1760899853.8131049,13042232,3338811392,3338.811392,24,199,162,6,20251020_035116
1760899853.823089,13042271,3338821376,3338.821376,28,200,160,6,20251020_035116
1760899853.833073,13042310,3338831360,3338.83136,32,200,159,6,20251020_035116
1760899853.8433127,13042350,3338841600,3338.8416,35,200,157,6,20251020_035116
1760899853.8532968,13042389,3338851584,3338.851584,39,200,152,6,20251020_035116
1760899853.8632808,13042428,3338861568,3338.861568,43,200,145,6,20251020_035116
1760899853.8732648,13042467,3338871552,3338.871552,48,200,136,6,20251020_035116
1760899853.8832488,13042506,3338881536,3338.881536,53,200,130,6,20251020_035116
1760899853.8932328,13042545,3338891520,3338.89152,58,200,126,6,20251020_035116
1760899853.9032168,13042584,3338901504,3338.901504,63,200,121,6,20251020_035116
1760899853.9132009,13042623,3338911488,3338.911488,69,200,118,6,20251020_035116
1760899853.9231849,13042662,3338921472,3338.921472,75,200,117,6,20251020_035116
1760899853.933169,13042701,3338931456,3338.931456,80,200,116,6,20251020_035116
1760899853.943153,13042740,3338941440,3338.94144,86,200,116,6,20251020_035116
1760899853.9531367,13042779,3338951424,3338.951424,91,199,117,6,20251020_035116
1760899853.9631207,13042818,3338961408,3338.961408,96,199,116,6,20251020_035116
1760899853.9731047,13042857,3338971392,3338.971392,101,199,117,6,20251020_035116
1760899853.9830887,13042896,3338981376,3338.981376,106,199,117,6,20251020_035116
1760899853.9933288,13042936,3338991616,3338.991616,111,199,117,6,20251020_035116
1760899854.0033128,13042975,3339001600,3339.0016,115,199,117,6,20251020_035116
1760899854.0132968,13043014,3339011584,3339.011584,120,199,117,6,20251020_035116
1760899854.0232809,13043053,3339021568,3339.021568,124,199,117,6,20251020_035116
1760899854.0332649,13043092,3339031552,3339.031552,128,199,116,6,20251020_035116
1760899854.043249,13043131,3339041536,3339.041536,133,199,117,6,20251020_035116
1760899854.053233,13043170,3339051520,3339.05152,137,199,117,6,20251020_035116
1760899854.0632167,13043209,3339061504,3339.061504,140,198,117,6,20251020_035116
1760899854.0732007,13043248,3339071488,3339.071488,144,198,118,6,20251020_035116
1760899854.0831847,13043287,3339081472,3339.081472,148,199,119,6,20251020_035116
1760899854.0931687,13043326,3339091456,3339.091456,152,199,120,6,20251020_035116
1760899854.1031528,13043365,3339101440,3339.10144,156,199,120,6,20251020_035116
1760899854.1131368,13043404,3339111424,3339.111424,159,198,122,6,20251020_035116
1760899854.1231208,13043443,3339121408,3339.121408,163,199,123,6,20251020_035116
1760899854.1333609,13043483,3339131648,3339.131648,167,200,126,6,20251020_035116
1760899854.1433449,13043522,3339141632,3339.141632,171,199,127,6,20251020_035116
1760899854.153329,13043561,3339151616,3339.151616,175,199,130,6,20251020_035116
1760899854.163313,13043600,3339161600,3339.1616,179,199,135,6,20251020_035116
1760899854.1732967,13043639,3339171584,3339.171584,184,199,140,6,20251020_035116
1760899854.1832807,13043678,3339181568,3339.181568,188,199,147,6,20251020_035116
1760899854.1932647,13043717,3339191552,3339.191552,193,200,150,6,20251020_035116
1760899854.2032487,13043756,3339201536,3339.201536,199,199,152,6,20251020_035116
1760899854.2132328,13043795,3339211520,3339.21152,204,199,156,6,20251020_035116
1760899854.2232168,13043834,3339221504,3339.221504,209,199,160,6,20251020_035116
1760899854.2332008,13043873,3339231488,3339.231488,214,199,160,6,20251020_035116
1760899854.2431848,13043912,3339241472,3339.241472,220,200,160,6,20251020_035116
1760899854.2531688,13043951,3339251456,3339.251456,225,200,160,6,20251020_035116
1760899854.2631528,13043990,3339261440,3339.26144,230,200,161,6,20251020_035116
1760899854.2731369,13044029,3339271424,3339.271424,235,199,162,6,20251020_035116
1760899854.2833767,13044069,3339281664,3339.281664,239,199,160,6,20251020_035116
1760899854.2933607,13044108,3339291648,3339.291648,244,199,162,6,20251020_035116
1760899854.3033447,13044147,3339301632,3339.301632,248,199,162,6,20251020_035116
1760899854.3133287,13044186,3339311616,3339.311616,253,200,162,6,20251020_035116
1760899854.3233128,13044225,3339321600,3339.3216,2,200,163,6,20251020_035116
1760899854.3332968,13044264,3339331584,3339.331584,6,199,163,6,20251020_035116
1760899854.3432808,13044303,3339341568,3339.341568,10,200,164,6,20251020_035116
1760899854.3532648,13044342,3339351552,3339.351552,14,200,162,6,20251020_035116
1760899854.3632488,13044381,3339361536,3339.361536,18,200,162,6,20251020_035116
1760899854.3732328,13044420,3339371520,3339.37152,21,199,162,6,20251020_035116
1760899854.3832169,13044459,3339381504,3339.381504,25,200,161,6,20251020_035116
1760899854.3932009,13044498,3339391488,3339.391488,29,199,161,6,20251020_035116
1760899854.403185,13044537,3339401472,3339.401472,32,200,160,6,20251020_035116
1760899854.413169,13044576,3339411456,3339.411456,36,200,161,6,20251020_035116
1760899854.4231527,13044615,3339421440,3339.42144,39,199,160,6,20251020_035116
1760899854.4333928,13044655,3339431680,3339.43168,43,199,158,6,20251020_035116
1760899854.4433768,13044694,3339441664,3339.441664,47,199,155,6,20251020_035116
1760899854.4533608,13044733,3339451648,3339.451648,51,199,151,6,20251020_035116
1760899854.4633448,13044772,3339461632,3339.461632,55,199,144,6,20251020_035116
1760899854.4733288,13044811,3339471616,3339.471616,59,199,137,6,20251020_035116
1760899854.4833128,13044850,3339481600,3339.4816,64,200,129,6,20251020_035116
1760899854.4932969,13044889,3339491584,3339.491584,69,200,127,6,20251020_035116
1760899854.5032809,13044928,3339501568,3339.501568,75,199,123,6,20251020_035116
1760899854.513265,13044967,3339511552,3339.511552,80,200,119,6,20251020_035116
1760899854.523249,13045006,3339521536,3339.521536,85,199,117,6,20251020_035116
1760899854.5332327,13045045,3339531520,3339.53152,91,200,118,6,20251020_035116
1760899854.5432167,13045084,3339541504,3339.541504,96,199,117,6,20251020_035116
1760899854.5532007,13045123,3339551488,3339.551488,101,199,118,6,20251020_035116
1760899854.5631847,13045162,3339561472,3339.561472,106,199,118,6,20251020_035116
1760899854.5734248,13045202,3339571712,3339.571712,111,199,118,6,20251020_035116
1760899854.5834088,13045241,3339581696,3339.581696,115,199,118,6,20251020_035116
1760899854.5933928,13045280,3339591680,3339.59168,120,199,118,6,20251020_035116
1760899854.6033769,13045319,3339601664,3339.601664,124,199,117,6,20251020_035116
1760899854.613361,13045358,3339611648,3339.611648,128,199,118,6,20251020_035116
1760899854.623345,13045397,3339621632,3339.621632,132,199,118,6,20251020_035116
1760899854.633329,13045436,3339631616,3339.631616,136,199,119,6,20251020_035116
1760899854.6433127,13045475,3339641600,3339.6416,140,199,119,6,20251020_035116
1760899854.6532967,13045514,3339651584,3339.651584,144,199,121,6,20251020_035116
1760899854.6632807,13045553,3339661568,3339.661568,148,199,123,6,20251020_035116
1760899854.6732647,13045592,3339671552,3339.671552,152,199,126,6,20251020_035116
1760899854.6832488,13045631,3339681536,3339.681536,156,199,128,6,20251020_035116
1760899854.6932328,13045670,3339691520,3339.69152,160,199,131,6,20251020_035116
1760899854.7032168,13045709,3339701504,3339.701504,165,200,139,6,20251020_035116
1760899854.7134569,13045749,3339711744,3339.711744,170,199,147,6,20251020_035116
1760899854.723441,13045788,3339721728,3339.721728,175,199,151,6,20251020_035116
1760899854.733425,13045827,3339731712,3339.731712,180,199,154,6,20251020_035116
1760899854.743409,13045866,3339741696,3339.741696,186,199,159,6,20251020_035116
1760899854.7533927,13045905,3339751680,3339.75168,191,199,160,6,20251020_035116
1760899854.7633767,13045944,3339761664,3339.761664,197,199,161,6,20251020_035116
1760899854.7733607,13045983,3339771648,3339.771648,202,199,161,6,20251020_035116
1760899854.7833447,13046022,3339781632,3339.781632,208,199,161,6,20251020_035116
1760899854.7933288,13046061,3339791616,3339.791616,213,199,162,6,20251020_035116
1760899854.8033128,13046100,3339801600,3339.8016,219,200,162,6,20251020_035116
1760899854.8132968,13046139,3339811584,3339.811584,224,200,162,6,20251020_035116
1760899854.8232808,13046178,3339821568,3339.821568,229,199,163,6,20251020_035116
1760899854.8332648,13046217,3339831552,3339.831552,234,200,162,6,20251020_035116
1760899854.8432488,13046256,3339841536,3339.841536,238,200,163,6,20251020_035116
1760899854.8532329,13046295,3339851520,3339.85152,243,199,163,6,20251020_035116
1760899854.8634727,13046335,3339861760,3339.86176,247,199,163,6,20251020_035116
1760899854.8734567,13046374,3339871744,3339.871744,252,200,163,6,20251020_035116
1760899854.8834407,13046413,3339881728,3339.881728,1,200,163,6,20251020_035116
1760899854.8934247,13046452,3339891712,3339.891712,5,199,163,6,20251020_035116
1760899854.9034088,13046491,3339901696,3339.901696,9,199,164,6,20251020_035116
1760899854.9133928,13046530,3339911680,3339.91168,13,200,163,6,20251020_035116
1760899854.9233768,13046569,3339921664,3339.921664,17,200,163,6,20251020_035116
1760899854.9333608,13046608,3339931648,3339.931648,21,199,162,6,20251020_035116
1760899854.9433448,13046647,3339941632,3339.941632,24,199,162,6,20251020_035116
1760899854.9533288,13046686,3339951616,3339.951616,28,199,161,6,20251020_035116
1760899854.9633129,13046725,3339961600,3339.9616,32,199,159,6,20251020_035116
1760899854.9732969,13046764,3339971584,3339.971584,35,199,155,6,20251020_035116
1760899854.983281,13046803,3339981568,3339.981568,39,200,148,6,20251020_035116
1760899854.993265,13046842,3339991552,3339.991552,44,199,141,6,20251020_035116
1760899855.0035048,13046882,3340001792,3340.001792,49,201,134,6,20251020_035116
1760899855.0134888,13046921,3340011776,3340.011776,54,200,127,6,20251020_035116
1760899855.0234728,13046960,3340021760,3340.02176,59,200,124,6,20251020_035116
1760899855.0334568,13046999,3340031744,3340.031744,64,200,120,6,20251020_035116
1760899855.0434408,13047038,3340041728,3340.041728,70,199,117,6,20251020_035116
1760899855.0534248,13047077,3340051712,3340.051712,76,200,116,6,20251020_035116
1760899855.0634089,13047116,3340061696,3340.061696,81,200,118,6,20251020_035116
1760899855.0733929,13047155,3340071680,3340.07168,86,200,118,6,20251020_035116
1760899855.083377,13047194,3340081664,3340.081664,92,199,118,6,20251020_035116
1760899855.093361,13047233,3340091648,3340.091648,97,199,118,6,20251020_035116
1760899855.103345,13047272,3340101632,3340.101632,102,200,118,6,20251020_035116
1760899855.1133287,13047311,3340111616,3340.111616,107,199,117,6,20251020_035116
1760899855.1233127,13047350,3340121600,3340.1216,112,199,117,6,20251020_035116
1760899855.1332967,13047389,3340131584,3340.131584,116,199,117,6,20251020_035116
1760899855.1435368,13047429,3340141824,3340.141824,121,199,118,6,20251020_035116
1760899855.1535208,13047468,3340151808,3340.151808,125,199,117,6,20251020_035116
1760899855.1635048,13047507,3340161792,3340.161792,129,199,117,6,20251020_035116
1760899855.1734889,13047546,3340171776,3340.171776,133,199,117,6,20251020_035116
1760899855.1834729,13047585,3340181760,3340.18176,137,199,118,6,20251020_035116
1760899855.193457,13047624,3340191744,3340.191744,141,199,119,6,20251020_035116
1760899855.203441,13047663,3340201728,3340.201728,145,199,119,6,20251020_035116
1760899855.2134247,13047702,3340211712,3340.211712,149,199,123,6,20251020_035116
1760899855.2234087,13047741,3340221696,3340.221696,153,199,125,6,20251020_035116
1760899855.2333927,13047780,3340231680,3340.23168,157,199,127,6,20251020_035116
1760899855.2433767,13047819,3340241664,3340.241664,161,199,134,6,20251020_035116
1760899855.2533607,13047858,3340251648,3340.251648,166,199,142,6,20251020_035116
1760899855.2636008,13047898,3340261888,3340.261888,171,201,150,6,20251020_035116
1760899855.2735848,13047937,3340271872,3340.271872,176,199,152,6,20251020_035116
1760899855.2835689,13047976,3340281856,3340.281856,181,200,158,6,20251020_035116
1760899855.2935529,13048015,3340291840,3340.29184,187,199,161,6,20251020_035116
1760899855.303537,13048054,3340301824,3340.301824,192,199,160,6,20251020_035116
1760899855.313521,13048093,3340311808,3340.311808,198,199,160,6,20251020_035116
1760899855.3235047,13048132,3340321792,3340.321792,204,200,160,6,20251020_035116
1760899855.3334887,13048171,3340331776,3340.331776,209,200,161,6,20251020_035116
1760899855.3434727,13048210,3340341760,3340.34176,214,199,162,6,20251020_035116
1760899855.3534567,13048249,3340351744,3340.351744,220,199,162,6,20251020_035116
1760899855.3634408,13048288,3340361728,3340.361728,225,199,162,6,20251020_035116
1760899855.3734248,13048327,3340371712,3340.371712,230,200,161,6,20251020_035116
1760899855.3834088,13048366,3340381696,3340.381696,235,200,162,6,20251020_035116
1760899855.3933928,13048405,3340391680,3340.39168,239,200,162,6,20251020_035116
1760899855.4036329,13048445,3340401920,3340.40192,244,199,163,6,20251020_035116
1760899855.413617,13048484,3340411904,3340.411904,248,200,162,6,20251020_035116
1760899855.423601,13048523,3340421888,3340.421888,253,199,163,6,20251020_035116
1760899855.4335847,13048562,3340431872,3340.431872,2,199,163,6,20251020_035116
1760899855.4435687,13048601,3340441856,3340.441856,6,199,162,6,20251020_035116
1760899855.4535527,13048640,3340451840,3340.45184,10,200,163,6,20251020_035116
1760899855.4635367,13048679,3340461824,3340.461824,14,200,163,6,20251020_035116
1760899855.4735208,13048718,3340471808,3340.471808,18,199,163,6,20251020_035116
1760899855.4835048,13048757,3340481792,3340.481792,21,199,162,6,20251020_035116
1760899855.4937449,13048797,3340492032,3340.492032,25,200,161,6,20251020_035116
1760899855.5037289,13048836,3340502016,3340.502016,29,200,160,6,20251020_035116
1760899855.513713,13048875,3340512000,3340.512,32,200,158,6,20251020_035116
1760899855.523697,13048914,3340521984,3340.521984,36,200,155,6,20251020_035116
1760899855.533681,13048953,3340531968,3340.531968,40,200,149,6,20251020_035116
1760899855.5436647,13048992,3340541952,3340.541952,44,199,141,6,20251020_035116
1760899855.5536487,13049031,3340551936,3340.551936,49,200,133,6,20251020_035116
1760899855.5636327,13049070,3340561920,3340.56192,54,199,127,6,20251020_035116
1760899855.5736167,13049109,3340571904,3340.571904,60,200,124,6,20251020_035116
1760899855.5836008,13049148,3340581888,3340.581888,65,199,120,6,20251020_035116
1760899855.5935848,13049187,3340591872,3340.591872,71,200,117,6,20251020_035116
1760899855.6035688,13049226,3340601856,3340.601856,77,199,117,6,20251020_035116
1760899855.6135528,13049265,3340611840,3340.61184,82,199,117,6,20251020_035116
1760899855.6235368,13049304,3340621824,3340.621824,87,200,115,6,20251020_035116
1760899855.6335208,13049343,3340631808,3340.631808,93,200,116,6,20251020_035116
1760899855.6437607,13049383,3340642048,3340.642048,98,200,116,6,20251020_035116
1760899855.6537447,13049422,3340652032,3340.652032,103,200,116,6,20251020_035116
1760899855.6637287,13049461,3340662016,3340.662016,108,199,116,6,20251020_035116
1760899855.6737127,13049500,3340672000,3340.672,112,200,116,6,20251020_035116
1760899855.6836967,13049539,3340681984,3340.681984,117,199,117,6,20251020_035116
1760899855.6936808,13049578,3340691968,3340.691968,121,199,116,6,20251020_035116
1760899855.7036648,13049617,3340701952,3340.701952,126,199,116,6,20251020_035116
1760899855.7136488,13049656,3340711936,3340.711936,130,199,117,6,20251020_035116
1760899855.7236328,13049695,3340721920,3340.72192,134,199,117,6,20251020_035116
1760899855.7336168,13049734,3340731904,3340.731904,138,199,117,6,20251020_035116
1760899855.7436008,13049773,3340741888,3340.741888,142,199,117,6,20251020_035116
1760899855.7535849,13049812,3340751872,3340.751872,146,199,116,6,20251020_035116
1760899855.7635689,13049851,3340761856,3340.761856,149,199,118,6,20251020_035116
1760899855.773553,13049890,3340771840,3340.77184,153,199,120,6,20251020_035116
1760899855.783537,13049929,3340781824,3340.781824,157,199,121,6,20251020_035116
1760899855.7937768,13049969,3340792064,3340.792064,160,199,123,6,20251020_035116
1760899855.8037608,13050008,3340802048,3340.802048,164,199,124,6,20251020_035116
1760899855.8137448,13050047,3340812032,3340.812032,168,199,126,6,20251020_035116
1760899855.8237288,13050086,3340822016,3340.822016,172,199,128,6,20251020_035116
1760899855.8337128,13050125,3340832000,3340.832,176,199,134,6,20251020_035116
1760899855.8436968,13050164,3340841984,3340.841984,181,199,141,6,20251020_035116
1760899855.8536808,13050203,3340851968,3340.851968,186,199,148,6,20251020_035116
1760899855.8636649,13050242,3340861952,3340.861952,191,199,150,6,20251020_035116
1760899855.873649,13050281,3340871936,3340.871936,196,199,153,6,20251020_035116
1760899855.883633,13050320,3340881920,3340.88192,201,199,157,6,20251020_035116
1760899855.893617,13050359,3340891904,3340.891904,207,199,160,6,20251020_035116
1760899855.9036007,13050398,3340901888,3340.901888,212,200,158,6,20251020_035116
1760899855.9135847,13050437,3340911872,3340.911872,217,200,161,6,20251020_035116
1760899855.9235687,13050476,3340921856,3340.921856,223,199,161,6,20251020_035116
1760899855.9338088,13050516,3340932096,3340.932096,228,200,161,6,20251020_035116
1760899855.9437928,13050555,3340942080,3340.94208,232,199,161,6,20251020_035116
1760899855.9537768,13050594,3340952064,3340.952064,237,200,162,6,20251020_035116
1760899855.9637609,13050633,3340962048,3340.962048,242,200,162,6,20251020_035116
1760899855.9737449,13050672,3340972032,3340.972032,246,199,161,6,20251020_035116
1760899855.983729,13050711,3340982016,3340.982016,251,200,162,6,20251020_035116
1760899855.993713,13050750,3340992000,3340.992,0,199,162,6,20251020_035116
1760899856.003697,13050789,3341001984,3341.001984,4,200,162,6,20251020_035116
1760899856.0136807,13050828,3341011968,3341.011968,8,200,163,6,20251020_035116
1760899856.0236647,13050867,3341021952,3341.021952,12,200,163,6,20251020_035116
1760899856.0336487,13050906,3341031936,3341.031936,16,200,163,6,20251020_035116
1760899856.0436327,13050945,3341041920,3341.04192,20,200,162,6,20251020_035116
1760899856.0536168,13050984,3341051904,3341.051904,23,200,162,6,20251020_035116
1760899856.0636008,13051023,3341061888,3341.061888,27,200,161,6,20251020_035116
1760899856.0735848,13051062,3341071872,3341.071872,31,199,162,6,20251020_035116
1760899856.0838249,13051102,3341082112,3341.082112,34,199,160,6,20251020_035116
1760899856.093809,13051141,3341092096,3341.092096,38,200,160,6,20251020_035116
1760899856.103793,13051180,3341102080,3341.10208,41,199,158,6,20251020_035116
1760899856.1137767,13051219,3341112064,3341.112064,45,200,154,6,20251020_035116
1760899856.1237607,13051258,3341122048,3341.122048,49,200,146,6,20251020_035116
1760899856.1337447,13051297,3341132032,3341.132032,54,200,140,6,20251020_035116
1760899856.1437287,13051336,3341142016,3341.142016,58,200,133,6,20251020_035116
1760899856.1537127,13051375,3341152000,3341.152,64,200,127,6,20251020_035116
1760899856.1636968,13051414,3341161984,3341.161984,69,199,123,6,20251020_035116
1760899856.1736808,13051453,3341171968,3341.171968,74,200,118,6,20251020_035116
1760899856.1836648,13051492,3341181952,3341.181952,80,200,117,6,20251020_035116
1760899856.1936488,13051531,3341191936,3341.191936,85,199,119,6,20251020_035116
1760899856.2036328,13051570,3341201920,3341.20192,91,200,118,6,20251020_035116
1760899856.2136168,13051609,3341211904,3341.211904,96,200,118,6,20251020_035116
1760899856.2238567,13051649,3341222144,3341.222144,101,199,118,6,20251020_035116
1760899856.2338407,13051688,3341232128,3341.232128,106,199,118,6,20251020_035116
1760899856.2438247,13051727,3341242112,3341.242112,110,199,118,6,20251020_035116
1760899856.2538087,13051766,3341252096,3341.252096,115,199,118,6,20251020_035116
1760899856.2637928,13051805,3341262080,3341.26208,120,199,118,6,20251020_035116
1760899856.2737768,13051844,3341272064,3341.272064,124,199,117,6,20251020_035116
1760899856.2837608,13051883,3341282048,3341.282048,128,199,118,6,20251020_035116
1760899856.2937448,13051922,3341292032,3341.292032,132,199,117,6,20251020_035116
1760899856.3037288,13051961,3341302016,3341.302016,136,199,118,6,20251020_035116
1760899856.3137128,13052000,3341312000,3341.312,140,199,118,6,20251020_035116
1760899856.3236969,13052039,3341321984,3341.321984,144,198,120,6,20251020_035116
1760899856.3336809,13052078,3341331968,3341.331968,148,199,120,6,20251020_035116
1760899856.343665,13052117,3341341952,3341.341952,152,198,122,6,20251020_035116
1760899856.353649,13052156,3341351936,3341.351936,156,199,124,6,20251020_035116
1760899856.363633,13052195,3341361920,3341.36192,160,199,127,6,20251020_035116
1760899856.3738728,13052235,3341372160,3341.37216,164,199,127,6,20251020_035116
1760899856.3838568,13052274,3341382144,3341.382144,168,199,131,6,20251020_035116
1760899856.3938408,13052313,3341392128,3341.392128,172,199,136,6,20251020_035116
1760899856.4038248,13052352,3341402112,3341.402112,176,199,144,6,20251020_035116
1760899856.4138088,13052391,3341412096,3341.412096,181,199,148,6,20251020_035116
1760899856.4237928,13052430,3341422080,3341.42208,187,199,151,6,20251020_035116
1760899856.4337769,13052469,3341432064,3341.432064,192,199,154,6,20251020_035116
1760899856.4437609,13052508,3341442048,3341.442048,197,199,157,6,20251020_035116
1760899856.453745,13052547,3341452032,3341.452032,203,199,160,6,20251020_035116
1760899856.463729,13052586,3341462016,3341.462016,208,200,159,6,20251020_035116
1760899856.4737127,13052625,3341472000,3341.472,213,199,161,6,20251020_035116
1760899856.4836967,13052664,3341481984,3341.481984,219,199,161,6,20251020_035116
1760899856.4936807,13052703,3341491968,3341.491968,224,200,161,6,20251020_035116
1760899856.5036647,13052742,3341501952,3341.501952,229,199,162,6,20251020_035116
1760899856.5139048,13052782,3341512192,3341.512192,234,199,162,6,20251020_035116
1760899856.5238888,13052821,3341522176,3341.522176,239,199,162,6,20251020_035116
1760899856.5338728,13052860,3341532160,3341.53216,243,200,163,6,20251020_035116
1760899856.5438569,13052899,3341542144,3341.542144,248,199,163,6,20251020_035116
1760899856.5538409,13052938,3341552128,3341.552128,252,200,163,6,20251020_035116
1760899856.563825,13052977,3341562112,3341.562112,1,199,163,6,20251020_035116
1760899856.573809,13053016,3341572096,3341.572096,5,200,163,6,20251020_035116
1760899856.5837927,13053055,3341582080,3341.58208,9,200,163,6,20251020_035116
1760899856.5937767,13053094,3341592064,3341.592064,13,199,163,6,20251020_035116
1760899856.6037607,13053133,3341602048,3341.602048,17,200,161,6,20251020_035116
1760899856.6137447,13053172,3341612032,3341.612032,21,200,161,6,20251020_035116
1760899856.6237288,13053211,3341622016,3341.622016,24,200,161,6,20251020_035116
1760899856.6337128,13053250,3341632000,3341.632,28,200,160,6,20251020_035116
1760899856.6436968,13053289,3341641984,3341.641984,32,200,160,6,20251020_035116
1760899856.6536808,13053328,3341651968,3341.651968,35,199,159,6,20251020_035116
1760899856.6639209,13053368,3341662208,3341.662208,39,199,157,6,20251020_035116
1760899856.673905,13053407,3341672192,3341.672192,43,200,152,6,20251020_035116
1760899856.683889,13053446,3341682176,3341.682176,47,200,146,6,20251020_035116
1760899856.6938727,13053485,3341692160,3341.69216,51,199,140,6,20251020_035116
1760899856.7038567,13053524,3341702144,3341.702144,56,200,135,6,20251020_035116
1760899856.7138407,13053563,3341712128,3341.712128,61,199,127,6,20251020_035116
1760899856.7238247,13053602,3341722112,3341.722112,66,200,123,6,20251020_035116
1760899856.7338088,13053641,3341732096,3341.732096,72,200,120,6,20251020_035116
1760899856.7440488,13053681,3341742336,3341.742336,77,200,117,6,20251020_035116
1760899856.7540329,13053720,3341752320,3341.75232,83,199,118,6,20251020_035116
1760899856.7640169,13053759,3341762304,3341.762304,88,200,118,6,20251020_035116
1760899856.774001,13053798,3341772288,3341.772288,94,200,117,6,20251020_035116
1760899856.783985,13053837,3341782272,3341.782272,99,200,118,6,20251020_035116
1760899856.793969,13053876,3341792256,3341.792256,104,199,118,6,20251020_035116
1760899856.8042088,13053916,3341802496,3341.802496,108,199,117,6,20251020_035116
1760899856.8141928,13053955,3341812480,3341.81248,113,199,118,6,20251020_035116
1760899856.8241768,13053994,3341822464,3341.822464,118,199,117,6,20251020_035116
1760899856.8341608,13054033,3341832448,3341.832448,122,199,117,6,20251020_035116
1760899856.8441448,13054072,3341842432,3341.842432,126,199,118,6,20251020_035116
1760899856.8541288,13054111,3341852416,3341.852416,131,199,117,6,20251020_035116
1760899856.8641129,13054150,3341862400,3341.8624,135,199,118,6,20251020_035116
1760899856.8740969,13054189,3341872384,3341.872384,139,199,118,6,20251020_035116
1760899856.884081,13054228,3341882368,3341.882368,143,199,120,6,20251020_035116
1760899856.8943207,13054268,3341892608,3341.892608,146,199,122,6,20251020_035116
1760899856.9043047,13054307,3341902592,3341.902592,150,199,124,6,20251020_035116
1760899856.9142888,13054346,3341912576,3341.912576,154,199,127,6,20251020_035116
1760899856.9242728,13054385,3341922560,3341.92256,158,199,130,6,20251020_035116
1760899856.9342568,13054424,3341932544,3341.932544,163,199,137,6,20251020_035116
1760899856.9442408,13054463,3341942528,3341.942528,168,199,146,6,20251020_035116
1760899856.9542248,13054502,3341952512,3341.952512,173,199,151,6,20251020_035116
1760899856.9642088,13054541,3341962496,3341.962496,178,200,154,6,20251020_035116
1760899856.9741929,13054580,3341972480,3341.97248,183,199,159,6,20251020_035116
1760899856.9841769,13054619,3341982464,3341.982464,189,199,160,6,20251020_035116
1760899856.9944167,13054659,3341992704,3341.992704,195,199,160,6,20251020_035116
1760899857.0044007,13054698,3342002688,3342.002688,200,199,160,6,20251020_035116
1760899857.0143847,13054737,3342012672,3342.012672,206,199,161,6,20251020_035116
1760899857.0243688,13054776,3342022656,3342.022656,211,199,162,6,20251020_035116
1760899857.0343528,13054815,3342032640,3342.03264,216,199,162,6,20251020_035116
1760899857.0443368,13054854,3342042624,3342.042624,222,199,162,6,20251020_035116
1760899857.0543208,13054893,3342052608,3342.052608,227,199,161,6,20251020_035116
1760899857.0643048,13054932,3342062592,3342.062592,232,199,162,6,20251020_035116
1760899857.0742888,13054971,3342072576,3342.072576,237,199,163,6,20251020_035116
1760899857.0842729,13055010,3342082560,3342.08256,241,199,163,6,20251020_035116
1760899857.0942569,13055049,3342092544,3342.092544,246,199,163,6,20251020_035116
1760899857.104241,13055088,3342102528,3342.102528,250,200,163,6,20251020_035116
1760899857.114225,13055127,3342112512,3342.112512,254,200,164,6,20251020_035116
1760899857.1242087,13055166,3342122496,3342.122496,4,199,163,6,20251020_035116
1760899857.1341927,13055205,3342132480,3342.13248,8,200,163,6,20251020_035116
1760899857.1444328,13055245,3342142720,3342.14272,11,201,163,6,20251020_035116
1760899857.1544168,13055284,3342152704,3342.152704,15,200,162,6,20251020_035116
1760899857.1644008,13055323,3342162688,3342.162688,19,200,162,6,20251020_035116
1760899857.1743848,13055362,3342172672,3342.172672,23,199,162,6,20251020_035116
1760899857.1843688,13055401,3342182656,3342.182656,26,200,161,6,20251020_035116
1760899857.1943529,13055440,3342192640,3342.19264,30,200,160,6,20251020_035116
1760899857.204337,13055479,3342202624,3342.202624,34,200,157,6,20251020_035116
1760899857.214321,13055518,3342212608,3342.212608,38,199,153,6,20251020_035116
1760899857.224305,13055557,3342222592,3342.222592,42,200,145,6,20251020_035116
1760899857.2342887,13055596,3342232576,3342.232576,46,200,138,6,20251020_035116
1760899857.2442727,13055635,3342242560,3342.24256,51,199,130,6,20251020_035116
1760899857.2542567,13055674,3342252544,3342.252544,57,200,126,6,20251020_035116
1760899857.2642407,13055713,3342262528,3342.262528,62,200,122,6,20251020_035116
1760899857.2742248,13055752,3342272512,3342.272512,68,200,118,6,20251020_035116
1760899857.2844648,13055792,3342282752,3342.282752,73,200,117,6,20251020_035116
1760899857.2944489,13055831,3342292736,3342.292736,79,200,117,6,20251020_035116
1760899857.3044329,13055870,3342302720,3342.30272,84,200,117,6,20251020_035116
1760899857.314417,13055909,3342312704,3342.312704,90,200,116,6,20251020_035116
1760899857.324401,13055948,3342322688,3342.322688,95,200,117,6,20251020_035116
1760899857.334385,13055987,3342332672,3342.332672,100,199,117,6,20251020_035116
1760899857.3443687,13056026,3342342656,3342.342656,105,199,117,6,20251020_035116
1760899857.3543527,13056065,3342352640,3342.35264,110,200,117,6,20251020_035116
1760899857.3643367,13056104,3342362624,3342.362624,114,200,118,6,20251020_035116
1760899857.3743207,13056143,3342372608,3342.372608,119,200,116,6,20251020_035116
1760899857.3843048,13056182,3342382592,3342.382592,123,199,116,6,20251020_035116
1760899857.3942888,13056221,3342392576,3342.392576,127,199,116,6,20251020_035116
1760899857.4042728,13056260,3342402560,3342.40256,132,199,117,6,20251020_035116
1760899857.4142568,13056299,3342412544,3342.412544,136,199,117,6,20251020_035116
1760899857.424497,13056339,3342422784,3342.422784,140,199,118,6,20251020_035116
1760899857.434481,13056378,3342432768,3342.432768,143,199,120,6,20251020_035116
1760899857.4444647,13056417,3342442752,3342.442752,147,199,122,6,20251020_035116
1760899857.4544487,13056456,3342452736,3342.452736,151,199,123,6,20251020_035116
1760899857.4644327,13056495,3342462720,3342.46272,155,199,126,6,20251020_035116
1760899857.4744167,13056534,3342472704,3342.472704,159,199,128,6,20251020_035116
1760899857.4844007,13056573,3342482688,3342.482688,163,200,135,6,20251020_035116
1760899857.4943848,13056612,3342492672,3342.492672,168,199,145,6,20251020_035116
1760899857.5043688,13056651,3342502656,3342.502656,173,200,151,6,20251020_035116
1760899857.5143528,13056690,3342512640,3342.51264,178,199,154,6,20251020_035116
1760899857.5245929,13056730,3342522880,3342.52288,184,199,159,6,20251020_035116
1760899857.534577,13056769,3342532864,3342.532864,190,200,159,6,20251020_035116
1760899857.544561,13056808,3342542848,3342.542848,195,199,160,6,20251020_035116
1760899857.5545447,13056847,3342552832,3342.552832,201,199,160,6,20251020_035116
1760899857.5645287,13056886,3342562816,3342.562816,206,200,160,6,20251020_035116
1760899857.5745127,13056925,3342572800,3342.5728,212,199,162,6,20251020_035116
1760899857.5844967,13056964,3342582784,3342.582784,217,199,162,6,20251020_035116
1760899857.5944808,13057003,3342592768,3342.592768,222,200,162,6,20251020_035116
1760899857.6047208,13057043,3342603008,3342.603008,227,199,162,6,20251020_035116
1760899857.6147048,13057082,3342612992,3342.612992,232,199,162,6,20251020_035116
1760899857.6246889,13057121,3342622976,3342.622976,237,200,163,6,20251020_035116
1760899857.6346729,13057160,3342632960,3342.63296,242,200,162,6,20251020_035116
1760899857.644657,13057199,3342642944,3342.642944,246,200,163,6,20251020_035116
1760899857.654641,13057238,3342652928,3342.652928,251,200,162,6,20251020_035116
1760899857.6646247,13057277,3342662912,3342.662912,0,200,162,6,20251020_035116
1760899857.6748648,13057317,3342673152,3342.673152,4,199,163,6,20251020_035116
1760899857.6848488,13057356,3342683136,3342.683136,8,200,164,6,20251020_035116
1760899857.6948328,13057395,3342693120,3342.69312,12,200,163,6,20251020_035116
1760899857.7048168,13057434,3342703104,3342.703104,16,200,163,6,20251020_035116
1760899857.7148008,13057473,3342713088,3342.713088,20,200,162,6,20251020_035116
1760899857.7247849,13057512,3342723072,3342.723072,23,200,160,6,20251020_035116
1760899857.7347689,13057551,3342733056,3342.733056,27,200,161,6,20251020_035116
1760899857.744753,13057590,3342743040,3342.74304,31,200,159,6,20251020_035116
1760899857.754737,13057629,3342753024,3342.753024,34,200,157,6,20251020_035116
1760899857.764721,13057668,3342763008,3342.763008,38,200,152,6,20251020_035116
1760899857.7747047,13057707,3342772992,3342.772992,42,200,146,6,20251020_035116
1760899857.7846887,13057746,3342782976,3342.782976,47,200,138,6,20251020_035116
1760899857.7946727,13057785,3342792960,3342.79296,52,200,132,6,20251020_035116
1760899857.8049128,13057825,3342803200,3342.8032,57,199,127,6,20251020_035116
1760899857.8148968,13057864,3342813184,3342.813184,62,200,123,6,20251020_035116
1760899857.8248808,13057903,3342823168,3342.823168,68,200,119,6,20251020_035116
1760899857.8348649,13057942,3342833152,3342.833152,73,200,116,6,20251020_035116
1760899857.8448489,13057981,3342843136,3342.843136,79,200,116,6,20251020_035116
1760899857.854833,13058020,3342853120,3342.85312,84,200,117,6,20251020_035116
1760899857.864817,13058059,3342863104,3342.863104,90,200,116,6,20251020_035116
1760899857.8748007,13058098,3342873088,3342.873088,95,199,116,6,20251020_035116
1760899857.8847847,13058137,3342883072,3342.883072,100,200,117,6,20251020_035116
1760899857.8947687,13058176,3342893056,3342.893056,105,200,116,6,20251020_035116
1760899857.9047527,13058215,3342903040,3342.90304,110,199,116,6,20251020_035116
1760899857.9147367,13058254,3342913024,3342.913024,114,200,116,6,20251020_035116
1760899857.9247208,13058293,3342923008,3342.923008,119,200,116,6,20251020_035116
1760899857.9347048,13058332,3342932992,3342.932992,123,200,116,6,20251020_035116
1760899857.9449449,13058372,3342943232,3342.943232,128,200,116,6,20251020_035116
1760899857.9549289,13058411,3342953216,3342.953216,132,200,116,6,20251020_035116
1760899857.964913,13058450,3342963200,3342.9632,136,199,116,6,20251020_035116
1760899857.974897,13058489,3342973184,3342.973184,140,199,116,6,20251020_035116
1760899857.9848807,13058528,3342983168,3342.983168,143,200,118,6,20251020_035116
1760899857.9948647,13058567,3342993152,3342.993152,147,199,118,6,20251020_035116
1760899858.0048487,13058606,3343003136,3343.003136,151,199,119,6,20251020_035116
1760899858.0148327,13058645,3343013120,3343.01312,155,199,120,6,20251020_035116
1760899858.0248168,13058684,3343023104,3343.023104,158,199,121,6,20251020_035116
1760899858.0348008,13058723,3343033088,3343.033088,162,199,122,6,20251020_035116
1760899858.0447848,13058762,3343043072,3343.043072,166,199,124,6,20251020_035116
1760899858.0547688,13058801,3343053056,3343.053056,170,199,126,6,20251020_035116
1760899858.0647528,13058840,3343063040,3343.06304,174,200,127,6,20251020_035116
1760899858.0747368,13058879,3343073024,3343.073024,178,199,132,6,20251020_035116
1760899858.0847208,13058918,3343083008,3343.083008,182,199,138,6,20251020_035116
1760899858.0949607,13058958,3343093248,3343.093248,187,199,145,6,20251020_035116
1760899858.1049447,13058997,3343103232,3343.103232,192,199,149,6,20251020_035116
1760899858.1149287,13059036,3343113216,3343.113216,197,199,152,6,20251020_035116
1760899858.1249127,13059075,3343123200,3343.1232,202,200,154,6,20251020_035116
1760899858.1348968,13059114,3343133184,3343.133184,207,200,158,6,20251020_035116
1760899858.1448808,13059153,3343143168,3343.143168,213,199,160,6,20251020_035116
1760899858.1548648,13059192,3343153152,3343.153152,218,199,160,6,20251020_035116
1760899858.1648488,13059231,3343163136,3343.163136,223,200,160,6,20251020_035116
1760899858.1748328,13059270,3343173120,3343.17312,228,200,161,6,20251020_035116
1760899858.1848168,13059309,3343183104,3343.183104,233,200,161,6,20251020_035116
1760899858.1948009,13059348,3343193088,3343.193088,238,200,162,6,20251020_035116
1760899858.2047849,13059387,3343203072,3343.203072,242,200,162,6,20251020_035116
1760899858.214769,13059426,3343213056,3343.213056,247,199,162,6,20251020_035116
1760899858.224753,13059465,3343223040,3343.22304,251,200,162,6,20251020_035116
1760899858.2349927,13059505,3343233280,3343.23328,0,199,162,6,20251020_035116
1760899858.2449768,13059544,3343243264,3343.243264,5,200,163,6,20251020_035116
1760899858.2549608,13059583,3343253248,3343.253248,9,199,163,6,20251020_035116
1760899858.2649448,13059622,3343263232,3343.263232,12,200,164,6,20251020_035116
1760899858.2749288,13059661,3343273216,3343.273216,16,200,163,6,20251020_035116
1760899858.2849128,13059700,3343283200,3343.2832,20,199,162,6,20251020_035116
1760899858.2948968,13059739,3343293184,3343.293184,24,200,162,6,20251020_035116
1760899858.3048809,13059778,3343303168,3343.303168,27,200,162,6,20251020_035116
1760899858.3148649,13059817,3343313152,3343.313152,31,200,161,6,20251020_035116
1760899858.324849,13059856,3343323136,3343.323136,34,200,161,6,20251020_035116
1760899858.334833,13059895,3343333120,3343.33312,38,200,161,6,20251020_035116
1760899858.3448167,13059934,3343343104,3343.343104,42,200,159,6,20251020_035116
1760899858.3548007,13059973,3343353088,3343.353088,45,201,158,6,20251020_035116
1760899858.3647847,13060012,3343363072,3343.363072,49,200,150,6,20251020_035116
1760899858.3747687,13060051,3343373056,3343.373056,53,200,145,6,20251020_035116
1760899858.3850088,13060091,3343383296,3343.383296,58,200,140,6,20251020_035116
1760899858.3949928,13060130,3343393280,3343.39328,62,200,132,6,20251020_035116
1760899858.4049768,13060169,3343403264,3343.403264,68,200,127,6,20251020_035116
1760899858.4149609,13060208,3343413248,3343.413248,73,200,125,6,20251020_035116
1760899858.4249449,13060247,3343423232,3343.423232,78,201,121,6,20251020_035116
1760899858.434929,13060286,3343433216,3343.433216,84,200,117,6,20251020_035116
1760899858.444913,13060325,3343443200,3343.4432,89,200,116,6,20251020_035116
1760899858.4548967,13060364,3343453184,3343.453184,94,200,117,6,20251020_035116
1760899858.4648807,13060403,3343463168,3343.463168,99,200,117,6,20251020_035116
1760899858.4748647,13060442,3343473152,3343.473152,104,199,116,6,20251020_035116
1760899858.4848487,13060481,3343483136,3343.483136,109,200,116,6,20251020_035116
1760899858.4948328,13060520,3343493120,3343.49312,114,200,116,6,20251020_035116
1760899858.5048168,13060559,3343503104,3343.503104,118,199,117,6,20251020_035116
1760899858.5148008,13060598,3343513088,3343.513088,123,199,116,6,20251020_035116
1760899858.5250409,13060638,3343523328,3343.523328,127,200,117,6,20251020_035116
1760899858.535025,13060677,3343533312,3343.533312,131,199,116,6,20251020_035116
1760899858.545009,13060716,3343543296,3343.543296,135,199,116,6,20251020_035116
1760899858.554993,13060755,3343553280,3343.55328,139,199,118,6,20251020_035116
1760899858.5649767,13060794,3343563264,3343.563264,143,199,119,6,20251020_035116
1760899858.5749607,13060833,3343573248,3343.573248,147,200,121,6,20251020_035116
1760899858.5849447,13060872,3343583232,3343.583232,151,199,124,6,20251020_035116
1760899858.5949287,13060911,3343593216,3343.593216,155,199,127,6,20251020_035116
1760899858.6049128,13060950,3343603200,3343.6032,159,200,129,6,20251020_035116
1760899858.6148968,13060989,3343613184,3343.613184,163,199,136,6,20251020_035116
1760899858.6248808,13061028,3343623168,3343.623168,168,200,144,6,20251020_035116
1760899858.6348648,13061067,3343633152,3343.633152,173,200,149,6,20251020_035116
1760899858.6448488,13061106,3343643136,3343.643136,178,200,152,6,20251020_035116
1760899858.6548328,13061145,3343653120,3343.65312,183,199,158,6,20251020_035116
1760899858.6648169,13061184,3343663104,3343.663104,189,199,160,6,20251020_035116
1760899858.6750567,13061224,3343673344,3343.673344,195,199,160,6,20251020_035116
1760899858.6850407,13061263,3343683328,3343.683328,200,200,160,6,20251020_035116
1760899858.6950247,13061302,3343693312,3343.693312,206,200,161,6,20251020_035116
1760899858.7050087,13061341,3343703296,3343.703296,211,199,161,6,20251020_035116
1760899858.7149928,13061380,3343713280,3343.71328,216,200,161,6,20251020_035116
1760899858.7249768,13061419,3343723264,3343.723264,222,200,162,6,20251020_035116
1760899858.7349608,13061458,3343733248,3343.733248,227,200,161,6,20251020_035116
1760899858.7449448,13061497,3343743232,3343.743232,232,199,162,6,20251020_035116
1760899858.7549288,13061536,3343753216,3343.753216,236,200,162,6,20251020_035116
1760899858.7649128,13061575,3343763200,3343.7632,241,200,163,6,20251020_035116
1760899858.7748969,13061614,3343773184,3343.773184,246,200,163,6,20251020_035116
1760899858.7848809,13061653,3343783168,3343.783168,250,200,163,6,20251020_035116
1760899858.794865,13061692,3343793152,3343.793152,254,199,163,6,20251020_035116
1760899858.804849,13061731,3343803136,3343.803136,3,200,163,6,20251020_035116
1760899858.8150887,13061771,3343813376,3343.813376,7,199,161,6,20251020_035116
1760899858.8250728,13061810,3343823360,3343.82336,11,200,161,6,20251020_035116
1760899858.8350568,13061849,3343833344,3343.833344,15,200,163,6,20251020_035116
1760899858.8450408,13061888,3343843328,3343.843328,19,200,162,6,20251020_035116
1760899858.8550248,13061927,3343853312,3343.853312,23,200,161,6,20251020_035116
1760899858.8650088,13061966,3343863296,3343.863296,26,200,161,6,20251020_035116
1760899858.8749928,13062005,3343873280,3343.87328,30,200,158,6,20251020_035116
1760899858.8849769,13062044,3343883264,3343.883264,34,200,156,6,20251020_035116
1760899858.8949609,13062083,3343893248,3343.893248,38,200,151,6,20251020_035116
1760899858.904945,13062122,3343903232,3343.903232,42,200,142,6,20251020_035116
1760899858.914929,13062161,3343913216,3343.913216,47,199,137,6,20251020_035116
1760899858.9249127,13062200,3343923200,3343.9232,52,200,129,6,20251020_035116
1760899858.9348967,13062239,3343933184,3343.933184,57,200,126,6,20251020_035116
1760899858.9448807,13062278,3343943168,3343.943168,62,200,122,6,20251020_035116
1760899858.9548647,13062317,3343953152,3343.953152,68,200,118,6,20251020_035116
1760899858.9651048,13062357,3343963392,3343.963392,74,200,117,6,20251020_035116
1760899858.9750888,13062396,3343973376,3343.973376,79,200,117,6,20251020_035116
1760899858.9850729,13062435,3343983360,3343.98336,85,200,117,6,20251020_035116
1760899858.9950569,13062474,3343993344,3343.993344,90,200,117,6,20251020_035116
1760899859.005041,13062513,3344003328,3344.003328,95,200,116,6,20251020_035116
1760899859.015025,13062552,3344013312,3344.013312,100,200,116,6,20251020_035116
1760899859.025009,13062591,3344023296,3344.023296,105,200,117,6,20251020_035116
1760899859.0349927,13062630,3344033280,3344.03328,110,200,116,6,20251020_035116
1760899859.0449767,13062669,3344043264,3344.043264,114,199,116,6,20251020_035116
1760899859.0549607,13062708,3344053248,3344.053248,119,199,116,6,20251020_035116
1760899859.0649447,13062747,3344063232,3344.063232,123,199,116,6,20251020_035116
1760899859.0749288,13062786,3344073216,3344.073216,128,200,115,6,20251020_035116
1760899859.0849128,13062825,3344083200,3344.0832,132,201,116,6,20251020_035116
1760899859.0948968,13062864,3344093184,3344.093184,136,199,117,6,20251020_035116
1760899859.1051369,13062904,3344103424,3344.103424,140,200,118,6,20251020_035116
1760899859.115121,13062943,3344113408,3344.113408,144,199,120,6,20251020_035116
1760899859.125105,13062982,3344123392,3344.123392,148,199,122,6,20251020_035116
1760899859.1350887,13063021,3344133376,3344.133376,152,199,125,6,20251020_035116
1760899859.1450727,13063060,3344143360,3344.14336,156,199,127,6,20251020_035116
1760899859.1550567,13063099,3344153344,3344.153344,160,199,133,6,20251020_035116
1760899859.1650407,13063138,3344163328,3344.163328,164,200,141,6,20251020_035116
1760899859.1750247,13063177,3344173312,3344.173312,169,199,148,6,20251020_035116
1760899859.1850088,13063216,3344183296,3344.183296,174,199,153,6,20251020_035116
1760899859.1949928,13063255,3344193280,3344.19328,180,199,156,6,20251020_035116
1760899859.2049768,13063294,3344203264,3344.203264,185,199,160,6,20251020_035116
1760899859.2149608,13063333,3344213248,3344.213248,191,199,160,6,20251020_035116
1760899859.2249448,13063372,3344223232,3344.223232,197,199,160,6,20251020_035116
1760899859.2349288,13063411,3344233216,3344.233216,202,199,160,6,20251020_035116
1760899859.2449129,13063450,3344243200,3344.2432,208,199,161,6,20251020_035116
1760899859.2551527,13063490,3344253440,3344.25344,213,199,162,6,20251020_035116
1760899859.2651367,13063529,3344263424,3344.263424,218,200,161,6,20251020_035116
1760899859.2751207,13063568,3344273408,3344.273408,223,200,162,6,20251020_035116
1760899859.2851048,13063607,3344283392,3344.283392,228,200,162,6,20251020_035116
1760899859.2950888,13063646,3344293376,3344.293376,233,200,162,6,20251020_035116
1760899859.3050728,13063685,3344303360,3344.30336,238,199,162,6,20251020_035116
1760899859.3150568,13063724,3344313344,3344.313344,243,200,162,6,20251020_035116
1760899859.3250408,13063763,3344323328,3344.323328,247,200,163,6,20251020_035116
1760899859.3350248,13063802,3344333312,3344.333312,252,200,162,6,20251020_035116
1760899859.3450089,13063841,3344343296,3344.343296,1,200,163,6,20251020_035116
1760899859.3549929,13063880,3344353280,3344.35328,5,200,163,6,20251020_035116
1760899859.364977,13063919,3344363264,3344.363264,9,200,163,6,20251020_035116
1760899859.374961,13063958,3344373248,3344.373248,13,199,163,6,20251020_035116
1760899859.384945,13063997,3344383232,3344.383232,17,200,162,6,20251020_035116
1760899859.3951848,13064037,3344393472,3344.393472,20,200,161,6,20251020_035116
1760899859.4051688,13064076,3344403456,3344.403456,24,200,160,6,20251020_035116
1760899859.4151528,13064115,3344413440,3344.41344,28,200,160,6,20251020_035116
1760899859.4251368,13064154,3344423424,3344.423424,31,200,159,6,20251020_035116
1760899859.4351208,13064193,3344433408,3344.433408,35,199,156,6,20251020_035116
1760899859.4451048,13064232,3344443392,3344.443392,39,200,149,6,20251020_035116
1760899859.4550889,13064271,3344453376,3344.453376,43,199,142,6,20251020_035116
1760899859.4650729,13064310,3344463360,3344.46336,48,199,135,6,20251020_035116
1760899859.475057,13064349,3344473344,3344.473344,53,200,128,6,20251020_035116
1760899859.4852967,13064389,3344483584,3344.483584,58,200,125,6,20251020_035116
1760899859.4952807,13064428,3344493568,3344.493568,64,200,120,6,20251020_035116
1760899859.5052648,13064467,3344503552,3344.503552,70,200,116,6,20251020_035116
1760899859.5152488,13064506,3344513536,3344.513536,75,200,116,6,20251020_035116
1760899859.5252328,13064545,3344523520,3344.52352,81,200,116,6,20251020_035116
1760899859.5352168,13064584,3344533504,3344.533504,86,200,118,6,20251020_035116
1760899859.5452008,13064623,3344543488,3344.543488,91,200,116,6,20251020_035116
1760899859.5551848,13064662,3344553472,3344.553472,97,200,117,6,20251020_035116
1760899859.5651689,13064701,3344563456,3344.563456,102,200,117,6,20251020_035116
1760899859.5751529,13064740,3344573440,3344.57344,106,200,116,6,20251020_035116
1760899859.585137,13064779,3344583424,3344.583424,111,200,116,6,20251020_035116
1760899859.595121,13064818,3344593408,3344.593408,116,199,116,6,20251020_035116
1760899859.6051047,13064857,3344603392,3344.603392,120,200,117,6,20251020_035116
1760899859.6153448,13064897,3344613632,3344.613632,125,199,116,6,20251020_035116
1760899859.6253288,13064936,3344623616,3344.623616,129,199,116,6,20251020_035116
1760899859.6353128,13064975,3344633600,3344.6336,133,199,116,6,20251020_035116
1760899859.6452968,13065014,3344643584,3344.643584,137,199,116,6,20251020_035116
1760899859.6552808,13065053,3344653568,3344.653568,141,199,116,6,20251020_035116
1760899859.6652648,13065092,3344663552,3344.663552,145,199,117,6,20251020_035116
1760899859.6752489,13065131,3344673536,3344.673536,148,199,117,6,20251020_035116
1760899859.6852329,13065170,3344683520,3344.68352,152,199,119,6,20251020_035116
1760899859.695217,13065209,3344693504,3344.693504,156,199,120,6,20251020_035116
1760899859.705201,13065248,3344703488,3344.703488,160,199,122,6,20251020_035116
1760899859.7151847,13065287,3344713472,3344.713472,163,199,124,6,20251020_035116
1760899859.7251687,13065326,3344723456,3344.723456,167,199,127,6,20251020_035116
1760899859.7351527,13065365,3344733440,3344.73344,171,199,127,6,20251020_035116
1760899859.7451367,13065404,3344743424,3344.743424,175,199,132,6,20251020_035116
1760899859.7553768,13065444,3344753664,3344.753664,180,200,140,6,20251020_035116
1760899859.7653608,13065483,3344763648,3344.763648,185,199,147,6,20251020_035116
1760899859.7753448,13065522,3344773632,3344.773632,190,199,150,6,20251020_035116
1760899859.7853289,13065561,3344783616,3344.783616,195,200,153,6,20251020_035116
1760899859.795313,13065600,3344793600,3344.7936,200,199,155,6,20251020_035116
1760899859.805297,13065639,3344803584,3344.803584,206,200,158,6,20251020_035116
1760899859.815281,13065678,3344813568,3344.813568,211,200,160,6,20251020_035116
1760899859.8252647,13065717,3344823552,3344.823552,216,200,160,6,20251020_035116
1760899859.8352487,13065756,3344833536,3344.833536,221,199,161,6,20251020_035116
1760899859.8452327,13065795,3344843520,3344.84352,226,200,161,6,20251020_035116
1760899859.8552167,13065834,3344853504,3344.853504,231,199,161,6,20251020_035116
1760899859.8652008,13065873,3344863488,3344.863488,236,200,162,6,20251020_035116
1760899859.8751848,13065912,3344873472,3344.873472,241,200,162,6,20251020_035116
1760899859.8851688,13065951,3344883456,3344.883456,245,200,162,6,20251020_035116
1760899859.8951528,13065990,3344893440,3344.89344,250,200,162,6,20251020_035116
1760899859.905393,13066030,3344903680,3344.90368,254,200,158,6,20251020_035116
1760899859.915377,13066069,3344913664,3344.913664,3,199,163,6,20251020_035116
1760899859.925361,13066108,3344923648,3344.923648,7,199,163,6,20251020_035116
1760899859.9353447,13066147,3344933632,3344.933632,11,200,162,6,20251020_035116
1760899859.9453287,13066186,3344943616,3344.943616,15,200,163,6,20251020_035116
1760899859.9553127,13066225,3344953600,3344.9536,19,200,163,6,20251020_035116
1760899859.9652967,13066264,3344963584,3344.963584,22,199,162,6,20251020_035116
1760899859.9752808,13066303,3344973568,3344.973568,26,200,161,6,20251020_035116
1760899859.9852648,13066342,3344983552,3344.983552,30,200,162,6,20251020_035116
1760899859.9952488,13066381,3344993536,3344.993536,33,199,160,6,20251020_035116
1760899860.0052328,13066420,3345003520,3345.00352,37,199,160,6,20251020_035116
1760899860.0152168,13066459,3345013504,3345.013504,40,200,159,6,20251020_035116
1760899860.0252008,13066498,3345023488,3345.023488,44,200,156,6,20251020_035116
1760899860.0351849,13066537,3345033472,3345.033472,48,200,152,6,20251020_035116
1760899860.0451689,13066576,3345043456,3345.043456,52,200,146,6,20251020_035116
1760899860.0554087,13066616,3345053696,3345.053696,57,200,139,6,20251020_035116
1760899860.0653927,13066655,3345063680,3345.06368,61,199,132,6,20251020_035116
1760899860.0753767,13066694,3345073664,3345.073664,67,199,127,6,20251020_035116
1760899860.0853608,13066733,3345083648,3345.083648,72,200,122,6,20251020_035116
1760899860.0953448,13066772,3345093632,3345.093632,77,200,119,6,20251020_035116
1760899860.1053288,13066811,3345103616,3345.103616,83,200,118,6,20251020_035116
1760899860.1153128,13066850,3345113600,3345.1136,88,200,117,6,20251020_035116
1760899860.1252968,13066889,3345123584,3345.123584,93,199,117,6,20251020_035116
1760899860.1352808,13066928,3345133568,3345.133568,99,200,117,6,20251020_035116
1760899860.1452649,13066967,3345143552,3345.143552,103,200,116,6,20251020_035116
1760899860.1552489,13067006,3345153536,3345.153536,108,199,117,6,20251020_035116
1760899860.165233,13067045,3345163520,3345.16352,113,200,117,6,20251020_035116
1760899860.175217,13067084,3345173504,3345.173504,118,200,116,6,20251020_035116
1760899860.1852007,13067123,3345183488,3345.183488,122,199,117,6,20251020_035116
1760899860.1954408,13067163,3345193728,3345.193728,126,199,117,6,20251020_035116
1760899860.2054248,13067202,3345203712,3345.203712,130,199,117,6,20251020_035116
1760899860.2154088,13067241,3345213696,3345.213696,134,199,118,6,20251020_035116
1760899860.2253928,13067280,3345223680,3345.22368,138,199,119,6,20251020_035116
1760899860.2353768,13067319,3345233664,3345.233664,142,199,118,6,20251020_035116
1760899860.2453609,13067358,3345243648,3345.243648,146,199,120,6,20251020_035116
1760899860.2553449,13067397,3345253632,3345.253632,150,199,122,6,20251020_035116
1760899860.265329,13067436,3345263616,3345.263616,154,199,124,6,20251020_035116
1760899860.275313,13067475,3345273600,3345.2736,158,199,126,6,20251020_035116
1760899860.285297,13067514,3345283584,3345.283584,162,199,127,6,20251020_035116
1760899860.2952807,13067553,3345293568,3345.293568,166,199,131,6,20251020_035116
1760899860.3052647,13067592,3345303552,3345.303552,170,199,138,6,20251020_035116
1760899860.3152487,13067631,3345313536,3345.313536,175,199,146,6,20251020_035116
1760899860.3252327,13067670,3345323520,3345.32352,180,199,150,6,20251020_035116
1760899860.3352168,13067709,3345333504,3345.333504,185,199,152,6,20251020_035116
1760899860.3454568,13067749,3345343744,3345.343744,191,199,155,6,20251020_035116
1760899860.3554409,13067788,3345353728,3345.353728,196,200,158,6,20251020_035116
1760899860.3654249,13067827,3345363712,3345.363712,202,199,160,6,20251020_035116
1760899860.375409,13067866,3345373696,3345.373696,207,199,160,6,20251020_035116
1760899860.385393,13067905,3345383680,3345.38368,212,199,161,6,20251020_035116
1760899860.3953767,13067944,3345393664,3345.393664,218,199,161,6,20251020_035116
1760899860.4053607,13067983,3345403648,3345.403648,223,199,161,6,20251020_035116
1760899860.4153447,13068022,3345413632,3345.413632,228,199,162,6,20251020_035116
1760899860.4253287,13068061,3345423616,3345.423616,233,199,160,6,20251020_035116
1760899860.4353127,13068100,3345433600,3345.4336,238,200,161,6,20251020_035116
1760899860.4452968,13068139,3345443584,3345.443584,242,199,162,6,20251020_035116
1760899860.4552808,13068178,3345453568,3345.453568,247,199,162,6,20251020_035116
1760899860.4652648,13068217,3345463552,3345.463552,251,200,163,6,20251020_035116
1760899860.4752488,13068256,3345473536,3345.473536,0,199,163,6,20251020_035116
1760899860.485489,13068296,3345483776,3345.483776,4,199,163,6,20251020_035116
1760899860.495473,13068335,3345493760,3345.49376,8,199,163,6,20251020_035116
1760899860.5054567,13068374,3345503744,3345.503744,12,200,162,6,20251020_035116
1760899860.5154407,13068413,3345513728,3345.513728,16,200,162,6,20251020_035116
1760899860.5254247,13068452,3345523712,3345.523712,20,199,161,6,20251020_035116
1760899860.5354087,13068491,3345533696,3345.533696,24,200,161,6,20251020_035116
1760899860.5453928,13068530,3345543680,3345.54368,27,200,160,6,20251020_035116
1760899860.5553768,13068569,3345553664,3345.553664,31,199,160,6,20251020_035116
1760899860.5653608,13068608,3345563648,3345.563648,35,200,157,6,20251020_035116
1760899860.5753448,13068647,3345573632,3345.573632,38,200,156,6,20251020_035116
1760899860.5853288,13068686,3345583616,3345.583616,42,200,150,6,20251020_035116
1760899860.5953128,13068725,3345593600,3345.5936,46,199,145,6,20251020_035116
1760899860.6052969,13068764,3345603584,3345.603584,51,199,138,6,20251020_035116
1760899860.6152809,13068803,3345613568,3345.613568,56,199,132,6,20251020_035116
1760899860.625265,13068842,3345623552,3345.623552,61,200,127,6,20251020_035116
1760899860.6355047,13068882,3345633792,3345.633792,66,200,124,6,20251020_035116
1760899860.6454887,13068921,3345643776,3345.643776,72,200,119,6,20251020_035116
1760899860.6554728,13068960,3345653760,3345.65376,77,200,116,6,20251020_035116
1760899860.6654568,13068999,3345663744,3345.663744,83,199,116,6,20251020_035116
1760899860.6754408,13069038,3345673728,3345.673728,88,200,116,6,20251020_035116
1760899860.6854248,13069077,3345683712,3345.683712,93,200,117,6,20251020_035116
1760899860.6954088,13069116,3345693696,3345.693696,98,200,116,6,20251020_035116
1760899860.7053928,13069155,3345703680,3345.70368,103,199,117,6,20251020_035116
1760899860.7153769,13069194,3345713664,3345.713664,108,200,115,6,20251020_035116
1760899860.7253609,13069233,3345723648,3345.723648,113,199,117,6,20251020_035116
1760899860.735345,13069272,3345733632,3345.733632,117,200,116,6,20251020_035116
1760899860.745329,13069311,3345743616,3345.743616,122,199,117,6,20251020_035116
1760899860.7553127,13069350,3345753600,3345.7536,126,199,117,6,20251020_035116
1760899860.7652967,13069389,3345763584,3345.763584,130,199,116,6,20251020_035116
1760899860.7755368,13069429,3345773824,3345.773824,134,199,118,6,20251020_035116
1760899860.7855208,13069468,3345783808,3345.783808,138,199,118,6,20251020_035116
1760899860.7955048,13069507,3345793792,3345.793792,142,199,119,6,20251020_035116
1760899860.8054888,13069546,3345803776,3345.803776,146,199,122,6,20251020_035116
1760899860.8154728,13069585,3345813760,3345.81376,150,199,124,6,20251020_035116
1760899860.8254569,13069624,3345823744,3345.823744,154,199,126,6,20251020_035116
1760899860.8354409,13069663,3345833728,3345.833728,158,199,128,6,20251020_035116
1760899860.845425,13069702,3345843712,3345.843712,162,199,135,6,20251020_035116
1760899860.855409,13069741,3345853696,3345.853696,167,199,144,6,20251020_035116
1760899860.8653927,13069780,3345863680,3345.86368,172,199,150,6,20251020_035116
1760899860.8753767,13069819,3345873664,3345.873664,177,200,153,6,20251020_035116
1760899860.8853607,13069858,3345883648,3345.883648,183,200,158,6,20251020_035116
1760899860.8953447,13069897,3345893632,3345.893632,189,200,161,6,20251020_035116
1760899860.9053288,13069936,3345903616,3345.903616,194,200,162,6,20251020_035116
1760899860.9155688,13069976,3345913856,3345.913856,200,200,162,6,20251020_035116
1760899860.9255528,13070015,3345923840,3345.92384,205,199,162,6,20251020_035116
1760899860.9355369,13070054,3345933824,3345.933824,211,199,162,6,20251020_035116
1760899860.9455209,13070093,3345943808,3345.943808,216,200,162,6,20251020_035116
1760899860.955505,13070132,3345953792,3345.953792,221,199,162,6,20251020_035116
1760899860.965489,13070171,3345963776,3345.963776,227,199,163,6,20251020_035116
1760899860.9754727,13070210,3345973760,3345.97376,231,200,163,6,20251020_035116
1760899860.9854567,13070249,3345983744,3345.983744,236,200,164,6,20251020_035116
1760899860.9954407,13070288,3345993728,3345.993728,241,200,162,6,20251020_035116
1760899861.0054247,13070327,3346003712,3346.003712,245,200,164,6,20251020_035116
1760899861.0154088,13070366,3346013696,3346.013696,250,200,163,6,20251020_035116
1760899861.0253928,13070405,3346023680,3346.02368,254,199,163,6,20251020_035116
1760899861.0353768,13070444,3346033664,3346.033664,3,200,163,6,20251020_035116
1760899861.0453608,13070483,3346043648,3346.043648,7,199,163,6,20251020_035116
1760899861.055601,13070523,3346053888,3346.053888,11,199,164,6,20251020_035116
1760899861.065585,13070562,3346063872,3346.063872,15,199,163,6,20251020_035116
1760899861.075569,13070601,3346073856,3346.073856,19,200,163,6,20251020_035116
1760899861.0855527,13070640,3346083840,3346.08384,23,199,162,6,20251020_035116
1760899861.0955367,13070679,3346093824,3346.093824,26,200,161,6,20251020_035116
1760899861.1055207,13070718,3346103808,3346.103808,30,200,161,6,20251020_035116
1760899861.1155047,13070757,3346113792,3346.113792,34,200,157,6,20251020_035116
1760899861.1254888,13070796,3346123776,3346.123776,37,200,152,6,20251020_035116
1760899861.1354728,13070835,3346133760,3346.13376,42,200,146,6,20251020_035116
1760899861.1454568,13070874,3346143744,3346.143744,46,199,140,6,20251020_035116
1760899861.1554408,13070913,3346153728,3346.153728,51,200,134,6,20251020_035116
1760899861.1654248,13070952,3346163712,3346.163712,56,199,127,6,20251020_035116
1760899861.1754088,13070991,3346173696,3346.173696,61,200,124,6,20251020_035116
1760899861.1853929,13071030,3346183680,3346.18368,67,200,119,6,20251020_035116
1760899861.1953769,13071069,3346193664,3346.193664,72,200,116,6,20251020_035116
1760899861.2056167,13071109,3346203904,3346.203904,78,199,117,6,20251020_035116
1760899861.2156007,13071148,3346213888,3346.213888,83,199,117,6,20251020_035116
1760899861.2255847,13071187,3346223872,3346.223872,89,200,117,6,20251020_035116
1760899861.2355688,13071226,3346233856,3346.233856,94,200,116,6,20251020_035116
1760899861.2455528,13071265,3346243840,3346.24384,99,200,116,6,20251020_035116
1760899861.2555368,13071304,3346253824,3346.253824,104,200,115,6,20251020_035116
1760899861.2655208,13071343,3346263808,3346.263808,109,199,116,6,20251020_035116
1760899861.2755048,13071382,3346273792,3346.273792,113,199,116,6,20251020_035116
1760899861.2854888,13071421,3346283776,3346.283776,118,199,116,6,20251020_035116
1760899861.2954729,13071460,3346293760,3346.29376,122,199,115,6,20251020_035116
1760899861.3054569,13071499,3346303744,3346.303744,127,199,116,6,20251020_035116
1760899861.315441,13071538,3346313728,3346.313728,131,199,116,6,20251020_035116
1760899861.325425,13071577,3346323712,3346.323712,135,199,116,6,20251020_035116
1760899861.3354087,13071616,3346333696,3346.333696,139,199,116,6,20251020_035116
1760899861.3456488,13071656,3346343936,3346.343936,143,199,117,6,20251020_035116
1760899861.3556328,13071695,3346353920,3346.35392,146,199,117,6,20251020_035116
1760899861.3656168,13071734,3346363904,3346.363904,150,199,116,6,20251020_035116
1760899861.3756008,13071773,3346373888,3346.373888,154,198,118,6,20251020_035116
1760899861.3855848,13071812,3346383872,3346.383872,157,198,120,6,20251020_035116
1760899861.3955688,13071851,3346393856,3346.393856,161,199,123,6,20251020_035116
1760899861.4055529,13071890,3346403840,3346.40384,165,200,127,6,20251020_035116
1760899861.4155369,13071929,3346413824,3346.413824,169,199,128,6,20251020_035116
1760899861.425521,13071968,3346423808,3346.423808,173,199,136,6,20251020_035116
1760899861.435505,13072007,3346433792,3346.433792,178,199,145,6,20251020_035116
1760899861.4454887,13072046,3346443776,3346.443776,183,199,150,6,20251020_035116
1760899861.4554727,13072085,3346453760,3346.45376,188,199,155,6,20251020_035116
1760899861.4654567,13072124,3346463744,3346.463744,194,198,159,6,20251020_035116
1760899861.4754407,13072163,3346473728,3346.473728,199,199,159,6,20251020_035116
1760899861.4854248,13072202,3346483712,3346.483712,205,198,160,6,20251020_035116
1760899861.4956648,13072242,3346493952,3346.493952,210,199,160,6,20251020_035116
1760899861.5056489,13072281,3346503936,3346.503936,216,199,161,6,20251020_035116
1760899861.5156329,13072320,3346513920,3346.51392,221,199,161,6,20251020_035116
1760899861.525617,13072359,3346523904,3346.523904,226,199,161,6,20251020_035116
1760899861.535601,13072398,3346533888,3346.533888,231,199,162,6,20251020_035116
1760899861.545585,13072437,3346543872,3346.543872,236,199,162,6,20251020_035116
1760899861.5555687,13072476,3346553856,3346.553856,240,199,163,6,20251020_035116
1760899861.5655527,13072515,3346563840,3346.56384,245,200,162,6,20251020_035116
1760899861.5755367,13072554,3346573824,3346.573824,249,200,163,6,20251020_035116
1760899861.5855207,13072593,3346583808,3346.583808,254,200,163,6,20251020_035116
1760899861.5955048,13072632,3346593792,3346.593792,3,199,163,6,20251020_035116
1760899861.6054888,13072671,3346603776,3346.603776,7,198,163,6,20251020_035116
1760899861.6154728,13072710,3346613760,3346.61376,11,199,164,6,20251020_035116
1760899861.6254568,13072749,3346623744,3346.623744,15,197,163,6,20251020_035116
1760899861.635697,13072789,3346633984,3346.633984,19,197,163,6,20251020_035116
1760899861.645681,13072828,3346643968,3346.643968,22,198,164,6,20251020_035116
1760899861.6556647,13072867,3346653952,3346.653952,26,198,163,6,20251020_035116
1760899861.6656487,13072906,3346663936,3346.663936,29,200,163,6,20251020_035116
1760899861.6756327,13072945,3346673920,3346.67392,33,200,163,6,20251020_035116
1760899861.6856167,13072984,3346683904,3346.683904,36,196,164,6,20251020_035116
1760899861.6956007,13073023,3346693888,3346.693888,40,168,163,6,20251020_035116
1760899861.7055848,13073062,3346703872,3346.703872,43,158,163,6,20251020_035116
1760899861.7155688,13073101,3346713856,3346.713856,47,163,164,6,20251020_035116
1760899861.7255528,13073140,3346723840,3346.72384,50,159,164,6,20251020_035116
1760899861.7355368,13073179,3346733824,3346.733824,53,155,163,6,20251020_035116
1760899861.7455208,13073218,3346743808,3346.743808,57,133,164,6,20251020_035116
1760899861.7555048,13073257,3346753792,3346.753792,60,143,164,6,20251020_035116
1760899861.7654889,13073296,3346763776,3346.763776,63,158,164,6,20251020_035116
1760899861.7754729,13073335,3346773760,3346.77376,67,132,165,6,20251020_035116
1760899861.7857127,13073375,3346784000,3346.784,70,114,165,6,20251020_035116
1760899861.7956967,13073414,3346793984,3346.793984,74,125,164,6,20251020_035116
1760899861.8056808,13073453,3346803968,3346.803968,78,134,165,6,20251020_035116
1760899861.8156648,13073492,3346813952,3346.813952,81,128,165,6,20251020_035116
1760899861.8256488,13073531,3346823936,3346.823936,85,128,164,6,20251020_035116
1760899861.8356328,13073570,3346833920,3346.83392,89,131,165,6,20251020_035116
1760899861.8456168,13073609,3346843904,3346.843904,93,131,165,6,20251020_035116
1760899861.8556008,13073648,3346853888,3346.853888,97,132,165,6,20251020_035116
1760899861.8655849,13073687,3346863872,3346.863872,101,135,165,6,20251020_035116
1760899861.8755689,13073726,3346873856,3346.873856,105,135,165,6,20251020_035116
1760899861.885553,13073765,3346883840,3346.88384,110,138,166,6,20251020_035116
1760899861.895537,13073804,3346893824,3346.893824,114,139,165,6,20251020_035116
1760899861.905521,13073843,3346903808,3346.903808,119,140,165,6,20251020_035116
1760899861.9155047,13073882,3346913792,3346.913792,124,142,163,6,20251020_035116
1760899861.9257448,13073922,3346924032,3346.924032,129,143,166,6,20251020_035116
1760899861.9357288,13073961,3346934016,3346.934016,134,144,165,6,20251020_035116
1760899861.9457128,13074000,3346944000,3346.944,139,144,165,6,20251020_035116
1760899861.9556968,13074039,3346953984,3346.953984,144,145,166,6,20251020_035116
1760899861.9656808,13074078,3346963968,3346.963968,150,145,165,6,20251020_035116
1760899861.9756649,13074117,3346973952,3346.973952,155,146,164,6,20251020_035116
1760899861.9856489,13074156,3346983936,3346.983936,161,147,166,6,20251020_035116
1760899861.995633,13074195,3346993920,3346.99392,167,147,166,6,20251020_035116
1760899862.005617,13074234,3347003904,3347.003904,172,148,165,6,20251020_035116
1760899862.0156007,13074273,3347013888,3347.013888,178,148,166,6,20251020_035116
1760899862.0255847,13074312,3347023872,3347.023872,184,147,166,6,20251020_035116
1760899862.0355687,13074351,3347033856,3347.033856,190,147,166,6,20251020_035116
1760899862.0455527,13074390,3347043840,3347.04384,195,146,165,6,20251020_035116
1760899862.0555367,13074429,3347053824,3347.053824,201,147,166,6,20251020_035116
1760899862.0657768,13074469,3347064064,3347.064064,207,146,166,6,20251020_035116
1760899862.0757608,13074508,3347074048,3347.074048,212,145,165,6,20251020_035116
1760899862.0857449,13074547,3347084032,3347.084032,217,145,165,6,20251020_035116
1760899862.0957289,13074586,3347094016,3347.094016,223,145,166,6,20251020_035116
1760899862.105713,13074625,3347104000,3347.104,228,146,165,6,20251020_035116
1760899862.115697,13074664,3347113984,3347.113984,233,147,166,6,20251020_035116
1760899862.1256807,13074703,3347123968,3347.123968,237,148,166,6,20251020_035116
1760899862.1356647,13074742,3347133952,3347.133952,242,149,166,6,20251020_035116
1760899862.1456487,13074781,3347143936,3347.143936,247,149,165,6,20251020_035116
1760899862.1556327,13074820,3347153920,3347.15392,251,149,165,6,20251020_035116
1760899862.1656168,13074859,3347163904,3347.163904,0,151,167,6,20251020_035116
1760899862.1756008,13074898,3347173888,3347.173888,4,152,166,6,20251020_035116
1760899862.1855848,13074937,3347183872,3347.183872,8,152,166,6,20251020_035116
1760899862.1955688,13074976,3347193856,3347.193856,12,153,166,6,20251020_035116
1760899862.2055528,13075015,3347203840,3347.20384,16,154,166,6,20251020_035116
1760899862.215793,13075055,3347214080,3347.21408,20,155,167,6,20251020_035116
1760899862.225777,13075094,3347224064,3347.224064,23,155,166,6,20251020_035116
1760899862.2357607,13075133,3347234048,3347.234048,27,156,166,6,20251020_035116
1760899862.2457447,13075172,3347244032,3347.244032,31,157,165,6,20251020_035116
1760899862.2557287,13075211,3347254016,3347.254016,34,157,165,6,20251020_035116
1760899862.2657127,13075250,3347264000,3347.264,38,157,166,6,20251020_035116
1760899862.2756968,13075289,3347273984,3347.273984,41,156,166,6,20251020_035116
1760899862.2856808,13075328,3347283968,3347.283968,44,155,166,6,20251020_035116
1760899862.2956648,13075367,3347293952,3347.293952,48,154,166,6,20251020_035116
1760899862.3056488,13075406,3347303936,3347.303936,51,155,166,6,20251020_035116
1760899862.3156328,13075445,3347313920,3347.31392,54,156,166,6,20251020_035116
1760899862.3256168,13075484,3347323904,3347.323904,58,155,166,6,20251020_035116
1760899862.3356009,13075523,3347333888,3347.333888,61,151,166,6,20251020_035116
1760899862.3455849,13075562,3347343872,3347.343872,65,153,167,6,20251020_035116
1760899862.3558247,13075602,3347354112,3347.354112,68,155,167,6,20251020_035116
1760899862.3658087,13075641,3347364096,3347.364096,72,156,167,6,20251020_035116
1760899862.3757927,13075680,3347374080,3347.37408,75,156,166,6,20251020_035116
1760899862.3857768,13075719,3347384064,3347.384064,79,155,165,6,20251020_035116
1760899862.3957608,13075758,3347394048,3347.394048,83,154,166,6,20251020_035116
1760899862.4057448,13075797,3347404032,3347.404032,86,153,166,6,20251020_035116
1760899862.4157288,13075836,3347414016,3347.414016,90,152,166,6,20251020_035116
1760899862.4257128,13075875,3347424000,3347.424,94,152,167,6,20251020_035116
1760899862.4356968,13075914,3347433984,3347.433984,98,151,166,6,20251020_035116
1760899862.4456809,13075953,3347443968,3347.443968,103,150,166,6,20251020_035116
1760899862.4556649,13075992,3347453952,3347.453952,107,149,168,6,20251020_035116
1760899862.465649,13076031,3347463936,3347.463936,111,148,167,6,20251020_035116
1760899862.475633,13076070,3347473920,3347.47392,116,147,167,6,20251020_035116
1760899862.4856167,13076109,3347483904,3347.483904,121,146,166,6,20251020_035116
1760899862.4958568,13076149,3347494144,3347.494144,125,145,167,6,20251020_035116
1760899862.5058408,13076188,3347504128,3347.504128,130,144,167,6,20251020_035116
1760899862.5158248,13076227,3347514112,3347.514112,136,144,166,6,20251020_035116
1760899862.5258088,13076266,3347524096,3347.524096,141,143,165,6,20251020_035116
1760899862.5357928,13076305,3347534080,3347.53408,146,145,167,6,20251020_035116
1760899862.5457768,13076344,3347544064,3347.544064,152,143,166,6,20251020_035116
1760899862.5557609,13076383,3347554048,3347.554048,157,141,167,6,20251020_035116
1760899862.5657449,13076422,3347564032,3347.564032,163,138,167,6,20251020_035116
1760899862.575729,13076461,3347574016,3347.574016,169,139,167,6,20251020_035116
1760899862.585713,13076500,3347584000,3347.584,174,139,167,6,20251020_035116
1760899862.5956967,13076539,3347593984,3347.593984,180,140,166,6,20251020_035116
1760899862.6056807,13076578,3347603968,3347.603968,186,140,167,6,20251020_035116
1760899862.6156647,13076617,3347613952,3347.613952,192,139,167,6,20251020_035116
1760899862.6256487,13076656,3347623936,3347.623936,198,139,167,6,20251020_035116
1760899862.6358888,13076696,3347634176,3347.634176,203,139,167,6,20251020_035116
1760899862.6458728,13076735,3347644160,3347.64416,209,140,167,6,20251020_035116
1760899862.6558568,13076774,3347654144,3347.654144,214,142,166,6,20251020_035116
1760899862.6658409,13076813,3347664128,3347.664128,219,143,166,6,20251020_035116
1760899862.6758249,13076852,3347674112,3347.674112,225,143,167,6,20251020_035116
1760899862.685809,13076891,3347684096,3347.684096,230,145,166,6,20251020_035116
1760899862.695793,13076930,3347694080,3347.69408,234,146,167,6,20251020_035116
1760899862.7057767,13076969,3347704064,3347.704064,239,147,167,6,20251020_035116
1760899862.7157607,13077008,3347714048,3347.714048,244,148,167,6,20251020_035116
1760899862.7257447,13077047,3347724032,3347.724032,248,149,166,6,20251020_035116
1760899862.7357287,13077086,3347734016,3347.734016,252,151,167,6,20251020_035116
1760899862.7457128,13077125,3347744000,3347.744,2,155,166,6,20251020_035116
1760899862.7556968,13077164,3347753984,3347.753984,6,159,168,6,20251020_035116
1760899862.7656808,13077203,3347763968,3347.763968,10,159,166,6,20251020_035116
1760899862.7756648,13077242,3347773952,3347.773952,14,159,167,6,20251020_035116
1760899862.785905,13077282,3347784192,3347.784192,17,154,168,6,20251020_035116
1760899862.795889,13077321,3347794176,3347.794176,21,147,166,6,20251020_035116
1760899862.805873,13077360,3347804160,3347.80416,25,145,166,6,20251020_035116
1760899862.8158567,13077399,3347814144,3347.814144,28,168,168,6,20251020_035116
1760899862.8258407,13077438,3347824128,3347.824128,32,158,167,6,20251020_035116
1760899862.8358247,13077477,3347834112,3347.834112,35,161,166,6,20251020_035116
1760899862.8458087,13077516,3347844096,3347.844096,39,132,166,6,20251020_035116
1760899862.8557928,13077555,3347854080,3347.85408,42,117,167,6,20251020_035116
1760899862.8657768,13077594,3347864064,3347.864064,46,125,168,6,20251020_035116
1760899862.8757608,13077633,3347874048,3347.874048,49,126,167,6,20251020_035116
1760899862.8857448,13077672,3347884032,3347.884032,52,128,167,6,20251020_035116
1760899862.8957288,13077711,3347894016,3347.894016,56,135,166,6,20251020_035116
1760899862.9057128,13077750,3347904000,3347.904,59,133,167,6,20251020_035116
1760899862.9156969,13077789,3347913984,3347.913984,63,136,167,6,20251020_035116
1760899862.9259367,13077829,3347924224,3347.924224,66,136,166,6,20251020_035116
1760899862.9359207,13077868,3347934208,3347.934208,70,137,167,6,20251020_035116
1760899862.9459047,13077907,3347944192,3347.944192,73,141,167,6,20251020_035116
1760899862.9558887,13077946,3347954176,3347.954176,77,143,167,6,20251020_035116
1760899862.9658728,13077985,3347964160,3347.96416,80,146,167,6,20251020_035116
1760899862.9758568,13078024,3347974144,3347.974144,84,149,167,6,20251020_035116
1760899862.9858408,13078063,3347984128,3347.984128,88,151,167,6,20251020_035116
1760899862.9958248,13078102,3347994112,3347.994112,92,153,168,6,20251020_035116
1760899863.0058088,13078141,3348004096,3348.004096,96,153,168,6,20251020_035116
1760899863.0157928,13078180,3348014080,3348.01408,100,156,169,6,20251020_035116
1760899863.0257769,13078219,3348024064,3348.024064,104,150,168,6,20251020_035116
1760899863.0357609,13078258,3348034048,3348.034048,109,151,168,6,20251020_035116
1760899863.0460007,13078298,3348044288,3348.044288,113,148,167,6,20251020_035116
1760899863.0559847,13078337,3348054272,3348.054272,118,149,167,6,20251020_035116
1760899863.0659688,13078376,3348064256,3348.064256,122,152,168,6,20251020_035116
1760899863.0759528,13078415,3348074240,3348.07424,127,151,167,6,20251020_035116
1760899863.0859368,13078454,3348084224,3348.084224,132,149,167,6,20251020_035116
1760899863.0959208,13078493,3348094208,3348.094208,138,152,167,6,20251020_035116
1760899863.1059048,13078532,3348104192,3348.104192,143,152,168,6,20251020_035116
1760899863.1158888,13078571,3348114176,3348.114176,148,153,168,6,20251020_035116
1760899863.126129,13078611,3348124416,3348.124416,154,152,167,6,20251020_035116
1760899863.1361127,13078650,3348134400,3348.1344,160,153,167,6,20251020_035116
1760899863.1460967,13078689,3348144384,3348.144384,165,153,167,6,20251020_035116
1760899863.1560807,13078728,3348154368,3348.154368,171,156,169,6,20251020_035116
1760899863.1660647,13078767,3348164352,3348.164352,177,154,168,6,20251020_035116
1760899863.1760488,13078806,3348174336,3348.174336,183,155,168,6,20251020_035116
1760899863.1860328,13078845,3348184320,3348.18432,188,156,168,6,20251020_035116
1760899863.1960168,13078884,3348194304,3348.194304,194,158,168,6,20251020_035116
1760899863.2062569,13078924,3348204544,3348.204544,200,160,168,6,20251020_035116
1760899863.216241,13078963,3348214528,3348.214528,205,161,167,6,20251020_035116
1760899863.226225,13079002,3348224512,3348.224512,211,163,167,6,20251020_035116
1760899863.236209,13079041,3348234496,3348.234496,216,165,167,6,20251020_035116
1760899863.2461927,13079080,3348244480,3348.24448,222,180,167,6,20251020_035116
1760899863.2561767,13079119,3348254464,3348.254464,227,191,167,6,20251020_035116
1760899863.2664168,13079159,3348264704,3348.264704,232,193,167,6,20251020_035116
1760899863.2764008,13079198,3348274688,3348.274688,236,193,168,6,20251020_035116
1760899863.2863848,13079237,3348284672,3348.284672,241,194,166,6,20251020_035116
1760899863.2963688,13079276,3348294656,3348.294656,246,194,168,6,20251020_035116
1760899863.3063529,13079315,3348304640,3348.30464,250,194,168,6,20251020_035116
1760899863.3163369,13079354,3348314624,3348.314624,254,193,167,6,20251020_035116
1760899863.326321,13079393,3348324608,3348.324608,3,192,168,6,20251020_035116
1760899863.3365607,13079433,3348334848,3348.334848,8,192,168,6,20251020_035116
1760899863.3465447,13079472,3348344832,3348.344832,12,195,167,6,20251020_035116
1760899863.3565288,13079511,3348354816,3348.354816,16,196,168,6,20251020_035116
1760899863.3665128,13079550,3348364800,3348.3648,20,196,167,6,20251020_035116
1760899863.3764968,13079589,3348374784,3348.374784,24,196,166,6,20251020_035116
1760899863.3864808,13079628,3348384768,3348.384768,28,196,166,6,20251020_035116
1760899863.3964648,13079667,3348394752,3348.394752,33,196,165,6,20251020_035116
1760899863.406705,13079707,3348404992,3348.404992,38,196,164,6,20251020_035116
1760899863.416689,13079746,3348414976,3348.414976,43,195,161,6,20251020_035116
1760899863.4266727,13079785,3348424960,3348.42496,49,196,156,6,20251020_035116
1760899863.4366567,13079824,3348434944,3348.434944,55,197,149,6,20251020_035116
1760899863.4466407,13079863,3348444928,3348.444928,61,197,139,6,20251020_035116
1760899863.4566247,13079902,3348454912,3348.454912,66,197,130,6,20251020_035116
1760899863.4666088,13079941,3348464896,3348.464896,72,198,127,6,20251020_035116
1760899863.4765928,13079980,3348474880,3348.47488,78,199,125,6,20251020_035116
1760899863.4865768,13080019,3348484864,3348.484864,83,199,124,6,20251020_035116
1760899863.4965608,13080058,3348494848,3348.494848,88,199,124,6,20251020_035116
1760899863.5065448,13080097,3348504832,3348.504832,94,198,124,6,20251020_035116
1760899863.5165288,13080136,3348514816,3348.514816,99,198,125,6,20251020_035116
1760899863.5265129,13080175,3348524800,3348.5248,104,199,124,6,20251020_035116
1760899863.5367527,13080215,3348535040,3348.53504,109,199,125,6,20251020_035116
1760899863.5467367,13080254,3348545024,3348.545024,113,199,125,6,20251020_035116
1760899863.5567207,13080293,3348555008,3348.555008,118,200,127,6,20251020_035116
1760899863.5667048,13080332,3348564992,3348.564992,122,200,127,6,20251020_035116
1760899863.5766888,13080371,3348574976,3348.574976,126,199,127,6,20251020_035116
1760899863.5866728,13080410,3348584960,3348.58496,131,200,129,6,20251020_035116
1760899863.5966568,13080449,3348594944,3348.594944,135,199,133,6,20251020_035116
1760899863.6066408,13080488,3348604928,3348.604928,139,199,139,6,20251020_035116
1760899863.6166248,13080527,3348614912,3348.614912,142,199,150,6,20251020_035116
1760899863.6266088,13080566,3348624896,3348.624896,146,200,160,6,20251020_035116
1760899863.6365929,13080605,3348634880,3348.63488,150,200,162,6,20251020_035116
1760899863.646577,13080644,3348644864,3348.644864,155,201,162,6,20251020_035116
1760899863.656561,13080683,3348654848,3348.654848,159,201,162,6,20251020_035116
1760899863.666545,13080722,3348664832,3348.664832,164,200,163,6,20251020_035116
1760899863.6765287,13080761,3348674816,3348.674816,168,201,163,6,20251020_035116
1760899863.6867688,13080801,3348685056,3348.685056,173,201,162,6,20251020_035116
1760899863.6967528,13080840,3348695040,3348.69504,178,201,163,6,20251020_035116
1760899863.7067368,13080879,3348705024,3348.705024,183,201,165,6,20251020_035116
1760899863.7167208,13080918,3348715008,3348.715008,188,201,165,6,20251020_035116
1760899863.7267048,13080957,3348724992,3348.724992,193,202,166,6,20251020_035116
1760899863.7366889,13080996,3348734976,3348.734976,198,201,164,6,20251020_035116
1760899863.7466729,13081035,3348744960,3348.74496,203,200,165,6,20251020_035116
1760899863.756657,13081074,3348754944,3348.754944,208,201,165,6,20251020_035116
1760899863.766641,13081113,3348764928,3348.764928,213,201,164,6,20251020_035116
1760899863.776625,13081152,3348774912,3348.774912,217,201,164,6,20251020_035116
1760899863.7866087,13081191,3348784896,3348.784896,222,201,165,6,20251020_035116
1760899863.7965927,13081230,3348794880,3348.79488,227,201,164,6,20251020_035116
1760899863.8065767,13081269,3348804864,3348.804864,232,201,165,6,20251020_035116
1760899863.8165607,13081308,3348814848,3348.814848,236,201,164,6,20251020_035116
1760899863.8265448,13081347,3348824832,3348.824832,241,201,163,6,20251020_035116
1760899863.8367848,13081387,3348835072,3348.835072,246,201,162,6,20251020_035116
1760899863.8467689,13081426,3348845056,3348.845056,250,201,157,6,20251020_035116
1760899863.8567529,13081465,3348855040,3348.85504,0,201,147,6,20251020_035116
1760899863.866737,13081504,3348865024,3348.865024,5,201,139,6,20251020_035116
1760899863.876721,13081543,3348875008,3348.875008,10,201,150,6,20251020_035116
1760899863.8867047,13081582,3348884992,3348.884992,15,201,154,6,20251020_035116
1760899863.8966887,13081621,3348894976,3348.894976,20,201,158,6,20251020_035116
1760899863.9066727,13081660,3348904960,3348.90496,24,201,160,6,20251020_035116
1760899863.9166567,13081699,3348914944,3348.914944,29,201,161,6,20251020_035116
1760899863.9266407,13081738,3348924928,3348.924928,33,202,159,6,20251020_035116
1760899863.9366248,13081777,3348934912,3348.934912,38,201,157,6,20251020_035116
1760899863.9466088,13081816,3348944896,3348.944896,43,201,149,6,20251020_035116
1760899863.9565928,13081855,3348954880,3348.95488,49,201,136,6,20251020_035116
1760899863.9665768,13081894,3348964864,3348.964864,55,202,135,6,20251020_035116
1760899863.976817,13081934,3348975104,3348.975104,61,201,128,6,20251020_035116
1760899863.986801,13081973,3348985088,3348.985088,66,201,126,6,20251020_035116
1760899863.9967847,13082012,3348995072,3348.995072,72,201,123,6,20251020_035116
1760899864.0067687,13082051,3349005056,3349.005056,78,201,118,6,20251020_035116
1760899864.0167527,13082090,3349015040,3349.01504,83,201,117,6,20251020_035116
1760899864.0267367,13082129,3349025024,3349.025024,88,201,117,6,20251020_035116
1760899864.0367208,13082168,3349035008,3349.035008,94,201,116,6,20251020_035116
1760899864.0467048,13082207,3349044992,3349.044992,99,201,117,6,20251020_035116
1760899864.0566888,13082246,3349054976,3349.054976,104,201,118,6,20251020_035116
1760899864.0666728,13082285,3349064960,3349.06496,109,201,118,6,20251020_035116
1760899864.0766568,13082324,3349074944,3349.074944,113,200,117,6,20251020_035116
1760899864.0866408,13082363,3349084928,3349.084928,118,200,116,6,20251020_035116
1760899864.0966249,13082402,3349094912,3349.094912,122,200,117,6,20251020_035116
1760899864.1066089,13082441,3349104896,3349.104896,126,200,116,6,20251020_035116
1760899864.1168487,13082481,3349115136,3349.115136,131,200,117,6,20251020_035116
1760899864.1268327,13082520,3349125120,3349.12512,135,201,117,6,20251020_035116
1760899864.1368167,13082559,3349135104,3349.135104,139,201,117,6,20251020_035116
