time_pc_sec_abs,micros32,micros32_raw,time_local_sec,a0,a1,a2,agent_id,chunk_id
1774628903.2684066,6900159,1766440704,1766.440704,68,198,157,2,20260327_172946
1774628903.2783904,6900198,1766450688,1766.450688,71,198,158,2,20260327_172946
1774628903.2883744,6900237,1766460672,1766.460672,74,198,158,2,20260327_172946
1774628903.2983584,6900276,1766470656,1766.470656,77,198,158,2,20260327_172946
1774628903.3083425,6900315,1766480640,1766.48064,81,198,158,2,20260327_172946
1774628903.3183265,6900354,1766490624,1766.490624,84,198,157,2,20260327_172946
1774628903.3283105,6900393,1766500608,1766.500608,87,197,155,2,20260327_172946
1774628903.3382945,6900432,1766510592,1766.510592,90,197,154,2,20260327_172946
1774628903.3482783,6900471,1766520576,1766.520576,93,197,149,2,20260327_172946
1774628903.3582623,6900510,1766530560,1766.53056,97,198,143,2,20260327_172946
1774628903.3685026,6900550,1766540800,1766.5408,100,198,136,2,20260327_172946
1774628903.3784866,6900589,1766550784,1766.550784,103,198,131,2,20260327_172946
1774628903.3884704,6900628,1766560768,1766.560768,106,198,127,2,20260327_172946
1774628903.3984544,6900667,1766570752,1766.570752,109,197,127,2,20260327_172946
1774628903.4084384,6900706,1766580736,1766.580736,112,198,127,2,20260327_172946
1774628903.4184225,6900745,1766590720,1766.59072,116,198,127,2,20260327_172946
1774628903.4284065,6900784,1766600704,1766.600704,119,198,127,2,20260327_172946
1774628903.4383905,6900823,1766610688,1766.610688,122,197,127,2,20260327_172946
1774628903.4483745,6900862,1766620672,1766.620672,125,197,128,2,20260327_172946
1774628903.4586146,6900902,1766630912,1766.630912,128,197,129,2,20260327_172946
1774628903.4685986,6900941,1766640896,1766.640896,132,197,131,2,20260327_172946
1774628903.4785826,6900980,1766650880,1766.65088,135,196,133,2,20260327_172946
1774628903.4885666,6901019,1766660864,1766.660864,138,196,136,2,20260327_172946
1774628903.4985504,6901058,1766670848,1766.670848,141,197,140,2,20260327_172946
1774628903.5085344,6901097,1766680832,1766.680832,144,197,143,2,20260327_172946
1774628903.5185184,6901136,1766690816,1766.690816,148,197,146,2,20260327_172946
1774628903.5285025,6901175,1766700800,1766.7008,151,197,151,2,20260327_172946
1774628903.5384865,6901214,1766710784,1766.710784,154,197,151,2,20260327_172946
1774628903.5487266,6901254,1766721024,1766.721024,157,197,151,2,20260327_172946
1774628903.5587106,6901293,1766731008,1766.731008,160,197,151,2,20260327_172946
1774628903.5686946,6901332,1766740992,1766.740992,164,197,150,2,20260327_172946
1774628903.5786786,6901371,1766750976,1766.750976,167,197,151,2,20260327_172946
1774628903.5889184,6901411,1766761216,1766.761216,170,197,152,2,20260327_172946
1774628903.5989025,6901450,1766771200,1766.7712,173,197,151,2,20260327_172946
1774628903.6088865,6901489,1766781184,1766.781184,176,197,154,2,20260327_172946
1774628903.6188705,6901528,1766791168,1766.791168,179,197,152,2,20260327_172946
1774628903.6288545,6901567,1766801152,1766.801152,183,198,153,2,20260327_172946
1774628903.6388383,6901606,1766811136,1766.811136,186,197,153,2,20260327_172946
1774628903.6488223,6901645,1766821120,1766.82112,189,198,154,2,20260327_172946
1774628903.6588066,6901684,1766831104,1766.831104,192,197,154,2,20260327_172946
1774628903.6690466,6901724,1766841344,1766.841344,196,197,154,2,20260327_172946
1774628903.6790304,6901763,1766851328,1766.851328,199,198,155,2,20260327_172946
1774628903.6890144,6901802,1766861312,1766.861312,202,197,154,2,20260327_172946
1774628903.6989985,6901841,1766871296,1766.871296,205,198,155,2,20260327_172946
1774628903.7089825,6901880,1766881280,1766.88128,208,198,155,2,20260327_172946
1774628903.7189665,6901919,1766891264,1766.891264,215,198,155,2,20260327_172946
1774628903.7289505,6901958,1766901248,1766.901248,218,198,154,2,20260327_172946
1774628903.7389345,6901997,1766911232,1766.911232,221,198,155,2,20260327_172946
1774628903.7489183,6902036,1766921216,1766.921216,224,197,155,2,20260327_172946
1774628903.7591586,6902076,1766931456,1766.931456,227,197,155,2,20260327_172946
1774628903.7691426,6902115,1766941440,1766.94144,231,197,154,2,20260327_172946
1774628903.7791264,6902154,1766951424,1766.951424,234,198,156,2,20260327_172946
1774628903.7891104,6902193,1766961408,1766.961408,237,198,155,2,20260327_172946
1774628903.7990944,6902232,1766971392,1766.971392,240,198,155,2,20260327_172946
1774628903.8090785,6902271,1766981376,1766.981376,243,198,154,2,20260327_172946
1774628903.8190625,6902310,1766991360,1766.99136,247,198,154,2,20260327_172946
1774628903.8290465,6902349,1767001344,1767.001344,250,198,154,2,20260327_172946
1774628903.8390305,6902388,1767011328,1767.011328,253,198,152,2,20260327_172946
1774628903.8490143,6902427,1767021312,1767.021312,1,198,152,2,20260327_172946
1774628903.8592546,6902467,1767031552,1767.031552,4,198,151,2,20260327_172946
1774628903.8692386,6902506,1767041536,1767.041536,8,199,151,2,20260327_172946
1774628903.8792226,6902545,1767051520,1767.05152,11,198,148,2,20260327_172946
1774628903.8892064,6902584,1767061504,1767.061504,14,199,145,2,20260327_172946
1774628903.8991904,6902623,1767071488,1767.071488,17,199,142,2,20260327_172946
1774628903.9091744,6902662,1767081472,1767.081472,20,198,139,2,20260327_172946
1774628903.9191585,6902701,1767091456,1767.091456,24,198,137,2,20260327_172946
1774628903.9291425,6902740,1767101440,1767.10144,27,198,136,2,20260327_172946
1774628903.9393826,6902780,1767111680,1767.11168,30,199,134,2,20260327_172946
1774628903.9493666,6902819,1767121664,1767.121664,33,199,134,2,20260327_172946
1774628903.9593506,6902858,1767131648,1767.131648,36,198,132,2,20260327_172946
1774628903.9693346,6902897,1767141632,1767.141632,39,198,132,2,20260327_172946
1774628903.9793186,6902936,1767151616,1767.151616,43,198,132,2,20260327_172946
1774628903.9893026,6902975,1767161600,1767.1616,46,199,131,2,20260327_172946
1774628903.9992864,6903014,1767171584,1767.171584,49,198,131,2,20260327_172946
1774628904.0092704,6903053,1767181568,1767.181568,52,198,131,2,20260327_172946
1774628904.0192544,6903092,1767191552,1767.191552,55,198,131,2,20260327_172946
1774628904.0292385,6903131,1767201536,1767.201536,59,198,130,2,20260327_172946
1774628904.0394783,6903171,1767211776,1767.211776,62,197,130,2,20260327_172946
1774628904.0494626,6903210,1767221760,1767.22176,65,197,128,2,20260327_172946
1774628904.0594466,6903249,1767231744,1767.231744,68,198,129,2,20260327_172946
1774628904.0694306,6903288,1767241728,1767.241728,71,197,129,2,20260327_172946
1774628904.0794146,6903327,1767251712,1767.251712,75,198,128,2,20260327_172946
1774628904.0893986,6903366,1767261696,1767.261696,78,198,128,2,20260327_172946
1774628904.0993826,6903405,1767271680,1767.27168,81,197,128,2,20260327_172946
1774628904.1093664,6903444,1767281664,1767.281664,84,197,127,2,20260327_172946
1774628904.1193504,6903483,1767291648,1767.291648,87,198,127,2,20260327_172946
1774628904.1295905,6903523,1767301888,1767.301888,90,198,127,2,20260327_172946
1774628904.1395743,6903562,1767311872,1767.311872,94,198,127,2,20260327_172946
1774628904.1495583,6903601,1767321856,1767.321856,97,198,127,2,20260327_172946
1774628904.1595426,6903640,1767331840,1767.33184,100,198,127,2,20260327_172946
1774628904.1695266,6903679,1767341824,1767.341824,103,198,127,2,20260327_172946
1774628904.1795106,6903718,1767351808,1767.351808,106,198,127,2,20260327_172946
1774628904.1894946,6903757,1767361792,1767.361792,110,198,127,2,20260327_172946
1774628904.1994786,6903796,1767371776,1767.371776,113,198,128,2,20260327_172946
1774628904.2094624,6903835,1767381760,1767.38176,116,198,128,2,20260327_172946
1774628904.2197025,6903875,1767392000,1767.392,119,198,129,2,20260327_172946
1774628904.2296865,6903914,1767401984,1767.401984,122,198,129,2,20260327_172946
1774628904.2396705,6903953,1767411968,1767.411968,126,198,130,2,20260327_172946
1774628904.2496543,6903992,1767421952,1767.421952,129,198,130,2,20260327_172946
1774628904.2596383,6904031,1767431936,1767.431936,132,198,130,2,20260327_172946
1774628904.2696226,6904070,1767441920,1767.44192,135,198,131,2,20260327_172946
1774628904.2796066,6904109,1767451904,1767.451904,138,198,133,2,20260327_172946
1774628904.2895906,6904148,1767461888,1767.461888,142,198,134,2,20260327_172946
1774628904.2995746,6904187,1767471872,1767.471872,145,198,136,2,20260327_172946
1774628904.3098145,6904227,1767482112,1767.482112,148,198,136,2,20260327_172946
1774628904.3197985,6904266,1767492096,1767.492096,151,198,139,2,20260327_172946
1774628904.3297825,6904305,1767502080,1767.50208,154,198,140,2,20260327_172946
1774628904.3397665,6904344,1767512064,1767.512064,157,198,141,2,20260327_172946
1774628904.3497505,6904383,1767522048,1767.522048,161,198,142,2,20260327_172946
1774628904.3597343,6904422,1767532032,1767.532032,164,198,142,2,20260327_172946
1774628904.3697186,6904461,1767542016,1767.542016,167,198,143,2,20260327_172946
1774628904.3797026,6904500,1767552000,1767.552,170,198,143,2,20260327_172946
1774628904.3896866,6904539,1767561984,1767.561984,173,198,144,2,20260327_172946
1774628904.3999264,6904579,1767572224,1767.572224,177,198,143,2,20260327_172946
1774628904.4099104,6904618,1767582208,1767.582208,180,198,144,2,20260327_172946
1774628904.4198945,6904657,1767592192,1767.592192,183,198,144,2,20260327_172946
1774628904.4298785,6904696,1767602176,1767.602176,186,198,144,2,20260327_172946
1774628904.4398625,6904735,1767612160,1767.61216,189,198,145,2,20260327_172946
1774628904.4498465,6904774,1767622144,1767.622144,193,198,145,2,20260327_172946
1774628904.4598303,6904813,1767632128,1767.632128,196,198,145,2,20260327_172946
1774628904.4698143,6904852,1767642112,1767.642112,199,198,145,2,20260327_172946
1774628904.4800546,6904892,1767652352,1767.652352,202,198,144,2,20260327_172946
1774628904.4900386,6904931,1767662336,1767.662336,205,198,145,2,20260327_172946
1774628904.5000224,6904970,1767672320,1767.67232,209,198,143,2,20260327_172946
1774628904.5100064,6905009,1767682304,1767.682304,212,198,143,2,20260327_172946
1774628904.5199904,6905048,1767692288,1767.692288,215,198,143,2,20260327_172946
1774628904.5299745,6905087,1767702272,1767.702272,218,197,144,2,20260327_172946
1774628904.5399585,6905126,1767712256,1767.712256,221,197,144,2,20260327_172946
1774628904.5499425,6905165,1767722240,1767.72224,224,197,144,2,20260327_172946
1774628904.5601826,6905205,1767732480,1767.73248,228,197,145,2,20260327_172946
1774628904.5701666,6905244,1767742464,1767.742464,231,197,143,2,20260327_172946
1774628904.5801506,6905283,1767752448,1767.752448,234,197,145,2,20260327_172946
1774628904.5901346,6905322,1767762432,1767.762432,237,197,146,2,20260327_172946
1774628904.6001186,6905361,1767772416,1767.772416,240,197,146,2,20260327_172946
1774628904.6101024,6905400,1767782400,1767.7824,244,198,146,2,20260327_172946
1774628904.6200864,6905439,1767792384,1767.792384,247,198,147,2,20260327_172946
1774628904.6300704,6905478,1767802368,1767.802368,250,197,147,2,20260327_172946
1774628904.6400545,6905517,1767812352,1767.812352,253,197,147,2,20260327_172946
1774628904.6502943,6905557,1767822592,1767.822592,1,197,148,2,20260327_172946
1774628904.6602786,6905596,1767832576,1767.832576,5,197,147,2,20260327_172946
1774628904.6702626,6905635,1767842560,1767.84256,8,197,147,2,20260327_172946
1774628904.6802466,6905674,1767852544,1767.852544,11,197,148,2,20260327_172946
1774628904.6902306,6905713,1767862528,1767.862528,14,197,148,2,20260327_172946
1774628904.7002146,6905752,1767872512,1767.872512,17,197,148,2,20260327_172946
1774628904.7101986,6905791,1767882496,1767.882496,21,197,148,2,20260327_172946
1774628904.7201824,6905830,1767892480,1767.89248,24,198,148,2,20260327_172946
1774628904.7301664,6905869,1767902464,1767.902464,27,198,148,2,20260327_172946
1774628904.7404065,6905909,1767912704,1767.912704,30,197,149,2,20260327_172946
1774628904.7503903,6905948,1767922688,1767.922688,33,198,150,2,20260327_172946
1774628904.7603743,6905987,1767932672,1767.932672,36,197,150,2,20260327_172946
1774628904.7703586,6906026,1767942656,1767.942656,40,198,149,2,20260327_172946
1774628904.7803426,6906065,1767952640,1767.95264,43,198,150,2,20260327_172946
1774628904.7903266,6906104,1767962624,1767.962624,46,198,150,2,20260327_172946
1774628904.8003106,6906143,1767972608,1767.972608,49,198,150,2,20260327_172946
1774628904.8102946,6906182,1767982592,1767.982592,52,198,150,2,20260327_172946
1774628904.8205345,6906222,1767992832,1767.992832,56,197,150,2,20260327_172946
1774628904.8305185,6906261,1768002816,1768.002816,59,197,151,2,20260327_172946
1774628904.8405025,6906300,1768012800,1768.0128,62,197,148,2,20260327_172946
1774628904.8504865,6906339,1768022784,1768.022784,65,197,150,2,20260327_172946
1774628904.8604703,6906378,1768032768,1768.032768,68,198,150,2,20260327_172946
1774628904.8704543,6906417,1768042752,1768.042752,72,198,150,2,20260327_172946
1774628904.8804386,6906456,1768052736,1768.052736,75,198,150,2,20260327_172946
1774628904.8904226,6906495,1768062720,1768.06272,78,198,150,2,20260327_172946
1774628904.9004066,6906534,1768072704,1768.072704,81,198,150,2,20260327_172946
1774628904.9106464,6906574,1768082944,1768.082944,84,198,150,2,20260327_172946
1774628904.9206305,6906613,1768092928,1768.092928,88,197,150,2,20260327_172946
1774628904.9306145,6906652,1768102912,1768.102912,91,198,150,2,20260327_172946
1774628904.9405985,6906691,1768112896,1768.112896,94,197,150,2,20260327_172946
1774628904.9505825,6906730,1768122880,1768.12288,97,198,150,2,20260327_172946
1774628904.9605663,6906769,1768132864,1768.132864,100,197,150,2,20260327_172946
1774628904.9705503,6906808,1768142848,1768.142848,103,197,150,2,20260327_172946
1774628904.9805346,6906847,1768152832,1768.152832,107,197,150,2,20260327_172946
1774628904.9905186,6906886,1768162816,1768.162816,110,197,151,2,20260327_172946
1774628905.0007584,6906926,1768173056,1768.173056,113,197,151,2,20260327_172946
1774628905.0107424,6906965,1768183040,1768.18304,116,197,152,2,20260327_172946
1774628905.0207264,6907004,1768193024,1768.193024,119,197,152,2,20260327_172946
1774628905.0307105,6907043,1768203008,1768.203008,123,197,153,2,20260327_172946
1774628905.0406945,6907082,1768212992,1768.212992,126,197,154,2,20260327_172946
1774628905.0506785,6907121,1768222976,1768.222976,129,197,154,2,20260327_172946
1774628905.0606625,6907160,1768232960,1768.23296,132,197,154,2,20260327_172946
1774628905.0706463,6907199,1768242944,1768.242944,135,197,154,2,20260327_172946
1774628905.0806303,6907238,1768252928,1768.252928,139,197,154,2,20260327_172946
1774628905.0908706,6907278,1768263168,1768.263168,142,197,154,2,20260327_172946
1774628905.1008546,6907317,1768273152,1768.273152,145,197,154,2,20260327_172946
1774628905.1108384,6907356,1768283136,1768.283136,148,197,155,2,20260327_172946
1774628905.1208224,6907395,1768293120,1768.29312,151,197,157,2,20260327_172946
1774628905.1308064,6907434,1768303104,1768.303104,154,197,155,2,20260327_172946
1774628905.1407905,6907473,1768313088,1768.313088,158,197,155,2,20260327_172946
1774628905.1507745,6907512,1768323072,1768.323072,161,197,155,2,20260327_172946
1774628905.1607585,6907551,1768333056,1768.333056,164,196,155,2,20260327_172946
1774628905.1709986,6907591,1768343296,1768.343296,167,196,155,2,20260327_172946
1774628905.1809826,6907630,1768353280,1768.35328,170,196,155,2,20260327_172946
1774628905.1909666,6907669,1768363264,1768.363264,174,197,156,2,20260327_172946
1774628905.2009506,6907708,1768373248,1768.373248,177,196,155,2,20260327_172946
1774628905.2109346,6907747,1768383232,1768.383232,180,196,155,2,20260327_172946
1774628905.2209184,6907786,1768393216,1768.393216,183,196,156,2,20260327_172946
1774628905.2309024,6907825,1768403200,1768.4032,186,196,155,2,20260327_172946
1774628905.2408864,6907864,1768413184,1768.413184,190,196,157,2,20260327_172946
1774628905.2508705,6907903,1768423168,1768.423168,193,196,155,2,20260327_172946
1774628905.2611103,6907943,1768433408,1768.433408,196,196,156,2,20260327_172946
1774628905.2710946,6907982,1768443392,1768.443392,199,196,156,2,20260327_172946
1774628905.2810786,6908021,1768453376,1768.453376,202,196,156,2,20260327_172946
1774628905.2910626,6908060,1768463360,1768.46336,206,196,156,2,20260327_172946
1774628905.3010466,6908099,1768473344,1768.473344,209,196,155,2,20260327_172946
1774628905.3110306,6908138,1768483328,1768.483328,212,196,156,2,20260327_172946
1774628905.3210144,6908177,1768493312,1768.493312,215,196,156,2,20260327_172946
1774628905.3309984,6908216,1768503296,1768.503296,218,196,156,2,20260327_172946
1774628905.3412385,6908256,1768513536,1768.513536,221,197,154,2,20260327_172946
1774628905.3512225,6908295,1768523520,1768.52352,225,197,152,2,20260327_172946
1774628905.3612063,6908334,1768533504,1768.533504,228,198,152,2,20260327_172946
1774628905.3711903,6908373,1768543488,1768.543488,231,199,150,2,20260327_172946
1774628905.3811746,6908412,1768553472,1768.553472,234,199,148,2,20260327_172946
1774628905.3911586,6908451,1768563456,1768.563456,237,199,147,2,20260327_172946
1774628905.4011426,6908490,1768573440,1768.57344,241,199,148,2,20260327_172946
1774628905.4111266,6908529,1768583424,1768.583424,244,199,148,2,20260327_172946
1774628905.4211106,6908568,1768593408,1768.593408,247,199,149,2,20260327_172946
1774628905.4313505,6908608,1768603648,1768.603648,250,199,149,2,20260327_172946
1774628905.4413345,6908647,1768613632,1768.613632,253,199,150,2,20260327_172946
1774628905.4513185,6908686,1768623616,1768.623616,2,199,150,2,20260327_172946
1774628905.4613025,6908725,1768633600,1768.6336,5,199,150,2,20260327_172946
1774628905.4712863,6908764,1768643584,1768.643584,8,199,150,2,20260327_172946
1774628905.4812706,6908803,1768653568,1768.653568,11,199,150,2,20260327_172946
1774628905.4912546,6908842,1768663552,1768.663552,14,199,149,2,20260327_172946
1774628905.5012386,6908881,1768673536,1768.673536,18,199,149,2,20260327_172946
1774628905.5112226,6908920,1768683520,1768.68352,21,199,149,2,20260327_172946
1774628905.5214624,6908960,1768693760,1768.69376,24,199,148,2,20260327_172946
1774628905.5314465,6908999,1768703744,1768.703744,27,199,148,2,20260327_172946
1774628905.5414305,6909038,1768713728,1768.713728,30,199,148,2,20260327_172946
1774628905.5514145,6909077,1768723712,1768.723712,33,199,146,2,20260327_172946
1774628905.5613985,6909116,1768733696,1768.733696,37,199,146,2,20260327_172946
1774628905.5713823,6909155,1768743680,1768.74368,40,199,143,2,20260327_172946
1774628905.5813663,6909194,1768753664,1768.753664,43,199,141,2,20260327_172946
1774628905.5913506,6909233,1768763648,1768.763648,46,198,138,2,20260327_172946
1774628905.6015906,6909273,1768773888,1768.773888,49,199,136,2,20260327_172946
1774628905.6115744,6909312,1768783872,1768.783872,53,199,134,2,20260327_172946
1774628905.6215584,6909351,1768793856,1768.793856,56,199,130,2,20260327_172946
1774628905.6315424,6909390,1768803840,1768.80384,59,199,127,2,20260327_172946
1774628905.6415265,6909429,1768813824,1768.813824,62,199,124,2,20260327_172946
1774628905.6515105,6909468,1768823808,1768.823808,65,199,121,2,20260327_172946
1774628905.6614945,6909507,1768833792,1768.833792,69,199,119,2,20260327_172946
1774628905.6714785,6909546,1768843776,1768.843776,72,199,116,2,20260327_172946
1774628905.6817186,6909586,1768854016,1768.854016,75,199,115,2,20260327_172946
1774628905.6917026,6909625,1768864000,1768.864,78,199,113,2,20260327_172946
1774628905.7016866,6909664,1768873984,1768.873984,81,199,111,2,20260327_172946
1774628905.7116706,6909703,1768883968,1768.883968,85,199,110,2,20260327_172946
1774628905.7216544,6909742,1768893952,1768.893952,88,199,108,2,20260327_172946
1774628905.7316384,6909781,1768903936,1768.903936,91,199,108,2,20260327_172946
1774628905.7416224,6909820,1768913920,1768.91392,94,198,109,2,20260327_172946
1774628905.7516065,6909859,1768923904,1768.923904,97,198,109,2,20260327_172946
1774628905.7615905,6909898,1768933888,1768.933888,100,198,108,2,20260327_172946
1774628905.7718306,6909938,1768944128,1768.944128,104,198,108,2,20260327_172946
1774628905.7818146,6909977,1768954112,1768.954112,107,198,107,2,20260327_172946
1774628905.7917986,6910016,1768964096,1768.964096,110,198,108,2,20260327_172946
1774628905.8017826,6910055,1768974080,1768.97408,113,198,107,2,20260327_172946
1774628905.8117666,6910094,1768984064,1768.984064,116,198,102,2,20260327_172946
1774628905.8217506,6910133,1768994048,1768.994048,120,198,106,2,20260327_172946
1774628905.8317344,6910172,1769004032,1769.004032,123,198,106,2,20260327_172946
1774628905.8417184,6910211,1769014016,1769.014016,126,199,107,2,20260327_172946
1774628905.8517025,6910250,1769024000,1769.024,129,199,107,2,20260327_172946
1774628905.8619423,6910290,1769034240,1769.03424,132,200,107,2,20260327_172946
1774628905.8719263,6910329,1769044224,1769.044224,136,198,107,2,20260327_172946
1774628905.8819106,6910368,1769054208,1769.054208,139,198,105,2,20260327_172946
1774628905.8918946,6910407,1769064192,1769.064192,142,198,107,2,20260327_172946
1774628905.9018786,6910446,1769074176,1769.074176,145,198,108,2,20260327_172946
1774628905.9118626,6910485,1769084160,1769.08416,148,198,108,2,20260327_172946
1774628905.9218466,6910524,1769094144,1769.094144,152,198,110,2,20260327_172946
1774628905.9318304,6910563,1769104128,1769.104128,155,198,111,2,20260327_172946
1774628905.9418144,6910602,1769114112,1769.114112,158,198,113,2,20260327_172946
1774628905.9520545,6910642,1769124352,1769.124352,161,198,115,2,20260327_172946
1774628905.9620385,6910681,1769134336,1769.134336,164,199,116,2,20260327_172946
1774628905.9720223,6910720,1769144320,1769.14432,167,199,118,2,20260327_172946
1774628905.9820063,6910759,1769154304,1769.154304,171,199,121,2,20260327_172946
1774628905.9919906,6910798,1769164288,1769.164288,174,199,127,2,20260327_172946
1774628906.0019746,6910837,1769174272,1769.174272,177,199,129,2,20260327_172946
1774628906.0119586,6910876,1769184256,1769.184256,180,199,132,2,20260327_172946
1774628906.0219426,6910915,1769194240,1769.19424,183,199,134,2,20260327_172946
1774628906.0321825,6910955,1769204480,1769.20448,187,199,138,2,20260327_172946
1774628906.0421665,6910994,1769214464,1769.214464,190,199,142,2,20260327_172946
1774628906.0521505,6911033,1769224448,1769.224448,193,199,145,2,20260327_172946
1774628906.0621345,6911072,1769234432,1769.234432,196,199,146,2,20260327_172946
1774628906.0721183,6911111,1769244416,1769.244416,199,199,146,2,20260327_172946
1774628906.0821023,6911150,1769254400,1769.2544,203,199,147,2,20260327_172946
1774628906.0920866,6911189,1769264384,1769.264384,206,199,147,2,20260327_172946
1774628906.1020706,6911228,1769274368,1769.274368,209,199,147,2,20260327_172946
1774628906.1123104,6911268,1769284608,1769.284608,212,199,148,2,20260327_172946
1774628906.1222944,6911307,1769294592,1769.294592,215,199,148,2,20260327_172946
1774628906.1322784,6911346,1769304576,1769.304576,219,199,148,2,20260327_172946
1774628906.1422625,6911385,1769314560,1769.31456,222,199,148,2,20260327_172946
1774628906.1522465,6911424,1769324544,1769.324544,225,198,148,2,20260327_172946
1774628906.1622305,6911463,1769334528,1769.334528,228,199,149,2,20260327_172946
1774628906.1722145,6911502,1769344512,1769.344512,231,200,150,2,20260327_172946
1774628906.1821983,6911541,1769354496,1769.354496,234,199,149,2,20260327_172946
1774628906.1924386,6911581,1769364736,1769.364736,238,199,149,2,20260327_172946
1774628906.2024226,6911620,1769374720,1769.37472,241,199,150,2,20260327_172946
1774628906.2124066,6911659,1769384704,1769.384704,244,199,151,2,20260327_172946
1774628906.2223904,6911698,1769394688,1769.394688,247,199,150,2,20260327_172946
1774628906.2323744,6911737,1769404672,1769.404672,250,199,150,2,20260327_172946
1774628906.2423584,6911776,1769414656,1769.414656,254,200,150,2,20260327_172946
1774628906.2523425,6911815,1769424640,1769.42464,2,199,150,2,20260327_172946
1774628906.2623265,6911854,1769434624,1769.434624,5,199,150,2,20260327_172946
1774628906.2723105,6911893,1769444608,1769.444608,8,199,150,2,20260327_172946
1774628906.2825506,6911933,1769454848,1769.454848,11,199,150,2,20260327_172946
1774628906.2925346,6911972,1769464832,1769.464832,15,199,150,2,20260327_172946
1774628906.3025186,6912011,1769474816,1769.474816,18,199,149,2,20260327_172946
1774628906.3125026,6912050,1769484800,1769.4848,21,199,148,2,20260327_172946
1774628906.3224866,6912089,1769494784,1769.494784,24,199,147,2,20260327_172946
1774628906.3324704,6912128,1769504768,1769.504768,27,199,146,2,20260327_172946
1774628906.3424544,6912167,1769514752,1769.514752,31,199,145,2,20260327_172946
1774628906.3524384,6912206,1769524736,1769.524736,34,199,144,2,20260327_172946
1774628906.3624225,6912245,1769534720,1769.53472,37,199,143,2,20260327_172946
1774628906.3726623,6912285,1769544960,1769.54496,40,199,141,2,20260327_172946
1774628906.3826466,6912324,1769554944,1769.554944,43,199,137,2,20260327_172946
1774628906.3926306,6912363,1769564928,1769.564928,46,199,132,2,20260327_172946
1774628906.4026146,6912402,1769574912,1769.574912,50,199,129,2,20260327_172946
1774628906.4125986,6912441,1769584896,1769.584896,53,199,127,2,20260327_172946
1774628906.4225826,6912480,1769594880,1769.59488,56,199,122,2,20260327_172946
1774628906.4325664,6912519,1769604864,1769.604864,59,199,118,2,20260327_172946
1774628906.4425504,6912558,1769614848,1769.614848,62,199,115,2,20260327_172946
1774628906.4527905,6912598,1769625088,1769.625088,66,199,113,2,20260327_172946
1774628906.4627745,6912637,1769635072,1769.635072,69,199,110,2,20260327_172946
1774628906.4727583,6912676,1769645056,1769.645056,72,199,108,2,20260327_172946
1774628906.4827423,6912715,1769655040,1769.65504,75,199,107,2,20260327_172946
1774628906.4927266,6912754,1769665024,1769.665024,78,199,108,2,20260327_172946
1774628906.5027106,6912793,1769675008,1769.675008,82,199,108,2,20260327_172946
1774628906.5126946,6912832,1769684992,1769.684992,85,200,108,2,20260327_172946
1774628906.5226786,6912871,1769694976,1769.694976,88,199,108,2,20260327_172946
1774628906.5326626,6912910,1769704960,1769.70496,91,199,108,2,20260327_172946
1774628906.5429025,6912950,1769715200,1769.7152,94,199,108,2,20260327_172946
1774628906.5528865,6912989,1769725184,1769.725184,98,199,108,2,20260327_172946
1774628906.5628705,6913028,1769735168,1769.735168,101,198,109,2,20260327_172946
1774628906.5728545,6913067,1769745152,1769.745152,104,198,108,2,20260327_172946
1774628906.5828383,6913106,1769755136,1769.755136,107,198,110,2,20260327_172946
1774628906.5928226,6913145,1769765120,1769.76512,110,198,109,2,20260327_172946
1774628906.6028066,6913184,1769775104,1769.775104,113,198,110,2,20260327_172946
1774628906.6127906,6913223,1769785088,1769.785088,117,198,110,2,20260327_172946
1774628906.6227746,6913262,1769795072,1769.795072,120,198,110,2,20260327_172946
1774628906.6330144,6913302,1769805312,1769.805312,123,198,111,2,20260327_172946
1774628906.6429985,6913341,1769815296,1769.815296,126,198,111,2,20260327_172946
1774628906.6529825,6913380,1769825280,1769.82528,129,198,112,2,20260327_172946
1774628906.6629665,6913419,1769835264,1769.835264,133,198,111,2,20260327_172946
1774628906.6729505,6913458,1769845248,1769.845248,136,198,109,2,20260327_172946
1774628906.6829343,6913497,1769855232,1769.855232,139,198,112,2,20260327_172946
1774628906.6929183,6913536,1769865216,1769.865216,142,199,113,2,20260327_172946
1774628906.7029026,6913575,1769875200,1769.8752,145,199,114,2,20260327_172946
1774628906.7128866,6913614,1769885184,1769.885184,149,199,117,2,20260327_172946
1774628906.7231264,6913654,1769895424,1769.895424,152,198,120,2,20260327_172946
1774628906.7331104,6913693,1769905408,1769.905408,155,199,122,2,20260327_172946
1774628906.7430944,6913732,1769915392,1769.915392,158,199,124,2,20260327_172946
1774628906.7530785,6913771,1769925376,1769.925376,161,198,127,2,20260327_172946
1774628906.7630625,6913810,1769935360,1769.93536,165,198,129,2,20260327_172946
1774628906.7730465,6913849,1769945344,1769.945344,168,198,133,2,20260327_172946
1774628906.7830305,6913888,1769955328,1769.955328,171,199,136,2,20260327_172946
1774628906.7930143,6913927,1769965312,1769.965312,174,198,140,2,20260327_172946
1774628906.8029983,6913966,1769975296,1769.975296,177,198,143,2,20260327_172946
1774628906.8132386,6914006,1769985536,1769.985536,180,198,144,2,20260327_172946
1774628906.8232226,6914045,1769995520,1769.99552,184,198,143,2,20260327_172946
1774628906.8332064,6914084,1770005504,1770.005504,187,198,144,2,20260327_172946
1774628906.8431904,6914123,1770015488,1770.015488,190,198,145,2,20260327_172946
1774628906.8531744,6914162,1770025472,1770.025472,193,198,150,2,20260327_172946
1774628906.8631585,6914201,1770035456,1770.035456,196,198,149,2,20260327_172946
1774628906.8731425,6914240,1770045440,1770.04544,200,198,150,2,20260327_172946
1774628906.8831265,6914279,1770055424,1770.055424,203,199,150,2,20260327_172946
1774628906.8933666,6914319,1770065664,1770.065664,206,199,150,2,20260327_172946
1774628906.9033506,6914358,1770075648,1770.075648,209,198,151,2,20260327_172946
1774628906.9133346,6914397,1770085632,1770.085632,212,198,149,2,20260327_172946
1774628906.9233186,6914436,1770095616,1770.095616,216,199,150,2,20260327_172946
1774628906.9333026,6914475,1770105600,1770.1056,219,199,151,2,20260327_172946
1774628906.9432864,6914514,1770115584,1770.115584,222,198,151,2,20260327_172946
1774628906.9532704,6914553,1770125568,1770.125568,225,199,151,2,20260327_172946
1774628906.9632545,6914592,1770135552,1770.135552,228,199,151,2,20260327_172946
1774628906.9732385,6914631,1770145536,1770.145536,232,199,151,2,20260327_172946
1774628906.9834783,6914671,1770155776,1770.155776,235,199,151,2,20260327_172946
1774628906.9934626,6914710,1770165760,1770.16576,238,199,151,2,20260327_172946
1774628907.0034466,6914749,1770175744,1770.175744,241,199,151,2,20260327_172946
1774628907.0134306,6914788,1770185728,1770.185728,244,199,150,2,20260327_172946
1774628907.0234146,6914827,1770195712,1770.195712,247,198,150,2,20260327_172946
1774628907.0333986,6914866,1770205696,1770.205696,251,199,150,2,20260327_172946
1774628907.0433824,6914905,1770215680,1770.21568,254,199,151,2,20260327_172946
1774628907.0533664,6914944,1770225664,1770.225664,2,199,149,2,20260327_172946
1774628907.0633504,6914983,1770235648,1770.235648,5,199,148,2,20260327_172946
1774628907.0735905,6915023,1770245888,1770.245888,8,199,147,2,20260327_172946
1774628907.0835743,6915062,1770255872,1770.255872,12,199,147,2,20260327_172946
1774628907.0935583,6915101,1770265856,1770.265856,15,199,146,2,20260327_172946
1774628907.1035426,6915140,1770275840,1770.27584,18,199,146,2,20260327_172946
1774628907.1135266,6915179,1770285824,1770.285824,21,199,144,2,20260327_172946
1774628907.1235106,6915218,1770295808,1770.295808,24,199,144,2,20260327_172946
1774628907.1334946,6915257,1770305792,1770.305792,28,199,142,2,20260327_172946
1774628907.1434786,6915296,1770315776,1770.315776,31,199,139,2,20260327_172946
1774628907.1534624,6915335,1770325760,1770.32576,34,199,135,2,20260327_172946
1774628907.1637025,6915375,1770336000,1770.336,37,199,131,2,20260327_172946
1774628907.1736865,6915414,1770345984,1770.345984,40,198,127,2,20260327_172946
1774628907.1836703,6915453,1770355968,1770.355968,43,199,122,2,20260327_172946
1774628907.1936543,6915492,1770365952,1770.365952,47,199,119,2,20260327_172946
1774628907.2036386,6915531,1770375936,1770.375936,50,199,116,2,20260327_172946
1774628907.2136226,6915570,1770385920,1770.38592,53,199,113,2,20260327_172946
1774628907.2236066,6915609,1770395904,1770.395904,56,199,111,2,20260327_172946
1774628907.2335906,6915648,1770405888,1770.405888,59,199,108,2,20260327_172946
1774628907.2438304,6915688,1770416128,1770.416128,63,199,107,2,20260327_172946
1774628907.2538145,6915727,1770426112,1770.426112,66,198,107,2,20260327_172946
1774628907.2637985,6915766,1770436096,1770.436096,69,198,108,2,20260327_172946
1774628907.2737825,6915805,1770446080,1770.44608,72,199,108,2,20260327_172946
1774628907.2837665,6915844,1770456064,1770.456064,75,199,109,2,20260327_172946
1774628907.2937503,6915883,1770466048,1770.466048,79,198,108,2,20260327_172946
1774628907.3037343,6915922,1770476032,1770.476032,82,198,108,2,20260327_172946
1774628907.3137186,6915961,1770486016,1770.486016,85,199,107,2,20260327_172946
1774628907.3237026,6916000,1770496000,1770.496,88,199,107,2,20260327_172946
1774628907.3339424,6916040,1770506240,1770.50624,91,198,107,2,20260327_172946
1774628907.3439264,6916079,1770516224,1770.516224,95,198,108,2,20260327_172946
1774628907.3539104,6916118,1770526208,1770.526208,98,198,108,2,20260327_172946
1774628907.3638945,6916157,1770536192,1770.536192,101,198,108,2,20260327_172946
1774628907.3738785,6916196,1770546176,1770.546176,104,198,108,2,20260327_172946
1774628907.3838625,6916235,1770556160,1770.55616,107,198,108,2,20260327_172946
1774628907.3938465,6916274,1770566144,1770.566144,110,199,107,2,20260327_172946
1774628907.4038303,6916313,1770576128,1770.576128,114,198,109,2,20260327_172946
1774628907.4138143,6916352,1770586112,1770.586112,117,200,110,2,20260327_172946
1774628907.4240546,6916392,1770596352,1770.596352,120,198,110,2,20260327_172946
1774628907.4340386,6916431,1770606336,1770.606336,123,198,110,2,20260327_172946
1774628907.4440224,6916470,1770616320,1770.61632,126,198,111,2,20260327_172946
1774628907.4540064,6916509,1770626304,1770.626304,130,198,112,2,20260327_172946
1774628907.4639904,6916548,1770636288,1770.636288,133,198,113,2,20260327_172946
1774628907.4739745,6916587,1770646272,1770.646272,136,198,114,2,20260327_172946
1774628907.4839585,6916626,1770656256,1770.656256,139,198,116,2,20260327_172946
1774628907.4939425,6916665,1770666240,1770.66624,142,198,118,2,20260327_172946
1774628907.5039265,6916704,1770676224,1770.676224,146,198,122,2,20260327_172946
1774628907.5141666,6916744,1770686464,1770.686464,149,199,126,2,20260327_172946
1774628907.5241506,6916783,1770696448,1770.696448,152,199,127,2,20260327_172946
1774628907.5341346,6916822,1770706432,1770.706432,155,199,130,2,20260327_172946
1774628907.5441184,6916861,1770716416,1770.716416,158,199,132,2,20260327_172946
1774628907.5541024,6916900,1770726400,1770.7264,162,198,135,2,20260327_172946
1774628907.5640864,6916939,1770736384,1770.736384,165,199,140,2,20260327_172946
1774628907.5740705,6916978,1770746368,1770.746368,168,199,142,2,20260327_172946
1774628907.5840545,6917017,1770756352,1770.756352,171,199,143,2,20260327_172946
1774628907.5942943,6917057,1770766592,1770.766592,174,199,143,2,20260327_172946
1774628907.6042786,6917096,1770776576,1770.776576,177,199,144,2,20260327_172946
1774628907.6142626,6917135,1770786560,1770.78656,181,198,144,2,20260327_172946
1774628907.6242466,6917174,1770796544,1770.796544,184,198,146,2,20260327_172946
1774628907.6342306,6917213,1770806528,1770.806528,187,199,146,2,20260327_172946
1774628907.6442146,6917252,1770816512,1770.816512,190,198,146,2,20260327_172946
1774628907.6541984,6917291,1770826496,1770.826496,193,198,147,2,20260327_172946
1774628907.6641824,6917330,1770836480,1770.83648,197,198,147,2,20260327_172946
1774628907.6741664,6917369,1770846464,1770.846464,200,198,147,2,20260327_172946
1774628907.6844065,6917409,1770856704,1770.856704,203,198,147,2,20260327_172946
1774628907.6943903,6917448,1770866688,1770.866688,206,198,148,2,20260327_172946
1774628907.7043746,6917487,1770876672,1770.876672,209,198,148,2,20260327_172946
1774628907.7143586,6917526,1770886656,1770.886656,213,198,149,2,20260327_172946
1774628907.7243426,6917565,1770896640,1770.89664,216,199,148,2,20260327_172946
1774628907.7343266,6917604,1770906624,1770.906624,219,199,148,2,20260327_172946
1774628907.7443106,6917643,1770916608,1770.916608,222,199,148,2,20260327_172946
1774628907.7542946,6917682,1770926592,1770.926592,225,199,148,2,20260327_172946
1774628907.7645345,6917722,1770936832,1770.936832,229,199,148,2,20260327_172946
1774628907.7745185,6917761,1770946816,1770.946816,232,199,148,2,20260327_172946
1774628907.7845025,6917800,1770956800,1770.9568,235,199,149,2,20260327_172946
1774628907.7944863,6917839,1770966784,1770.966784,238,199,149,2,20260327_172946
1774628907.8044703,6917878,1770976768,1770.976768,241,199,149,2,20260327_172946
1774628907.8144546,6917917,1770986752,1770.986752,244,199,150,2,20260327_172946
1774628907.8244386,6917956,1770996736,1770.996736,248,199,149,2,20260327_172946
1774628907.8344226,6917995,1771006720,1771.00672,251,199,149,2,20260327_172946
1774628907.8446624,6918035,1771016960,1771.01696,254,199,149,2,20260327_172946
1774628907.8546464,6918074,1771026944,1771.026944,2,199,148,2,20260327_172946
1774628907.8646305,6918113,1771036928,1771.036928,5,199,148,2,20260327_172946
1774628907.8746145,6918152,1771046912,1771.046912,9,199,148,2,20260327_172946
1774628907.8845985,6918191,1771056896,1771.056896,12,199,147,2,20260327_172946
1774628907.8945825,6918230,1771066880,1771.06688,15,199,146,2,20260327_172946
1774628907.9045663,6918269,1771076864,1771.076864,18,199,145,2,20260327_172946
1774628907.9145503,6918308,1771086848,1771.086848,21,199,144,2,20260327_172946
1774628907.9245346,6918347,1771096832,1771.096832,25,199,144,2,20260327_172946
1774628907.9347746,6918387,1771107072,1771.107072,28,199,142,2,20260327_172946
1774628907.9447584,6918426,1771117056,1771.117056,31,199,142,2,20260327_172946
1774628907.9547424,6918465,1771127040,1771.12704,34,199,139,2,20260327_172946
1774628907.9647264,6918504,1771137024,1771.137024,37,199,133,2,20260327_172946
1774628907.9747105,6918543,1771147008,1771.147008,41,199,129,2,20260327_172946
1774628907.9846945,6918582,1771156992,1771.156992,44,198,126,2,20260327_172946
1774628907.9946785,6918621,1771166976,1771.166976,47,199,121,2,20260327_172946
1774628908.0046625,6918660,1771176960,1771.17696,50,199,118,2,20260327_172946
1774628908.0146463,6918699,1771186944,1771.186944,53,199,114,2,20260327_172946
1774628908.0248866,6918739,1771197184,1771.197184,56,199,111,2,20260327_172946
1774628908.0348706,6918778,1771207168,1771.207168,60,199,108,2,20260327_172946
1774628908.0448546,6918817,1771217152,1771.217152,63,199,107,2,20260327_172946
1774628908.0548384,6918856,1771227136,1771.227136,66,199,108,2,20260327_172946
1774628908.0648224,6918895,1771237120,1771.23712,69,199,108,2,20260327_172946
1774628908.0748065,6918934,1771247104,1771.247104,72,199,108,2,20260327_172946
1774628908.0847905,6918973,1771257088,1771.257088,76,199,108,2,20260327_172946
1774628908.0947745,6919012,1771267072,1771.267072,79,199,107,2,20260327_172946
1774628908.1050146,6919052,1771277312,1771.277312,82,199,107,2,20260327_172946
1774628908.1149986,6919091,1771287296,1771.287296,85,199,108,2,20260327_172946
1774628908.1249826,6919130,1771297280,1771.29728,88,199,109,2,20260327_172946
1774628908.1349666,6919169,1771307264,1771.307264,92,198,107,2,20260327_172946
1774628908.1449506,6919208,1771317248,1771.317248,95,199,108,2,20260327_172946
1774628908.1549344,6919247,1771327232,1771.327232,98,198,107,2,20260327_172946
1774628908.1649184,6919286,1771337216,1771.337216,101,199,108,2,20260327_172946
1774628908.1749024,6919325,1771347200,1771.3472,104,199,108,2,20260327_172946
1774628908.1848865,6919364,1771357184,1771.357184,108,199,109,2,20260327_172946
1774628908.1951263,6919404,1771367424,1771.367424,111,198,108,2,20260327_172946
1774628908.2051103,6919443,1771377408,1771.377408,114,198,109,2,20260327_172946
1774628908.2150946,6919482,1771387392,1771.387392,117,198,109,2,20260327_172946
1774628908.2250786,6919521,1771397376,1771.397376,120,198,109,2,20260327_172946
1774628908.2350626,6919560,1771407360,1771.40736,123,198,109,2,20260327_172946
1774628908.2450466,6919599,1771417344,1771.417344,127,198,110,2,20260327_172946
1774628908.2550306,6919638,1771427328,1771.427328,130,198,111,2,20260327_172946
1774628908.2650144,6919677,1771437312,1771.437312,133,198,111,2,20260327_172946
1774628908.2752545,6919717,1771447552,1771.447552,136,198,112,2,20260327_172946
1774628908.2852385,6919756,1771457536,1771.457536,140,199,114,2,20260327_172946
1774628908.2952223,6919795,1771467520,1771.46752,143,198,116,2,20260327_172946
1774628908.3052063,6919834,1771477504,1771.477504,147,198,119,2,20260327_172946
1774628908.3151906,6919873,1771487488,1771.487488,150,198,122,2,20260327_172946
1774628908.3251746,6919912,1771497472,1771.497472,153,198,126,2,20260327_172946
1774628908.3351586,6919951,1771507456,1771.507456,157,198,127,2,20260327_172946
1774628908.3451426,6919990,1771517440,1771.51744,160,198,129,2,20260327_172946
1774628908.3551266,6920029,1771527424,1771.527424,163,198,132,2,20260327_172946
1774628908.3653665,6920069,1771537664,1771.537664,166,199,135,2,20260327_172946
1774628908.3753505,6920108,1771547648,1771.547648,169,198,140,2,20260327_172946
1774628908.3853345,6920147,1771557632,1771.557632,172,199,144,2,20260327_172946
1774628908.3953185,6920186,1771567616,1771.567616,175,199,143,2,20260327_172946
1774628908.4053023,6920225,1771577600,1771.5776,178,199,143,2,20260327_172946
1774628908.4152863,6920264,1771587584,1771.587584,181,198,142,2,20260327_172946
1774628908.4252706,6920303,1771597568,1771.597568,184,199,143,2,20260327_172946
1774628908.4355106,6920343,1771607808,1771.607808,187,199,144,2,20260327_172946
1774628908.4454944,6920382,1771617792,1771.617792,191,199,145,2,20260327_172946
1774628908.4554784,6920421,1771627776,1771.627776,194,198,146,2,20260327_172946
1774628908.4654624,6920460,1771637760,1771.63776,197,199,147,2,20260327_172946
1774628908.4754465,6920499,1771647744,1771.647744,200,199,146,2,20260327_172946
1774628908.4854305,6920538,1771657728,1771.657728,203,199,146,2,20260327_172946
1774628908.4954145,6920577,1771667712,1771.667712,206,199,147,2,20260327_172946
1774628908.5053985,6920616,1771677696,1771.677696,209,199,148,2,20260327_172946
1774628908.5153823,6920655,1771687680,1771.68768,213,198,147,2,20260327_172946
1774628908.5256226,6920695,1771697920,1771.69792,216,199,148,2,20260327_172946
1774628908.5356066,6920734,1771707904,1771.707904,219,199,148,2,20260327_172946
1774628908.5455906,6920773,1771717888,1771.717888,222,199,148,2,20260327_172946
1774628908.5555744,6920812,1771727872,1771.727872,225,199,148,2,20260327_172946
1774628908.5655584,6920851,1771737856,1771.737856,228,199,148,2,20260327_172946
1774628908.5755424,6920890,1771747840,1771.74784,231,199,148,2,20260327_172946
1774628908.5855265,6920929,1771757824,1771.757824,235,199,149,2,20260327_172946
1774628908.5955105,6920968,1771767808,1771.767808,238,199,148,2,20260327_172946
1774628908.6057506,6921008,1771778048,1771.778048,241,199,149,2,20260327_172946
1774628908.6157346,6921047,1771788032,1771.788032,244,199,148,2,20260327_172946
1774628908.6257186,6921086,1771798016,1771.798016,247,199,148,2,20260327_172946
1774628908.6357026,6921125,1771808000,1771.808,250,199,148,2,20260327_172946
1774628908.6456866,6921164,1771817984,1771.817984,254,199,148,2,20260327_172946
1774628908.6556704,6921203,1771827968,1771.827968,2,199,148,2,20260327_172946
1774628908.6656544,6921242,1771837952,1771.837952,5,199,147,2,20260327_172946
1774628908.6756384,6921281,1771847936,1771.847936,8,199,146,2,20260327_172946
1774628908.6858785,6921321,1771858176,1771.858176,11,199,146,2,20260327_172946
1774628908.6958623,6921360,1771868160,1771.86816,14,199,145,2,20260327_172946
1774628908.7058463,6921399,1771878144,1771.878144,17,199,144,2,20260327_172946
1774628908.7158306,6921438,1771888128,1771.888128,21,199,143,2,20260327_172946
1774628908.7258146,6921477,1771898112,1771.898112,24,199,142,2,20260327_172946
1774628908.7357986,6921516,1771908096,1771.908096,27,199,139,2,20260327_172946
1774628908.7457826,6921555,1771918080,1771.91808,30,199,134,2,20260327_172946
1774628908.7557666,6921594,1771928064,1771.928064,33,199,130,2,20260327_172946
1774628908.7657504,6921633,1771938048,1771.938048,36,199,125,2,20260327_172946
1774628908.7759905,6921673,1771948288,1771.948288,40,199,119,2,20260327_172946
1774628908.7859745,6921712,1771958272,1771.958272,44,199,116,2,20260327_172946
1774628908.7959585,6921751,1771968256,1771.968256,48,199,113,2,20260327_172946
1774628908.8059423,6921790,1771978240,1771.97824,52,199,111,2,20260327_172946
1774628908.8159266,6921829,1771988224,1771.988224,58,199,109,2,20260327_172946
1774628908.8259106,6921868,1771998208,1771.998208,63,199,107,2,20260327_172946
1774628908.8358946,6921907,1772008192,1772.008192,68,199,107,2,20260327_172946
1774628908.8458786,6921946,1772018176,1772.018176,73,199,107,2,20260327_172946
1774628908.8558626,6921985,1772028160,1772.02816,77,199,107,2,20260327_172946
1774628908.8661025,6922025,1772038400,1772.0384,81,199,106,2,20260327_172946
1774628908.8760865,6922064,1772048384,1772.048384,85,199,107,2,20260327_172946
1774628908.8860705,6922103,1772058368,1772.058368,88,199,107,2,20260327_172946
1774628908.8960545,6922142,1772068352,1772.068352,91,199,107,2,20260327_172946
1774628908.9060383,6922181,1772078336,1772.078336,94,199,107,2,20260327_172946
1774628908.9160223,6922220,1772088320,1772.08832,98,199,106,2,20260327_172946
1774628908.9260066,6922259,1772098304,1772.098304,101,198,106,2,20260327_172946
1774628908.9359906,6922298,1772108288,1772.108288,104,198,107,2,20260327_172946
1774628908.9462304,6922338,1772118528,1772.118528,108,198,106,2,20260327_172946
1774628908.9562144,6922377,1772128512,1772.128512,111,198,107,2,20260327_172946
1774628908.9661984,6922416,1772138496,1772.138496,114,198,108,2,20260327_172946
1774628908.9761825,6922455,1772148480,1772.14848,117,198,108,2,20260327_172946
1774628908.9861665,6922494,1772158464,1772.158464,121,198,108,2,20260327_172946
1774628908.9961505,6922533,1772168448,1772.168448,124,198,108,2,20260327_172946
1774628909.0061345,6922572,1772178432,1772.178432,127,198,109,2,20260327_172946
1774628909.0161183,6922611,1772188416,1772.188416,131,198,110,2,20260327_172946
1774628909.0261023,6922650,1772198400,1772.1984,134,198,110,2,20260327_172946
1774628909.0360866,6922689,1772208384,1772.208384,138,198,112,2,20260327_172946
1774628909.0463266,6922729,1772218624,1772.218624,141,198,111,2,20260327_172946
1774628909.0563104,6922768,1772228608,1772.228608,145,198,112,2,20260327_172946
1774628909.0662944,6922807,1772238592,1772.238592,148,198,113,2,20260327_172946
1774628909.0762784,6922846,1772248576,1772.248576,152,198,114,2,20260327_172946
1774628909.0862625,6922885,1772258560,1772.25856,155,198,117,2,20260327_172946
1774628909.0962465,6922924,1772268544,1772.268544,159,199,119,2,20260327_172946
1774628909.1062305,6922963,1772278528,1772.278528,162,198,123,2,20260327_172946
1774628909.1162145,6923002,1772288512,1772.288512,166,198,127,2,20260327_172946
1774628909.1261983,6923041,1772298496,1772.298496,169,198,127,2,20260327_172946
1774628909.1364386,6923081,1772308736,1772.308736,172,198,130,2,20260327_172946
1774628909.1464226,6923120,1772318720,1772.31872,175,198,135,2,20260327_172946
1774628909.1564066,6923159,1772328704,1772.328704,178,198,140,2,20260327_172946
1774628909.1663904,6923198,1772338688,1772.338688,181,198,142,2,20260327_172946
1774628909.1763744,6923237,1772348672,1772.348672,184,198,142,2,20260327_172946
1774628909.1863585,6923276,1772358656,1772.358656,188,198,142,2,20260327_172946
1774628909.1963425,6923315,1772368640,1772.36864,191,198,142,2,20260327_172946
1774628909.2063265,6923354,1772378624,1772.378624,194,199,144,2,20260327_172946
1774628909.2165666,6923394,1772388864,1772.388864,197,199,144,2,20260327_172946
1774628909.2265506,6923433,1772398848,1772.398848,200,199,142,2,20260327_172946
1774628909.2365346,6923472,1772408832,1772.408832,203,198,146,2,20260327_172946
1774628909.2465186,6923511,1772418816,1772.418816,207,198,146,2,20260327_172946
1774628909.2565026,6923550,1772428800,1772.4288,210,199,146,2,20260327_172946
1774628909.2664864,6923589,1772438784,1772.438784,213,199,146,2,20260327_172946
1774628909.2764704,6923628,1772448768,1772.448768,216,199,146,2,20260327_172946
1774628909.2864544,6923667,1772458752,1772.458752,219,199,147,2,20260327_172946
1774628909.2964385,6923706,1772468736,1772.468736,222,199,147,2,20260327_172946
1774628909.3066783,6923746,1772478976,1772.478976,225,199,148,2,20260327_172946
1774628909.3166623,6923785,1772488960,1772.48896,229,199,147,2,20260327_172946
1774628909.3266466,6923824,1772498944,1772.498944,232,199,147,2,20260327_172946
1774628909.3366306,6923863,1772508928,1772.508928,235,199,147,2,20260327_172946
1774628909.3466146,6923902,1772518912,1772.518912,238,200,148,2,20260327_172946
1774628909.3565986,6923941,1772528896,1772.528896,241,199,147,2,20260327_172946
1774628909.3665826,6923980,1772538880,1772.53888,244,199,148,2,20260327_172946
1774628909.3765664,6924019,1772548864,1772.548864,247,199,148,2,20260327_172946
1774628909.3868065,6924059,1772559104,1772.559104,251,199,148,2,20260327_172946
1774628909.3967905,6924098,1772569088,1772.569088,254,199,148,2,20260327_172946
1774628909.4067743,6924137,1772579072,1772.579072,2,199,147,2,20260327_172946
1774628909.4167583,6924176,1772589056,1772.589056,5,199,147,2,20260327_172946
1774628909.4267426,6924215,1772599040,1772.59904,8,199,147,2,20260327_172946
1774628909.4367266,6924254,1772609024,1772.609024,11,199,146,2,20260327_172946
1774628909.4467106,6924293,1772619008,1772.619008,15,199,146,2,20260327_172946
1774628909.4566946,6924332,1772628992,1772.628992,18,199,144,2,20260327_172946
1774628909.4669344,6924372,1772639232,1772.639232,21,199,143,2,20260327_172946
1774628909.4769185,6924411,1772649216,1772.649216,24,199,141,2,20260327_172946
1774628909.4869025,6924450,1772659200,1772.6592,27,199,141,2,20260327_172946
1774628909.4968865,6924489,1772669184,1772.669184,30,199,138,2,20260327_172946
1774628909.5068705,6924528,1772679168,1772.679168,33,199,134,2,20260327_172946
1774628909.5168543,6924567,1772689152,1772.689152,37,199,129,2,20260327_172946
1774628909.5268383,6924606,1772699136,1772.699136,40,199,125,2,20260327_172946
1774628909.5368226,6924645,1772709120,1772.70912,43,199,119,2,20260327_172946
1774628909.5468066,6924684,1772719104,1772.719104,47,199,115,2,20260327_172946
1774628909.5570464,6924724,1772729344,1772.729344,52,199,112,2,20260327_172946
1774628909.5670304,6924763,1772739328,1772.739328,57,199,110,2,20260327_172946
1774628909.5770144,6924802,1772749312,1772.749312,62,199,107,2,20260327_172946
1774628909.5869985,6924841,1772759296,1772.759296,67,199,107,2,20260327_172946
1774628909.5969825,6924880,1772769280,1772.76928,72,199,108,2,20260327_172946
1774628909.6069665,6924919,1772779264,1772.779264,76,199,107,2,20260327_172946
1774628909.6169505,6924958,1772789248,1772.789248,80,199,107,2,20260327_172946
1774628909.6269343,6924997,1772799232,1772.799232,84,199,107,2,20260327_172946
1774628909.6369183,6925036,1772809216,1772.809216,87,199,107,2,20260327_172946
1774628909.6471586,6925076,1772819456,1772.819456,91,199,108,2,20260327_172946
1774628909.6571426,6925115,1772829440,1772.82944,94,199,107,2,20260327_172946
1774628909.6671264,6925154,1772839424,1772.839424,97,199,105,2,20260327_172946
1774628909.6771104,6925193,1772849408,1772.849408,100,199,107,2,20260327_172946
1774628909.6870944,6925232,1772859392,1772.859392,104,199,107,2,20260327_172946
1774628909.6970785,6925271,1772869376,1772.869376,107,199,107,2,20260327_172946
1774628909.7070625,6925310,1772879360,1772.87936,110,198,107,2,20260327_172946
1774628909.7170465,6925349,1772889344,1772.889344,114,198,106,2,20260327_172946
1774628909.7272866,6925389,1772899584,1772.899584,117,199,107,2,20260327_172946
1774628909.7372706,6925428,1772909568,1772.909568,120,198,107,2,20260327_172946
1774628909.7472546,6925467,1772919552,1772.919552,123,198,107,2,20260327_172946
1774628909.7572386,6925506,1772929536,1772.929536,127,198,106,2,20260327_172946
1774628909.7672224,6925545,1772939520,1772.93952,130,198,106,2,20260327_172946
1774628909.7772064,6925584,1772949504,1772.949504,134,198,106,2,20260327_172946
1774628909.7871904,6925623,1772959488,1772.959488,137,198,107,2,20260327_172946
1774628909.7971745,6925662,1772969472,1772.969472,141,198,108,2,20260327_172946
1774628909.8071585,6925701,1772979456,1772.979456,144,198,108,2,20260327_172946
1774628909.8173983,6925741,1772989696,1772.989696,148,198,108,2,20260327_172946
1774628909.8273826,6925780,1772999680,1772.99968,152,198,108,2,20260327_172946
1774628909.8373666,6925819,1773009664,1773.009664,155,198,108,2,20260327_172946
1774628909.8473506,6925858,1773019648,1773.019648,159,199,110,2,20260327_172946
1774628909.8573346,6925897,1773029632,1773.029632,163,198,109,2,20260327_172946
1774628909.8673186,6925936,1773039616,1773.039616,167,199,111,2,20260327_172946
1774628909.8773024,6925975,1773049600,1773.0496,170,199,112,2,20260327_172946
1774628909.8872864,6926014,1773059584,1773.059584,174,199,114,2,20260327_172946
1774628909.8972704,6926053,1773069568,1773.069568,177,198,116,2,20260327_172946
1774628909.9075105,6926093,1773079808,1773.079808,180,199,121,2,20260327_172946
1774628909.9174943,6926132,1773089792,1773.089792,183,199,126,2,20260327_172946
1774628909.9274786,6926171,1773099776,1773.099776,187,199,127,2,20260327_172946
1774628909.9374626,6926210,1773109760,1773.10976,190,199,130,2,20260327_172946
1774628909.9474466,6926249,1773119744,1773.119744,193,198,136,2,20260327_172946
1774628909.9574306,6926288,1773129728,1773.129728,196,199,140,2,20260327_172946
1774628909.9674146,6926327,1773139712,1773.139712,199,199,141,2,20260327_172946
1774628909.9773986,6926366,1773149696,1773.149696,203,199,141,2,20260327_172946
1774628909.9873824,6926405,1773159680,1773.15968,206,199,142,2,20260327_172946
1774628909.9976225,6926445,1773169920,1773.16992,209,199,143,2,20260327_172946
1774628910.0076065,6926484,1773179904,1773.179904,212,199,143,2,20260327_172946
1774628910.0175903,6926523,1773189888,1773.189888,215,199,144,2,20260327_172946
1774628910.0275743,6926562,1773199872,1773.199872,218,199,145,2,20260327_172946
1774628910.0375586,6926601,1773209856,1773.209856,221,199,145,2,20260327_172946
1774628910.0475426,6926640,1773219840,1773.21984,225,199,147,2,20260327_172946
1774628910.0575266,6926679,1773229824,1773.229824,228,199,146,2,20260327_172946
1774628910.0675106,6926718,1773239808,1773.239808,231,199,146,2,20260327_172946
1774628910.0774946,6926757,1773249792,1773.249792,234,199,146,2,20260327_172946
1774628910.0877345,6926797,1773260032,1773.260032,237,199,147,2,20260327_172946
1774628910.0977185,6926836,1773270016,1773.270016,240,199,146,2,20260327_172946
1774628910.1077025,6926875,1773280000,1773.28,243,199,146,2,20260327_172946
1774628910.1176865,6926914,1773289984,1773.289984,247,199,147,2,20260327_172946
1774628910.1276703,6926953,1773299968,1773.299968,250,200,147,2,20260327_172946
1774628910.1376543,6926992,1773309952,1773.309952,253,199,147,2,20260327_172946
1774628910.1476386,6927031,1773319936,1773.319936,1,199,147,2,20260327_172946
1774628910.1576226,6927070,1773329920,1773.32992,4,199,147,2,20260327_172946
1774628910.1678624,6927110,1773340160,1773.34016,8,199,147,2,20260327_172946
1774628910.1778464,6927149,1773350144,1773.350144,11,199,146,2,20260327_172946
1774628910.1878304,6927188,1773360128,1773.360128,14,199,146,2,20260327_172946
1774628910.1978145,6927227,1773370112,1773.370112,17,199,146,2,20260327_172946
1774628910.2077985,6927266,1773380096,1773.380096,20,199,145,2,20260327_172946
1774628910.2177825,6927305,1773390080,1773.39008,23,199,144,2,20260327_172946
1774628910.2277665,6927344,1773400064,1773.400064,26,199,144,2,20260327_172946
1774628910.2377503,6927383,1773410048,1773.410048,29,199,143,2,20260327_172946
1774628910.2477343,6927422,1773420032,1773.420032,33,199,142,2,20260327_172946
1774628910.2579746,6927462,1773430272,1773.430272,36,199,139,2,20260327_172946
1774628910.2679586,6927501,1773440256,1773.440256,38,198,136,2,20260327_172946
1774628910.2779424,6927540,1773450240,1773.45024,41,199,132,2,20260327_172946
1774628910.2879264,6927579,1773460224,1773.460224,45,199,127,2,20260327_172946
1774628910.2979105,6927618,1773470208,1773.470208,48,199,123,2,20260327_172946
1774628910.3078945,6927657,1773480192,1773.480192,52,199,117,2,20260327_172946
1774628910.3178785,6927696,1773490176,1773.490176,56,199,113,2,20260327_172946
1774628910.3278625,6927735,1773500160,1773.50016,61,199,110,2,20260327_172946
1774628910.3378465,6927774,1773510144,1773.510144,66,199,107,2,20260327_172946
1774628910.3480866,6927814,1773520384,1773.520384,71,199,106,2,20260327_172946
1774628910.3580706,6927853,1773530368,1773.530368,76,199,107,2,20260327_172946
1774628910.3680546,6927892,1773540352,1773.540352,80,199,106,2,20260327_172946
1774628910.3780384,6927931,1773550336,1773.550336,83,199,106,2,20260327_172946
1774628910.3880224,6927970,1773560320,1773.56032,87,199,106,2,20260327_172946
1774628910.3980064,6928009,1773570304,1773.570304,90,199,107,2,20260327_172946
1774628910.4079905,6928048,1773580288,1773.580288,93,199,107,2,20260327_172946
1774628910.4179745,6928087,1773590272,1773.590272,97,199,106,2,20260327_172946
1774628910.4279585,6928126,1773600256,1773.600256,100,199,107,2,20260327_172946
1774628910.4381986,6928166,1773610496,1773.610496,103,199,107,2,20260327_172946
1774628910.4481826,6928205,1773620480,1773.62048,106,198,106,2,20260327_172946
1774628910.4581666,6928244,1773630464,1773.630464,110,198,107,2,20260327_172946
1774628910.4681506,6928283,1773640448,1773.640448,113,199,108,2,20260327_172946
1774628910.4781346,6928322,1773650432,1773.650432,116,198,106,2,20260327_172946
1774628910.4881184,6928361,1773660416,1773.660416,120,198,107,2,20260327_172946
1774628910.4981024,6928400,1773670400,1773.6704,123,198,107,2,20260327_172946
1774628910.5080864,6928439,1773680384,1773.680384,126,199,107,2,20260327_172946
1774628910.5183263,6928479,1773690624,1773.690624,130,198,106,2,20260327_172946
1774628910.5283103,6928518,1773700608,1773.700608,133,198,107,2,20260327_172946
1774628910.5382946,6928557,1773710592,1773.710592,137,198,107,2,20260327_172946
1774628910.5482786,6928596,1773720576,1773.720576,140,198,107,2,20260327_172946
1774628910.5582626,6928635,1773730560,1773.73056,144,198,108,2,20260327_172946
1774628910.5682466,6928674,1773740544,1773.740544,147,198,108,2,20260327_172946
1774628910.5782306,6928713,1773750528,1773.750528,151,198,108,2,20260327_172946
1774628910.5882146,6928752,1773760512,1773.760512,155,199,108,2,20260327_172946
1774628910.5981984,6928791,1773770496,1773.770496,159,198,108,2,20260327_172946
1774628910.6084385,6928831,1773780736,1773.780736,163,197,109,2,20260327_172946
1774628910.6184225,6928870,1773790720,1773.79072,166,198,109,2,20260327_172946
1774628910.6284063,6928909,1773800704,1773.800704,170,198,110,2,20260327_172946
1774628910.6383903,6928948,1773810688,1773.810688,173,198,112,2,20260327_172946
1774628910.6483746,6928987,1773820672,1773.820672,177,199,113,2,20260327_172946
1774628910.6583586,6929026,1773830656,1773.830656,180,199,116,2,20260327_172946
1774628910.6683426,6929065,1773840640,1773.84064,183,199,119,2,20260327_172946
1774628910.6783266,6929104,1773850624,1773.850624,186,199,124,2,20260327_172946
1774628910.6883106,6929143,1773860608,1773.860608,190,199,125,2,20260327_172946
1774628910.6982946,6929182,1773870592,1773.870592,193,199,127,2,20260327_172946
1774628910.7085345,6929222,1773880832,1773.880832,196,199,131,2,20260327_172946
1774628910.7185185,6929261,1773890816,1773.890816,199,199,137,2,20260327_172946
1774628910.7285025,6929300,1773900800,1773.9008,202,199,140,2,20260327_172946
1774628910.7384863,6929339,1773910784,1773.910784,205,199,141,2,20260327_172946
1774628910.7484703,6929378,1773920768,1773.920768,209,199,141,2,20260327_172946
1774628910.7584546,6929417,1773930752,1773.930752,212,199,141,2,20260327_172946
1774628910.7684386,6929456,1773940736,1773.940736,215,199,142,2,20260327_172946
1774628910.7784226,6929495,1773950720,1773.95072,218,199,144,2,20260327_172946
1774628910.7886624,6929535,1773960960,1773.96096,221,199,144,2,20260327_172946
1774628910.7986465,6929574,1773970944,1773.970944,224,199,144,2,20260327_172946
1774628910.8086305,6929613,1773980928,1773.980928,227,199,145,2,20260327_172946
1774628910.8186145,6929652,1773990912,1773.990912,231,199,146,2,20260327_172946
1774628910.8285985,6929691,1774000896,1774.000896,234,199,145,2,20260327_172946
1774628910.8385825,6929730,1774010880,1774.01088,237,199,146,2,20260327_172946
1774628910.8485663,6929769,1774020864,1774.020864,240,199,146,2,20260327_172946
1774628910.8585503,6929808,1774030848,1774.030848,243,199,146,2,20260327_172946
1774628910.8685346,6929847,1774040832,1774.040832,246,199,146,2,20260327_172946
1774628910.8787744,6929887,1774051072,1774.051072,250,199,146,2,20260327_172946
1774628910.8887584,6929926,1774061056,1774.061056,253,199,146,2,20260327_172946
1774628910.8987424,6929965,1774071040,1774.07104,1,199,146,2,20260327_172946
1774628910.9087265,6930004,1774081024,1774.081024,4,199,146,2,20260327_172946
1774628910.9187105,6930043,1774091008,1774.091008,7,199,146,2,20260327_172946
1774628910.9286945,6930082,1774100992,1774.100992,10,199,146,2,20260327_172946
1774628910.9386785,6930121,1774110976,1774.110976,13,199,146,2,20260327_172946
1774628910.9486623,6930160,1774120960,1774.12096,17,199,147,2,20260327_172946
1774628910.9589026,6930200,1774131200,1774.1312,20,199,146,2,20260327_172946
1774628910.9688866,6930239,1774141184,1774.141184,23,199,146,2,20260327_172946
1774628910.9788706,6930278,1774151168,1774.151168,26,199,146,2,20260327_172946
1774628910.9888544,6930317,1774161152,1774.161152,29,200,146,2,20260327_172946
1774628910.9988384,6930356,1774171136,1774.171136,32,199,145,2,20260327_172946
1774628911.0088224,6930395,1774181120,1774.18112,35,199,144,2,20260327_172946
1774628911.0188065,6930434,1774191104,1774.191104,38,199,143,2,20260327_172946
1774628911.0287905,6930473,1774201088,1774.201088,41,199,142,2,20260327_172946
1774628911.0387745,6930512,1774211072,1774.211072,43,201,141,2,20260327_172946
1774628911.0490146,6930552,1774221312,1774.221312,45,199,138,2,20260327_172946
1774628911.0589986,6930591,1774231296,1774.231296,48,200,133,2,20260327_172946
1774628911.0689826,6930630,1774241280,1774.24128,51,199,127,2,20260327_172946
1774628911.0789666,6930669,1774251264,1774.251264,54,199,123,2,20260327_172946
1774628911.0889506,6930708,1774261248,1774.261248,58,199,117,2,20260327_172946
1774628911.0989344,6930747,1774271232,1774.271232,63,199,113,2,20260327_172946
1774628911.1089184,6930786,1774281216,1774.281216,67,200,110,2,20260327_172946
1774628911.1189024,6930825,1774291200,1774.2912,72,199,108,2,20260327_172946
1774628911.1288865,6930864,1774301184,1774.301184,76,199,106,2,20260327_172946
1774628911.1391263,6930904,1774311424,1774.311424,80,199,107,2,20260327_172946
1774628911.1491106,6930943,1774321408,1774.321408,84,199,107,2,20260327_172946
1774628911.1590946,6930982,1774331392,1774.331392,87,199,106,2,20260327_172946
1774628911.1690786,6931021,1774341376,1774.341376,91,199,106,2,20260327_172946
1774628911.1790626,6931060,1774351360,1774.35136,94,199,105,2,20260327_172946
1774628911.1890466,6931099,1774361344,1774.361344,97,199,107,2,20260327_172946
1774628911.1990306,6931138,1774371328,1774.371328,100,199,106,2,20260327_172946
1774628911.2090144,6931177,1774381312,1774.381312,104,199,107,2,20260327_172946
1774628911.2192545,6931217,1774391552,1774.391552,107,198,106,2,20260327_172946
1774628911.2292385,6931256,1774401536,1774.401536,110,199,107,2,20260327_172946
1774628911.2392223,6931295,1774411520,1774.41152,114,198,107,2,20260327_172946
1774628911.2492063,6931334,1774421504,1774.421504,117,198,107,2,20260327_172946
1774628911.2591906,6931373,1774431488,1774.431488,120,198,108,2,20260327_172946
1774628911.2691746,6931412,1774441472,1774.441472,123,199,108,2,20260327_172946
1774628911.2791586,6931451,1774451456,1774.451456,127,199,108,2,20260327_172946
1774628911.2891426,6931490,1774461440,1774.46144,130,198,108,2,20260327_172946
1774628911.2991266,6931529,1774471424,1774.471424,134,198,108,2,20260327_172946
1774628911.3093665,6931569,1774481664,1774.481664,137,198,108,2,20260327_172946
1774628911.3193505,6931608,1774491648,1774.491648,141,199,109,2,20260327_172946
1774628911.3293345,6931647,1774501632,1774.501632,144,198,109,2,20260327_172946
1774628911.3393185,6931686,1774511616,1774.511616,148,198,108,2,20260327_172946
1774628911.3493023,6931725,1774521600,1774.5216,151,198,110,2,20260327_172946
1774628911.3592863,6931764,1774531584,1774.531584,155,198,110,2,20260327_172946
1774628911.3692706,6931803,1774541568,1774.541568,159,198,110,2,20260327_172946
1774628911.3792546,6931842,1774551552,1774.551552,163,198,111,2,20260327_172946
1774628911.3892386,6931881,1774561536,1774.561536,166,199,112,2,20260327_172946
1774628911.3994784,6931921,1774571776,1774.571776,170,198,113,2,20260327_172946
1774628911.4094625,6931960,1774581760,1774.58176,173,199,114,2,20260327_172946
1774628911.4194465,6931999,1774591744,1774.591744,177,199,116,2,20260327_172946
1774628911.4294305,6932038,1774601728,1774.601728,180,199,120,2,20260327_172946
1774628911.4394145,6932077,1774611712,1774.611712,183,199,125,2,20260327_172946
1774628911.4493985,6932116,1774621696,1774.621696,186,199,127,2,20260327_172946
1774628911.4593823,6932155,1774631680,1774.63168,189,199,129,2,20260327_172946
1774628911.4693666,6932194,1774641664,1774.641664,192,199,131,2,20260327_172946
1774628911.4793506,6932233,1774651648,1774.651648,196,199,135,2,20260327_172946
1774628911.4893346,6932272,1774661632,1774.661632,199,199,140,2,20260327_172946
1774628911.4995744,6932312,1774671872,1774.671872,202,199,141,2,20260327_172946
1774628911.5095584,6932351,1774681856,1774.681856,205,199,141,2,20260327_172946
1774628911.5195425,6932390,1774691840,1774.69184,208,199,140,2,20260327_172946
1774628911.5295265,6932429,1774701824,1774.701824,211,199,142,2,20260327_172946
1774628911.5395105,6932468,1774711808,1774.711808,215,199,142,2,20260327_172946
1774628911.5494945,6932507,1774721792,1774.721792,218,199,144,2,20260327_172946
1774628911.5594783,6932546,1774731776,1774.731776,221,199,143,2,20260327_172946
1774628911.5694623,6932585,1774741760,1774.74176,224,199,144,2,20260327_172946
1774628911.5797026,6932625,1774752000,1774.752,227,199,144,2,20260327_172946
1774628911.5896866,6932664,1774761984,1774.761984,230,199,145,2,20260327_172946
1774628911.5996704,6932703,1774771968,1774.771968,234,199,145,2,20260327_172946
1774628911.6096544,6932742,1774781952,1774.781952,237,199,146,2,20260327_172946
1774628911.6196384,6932781,1774791936,1774.791936,240,199,147,2,20260327_172946
1774628911.6296225,6932820,1774801920,1774.80192,243,199,146,2,20260327_172946
1774628911.6396065,6932859,1774811904,1774.811904,246,199,146,2,20260327_172946
1774628911.6495905,6932898,1774821888,1774.821888,249,199,147,2,20260327_172946
1774628911.6595745,6932937,1774831872,1774.831872,252,199,146,2,20260327_172946
1774628911.6698146,6932977,1774842112,1774.842112,1,199,147,2,20260327_172946
1774628911.6797986,6933016,1774852096,1774.852096,4,199,146,2,20260327_172946
1774628911.6897826,6933055,1774862080,1774.86208,7,200,147,2,20260327_172946
1774628911.6997666,6933094,1774872064,1774.872064,10,199,146,2,20260327_172946
1774628911.7097504,6933133,1774882048,1774.882048,13,199,146,2,20260327_172946
1774628911.7197344,6933172,1774892032,1774.892032,16,199,146,2,20260327_172946
1774628911.7297184,6933211,1774902016,1774.902016,19,199,146,2,20260327_172946
1774628911.7397025,6933250,1774912000,1774.912,23,199,146,2,20260327_172946
1774628911.7496865,6933289,1774921984,1774.921984,26,199,146,2,20260327_172946
1774628911.7599266,6933329,1774932224,1774.932224,29,199,147,2,20260327_172946
1774628911.7699106,6933368,1774942208,1774.942208,32,199,145,2,20260327_172946
1774628911.7798946,6933407,1774952192,1774.952192,35,199,144,2,20260327_172946
1774628911.7898786,6933446,1774962176,1774.962176,38,199,144,2,20260327_172946
1774628911.7998626,6933485,1774972160,1774.97216,40,199,142,2,20260327_172946
1774628911.8098466,6933524,1774982144,1774.982144,43,199,142,2,20260327_172946
1774628911.8198304,6933563,1774992128,1774.992128,45,199,141,2,20260327_172946
1774628911.8298144,6933602,1775002112,1775.002112,47,199,139,2,20260327_172946
1774628911.8397985,6933641,1775012096,1775.012096,50,199,136,2,20260327_172946
1774628911.8500383,6933681,1775022336,1775.022336,52,199,130,2,20260327_172946
1774628911.8600223,6933720,1775032320,1775.03232,55,199,127,2,20260327_172946
1774628911.8700066,6933759,1775042304,1775.042304,59,199,122,2,20260327_172946
1774628911.8799906,6933798,1775052288,1775.052288,63,199,118,2,20260327_172946
1774628911.8899746,6933837,1775062272,1775.062272,67,199,114,2,20260327_172946
1774628911.8999586,6933876,1775072256,1775.072256,71,199,112,2,20260327_172946
1774628911.9099426,6933915,1775082240,1775.08224,75,199,109,2,20260327_172946
1774628911.9199264,6933954,1775092224,1775.092224,79,199,107,2,20260327_172946
1774628911.9299104,6933993,1775102208,1775.102208,83,199,106,2,20260327_172946
1774628911.9401505,6934033,1775112448,1775.112448,86,199,107,2,20260327_172946
1774628911.9501345,6934072,1775122432,1775.122432,90,199,107,2,20260327_172946
1774628911.9601183,6934111,1775132416,1775.132416,93,199,107,2,20260327_172946
1774628911.9701023,6934150,1775142400,1775.1424,96,199,107,2,20260327_172946
1774628911.9800866,6934189,1775152384,1775.152384,100,199,107,2,20260327_172946
1774628911.9900706,6934228,1775162368,1775.162368,103,199,107,2,20260327_172946
1774628912.0000546,6934267,1775172352,1775.172352,106,198,106,2,20260327_172946
1774628912.0100386,6934306,1775182336,1775.182336,109,198,107,2,20260327_172946
1774628912.0202785,6934346,1775192576,1775.192576,113,199,107,2,20260327_172946
1774628912.0302625,6934385,1775202560,1775.20256,116,198,108,2,20260327_172946
1774628912.0402465,6934424,1775212544,1775.212544,119,198,108,2,20260327_172946
1774628912.0502305,6934463,1775222528,1775.222528,123,199,108,2,20260327_172946
1774628912.0602143,6934502,1775232512,1775.232512,126,198,109,2,20260327_172946
1774628912.0701983,6934541,1775242496,1775.242496,129,198,109,2,20260327_172946
1774628912.0801826,6934580,1775252480,1775.25248,133,198,111,2,20260327_172946
1774628912.0901666,6934619,1775262464,1775.262464,136,198,110,2,20260327_172946
1774628912.1001506,6934658,1775272448,1775.272448,140,199,110,2,20260327_172946
1774628912.1103904,6934698,1775282688,1775.282688,143,199,111,2,20260327_172946
1774628912.1203744,6934737,1775292672,1775.292672,147,199,113,2,20260327_172946
1774628912.1303585,6934776,1775302656,1775.302656,150,199,112,2,20260327_172946
1774628912.1403425,6934815,1775312640,1775.31264,154,199,113,2,20260327_172946
1774628912.1503265,6934854,1775322624,1775.322624,158,198,113,2,20260327_172946
1774628912.1603105,6934893,1775332608,1775.332608,161,199,115,2,20260327_172946
1774628912.1702943,6934932,1775342592,1775.342592,165,198,116,2,20260327_172946
1774628912.1802783,6934971,1775352576,1775.352576,168,200,118,2,20260327_172946
1774628912.1902626,6935010,1775362560,1775.36256,172,199,121,2,20260327_172946
1774628912.2005026,6935050,1775372800,1775.3728,175,199,124,2,20260327_172946
1774628912.2104864,6935089,1775382784,1775.382784,178,198,127,2,20260327_172946
1774628912.2204704,6935128,1775392768,1775.392768,181,199,127,2,20260327_172946
1774628912.2304544,6935167,1775402752,1775.402752,184,199,130,2,20260327_172946
1774628912.2404385,6935206,1775412736,1775.412736,187,200,133,2,20260327_172946
1774628912.2504225,6935245,1775422720,1775.42272,191,199,137,2,20260327_172946
1774628912.2604065,6935284,1775432704,1775.432704,194,199,140,2,20260327_172946
1774628912.2703905,6935323,1775442688,1775.442688,197,199,141,2,20260327_172946
1774628912.2803743,6935362,1775452672,1775.452672,200,199,142,2,20260327_172946
1774628912.2906146,6935402,1775462912,1775.462912,203,199,142,2,20260327_172946
1774628912.3005986,6935441,1775472896,1775.472896,206,199,143,2,20260327_172946
1774628912.3105826,6935480,1775482880,1775.48288,210,199,143,2,20260327_172946
1774628912.3205664,6935519,1775492864,1775.492864,213,199,144,2,20260327_172946
1774628912.3305504,6935558,1775502848,1775.502848,216,199,145,2,20260327_172946
1774628912.3405344,6935597,1775512832,1775.512832,219,198,145,2,20260327_172946
1774628912.3505185,6935636,1775522816,1775.522816,222,199,145,2,20260327_172946
1774628912.3605025,6935675,1775532800,1775.5328,225,199,145,2,20260327_172946
1774628912.3704865,6935714,1775542784,1775.542784,228,199,146,2,20260327_172946
1774628912.3807266,6935754,1775553024,1775.553024,232,199,146,2,20260327_172946
1774628912.3907106,6935793,1775563008,1775.563008,235,199,146,2,20260327_172946
1774628912.4006946,6935832,1775572992,1775.572992,238,199,146,2,20260327_172946
1774628912.4106786,6935871,1775582976,1775.582976,241,199,146,2,20260327_172946
1774628912.4206624,6935910,1775592960,1775.59296,244,199,147,2,20260327_172946
1774628912.4306464,6935949,1775602944,1775.602944,247,199,146,2,20260327_172946
1774628912.4406304,6935988,1775612928,1775.612928,251,199,146,2,20260327_172946
1774628912.4506145,6936027,1775622912,1775.622912,254,199,146,2,20260327_172946
1774628912.4605985,6936066,1775632896,1775.632896,2,200,146,2,20260327_172946
1774628912.4708383,6936106,1775643136,1775.643136,5,199,146,2,20260327_172946
1774628912.4808226,6936145,1775653120,1775.65312,8,200,146,2,20260327_172946
1774628912.4908066,6936184,1775663104,1775.663104,11,199,146,2,20260327_172946
1774628912.5007906,6936223,1775673088,1775.673088,14,199,146,2,20260327_172946
1774628912.5107746,6936262,1775683072,1775.683072,18,200,146,2,20260327_172946
1774628912.5207586,6936301,1775693056,1775.693056,21,199,146,2,20260327_172946
1774628912.5307424,6936340,1775703040,1775.70304,24,199,146,2,20260327_172946
1774628912.5407264,6936379,1775713024,1775.713024,27,199,146,2,20260327_172946
1774628912.5509665,6936419,1775723264,1775.723264,30,199,145,2,20260327_172946
1774628912.5609505,6936458,1775733248,1775.733248,33,199,145,2,20260327_172946
1774628912.5709343,6936497,1775743232,1775.743232,36,199,145,2,20260327_172946
1774628912.5809186,6936536,1775753216,1775.753216,39,199,144,2,20260327_172946
1774628912.5909026,6936575,1775763200,1775.7632,41,199,143,2,20260327_172946
1774628912.6008866,6936614,1775773184,1775.773184,44,199,142,2,20260327_172946
1774628912.6108706,6936653,1775783168,1775.783168,46,199,141,2,20260327_172946
1774628912.6208546,6936692,1775793152,1775.793152,48,199,140,2,20260327_172946
1774628912.6308386,6936731,1775803136,1775.803136,50,200,137,2,20260327_172946
1774628912.6410785,6936771,1775813376,1775.813376,52,199,132,2,20260327_172946
1774628912.6510625,6936810,1775823360,1775.82336,55,199,128,2,20260327_172946
1774628912.6610465,6936849,1775833344,1775.833344,58,199,125,2,20260327_172946
1774628912.6710303,6936888,1775843328,1775.843328,62,199,122,2,20260327_172946
1774628912.6810143,6936927,1775853312,1775.853312,66,199,120,2,20260327_172946
1774628912.6909986,6936966,1775863296,1775.863296,70,199,115,2,20260327_172946
1774628912.7009826,6937005,1775873280,1775.87328,74,199,113,2,20260327_172946
1774628912.7109666,6937044,1775883264,1775.883264,78,199,111,2,20260327_172946
1774628912.7212064,6937084,1775893504,1775.893504,82,199,109,2,20260327_172946
1774628912.7311904,6937123,1775903488,1775.903488,85,199,106,2,20260327_172946
1774628912.7411745,6937162,1775913472,1775.913472,89,199,107,2,20260327_172946
1774628912.7511585,6937201,1775923456,1775.923456,92,199,108,2,20260327_172946
1774628912.7611425,6937240,1775933440,1775.93344,95,199,107,2,20260327_172946
1774628912.7711265,6937279,1775943424,1775.943424,98,199,106,2,20260327_172946
1774628912.7811103,6937318,1775953408,1775.953408,102,198,107,2,20260327_172946
1774628912.7910943,6937357,1775963392,1775.963392,105,199,107,2,20260327_172946
1774628912.8010786,6937396,1775973376,1775.973376,108,198,108,2,20260327_172946
1774628912.8113186,6937436,1775983616,1775.983616,112,199,107,2,20260327_172946
1774628912.8213024,6937475,1775993600,1775.9936,115,198,108,2,20260327_172946
1774628912.8312864,6937514,1776003584,1776.003584,118,198,108,2,20260327_172946
1774628912.8412704,6937553,1776013568,1776.013568,121,198,108,2,20260327_172946
1774628912.8512545,6937592,1776023552,1776.023552,125,198,108,2,20260327_172946
1774628912.8612385,6937631,1776033536,1776.033536,128,198,109,2,20260327_172946
1774628912.8712225,6937670,1776043520,1776.04352,132,198,110,2,20260327_172946
1774628912.8812065,6937709,1776053504,1776.053504,135,198,110,2,20260327_172946
1774628912.8914466,6937749,1776063744,1776.063744,138,198,110,2,20260327_172946
1774628912.9014306,6937788,1776073728,1776.073728,142,198,111,2,20260327_172946
1774628912.9114146,6937827,1776083712,1776.083712,145,198,112,2,20260327_172946
1774628912.9213986,6937866,1776093696,1776.093696,149,198,112,2,20260327_172946
1774628912.9313824,6937905,1776103680,1776.10368,153,198,113,2,20260327_172946
1774628912.9413664,6937944,1776113664,1776.113664,156,198,114,2,20260327_172946
1774628912.9513505,6937983,1776123648,1776.123648,160,198,115,2,20260327_172946
1774628912.9613345,6938022,1776133632,1776.133632,164,198,116,2,20260327_172946
1774628912.9713185,6938061,1776143616,1776.143616,167,198,118,2,20260327_172946
1774628912.9815586,6938101,1776153856,1776.153856,170,198,121,2,20260327_172946
1774628912.9915426,6938140,1776163840,1776.16384,174,198,126,2,20260327_172946
1774628913.0015266,6938179,1776173824,1776.173824,177,198,127,2,20260327_172946
1774628913.0115106,6938218,1776183808,1776.183808,180,199,129,2,20260327_172946
1774628913.0214946,6938257,1776193792,1776.193792,183,198,131,2,20260327_172946
1774628913.0314784,6938296,1776203776,1776.203776,186,199,135,2,20260327_172946
1774628913.0414624,6938335,1776213760,1776.21376,189,198,140,2,20260327_172946
1774628913.0514464,6938374,1776223744,1776.223744,193,199,141,2,20260327_172946
1774628913.0614305,6938413,1776233728,1776.233728,196,198,141,2,20260327_172946
1774628913.0716703,6938453,1776243968,1776.243968,199,199,141,2,20260327_172946
1774628913.0816543,6938492,1776253952,1776.253952,202,199,142,2,20260327_172946
1774628913.0916386,6938531,1776263936,1776.263936,205,199,142,2,20260327_172946
1774628913.1016226,6938570,1776273920,1776.27392,208,199,143,2,20260327_172946
1774628913.1116066,6938609,1776283904,1776.283904,211,199,144,2,20260327_172946
1774628913.1215906,6938648,1776293888,1776.293888,215,199,144,2,20260327_172946
1774628913.1315746,6938687,1776303872,1776.303872,218,199,146,2,20260327_172946
1774628913.1415584,6938726,1776313856,1776.313856,221,199,145,2,20260327_172946
1774628913.1517985,6938766,1776324096,1776.324096,224,199,146,2,20260327_172946
1774628913.1617825,6938805,1776334080,1776.33408,227,199,146,2,20260327_172946
1774628913.1717663,6938844,1776344064,1776.344064,230,199,146,2,20260327_172946
1774628913.1817503,6938883,1776354048,1776.354048,234,199,146,2,20260327_172946
1774628913.1917346,6938922,1776364032,1776.364032,237,199,146,2,20260327_172946
1774628913.2017186,6938961,1776374016,1776.374016,240,199,146,2,20260327_172946
1774628913.2117026,6939000,1776384000,1776.384,243,199,146,2,20260327_172946
1774628913.2216866,6939039,1776393984,1776.393984,246,199,146,2,20260327_172946
1774628913.2316706,6939078,1776403968,1776.403968,249,199,146,2,20260327_172946
1774628913.2419105,6939118,1776414208,1776.414208,252,199,146,2,20260327_172946
1774628913.2518945,6939157,1776424192,1776.424192,1,199,146,2,20260327_172946
1774628913.2618785,6939196,1776434176,1776.434176,4,199,146,2,20260327_172946
1774628913.2718625,6939235,1776444160,1776.44416,7,199,148,2,20260327_172946
1774628913.2818463,6939274,1776454144,1776.454144,10,199,147,2,20260327_172946
1774628913.2918303,6939313,1776464128,1776.464128,13,199,146,2,20260327_172946
1774628913.3018146,6939352,1776474112,1776.474112,16,199,146,2,20260327_172946
1774628913.3117986,6939391,1776484096,1776.484096,19,199,147,2,20260327_172946
1774628913.3220384,6939431,1776494336,1776.494336,23,199,147,2,20260327_172946
1774628913.3320224,6939470,1776504320,1776.50432,26,199,147,2,20260327_172946
1774628913.3420064,6939509,1776514304,1776.514304,29,199,147,2,20260327_172946
1774628913.3519905,6939548,1776524288,1776.524288,32,199,146,2,20260327_172946
1774628913.3619745,6939587,1776534272,1776.534272,35,199,146,2,20260327_172946
1774628913.3719585,6939626,1776544256,1776.544256,38,199,145,2,20260327_172946
1774628913.3819425,6939665,1776554240,1776.55424,40,199,144,2,20260327_172946
1774628913.3921826,6939705,1776564480,1776.56448,43,199,143,2,20260327_172946
1774628913.4021666,6939744,1776574464,1776.574464,45,199,143,2,20260327_172946
1774628913.4121506,6939783,1776584448,1776.584448,47,199,142,2,20260327_172946
1774628913.4221346,6939822,1776594432,1776.594432,49,199,141,2,20260327_172946
1774628913.4321184,6939861,1776604416,1776.604416,51,199,139,2,20260327_172946
1774628913.4421024,6939900,1776614400,1776.6144,53,199,134,2,20260327_172946
1774628913.4520864,6939939,1776624384,1776.624384,56,199,131,2,20260327_172946
1774628913.4620705,6939978,1776634368,1776.634368,59,199,127,2,20260327_172946
1774628913.4720545,6940017,1776644352,1776.644352,62,199,126,2,20260327_172946
1774628913.4820385,6940056,1776654336,1776.654336,65,199,122,2,20260327_172946
1774628913.4922786,6940096,1776664576,1776.664576,69,199,118,2,20260327_172946
1774628913.5022626,6940135,1776674560,1776.67456,73,199,115,2,20260327_172946
1774628913.5122466,6940174,1776684544,1776.684544,77,199,113,2,20260327_172946
1774628913.5222306,6940213,1776694528,1776.694528,81,199,111,2,20260327_172946
1774628913.5322144,6940252,1776704512,1776.704512,84,199,109,2,20260327_172946
1774628913.5421984,6940291,1776714496,1776.714496,88,199,108,2,20260327_172946
1774628913.5521824,6940330,1776724480,1776.72448,91,199,107,2,20260327_172946
1774628913.5621665,6940369,1776734464,1776.734464,94,199,107,2,20260327_172946
1774628913.5721505,6940408,1776744448,1776.744448,98,199,108,2,20260327_172946
1774628913.5823903,6940448,1776754688,1776.754688,101,199,108,2,20260327_172946
1774628913.5923746,6940487,1776764672,1776.764672,104,199,108,2,20260327_172946
1774628913.6023586,6940526,1776774656,1776.774656,107,198,107,2,20260327_172946
1774628913.6123426,6940565,1776784640,1776.78464,111,198,108,2,20260327_172946
1774628913.6223266,6940604,1776794624,1776.794624,114,198,108,2,20260327_172946
1774628913.6323106,6940643,1776804608,1776.804608,117,198,108,2,20260327_172946
1774628913.6422944,6940682,1776814592,1776.814592,121,198,109,2,20260327_172946
1774628913.6522784,6940721,1776824576,1776.824576,124,198,109,2,20260327_172946
1774628913.6622624,6940760,1776834560,1776.83456,127,198,109,2,20260327_172946
1774628913.6725025,6940800,1776844800,1776.8448,131,198,109,2,20260327_172946
1774628913.6824863,6940839,1776854784,1776.854784,134,198,110,2,20260327_172946
1774628913.6924706,6940878,1776864768,1776.864768,138,198,110,2,20260327_172946
1774628913.7024546,6940917,1776874752,1776.874752,141,198,111,2,20260327_172946
1774628913.7124386,6940956,1776884736,1776.884736,144,198,111,2,20260327_172946
1774628913.7224226,6940995,1776894720,1776.89472,148,199,112,2,20260327_172946
1774628913.7324066,6941034,1776904704,1776.904704,152,198,112,2,20260327_172946
1774628913.7423906,6941073,1776914688,1776.914688,155,198,114,2,20260327_172946
1774628913.7523744,6941112,1776924672,1776.924672,159,199,115,2,20260327_172946
1774628913.7626145,6941152,1776934912,1776.934912,163,199,118,2,20260327_172946
1774628913.7725985,6941191,1776944896,1776.944896,166,198,118,2,20260327_172946
1774628913.7825823,6941230,1776954880,1776.95488,169,198,120,2,20260327_172946
1774628913.7925663,6941269,1776964864,1776.964864,173,198,124,2,20260327_172946
1774628913.8025506,6941308,1776974848,1776.974848,176,198,127,2,20260327_172946
1774628913.8125346,6941347,1776984832,1776.984832,179,199,127,2,20260327_172946
1774628913.8225186,6941386,1776994816,1776.994816,182,199,130,2,20260327_172946
1774628913.8325026,6941425,1777004800,1777.0048,185,199,132,2,20260327_172946
1774628913.8427424,6941465,1777015040,1777.01504,189,199,138,2,20260327_172946
1774628913.8527265,6941504,1777025024,1777.025024,192,199,140,2,20260327_172946
1774628913.8627105,6941543,1777035008,1777.035008,195,199,141,2,20260327_172946
1774628913.8726945,6941582,1777044992,1777.044992,198,199,142,2,20260327_172946
1774628913.8826785,6941621,1777054976,1777.054976,201,199,141,2,20260327_172946
1774628913.8926623,6941660,1777064960,1777.06496,204,199,142,2,20260327_172946
1774628913.9026463,6941699,1777074944,1777.074944,207,199,143,2,20260327_172946
1774628913.9126306,6941738,1777084928,1777.084928,211,199,144,2,20260327_172946
1774628913.9228706,6941778,1777095168,1777.095168,214,199,144,2,20260327_172946
1774628913.9328544,6941817,1777105152,1777.105152,217,199,146,2,20260327_172946
1774628913.9428384,6941856,1777115136,1777.115136,220,199,146,2,20260327_172946
1774628913.9528224,6941895,1777125120,1777.12512,223,199,145,2,20260327_172946
1774628913.9628065,6941934,1777135104,1777.135104,226,199,145,2,20260327_172946
1774628913.9727905,6941973,1777145088,1777.145088,229,199,146,2,20260327_172946
1774628913.9827745,6942012,1777155072,1777.155072,233,199,146,2,20260327_172946
1774628913.9927585,6942051,1777165056,1777.165056,236,199,146,2,20260327_172946
1774628914.0027423,6942090,1777175040,1777.17504,239,199,146,2,20260327_172946
1774628914.0129826,6942130,1777185280,1777.18528,242,199,147,2,20260327_172946
1774628914.0229666,6942169,1777195264,1777.195264,245,199,146,2,20260327_172946
1774628914.0329506,6942208,1777205248,1777.205248,248,199,146,2,20260327_172946
1774628914.0429344,6942247,1777215232,1777.215232,252,199,146,2,20260327_172946
1774628914.0529184,6942286,1777225216,1777.225216,0,199,146,2,20260327_172946
1774628914.0629025,6942325,1777235200,1777.2352,3,199,144,2,20260327_172946
1774628914.0728865,6942364,1777245184,1777.245184,6,199,146,2,20260327_172946
1774628914.0828705,6942403,1777255168,1777.255168,9,199,146,2,20260327_172946
1774628914.0928545,6942442,1777265152,1777.265152,12,199,145,2,20260327_172946
1774628914.1030946,6942482,1777275392,1777.275392,16,199,145,2,20260327_172946
1774628914.1130786,6942521,1777285376,1777.285376,19,199,145,2,20260327_172946
1774628914.1230626,6942560,1777295360,1777.29536,22,199,145,2,20260327_172946
1774628914.1330466,6942599,1777305344,1777.305344,25,199,144,2,20260327_172946
1774628914.1430304,6942638,1777315328,1777.315328,28,199,144,2,20260327_172946
1774628914.1530144,6942677,1777325312,1777.325312,31,199,143,2,20260327_172946
1774628914.1629984,6942716,1777335296,1777.335296,34,199,143,2,20260327_172946
1774628914.1729825,6942755,1777345280,1777.34528,37,199,143,2,20260327_172946
1774628914.1832223,6942795,1777355520,1777.35552,40,199,142,2,20260327_172946
1774628914.1932063,6942834,1777365504,1777.365504,42,199,141,2,20260327_172946
1774628914.2031906,6942873,1777375488,1777.375488,45,199,140,2,20260327_172946
1774628914.2131746,6942912,1777385472,1777.385472,47,199,138,2,20260327_172946
1774628914.2231586,6942951,1777395456,1777.395456,49,199,135,2,20260327_172946
1774628914.2331426,6942990,1777405440,1777.40544,52,199,130,2,20260327_172946
1774628914.2431266,6943029,1777415424,1777.415424,55,199,127,2,20260327_172946
1774628914.2531104,6943068,1777425408,1777.425408,59,199,123,2,20260327_172946
1774628914.2630944,6943107,1777435392,1777.435392,63,199,120,2,20260327_172946
1774628914.2733345,6943147,1777445632,1777.445632,67,199,117,2,20260327_172946
1774628914.2833183,6943186,1777455616,1777.455616,71,199,115,2,20260327_172946
1774628914.2933023,6943225,1777465600,1777.4656,75,199,112,2,20260327_172946
1774628914.3032866,6943264,1777475584,1777.475584,79,199,111,2,20260327_172946
1774628914.3132706,6943303,1777485568,1777.485568,83,199,108,2,20260327_172946
1774628914.3232546,6943342,1777495552,1777.495552,86,198,107,2,20260327_172946
1774628914.3332386,6943381,1777505536,1777.505536,89,199,107,2,20260327_172946
1774628914.3432226,6943420,1777515520,1777.51552,93,199,106,2,20260327_172946
1774628914.3532066,6943459,1777525504,1777.525504,96,199,107,2,20260327_172946
1774628914.3634465,6943499,1777535744,1777.535744,99,199,107,2,20260327_172946
1774628914.3734305,6943538,1777545728,1777.545728,103,198,107,2,20260327_172946
1774628914.3834145,6943577,1777555712,1777.555712,106,199,107,2,20260327_172946
1774628914.3933983,6943616,1777565696,1777.565696,109,199,108,2,20260327_172946
1774628914.4033823,6943655,1777575680,1777.57568,112,199,108,2,20260327_172946
1774628914.4133666,6943694,1777585664,1777.585664,116,198,109,2,20260327_172946
1774628914.4233506,6943733,1777595648,1777.595648,119,199,109,2,20260327_172946
1774628914.4333346,6943772,1777605632,1777.605632,122,198,110,2,20260327_172946
1774628914.4435744,6943812,1777615872,1777.615872,126,198,110,2,20260327_172946
1774628914.4535584,6943851,1777625856,1777.625856,129,199,111,2,20260327_172946
1774628914.4635425,6943890,1777635840,1777.63584,132,199,111,2,20260327_172946
1774628914.4735265,6943929,1777645824,1777.645824,136,199,112,2,20260327_172946
1774628914.4835105,6943968,1777655808,1777.655808,139,198,113,2,20260327_172946
1774628914.4934945,6944007,1777665792,1777.665792,143,199,114,2,20260327_172946
1774628914.5034783,6944046,1777675776,1777.675776,146,199,116,2,20260327_172946
1774628914.5134623,6944085,1777685760,1777.68576,150,199,117,2,20260327_172946
1774628914.5234466,6944124,1777695744,1777.695744,153,199,119,2,20260327_172946
1774628914.5336866,6944164,1777705984,1777.705984,156,199,122,2,20260327_172946
1774628914.5436704,6944203,1777715968,1777.715968,160,199,124,2,20260327_172946
1774628914.5536544,6944242,1777725952,1777.725952,163,199,127,2,20260327_172946
1774628914.5636384,6944281,1777735936,1777.735936,166,199,127,2,20260327_172946
1774628914.5736225,6944320,1777745920,1777.74592,169,199,129,2,20260327_172946
1774628914.5836065,6944359,1777755904,1777.755904,172,199,132,2,20260327_172946
1774628914.5935905,6944398,1777765888,1777.765888,176,199,134,2,20260327_172946
1774628914.6035745,6944437,1777775872,1777.775872,179,199,138,2,20260327_172946
1774628914.6135583,6944476,1777785856,1777.785856,182,199,141,2,20260327_172946
1774628914.6237986,6944516,1777796096,1777.796096,185,199,143,2,20260327_172946
1774628914.6337826,6944555,1777806080,1777.80608,188,199,143,2,20260327_172946
1774628914.6437664,6944594,1777816064,1777.816064,191,199,142,2,20260327_172946
1774628914.6537504,6944633,1777826048,1777.826048,194,199,142,2,20260327_172946
1774628914.6637344,6944672,1777836032,1777.836032,198,199,143,2,20260327_172946
1774628914.6737185,6944711,1777846016,1777.846016,201,199,144,2,20260327_172946
1774628914.6837025,6944750,1777856000,1777.856,204,200,145,2,20260327_172946
1774628914.6936865,6944789,1777865984,1777.865984,207,199,145,2,20260327_172946
1774628914.7036705,6944828,1777875968,1777.875968,210,199,145,2,20260327_172946
1774628914.7139106,6944868,1777886208,1777.886208,213,199,145,2,20260327_172946
1774628914.7238946,6944907,1777896192,1777.896192,216,199,146,2,20260327_172946
1774628914.7338786,6944946,1777906176,1777.906176,220,200,146,2,20260327_172946
1774628914.7438626,6944985,1777916160,1777.91616,223,199,146,2,20260327_172946
1774628914.7538464,6945024,1777926144,1777.926144,226,199,146,2,20260327_172946
1774628914.7638304,6945063,1777936128,1777.936128,229,199,147,2,20260327_172946
1774628914.7738144,6945102,1777946112,1777.946112,232,199,147,2,20260327_172946
1774628914.7837985,6945141,1777956096,1777.956096,235,199,147,2,20260327_172946
1774628914.7940383,6945181,1777966336,1777.966336,239,199,147,2,20260327_172946
1774628914.8040226,6945220,1777976320,1777.97632,242,199,147,2,20260327_172946
1774628914.8140066,6945259,1777986304,1777.986304,245,199,147,2,20260327_172946
1774628914.8239906,6945298,1777996288,1777.996288,248,199,147,2,20260327_172946
1774628914.8339746,6945337,1778006272,1778.006272,251,199,147,2,20260327_172946
1774628914.8439586,6945376,1778016256,1778.016256,254,199,146,2,20260327_172946
1774628914.8539426,6945415,1778026240,1778.02624,2,199,146,2,20260327_172946
1774628914.8639264,6945454,1778036224,1778.036224,6,199,146,2,20260327_172946
1774628914.8739104,6945493,1778046208,1778.046208,9,199,145,2,20260327_172946
1774628914.8841505,6945533,1778056448,1778.056448,12,199,145,2,20260327_172946
1774628914.8941343,6945572,1778066432,1778.066432,15,199,144,2,20260327_172946
1774628914.9041183,6945611,1778076416,1778.076416,18,199,144,2,20260327_172946
1774628914.9141026,6945650,1778086400,1778.0864,21,199,144,2,20260327_172946
1774628914.9240866,6945689,1778096384,1778.096384,24,199,144,2,20260327_172946
1774628914.9340706,6945728,1778106368,1778.106368,28,199,143,2,20260327_172946
1774628914.9440546,6945767,1778116352,1778.116352,31,199,143,2,20260327_172946
1774628914.9540386,6945806,1778126336,1778.126336,34,199,142,2,20260327_172946
1774628914.9640226,6945845,1778136320,1778.13632,37,199,142,2,20260327_172946
1774628914.9742625,6945885,1778146560,1778.14656,39,199,141,2,20260327_172946
1774628914.9842465,6945924,1778156544,1778.156544,42,199,140,2,20260327_172946
1774628914.9942305,6945963,1778166528,1778.166528,45,199,138,2,20260327_172946
1774628915.0042143,6946002,1778176512,1778.176512,47,199,135,2,20260327_172946
1774628915.0141983,6946041,1778186496,1778.186496,50,199,132,2,20260327_172946
1774628915.0241826,6946080,1778196480,1778.19648,53,199,129,2,20260327_172946
1774628915.0341666,6946119,1778206464,1778.206464,56,199,126,2,20260327_172946
1774628915.0441506,6946158,1778216448,1778.216448,59,199,122,2,20260327_172946
1774628915.0543904,6946198,1778226688,1778.226688,64,199,117,2,20260327_172946
1774628915.0643744,6946237,1778236672,1778.236672,68,199,116,2,20260327_172946
1774628915.0743585,6946276,1778246656,1778.246656,72,199,114,2,20260327_172946
1774628915.0843425,6946315,1778256640,1778.25664,76,199,112,2,20260327_172946
1774628915.0943265,6946354,1778266624,1778.266624,80,199,110,2,20260327_172946
1774628915.1043105,6946393,1778276608,1778.276608,84,199,108,2,20260327_172946
1774628915.1142943,6946432,1778286592,1778.286592,87,199,108,2,20260327_172946
1774628915.1242783,6946471,1778296576,1778.296576,90,199,107,2,20260327_172946
1774628915.1342626,6946510,1778306560,1778.30656,94,199,107,2,20260327_172946
1774628915.1445026,6946550,1778316800,1778.3168,97,199,108,2,20260327_172946
1774628915.1544864,6946589,1778326784,1778.326784,100,199,108,2,20260327_172946
1774628915.1644704,6946628,1778336768,1778.336768,103,199,108,2,20260327_172946
1774628915.1744545,6946667,1778346752,1778.346752,107,198,107,2,20260327_172946
1774628915.1844385,6946706,1778356736,1778.356736,110,198,107,2,20260327_172946
1774628915.1944225,6946745,1778366720,1778.36672,113,198,108,2,20260327_172946
1774628915.2044065,6946784,1778376704,1778.376704,117,199,109,2,20260327_172946
1774628915.2143905,6946823,1778386688,1778.386688,120,199,110,2,20260327_172946
1774628915.2243743,6946862,1778396672,1778.396672,123,198,109,2,20260327_172946
1774628915.2346146,6946902,1778406912,1778.406912,127,198,109,2,20260327_172946
1774628915.2445986,6946941,1778416896,1778.416896,130,198,110,2,20260327_172946
1774628915.2545824,6946980,1778426880,1778.42688,133,198,110,2,20260327_172946
1774628915.2645664,6947019,1778436864,1778.436864,137,199,111,2,20260327_172946
1774628915.2745504,6947058,1778446848,1778.446848,140,199,112,2,20260327_172946
1774628915.2845345,6947097,1778456832,1778.456832,144,199,113,2,20260327_172946
1774628915.2945185,6947136,1778466816,1778.466816,147,198,114,2,20260327_172946
1774628915.3045025,6947175,1778476800,1778.4768,151,199,115,2,20260327_172946
1774628915.3147426,6947215,1778487040,1778.48704,154,199,118,2,20260327_172946
1774628915.3247266,6947254,1778497024,1778.497024,158,199,120,2,20260327_172946
1774628915.3347106,6947293,1778507008,1778.507008,161,198,123,2,20260327_172946
1774628915.3446946,6947332,1778516992,1778.516992,164,199,126,2,20260327_172946
1774628915.3546786,6947371,1778526976,1778.526976,168,198,127,2,20260327_172946
1774628915.3646624,6947410,1778536960,1778.53696,171,199,129,2,20260327_172946
1774628915.3746464,6947449,1778546944,1778.546944,174,198,132,2,20260327_172946
1774628915.3846304,6947488,1778556928,1778.556928,177,198,137,2,20260327_172946
1774628915.3946145,6947527,1778566912,1778.566912,180,198,140,2,20260327_172946
1774628915.4048543,6947567,1778577152,1778.577152,183,199,142,2,20260327_172946
1774628915.4148386,6947606,1778587136,1778.587136,186,199,142,2,20260327_172946
1774628915.4248226,6947645,1778597120,1778.59712,190,199,141,2,20260327_172946
1774628915.4348066,6947684,1778607104,1778.607104,193,199,142,2,20260327_172946
1774628915.4447906,6947723,1778617088,1778.617088,196,199,142,2,20260327_172946
1774628915.4547746,6947762,1778627072,1778.627072,199,199,143,2,20260327_172946
1774628915.4647586,6947801,1778637056,1778.637056,202,199,144,2,20260327_172946
1774628915.4747424,6947840,1778647040,1778.64704,205,199,145,2,20260327_172946
1774628915.4847264,6947879,1778657024,1778.657024,208,199,145,2,20260327_172946
1774628915.4949665,6947919,1778667264,1778.667264,212,199,145,2,20260327_172946
1774628915.5049503,6947958,1778677248,1778.677248,215,199,146,2,20260327_172946
1774628915.5149343,6947997,1778687232,1778.687232,218,199,145,2,20260327_172946
1774628915.5249186,6948036,1778697216,1778.697216,221,199,146,2,20260327_172946
1774628915.5349026,6948075,1778707200,1778.7072,224,199,146,2,20260327_172946
1774628915.5448866,6948114,1778717184,1778.717184,227,199,146,2,20260327_172946
1774628915.5548706,6948153,1778727168,1778.727168,230,199,146,2,20260327_172946
1774628915.5648546,6948192,1778737152,1778.737152,234,200,147,2,20260327_172946
1774628915.5748386,6948231,1778747136,1778.747136,237,199,147,2,20260327_172946
1774628915.5850785,6948271,1778757376,1778.757376,240,199,148,2,20260327_172946
1774628915.5950625,6948310,1778767360,1778.76736,243,199,147,2,20260327_172946
1774628915.6050465,6948349,1778777344,1778.777344,246,199,147,2,20260327_172946
1774628915.6150303,6948388,1778787328,1778.787328,249,199,148,2,20260327_172946
1774628915.6250143,6948427,1778797312,1778.797312,253,199,147,2,20260327_172946
1774628915.6349986,6948466,1778807296,1778.807296,1,199,146,2,20260327_172946
1774628915.6449826,6948505,1778817280,1778.81728,4,199,146,2,20260327_172946
1774628915.6549666,6948544,1778827264,1778.827264,7,199,146,2,20260327_172946
1774628915.6652064,6948584,1778837504,1778.837504,10,199,145,2,20260327_172946
1774628915.6751904,6948623,1778847488,1778.847488,13,199,145,2,20260327_172946
1774628915.6851745,6948662,1778857472,1778.857472,16,199,146,2,20260327_172946
1774628915.6951585,6948701,1778867456,1778.867456,20,199,144,2,20260327_172946
1774628915.7051425,6948740,1778877440,1778.87744,23,199,145,2,20260327_172946
1774628915.7151265,6948779,1778887424,1778.887424,26,199,144,2,20260327_172946
1774628915.7251103,6948818,1778897408,1778.897408,29,199,144,2,20260327_172946
1774628915.7350943,6948857,1778907392,1778.907392,32,199,143,2,20260327_172946
1774628915.7450786,6948896,1778917376,1778.917376,35,199,144,2,20260327_172946
1774628915.7550626,6948935,1778927360,1778.92736,38,199,142,2,20260327_172946
1774628915.7653024,6948975,1778937600,1778.9376,41,199,141,2,20260327_172946
1774628915.7752864,6949014,1778947584,1778.947584,43,199,139,2,20260327_172946
1774628915.7852705,6949053,1778957568,1778.957568,46,199,138,2,20260327_172946
1774628915.7952545,6949092,1778967552,1778.967552,48,200,137,2,20260327_172946
1774628915.8052385,6949131,1778977536,1778.977536,50,199,132,2,20260327_172946
1774628915.8152225,6949170,1778987520,1778.98752,54,199,127,2,20260327_172946
1774628915.8252065,6949209,1778997504,1778.997504,57,199,126,2,20260327_172946
1774628915.8351903,6949248,1779007488,1779.007488,60,199,122,2,20260327_172946
1774628915.8451746,6949287,1779017472,1779.017472,64,199,120,2,20260327_172946
1774628915.8554146,6949327,1779027712,1779.027712,68,199,117,2,20260327_172946
1774628915.8653984,6949366,1779037696,1779.037696,72,199,116,2,20260327_172946
1774628915.8753824,6949405,1779047680,1779.04768,76,199,114,2,20260327_172946
1774628915.8853664,6949444,1779057664,1779.057664,80,199,112,2,20260327_172946
1774628915.8953505,6949483,1779067648,1779.067648,84,199,110,2,20260327_172946
1774628915.9053345,6949522,1779077632,1779.077632,87,199,109,2,20260327_172946
1774628915.9153185,6949561,1779087616,1779.087616,90,199,107,2,20260327_172946
1774628915.9253025,6949600,1779097600,1779.0976,94,199,107,2,20260327_172946
1774628915.9355426,6949640,1779107840,1779.10784,97,199,107,2,20260327_172946
1774628915.9455266,6949679,1779117824,1779.117824,100,199,108,2,20260327_172946
1774628915.9555106,6949718,1779127808,1779.127808,104,199,108,2,20260327_172946
1774628915.9654946,6949757,1779137792,1779.137792,107,198,108,2,20260327_172946
1774628915.9754784,6949796,1779147776,1779.147776,110,198,108,2,20260327_172946
1774628915.9854624,6949835,1779157760,1779.15776,113,198,108,2,20260327_172946
1774628915.9954464,6949874,1779167744,1779.167744,117,198,108,2,20260327_172946
1774628916.0054305,6949913,1779177728,1779.177728,120,198,109,2,20260327_172946
1774628916.0154145,6949952,1779187712,1779.187712,123,198,109,2,20260327_172946
1774628916.0256546,6949992,1779197952,1779.197952,127,198,110,2,20260327_172946
1774628916.0356386,6950031,1779207936,1779.207936,130,198,110,2,20260327_172946
1774628916.0456226,6950070,1779217920,1779.21792,134,198,110,2,20260327_172946
1774628916.0556066,6950109,1779227904,1779.227904,137,199,111,2,20260327_172946
1774628916.0655906,6950148,1779237888,1779.237888,140,198,112,2,20260327_172946
1774628916.0755746,6950187,1779247872,1779.247872,144,198,113,2,20260327_172946
1774628916.0855584,6950226,1779257856,1779.257856,147,199,115,2,20260327_172946
1774628916.0957985,6950266,1779268096,1779.268096,151,198,116,2,20260327_172946
1774628916.1057825,6950305,1779278080,1779.27808,154,199,119,2,20260327_172946
1774628916.1157663,6950344,1779288064,1779.288064,158,198,122,2,20260327_172946
1774628916.1257503,6950383,1779298048,1779.298048,161,198,126,2,20260327_172946
1774628916.1357346,6950422,1779308032,1779.308032,164,198,127,2,20260327_172946
1774628916.1457186,6950461,1779318016,1779.318016,167,198,129,2,20260327_172946
1774628916.1557026,6950500,1779328000,1779.328,171,198,132,2,20260327_172946
1774628916.1656866,6950539,1779337984,1779.337984,174,198,137,2,20260327_172946
1774628916.1756706,6950578,1779347968,1779.347968,177,198,141,2,20260327_172946
1774628916.1859105,6950618,1779358208,1779.358208,180,199,142,2,20260327_172946
1774628916.1958945,6950657,1779368192,1779.368192,183,198,141,2,20260327_172946
1774628916.2058785,6950696,1779378176,1779.378176,186,199,141,2,20260327_172946
1774628916.2158625,6950735,1779388160,1779.38816,189,199,142,2,20260327_172946
1774628916.2258463,6950774,1779398144,1779.398144,192,199,142,2,20260327_172946
1774628916.2358303,6950813,1779408128,1779.408128,196,199,143,2,20260327_172946
1774628916.2458146,6950852,1779418112,1779.418112,199,199,144,2,20260327_172946
1774628916.2557986,6950891,1779428096,1779.428096,202,199,145,2,20260327_172946
1774628916.2657826,6950930,1779438080,1779.43808,205,198,145,2,20260327_172946
1774628916.2760224,6950970,1779448320,1779.44832,208,199,146,2,20260327_172946
1774628916.2860065,6951009,1779458304,1779.458304,211,199,146,2,20260327_172946
1774628916.2959905,6951048,1779468288,1779.468288,214,199,145,2,20260327_172946
1774628916.3059745,6951087,1779478272,1779.478272,218,199,146,2,20260327_172946
1774628916.3159585,6951126,1779488256,1779.488256,221,199,147,2,20260327_172946
1774628916.3259425,6951165,1779498240,1779.49824,224,199,147,2,20260327_172946
1774628916.3359263,6951204,1779508224,1779.508224,227,199,147,2,20260327_172946
1774628916.3459103,6951243,1779518208,1779.518208,230,199,148,2,20260327_172946
1774628916.3558946,6951282,1779528192,1779.528192,233,198,147,2,20260327_172946
1774628916.3661344,6951322,1779538432,1779.538432,237,199,147,2,20260327_172946
1774628916.3761184,6951361,1779548416,1779.548416,240,199,147,2,20260327_172946
1774628916.3861024,6951400,1779558400,1779.5584,243,199,144,2,20260327_172946
1774628916.3960865,6951439,1779568384,1779.568384,246,200,147,2,20260327_172946
1774628916.4060705,6951478,1779578368,1779.578368,249,199,146,2,20260327_172946
1774628916.4160545,6951517,1779588352,1779.588352,252,199,146,2,20260327_172946
1774628916.4260385,6951556,1779598336,1779.598336,0,199,146,2,20260327_172946
1774628916.4362786,6951596,1779608576,1779.608576,4,199,146,2,20260327_172946
1774628916.4462626,6951635,1779618560,1779.61856,7,199,145,2,20260327_172946
1774628916.4562466,6951674,1779628544,1779.628544,10,199,144,2,20260327_172946
1774628916.4662306,6951713,1779638528,1779.638528,13,199,144,2,20260327_172946
1774628916.4762144,6951752,1779648512,1779.648512,16,199,143,2,20260327_172946
1774628916.4861984,6951791,1779658496,1779.658496,19,199,144,2,20260327_172946
1774628916.4961824,6951830,1779668480,1779.66848,22,199,142,2,20260327_172946
1774628916.5061665,6951869,1779678464,1779.678464,26,199,141,2,20260327_172946
1774628916.5161505,6951908,1779688448,1779.688448,29,199,140,2,20260327_172946
1774628916.5263906,6951948,1779698688,1779.698688,32,199,140,2,20260327_172946
1774628916.5363746,6951987,1779708672,1779.708672,35,199,138,2,20260327_172946
1774628916.5463586,6952026,1779718656,1779.718656,38,199,135,2,20260327_172946
1774628916.5563426,6952065,1779728640,1779.72864,41,199,134,2,20260327_172946
1774628916.5663266,6952104,1779738624,1779.738624,44,199,129,2,20260327_172946
1774628916.5763106,6952143,1779748608,1779.748608,47,199,127,2,20260327_172946
1774628916.5862944,6952182,1779758592,1779.758592,51,200,124,2,20260327_172946
1774628916.5962784,6952221,1779768576,1779.768576,55,199,120,2,20260327_172946
1774628916.6062624,6952260,1779778560,1779.77856,59,199,117,2,20260327_172946
1774628916.6165023,6952300,1779788800,1779.7888,64,199,114,2,20260327_172946
1774628916.6264863,6952339,1779798784,1779.798784,68,199,112,2,20260327_172946
1774628916.6364706,6952378,1779808768,1779.808768,73,199,109,2,20260327_172946
1774628916.6464546,6952417,1779818752,1779.818752,77,199,108,2,20260327_172946
1774628916.6564386,6952456,1779828736,1779.828736,81,199,107,2,20260327_172946
1774628916.6664226,6952495,1779838720,1779.83872,85,199,107,2,20260327_172946
1774628916.6764066,6952534,1779848704,1779.848704,88,199,107,2,20260327_172946
1774628916.6863906,6952573,1779858688,1779.858688,91,198,108,2,20260327_172946
1774628916.6963744,6952612,1779868672,1779.868672,94,198,108,2,20260327_172946
1774628916.7066145,6952652,1779878912,1779.878912,98,198,107,2,20260327_172946
1774628916.7165985,6952691,1779888896,1779.888896,101,198,107,2,20260327_172946
1774628916.7265823,6952730,1779898880,1779.89888,104,199,107,2,20260327_172946
1774628916.7365663,6952769,1779908864,1779.908864,108,198,107,2,20260327_172946
1774628916.7465506,6952808,1779918848,1779.918848,111,198,107,2,20260327_172946
1774628916.7565346,6952847,1779928832,1779.928832,114,198,108,2,20260327_172946
1774628916.7665186,6952886,1779938816,1779.938816,117,198,108,2,20260327_172946
1774628916.7765026,6952925,1779948800,1779.9488,121,198,108,2,20260327_172946
1774628916.7864866,6952964,1779958784,1779.958784,124,198,111,2,20260327_172946
1774628916.7967265,6953004,1779969024,1779.969024,127,198,109,2,20260327_172946
1774628916.8067105,6953043,1779979008,1779.979008,131,198,110,2,20260327_172946
1774628916.8166945,6953082,1779988992,1779.988992,134,198,111,2,20260327_172946
1774628916.8266785,6953121,1779998976,1779.998976,138,198,112,2,20260327_172946
1774628916.8366623,6953160,1780008960,1780.00896,141,198,112,2,20260327_172946
1774628916.8466463,6953199,1780018944,1780.018944,145,198,114,2,20260327_172946
1774628916.8566306,6953238,1780028928,1780.028928,148,198,115,2,20260327_172946
1774628916.8666146,6953277,1780038912,1780.038912,152,198,118,2,20260327_172946
1774628916.8765986,6953316,1780048896,1780.048896,155,198,120,2,20260327_172946
1774628916.8868384,6953356,1780059136,1780.059136,158,198,125,2,20260327_172946
1774628916.8968225,6953395,1780069120,1780.06912,162,198,127,2,20260327_172946
1774628916.9068065,6953434,1780079104,1780.079104,165,198,127,2,20260327_172946
1774628916.9167905,6953473,1780089088,1780.089088,168,198,130,2,20260327_172946
1774628916.9267745,6953512,1780099072,1780.099072,171,198,135,2,20260327_172946
1774628916.9367585,6953551,1780109056,1780.109056,174,198,140,2,20260327_172946
1774628916.9467423,6953590,1780119040,1780.11904,177,198,141,2,20260327_172946
1774628916.9567266,6953629,1780129024,1780.129024,180,198,143,2,20260327_172946
1774628916.9667106,6953668,1780139008,1780.139008,183,198,142,2,20260327_172946
1774628916.9769504,6953708,1780149248,1780.149248,187,198,142,2,20260327_172946
1774628916.9869344,6953747,1780159232,1780.159232,190,198,143,2,20260327_172946
1774628916.9969184,6953786,1780169216,1780.169216,193,198,143,2,20260327_172946
1774628917.0069025,6953825,1780179200,1780.1792,196,198,144,2,20260327_172946
1774628917.0168865,6953864,1780189184,1780.189184,199,198,144,2,20260327_172946
1774628917.0268705,6953903,1780199168,1780.199168,202,198,146,2,20260327_172946
1774628917.0368545,6953942,1780209152,1780.209152,205,198,145,2,20260327_172946
1774628917.0468383,6953981,1780219136,1780.219136,209,198,145,2,20260327_172946
1774628917.0568223,6954020,1780229120,1780.22912,212,199,145,2,20260327_172946
1774628917.0670626,6954060,1780239360,1780.23936,215,198,145,2,20260327_172946
1774628917.0770466,6954099,1780249344,1780.249344,218,198,145,2,20260327_172946
1774628917.0870304,6954138,1780259328,1780.259328,221,199,146,2,20260327_172946
1774628917.0970144,6954177,1780269312,1780.269312,224,199,146,2,20260327_172946
1774628917.1069984,6954216,1780279296,1780.279296,227,199,146,2,20260327_172946
1774628917.1169825,6954255,1780289280,1780.28928,231,198,146,2,20260327_172946
1774628917.1269665,6954294,1780299264,1780.299264,234,199,146,2,20260327_172946
1774628917.1369505,6954333,1780309248,1780.309248,237,198,146,2,20260327_172946
1774628917.1469345,6954372,1780319232,1780.319232,240,199,147,2,20260327_172946
1774628917.1571746,6954412,1780329472,1780.329472,243,199,146,2,20260327_172946
1774628917.1671586,6954451,1780339456,1780.339456,246,199,146,2,20260327_172946
1774628917.1771426,6954490,1780349440,1780.34944,249,199,146,2,20260327_172946
1774628917.1871266,6954529,1780359424,1780.359424,253,199,146,2,20260327_172946
1774628917.1971104,6954568,1780369408,1780.369408,1,199,145,2,20260327_172946
1774628917.2070944,6954607,1780379392,1780.379392,4,199,145,2,20260327_172946
1774628917.2170784,6954646,1780389376,1780.389376,7,199,144,2,20260327_172946
1774628917.2270625,6954685,1780399360,1780.39936,10,199,144,2,20260327_172946
1774628917.2373023,6954725,1780409600,1780.4096,13,199,143,2,20260327_172946
1774628917.2472866,6954764,1780419584,1780.419584,17,199,142,2,20260327_172946
1774628917.2572706,6954803,1780429568,1780.429568,20,199,142,2,20260327_172946
1774628917.2672546,6954842,1780439552,1780.439552,23,199,141,2,20260327_172946
1774628917.2772386,6954881,1780449536,1780.449536,26,199,140,2,20260327_172946
1774628917.2872226,6954920,1780459520,1780.45952,29,199,139,2,20260327_172946
1774628917.2972066,6954959,1780469504,1780.469504,32,199,138,2,20260327_172946
1774628917.3071904,6954998,1780479488,1780.479488,35,199,134,2,20260327_172946
1774628917.3171744,6955037,1780489472,1780.489472,38,199,131,2,20260327_172946
1774628917.3274145,6955077,1780499712,1780.499712,42,199,127,2,20260327_172946
1774628917.3373983,6955116,1780509696,1780.509696,45,199,124,2,20260327_172946
1774628917.3473823,6955155,1780519680,1780.51968,49,199,120,2,20260327_172946
1774628917.3573666,6955194,1780529664,1780.529664,53,199,117,2,20260327_172946
1774628917.3673506,6955233,1780539648,1780.539648,57,199,115,2,20260327_172946
1774628917.3773346,6955272,1780549632,1780.549632,62,199,112,2,20260327_172946
1774628917.3873186,6955311,1780559616,1780.559616,67,199,110,2,20260327_172946
1774628917.3973026,6955350,1780569600,1780.5696,72,199,108,2,20260327_172946
1774628917.4072864,6955389,1780579584,1780.579584,76,199,107,2,20260327_172946
1774628917.4175265,6955429,1780589824,1780.589824,80,199,107,2,20260327_172946
1774628917.4275105,6955468,1780599808,1780.599808,84,199,108,2,20260327_172946
1774628917.4374945,6955507,1780609792,1780.609792,87,199,108,2,20260327_172946
1774628917.4474783,6955546,1780619776,1780.619776,90,199,108,2,20260327_172946
1774628917.4574623,6955585,1780629760,1780.62976,94,199,107,2,20260327_172946
1774628917.4674466,6955624,1780639744,1780.639744,97,199,107,2,20260327_172946
1774628917.4774306,6955663,1780649728,1780.649728,100,198,107,2,20260327_172946
1774628917.4874146,6955702,1780659712,1780.659712,104,198,107,2,20260327_172946
1774628917.4976544,6955742,1780669952,1780.669952,107,198,107,2,20260327_172946
1774628917.5076385,6955781,1780679936,1780.679936,110,198,107,2,20260327_172946
1774628917.5176225,6955820,1780689920,1780.68992,113,198,108,2,20260327_172946
1774628917.5276065,6955859,1780699904,1780.699904,117,198,108,2,20260327_172946
1774628917.5375905,6955898,1780709888,1780.709888,120,198,109,2,20260327_172946
1774628917.5475743,6955937,1780719872,1780.719872,123,198,110,2,20260327_172946
1774628917.5575583,6955976,1780729856,1780.729856,127,197,110,2,20260327_172946
1774628917.5675426,6956015,1780739840,1780.73984,130,197,111,2,20260327_172946
1774628917.5775266,6956054,1780749824,1780.749824,133,197,112,2,20260327_172946
1774628917.5877664,6956094,1780760064,1780.760064,137,198,112,2,20260327_172946
1774628917.5977504,6956133,1780770048,1780.770048,140,198,114,2,20260327_172946
1774628917.6077344,6956172,1780780032,1780.780032,144,198,116,2,20260327_172946
1774628917.6177185,6956211,1780790016,1780.790016,147,198,119,2,20260327_172946
1774628917.6277025,6956250,1780800000,1780.8,150,198,122,2,20260327_172946
1774628917.6376865,6956289,1780809984,1780.809984,154,198,126,2,20260327_172946
1774628917.6476705,6956328,1780819968,1780.819968,157,198,127,2,20260327_172946
1774628917.6576543,6956367,1780829952,1780.829952,160,198,128,2,20260327_172946
1774628917.6678946,6956407,1780840192,1780.840192,163,198,131,2,20260327_172946
1774628917.6778786,6956446,1780850176,1780.850176,166,198,136,2,20260327_172946
1774628917.6878626,6956485,1780860160,1780.86016,169,198,140,2,20260327_172946
1774628917.6978464,6956524,1780870144,1780.870144,172,198,141,2,20260327_172946
1774628917.7078304,6956563,1780880128,1780.880128,175,198,140,2,20260327_172946
1774628917.7178144,6956602,1780890112,1780.890112,178,198,140,2,20260327_172946
1774628917.7277985,6956641,1780900096,1780.900096,181,198,140,2,20260327_172946
1774628917.7377825,6956680,1780910080,1780.91008,184,198,142,2,20260327_172946
1774628917.7477665,6956719,1780920064,1780.920064,187,198,143,2,20260327_172946
1774628917.7580066,6956759,1780930304,1780.930304,191,198,144,2,20260327_172946
1774628917.7679906,6956798,1780940288,1780.940288,194,198,146,2,20260327_172946
1774628917.7779746,6956837,1780950272,1780.950272,197,198,145,2,20260327_172946
1774628917.7879586,6956876,1780960256,1780.960256,200,198,145,2,20260327_172946
1774628917.7979426,6956915,1780970240,1780.97024,203,198,145,2,20260327_172946
1774628917.8079264,6956954,1780980224,1780.980224,206,198,146,2,20260327_172946
1774628917.8179104,6956993,1780990208,1780.990208,209,198,146,2,20260327_172946
1774628917.8278944,6957032,1781000192,1781.000192,213,198,146,2,20260327_172946
1774628917.8381343,6957072,1781010432,1781.010432,216,198,146,2,20260327_172946
1774628917.8481183,6957111,1781020416,1781.020416,219,198,147,2,20260327_172946
1774628917.8581026,6957150,1781030400,1781.0304,222,198,146,2,20260327_172946
1774628917.8680866,6957189,1781040384,1781.040384,225,198,147,2,20260327_172946
1774628917.8780706,6957228,1781050368,1781.050368,228,198,147,2,20260327_172946
1774628917.8880546,6957267,1781060352,1781.060352,231,199,147,2,20260327_172946
1774628917.8980386,6957306,1781070336,1781.070336,235,198,147,2,20260327_172946
1774628917.9080224,6957345,1781080320,1781.08032,238,198,147,2,20260327_172946
1774628917.9180064,6957384,1781090304,1781.090304,241,198,147,2,20260327_172946
1774628917.9282465,6957424,1781100544,1781.100544,244,198,147,2,20260327_172946
1774628917.9382305,6957463,1781110528,1781.110528,247,199,147,2,20260327_172946
1774628917.9482143,6957502,1781120512,1781.120512,250,199,147,2,20260327_172946
1774628917.9581983,6957541,1781130496,1781.130496,254,199,147,2,20260327_172946
1774628917.9681826,6957580,1781140480,1781.14048,2,199,146,2,20260327_172946
1774628917.9781666,6957619,1781150464,1781.150464,5,199,146,2,20260327_172946
1774628917.9881506,6957658,1781160448,1781.160448,8,199,145,2,20260327_172946
1774628917.9981346,6957697,1781170432,1781.170432,11,199,144,2,20260327_172946
1774628918.0081186,6957736,1781180416,1781.180416,14,199,143,2,20260327_172946
1774628918.0183585,6957776,1781190656,1781.190656,17,199,142,2,20260327_172946
1774628918.0283425,6957815,1781200640,1781.20064,21,199,142,2,20260327_172946
1774628918.0383265,6957854,1781210624,1781.210624,24,199,141,2,20260327_172946
1774628918.0483105,6957893,1781220608,1781.220608,27,199,140,2,20260327_172946
1774628918.0582943,6957932,1781230592,1781.230592,30,199,138,2,20260327_172946
1774628918.0682786,6957971,1781240576,1781.240576,33,199,134,2,20260327_172946
1774628918.0782626,6958010,1781250560,1781.25056,36,199,130,2,20260327_172946
1774628918.0882466,6958049,1781260544,1781.260544,39,199,127,2,20260327_172946
1774628918.0982306,6958088,1781270528,1781.270528,43,199,122,2,20260327_172946
1774628918.1084704,6958128,1781280768,1781.280768,47,199,118,2,20260327_172946
1774628918.1184545,6958167,1781290752,1781.290752,51,198,116,2,20260327_172946
1774628918.1284385,6958206,1781300736,1781.300736,55,199,113,2,20260327_172946
1774628918.1384225,6958245,1781310720,1781.31072,60,199,110,2,20260327_172946
1774628918.1484065,6958284,1781320704,1781.320704,66,199,108,2,20260327_172946
1774628918.1583903,6958323,1781330688,1781.330688,70,199,107,2,20260327_172946
1774628918.1683743,6958362,1781340672,1781.340672,75,199,107,2,20260327_172946
1774628918.1783586,6958401,1781350656,1781.350656,79,199,107,2,20260327_172946
1774628918.1885986,6958441,1781360896,1781.360896,83,198,108,2,20260327_172946
1774628918.1985824,6958480,1781370880,1781.37088,86,199,107,2,20260327_172946
1774628918.2085664,6958519,1781380864,1781.380864,90,199,106,2,20260327_172946
1774628918.2185504,6958558,1781390848,1781.390848,93,199,107,2,20260327_172946
1774628918.2285345,6958597,1781400832,1781.400832,96,199,107,2,20260327_172946
1774628918.2385185,6958636,1781410816,1781.410816,99,198,107,2,20260327_172946
1774628918.2485025,6958675,1781420800,1781.4208,103,198,107,2,20260327_172946
1774628918.2584865,6958714,1781430784,1781.430784,106,198,107,2,20260327_172946
1774628918.2684703,6958753,1781440768,1781.440768,109,198,107,2,20260327_172946
1774628918.2787106,6958793,1781451008,1781.451008,112,198,108,2,20260327_172946
1774628918.2886946,6958832,1781460992,1781.460992,116,198,109,2,20260327_172946
1774628918.2986786,6958871,1781470976,1781.470976,119,198,109,2,20260327_172946
1774628918.3086624,6958910,1781480960,1781.48096,122,198,110,2,20260327_172946
1774628918.3186464,6958949,1781490944,1781.490944,126,198,112,2,20260327_172946
1774628918.3286304,6958988,1781500928,1781.500928,129,198,112,2,20260327_172946
1774628918.3386145,6959027,1781510912,1781.510912,132,198,112,2,20260327_172946
1774628918.3488543,6959067,1781521152,1781.521152,136,198,114,2,20260327_172946
1774628918.3588386,6959106,1781531136,1781.531136,139,198,116,2,20260327_172946
1774628918.3688226,6959145,1781541120,1781.54112,143,198,119,2,20260327_172946
1774628918.3788066,6959184,1781551104,1781.551104,146,198,122,2,20260327_172946
1774628918.3887906,6959223,1781561088,1781.561088,149,198,126,2,20260327_172946
1774628918.3987746,6959262,1781571072,1781.571072,152,198,127,2,20260327_172946
1774628918.4087586,6959301,1781581056,1781.581056,155,198,128,2,20260327_172946
1774628918.4189985,6959341,1781591296,1781.591296,159,198,131,2,20260327_172946
1774628918.4289825,6959380,1781601280,1781.60128,162,198,134,2,20260327_172946
1774628918.4389665,6959419,1781611264,1781.611264,164,198,139,2,20260327_172946
1774628918.4489503,6959458,1781621248,1781.621248,167,198,140,2,20260327_172946
1774628918.4589343,6959497,1781631232,1781.631232,170,198,141,2,20260327_172946
1774628918.4689186,6959536,1781641216,1781.641216,173,198,141,2,20260327_172946
1774628918.4789026,6959575,1781651200,1781.6512,176,198,141,2,20260327_172946
1774628918.4888866,6959614,1781661184,1781.661184,179,198,142,2,20260327_172946
1774628918.4988706,6959653,1781671168,1781.671168,182,198,143,2,20260327_172946
1774628918.5088546,6959692,1781681152,1781.681152,185,198,144,2,20260327_172946
1774628918.5190945,6959732,1781691392,1781.691392,189,198,144,2,20260327_172946
1774628918.5290785,6959771,1781701376,1781.701376,192,198,144,2,20260327_172946
1774628918.5390625,6959810,1781711360,1781.71136,195,198,145,2,20260327_172946
1774628918.5490465,6959849,1781721344,1781.721344,198,199,146,2,20260327_172946
1774628918.5590303,6959888,1781731328,1781.731328,201,198,145,2,20260327_172946
1774628918.5690143,6959927,1781741312,1781.741312,204,198,146,2,20260327_172946
1774628918.5789986,6959966,1781751296,1781.751296,207,198,146,2,20260327_172946
1774628918.5889826,6960005,1781761280,1781.76128,211,198,145,2,20260327_172946
1774628918.5989666,6960044,1781771264,1781.771264,214,198,146,2,20260327_172946
1774628918.6092064,6960084,1781781504,1781.781504,217,198,146,2,20260327_172946
1774628918.6191905,6960123,1781791488,1781.791488,220,199,146,2,20260327_172946
1774628918.6291745,6960162,1781801472,1781.801472,223,198,146,2,20260327_172946
1774628918.6391585,6960201,1781811456,1781.811456,226,198,148,2,20260327_172946
1774628918.6491425,6960240,1781821440,1781.82144,229,198,146,2,20260327_172946
1774628918.6591263,6960279,1781831424,1781.831424,233,198,146,2,20260327_172946
1774628918.6691103,6960318,1781841408,1781.841408,236,198,145,2,20260327_172946
1774628918.6790946,6960357,1781851392,1781.851392,239,199,147,2,20260327_172946
1774628918.6890786,6960396,1781861376,1781.861376,242,198,147,2,20260327_172946
1774628918.6993184,6960436,1781871616,1781.871616,245,199,146,2,20260327_172946
1774628918.7093024,6960475,1781881600,1781.8816,248,199,146,2,20260327_172946
1774628918.7192864,6960514,1781891584,1781.891584,252,198,146,2,20260327_172946
1774628918.7292705,6960553,1781901568,1781.901568,0,199,146,2,20260327_172946
1774628918.7392545,6960592,1781911552,1781.911552,3,199,145,2,20260327_172946
1774628918.7492385,6960631,1781921536,1781.921536,6,199,144,2,20260327_172946
1774628918.7592225,6960670,1781931520,1781.93152,9,199,144,2,20260327_172946
1774628918.7692063,6960709,1781941504,1781.941504,12,199,143,2,20260327_172946
1774628918.7791903,6960748,1781951488,1781.951488,15,199,142,2,20260327_172946
1774628918.7894306,6960788,1781961728,1781.961728,19,199,140,2,20260327_172946
1774628918.7994146,6960827,1781971712,1781.971712,22,199,139,2,20260327_172946
1774628918.8093984,6960866,1781981696,1781.981696,25,199,138,2,20260327_172946
1774628918.8193824,6960905,1781991680,1781.99168,28,199,135,2,20260327_172946
1774628918.8293664,6960944,1782001664,1782.001664,31,199,130,2,20260327_172946
1774628918.8393505,6960983,1782011648,1782.011648,34,199,127,2,20260327_172946
1774628918.8493345,6961022,1782021632,1782.021632,38,199,123,2,20260327_172946
1774628918.8593185,6961061,1782031616,1782.031616,41,198,119,2,20260327_172946
1774628918.8695586,6961101,1782041856,1782.041856,45,199,115,2,20260327_172946
1774628918.8795426,6961140,1782051840,1782.05184,49,199,112,2,20260327_172946
1774628918.8895266,6961179,1782061824,1782.061824,54,199,111,2,20260327_172946
1774628918.8995106,6961218,1782071808,1782.071808,59,198,108,2,20260327_172946
1774628918.9094946,6961257,1782081792,1782.081792,65,199,107,2,20260327_172946
1774628918.9194784,6961296,1782091776,1782.091776,70,199,108,2,20260327_172946
1774628918.9294624,6961335,1782101760,1782.10176,74,199,107,2,20260327_172946
1774628918.9394464,6961374,1782111744,1782.111744,78,199,108,2,20260327_172946
1774628918.9496863,6961414,1782121984,1782.121984,82,199,107,2,20260327_172946
1774628918.9596703,6961453,1782131968,1782.131968,86,199,107,2,20260327_172946
1774628918.9696546,6961492,1782141952,1782.141952,89,199,108,2,20260327_172946
1774628918.9796386,6961531,1782151936,1782.151936,92,199,107,2,20260327_172946
1774628918.9896226,6961570,1782161920,1782.16192,95,199,107,2,20260327_172946
1774628918.9996066,6961609,1782171904,1782.171904,99,199,107,2,20260327_172946
1774628919.0095906,6961648,1782181888,1782.181888,102,199,107,2,20260327_172946
1774628919.0195744,6961687,1782191872,1782.191872,105,199,107,2,20260327_172946
1774628919.0298145,6961727,1782202112,1782.202112,109,198,108,2,20260327_172946
1774628919.0397985,6961766,1782212096,1782.212096,112,198,107,2,20260327_172946
1774628919.0497825,6961805,1782222080,1782.22208,115,198,108,2,20260327_172946
1774628919.0597663,6961844,1782232064,1782.232064,118,198,108,2,20260327_172946
1774628919.0697503,6961883,1782242048,1782.242048,122,198,109,2,20260327_172946
1774628919.0797346,6961922,1782252032,1782.252032,125,200,111,2,20260327_172946
1774628919.0897186,6961961,1782262016,1782.262016,129,198,110,2,20260327_172946
1774628919.0997026,6962000,1782272000,1782.272,132,198,111,2,20260327_172946
1774628919.1096866,6962039,1782281984,1782.281984,135,198,111,2,20260327_172946
1774628919.1199265,6962079,1782292224,1782.292224,139,198,112,2,20260327_172946
1774628919.1299105,6962118,1782302208,1782.302208,142,198,114,2,20260327_172946
1774628919.1398945,6962157,1782312192,1782.312192,146,198,116,2,20260327_172946
1774628919.1498785,6962196,1782322176,1782.322176,149,198,118,2,20260327_172946
1774628919.1598625,6962235,1782332160,1782.33216,152,199,120,2,20260327_172946
1774628919.1698463,6962274,1782342144,1782.342144,156,199,123,2,20260327_172946
1774628919.1798306,6962313,1782352128,1782.352128,159,198,126,2,20260327_172946
1774628919.1898146,6962352,1782362112,1782.362112,162,198,127,2,20260327_172946
1774628919.1997986,6962391,1782372096,1782.372096,165,198,129,2,20260327_172946
1774628919.2100384,6962431,1782382336,1782.382336,168,199,132,2,20260327_172946
1774628919.2200224,6962470,1782392320,1782.39232,171,199,140,2,20260327_172946
1774628919.2300065,6962509,1782402304,1782.402304,174,198,140,2,20260327_172946
1774628919.2399905,6962548,1782412288,1782.412288,178,198,141,2,20260327_172946
1774628919.2499745,6962587,1782422272,1782.422272,181,198,141,2,20260327_172946
1774628919.2599585,6962626,1782432256,1782.432256,184,198,141,2,20260327_172946
1774628919.2699423,6962665,1782442240,1782.44224,187,198,141,2,20260327_172946
1774628919.2799263,6962704,1782452224,1782.452224,190,198,142,2,20260327_172946
1774628919.2901666,6962744,1782462464,1782.462464,193,198,143,2,20260327_172946
1774628919.3001506,6962783,1782472448,1782.472448,196,198,144,2,20260327_172946
1774628919.3101344,6962822,1782482432,1782.482432,200,199,145,2,20260327_172946
1774628919.3201184,6962861,1782492416,1782.492416,203,198,145,2,20260327_172946
1774628919.3301024,6962900,1782502400,1782.5024,206,199,145,2,20260327_172946
1774628919.3400865,6962939,1782512384,1782.512384,209,198,145,2,20260327_172946
1774628919.3500705,6962978,1782522368,1782.522368,212,198,146,2,20260327_172946
1774628919.3600545,6963017,1782532352,1782.532352,215,198,146,2,20260327_172946
1774628919.3700385,6963056,1782542336,1782.542336,218,199,146,2,20260327_172946
1774628919.3802786,6963096,1782552576,1782.552576,222,199,146,2,20260327_172946
1774628919.3902626,6963135,1782562560,1782.56256,225,199,146,2,20260327_172946
1774628919.4002466,6963174,1782572544,1782.572544,228,199,146,2,20260327_172946
1774628919.4102306,6963213,1782582528,1782.582528,231,199,146,2,20260327_172946
1774628919.4202144,6963252,1782592512,1782.592512,234,199,146,2,20260327_172946
1774628919.4301984,6963291,1782602496,1782.602496,237,199,146,2,20260327_172946
1774628919.4401824,6963330,1782612480,1782.61248,240,199,147,2,20260327_172946
1774628919.4501665,6963369,1782622464,1782.622464,244,199,146,2,20260327_172946
1774628919.4604063,6963409,1782632704,1782.632704,247,199,146,2,20260327_172946
1774628919.4703906,6963448,1782642688,1782.642688,250,199,147,2,20260327_172946
1774628919.4803746,6963487,1782652672,1782.652672,253,199,146,2,20260327_172946
1774628919.4903586,6963526,1782662656,1782.662656,1,199,146,2,20260327_172946
1774628919.5003426,6963565,1782672640,1782.67264,4,199,145,2,20260327_172946
1774628919.5103266,6963604,1782682624,1782.682624,8,199,145,2,20260327_172946
1774628919.5203106,6963643,1782692608,1782.692608,11,199,144,2,20260327_172946
1774628919.5302944,6963682,1782702592,1782.702592,14,199,143,2,20260327_172946
1774628919.5405345,6963722,1782712832,1782.712832,17,199,142,2,20260327_172946
1774628919.5505185,6963761,1782722816,1782.722816,20,199,142,2,20260327_172946
1774628919.5605023,6963800,1782732800,1782.7328,23,199,141,2,20260327_172946
1774628919.5704863,6963839,1782742784,1782.742784,26,199,139,2,20260327_172946
1774628919.5804706,6963878,1782752768,1782.752768,30,199,137,2,20260327_172946
1774628919.5904546,6963917,1782762752,1782.762752,33,199,134,2,20260327_172946
1774628919.6004386,6963956,1782772736,1782.772736,36,199,129,2,20260327_172946
1774628919.6104226,6963995,1782782720,1782.78272,39,199,125,2,20260327_172946
1774628919.6204066,6964034,1782792704,1782.792704,42,199,120,2,20260327_172946
1774628919.6306465,6964074,1782802944,1782.802944,46,199,116,2,20260327_172946
1774628919.6406305,6964113,1782812928,1782.812928,51,199,114,2,20260327_172946
1774628919.6506145,6964152,1782822912,1782.822912,55,199,111,2,20260327_172946
1774628919.6605985,6964191,1782832896,1782.832896,61,199,108,2,20260327_172946
1774628919.6705823,6964230,1782842880,1782.84288,66,199,106,2,20260327_172946
1774628919.6805663,6964269,1782852864,1782.852864,71,199,107,2,20260327_172946
1774628919.6905506,6964308,1782862848,1782.862848,75,199,107,2,20260327_172946
1774628919.7005346,6964347,1782872832,1782.872832,79,199,107,2,20260327_172946
1774628919.7107744,6964387,1782883072,1782.883072,83,199,107,2,20260327_172946
1774628919.7207584,6964426,1782893056,1782.893056,86,199,107,2,20260327_172946
1774628919.7307425,6964465,1782903040,1782.90304,90,199,107,2,20260327_172946
1774628919.7407265,6964504,1782913024,1782.913024,93,199,107,2,20260327_172946
1774628919.7507105,6964543,1782923008,1782.923008,96,199,107,2,20260327_172946
1774628919.7606945,6964582,1782932992,1782.932992,100,199,107,2,20260327_172946
1774628919.7706783,6964621,1782942976,1782.942976,103,199,107,2,20260327_172946
1774628919.7806623,6964660,1782952960,1782.95296,106,198,107,2,20260327_172946
1774628919.7909026,6964700,1782963200,1782.9632,109,198,107,2,20260327_172946
1774628919.8008866,6964739,1782973184,1782.973184,113,198,107,2,20260327_172946
1774628919.8108704,6964778,1782983168,1782.983168,116,199,109,2,20260327_172946
1774628919.8208544,6964817,1782993152,1782.993152,119,198,107,2,20260327_172946
1774628919.8308384,6964856,1783003136,1783.003136,123,198,107,2,20260327_172946
1774628919.8408225,6964895,1783013120,1783.01312,126,198,107,2,20260327_172946
1774628919.8508065,6964934,1783023104,1783.023104,129,198,108,2,20260327_172946
1774628919.8607905,6964973,1783033088,1783.033088,133,198,108,2,20260327_172946
1774628919.8710306,6965013,1783043328,1783.043328,136,198,108,2,20260327_172946
1774628919.8810146,6965052,1783053312,1783.053312,140,199,108,2,20260327_172946
1774628919.8909986,6965091,1783063296,1783.063296,143,198,108,2,20260327_172946
1774628919.9009826,6965130,1783073280,1783.07328,147,198,109,2,20260327_172946
1774628919.9109666,6965169,1783083264,1783.083264,150,198,109,2,20260327_172946
1774628919.9209504,6965208,1783093248,1783.093248,154,199,110,2,20260327_172946
1774628919.9309344,6965247,1783103232,1783.103232,158,198,110,2,20260327_172946
1774628919.9409184,6965286,1783113216,1783.113216,162,198,111,2,20260327_172946
1774628919.9511583,6965326,1783123456,1783.123456,166,198,112,2,20260327_172946
1774628919.9611423,6965365,1783133440,1783.13344,169,199,113,2,20260327_172946
1774628919.9711266,6965404,1783143424,1783.143424,173,199,116,2,20260327_172946
1774628919.9811106,6965443,1783153408,1783.153408,176,198,120,2,20260327_172946
1774628919.9910946,6965482,1783163392,1783.163392,179,199,124,2,20260327_172946
1774628920.0010786,6965521,1783173376,1783.173376,182,199,127,2,20260327_172946
1774628920.0110626,6965560,1783183360,1783.18336,185,199,129,2,20260327_172946
1774628920.0210466,6965599,1783193344,1783.193344,189,199,135,2,20260327_172946
1774628920.0312865,6965639,1783203584,1783.203584,192,199,138,2,20260327_172946
1774628920.0412705,6965678,1783213568,1783.213568,195,199,140,2,20260327_172946
1774628920.0512545,6965717,1783223552,1783.223552,198,199,139,2,20260327_172946
1774628920.0612383,6965756,1783233536,1783.233536,201,199,141,2,20260327_172946
1774628920.0712223,6965795,1783243520,1783.24352,204,199,142,2,20260327_172946
1774628920.0812066,6965834,1783253504,1783.253504,207,199,142,2,20260327_172946
1774628920.0911906,6965873,1783263488,1783.263488,211,199,143,2,20260327_172946
1774628920.1011746,6965912,1783273472,1783.273472,214,199,143,2,20260327_172946
1774628920.1114144,6965952,1783283712,1783.283712,217,199,144,2,20260327_172946
1774628920.1213984,6965991,1783293696,1783.293696,220,199,144,2,20260327_172946
1774628920.1313825,6966030,1783303680,1783.30368,223,199,144,2,20260327_172946
1774628920.1413665,6966069,1783313664,1783.313664,226,199,144,2,20260327_172946
1774628920.1513505,6966108,1783323648,1783.323648,230,199,145,2,20260327_172946
1774628920.1613345,6966147,1783333632,1783.333632,233,199,145,2,20260327_172946
1774628920.1713183,6966186,1783343616,1783.343616,236,199,145,2,20260327_172946
1774628920.1813023,6966225,1783353600,1783.3536,239,199,145,2,20260327_172946
1774628920.1915426,6966265,1783363840,1783.36384,242,199,142,2,20260327_172946
1774628920.2015264,6966304,1783373824,1783.373824,245,199,146,2,20260327_172946
1774628920.2115104,6966343,1783383808,1783.383808,248,199,146,2,20260327_172946
1774628920.2214944,6966382,1783393792,1783.393792,252,199,146,2,20260327_172946
1774628920.2314785,6966421,1783403776,1783.403776,0,199,146,2,20260327_172946
1774628920.2414625,6966460,1783413760,1783.41376,3,199,146,2,20260327_172946
1774628920.2514465,6966499,1783423744,1783.423744,6,199,145,2,20260327_172946
1774628920.2614305,6966538,1783433728,1783.433728,9,199,144,2,20260327_172946
1774628920.2716706,6966578,1783443968,1783.443968,12,199,144,2,20260327_172946
1774628920.2816546,6966617,1783453952,1783.453952,16,199,143,2,20260327_172946
1774628920.2916386,6966656,1783463936,1783.463936,19,200,143,2,20260327_172946
1774628920.3016226,6966695,1783473920,1783.47392,22,199,142,2,20260327_172946
1774628920.3116064,6966734,1783483904,1783.483904,25,199,141,2,20260327_172946
1774628920.3215904,6966773,1783493888,1783.493888,28,199,141,2,20260327_172946
1774628920.3315744,6966812,1783503872,1783.503872,31,199,139,2,20260327_172946
1774628920.3415585,6966851,1783513856,1783.513856,34,199,135,2,20260327_172946
1774628920.3517983,6966891,1783524096,1783.524096,37,199,130,2,20260327_172946
1774628920.3617826,6966930,1783534080,1783.53408,41,199,125,2,20260327_172946
1774628920.3717666,6966969,1783544064,1783.544064,44,199,119,2,20260327_172946
1774628920.3817506,6967008,1783554048,1783.554048,48,199,115,2,20260327_172946
1774628920.3917346,6967047,1783564032,1783.564032,53,199,112,2,20260327_172946
1774628920.4017186,6967086,1783574016,1783.574016,58,199,109,2,20260327_172946
1774628920.4117026,6967125,1783584000,1783.584,63,199,107,2,20260327_172946
1774628920.4216864,6967164,1783593984,1783.593984,68,199,106,2,20260327_172946
1774628920.4316704,6967203,1783603968,1783.603968,73,199,107,2,20260327_172946
1774628920.4419105,6967243,1783614208,1783.614208,77,199,107,2,20260327_172946
1774628920.4518943,6967282,1783624192,1783.624192,81,199,106,2,20260327_172946
1774628920.4618783,6967321,1783634176,1783.634176,84,199,106,2,20260327_172946
1774628920.4718626,6967360,1783644160,1783.64416,88,199,107,2,20260327_172946
1774628920.4818466,6967399,1783654144,1783.654144,91,199,106,2,20260327_172946
1774628920.4918306,6967438,1783664128,1783.664128,94,199,106,2,20260327_172946
1774628920.5018146,6967477,1783674112,1783.674112,98,199,106,2,20260327_172946
1774628920.5117986,6967516,1783684096,1783.684096,101,199,106,2,20260327_172946
1774628920.5217826,6967555,1783694080,1783.69408,104,199,106,2,20260327_172946
1774628920.5320225,6967595,1783704320,1783.70432,108,198,106,2,20260327_172946
1774628920.5420065,6967634,1783714304,1783.714304,111,199,106,2,20260327_172946
1774628920.5519905,6967673,1783724288,1783.724288,114,198,107,2,20260327_172946
1774628920.5619743,6967712,1783734272,1783.734272,117,199,106,2,20260327_172946
1774628920.5719583,6967751,1783744256,1783.744256,121,199,106,2,20260327_172946
1774628920.5819426,6967790,1783754240,1783.75424,124,198,106,2,20260327_172946
1774628920.5919266,6967829,1783764224,1783.764224,127,199,106,2,20260327_172946
1774628920.6019106,6967868,1783774208,1783.774208,131,199,107,2,20260327_172946
1774628920.6118946,6967907,1783784192,1783.784192,134,198,107,2,20260327_172946
1774628920.6221344,6967947,1783794432,1783.794432,138,198,107,2,20260327_172946
1774628920.6321185,6967986,1783804416,1783.804416,141,198,107,2,20260327_172946
1774628920.6421025,6968025,1783814400,1783.8144,145,199,107,2,20260327_172946
1774628920.6520865,6968064,1783824384,1783.824384,148,198,108,2,20260327_172946
1774628920.6620705,6968103,1783834368,1783.834368,152,198,108,2,20260327_172946
1774628920.6720543,6968142,1783844352,1783.844352,156,199,110,2,20260327_172946
1774628920.6820383,6968181,1783854336,1783.854336,160,198,108,2,20260327_172946
1774628920.6920226,6968220,1783864320,1783.86432,164,198,109,2,20260327_172946
1774628920.7020066,6968259,1783874304,1783.874304,167,199,110,2,20260327_172946
1774628920.7122464,6968299,1783884544,1783.884544,171,198,110,2,20260327_172946
1774628920.7222304,6968338,1783894528,1783.894528,174,198,112,2,20260327_172946
1774628920.7322145,6968377,1783904512,1783.904512,178,199,114,2,20260327_172946
1774628920.7421985,6968416,1783914496,1783.914496,181,199,118,2,20260327_172946
1774628920.7521825,6968455,1783924480,1783.92448,184,199,124,2,20260327_172946
1774628920.7621665,6968494,1783934464,1783.934464,187,199,126,2,20260327_172946
1774628920.7721505,6968533,1783944448,1783.944448,190,199,127,2,20260327_172946
1774628920.7821343,6968572,1783954432,1783.954432,194,199,130,2,20260327_172946
1774628920.7921183,6968611,1783964416,1783.964416,197,199,136,2,20260327_172946
1774628920.8023586,6968651,1783974656,1783.974656,200,199,139,2,20260327_172946
1774628920.8123424,6968690,1783984640,1783.98464,203,199,139,2,20260327_172946
1774628920.8223264,6968729,1783994624,1783.994624,206,199,140,2,20260327_172946
1774628920.8323104,6968768,1784004608,1784.004608,209,199,141,2,20260327_172946
1774628920.8422945,6968807,1784014592,1784.014592,213,199,141,2,20260327_172946
1774628920.8522785,6968846,1784024576,1784.024576,216,199,142,2,20260327_172946
1774628920.8622625,6968885,1784034560,1784.03456,219,199,143,2,20260327_172946
1774628920.8722465,6968924,1784044544,1784.044544,222,199,143,2,20260327_172946
1774628920.8822303,6968963,1784054528,1784.054528,225,199,143,2,20260327_172946
1774628920.8924706,6969003,1784064768,1784.064768,228,199,144,2,20260327_172946
1774628920.9024546,6969042,1784074752,1784.074752,232,199,144,2,20260327_172946
1774628920.9124386,6969081,1784084736,1784.084736,235,199,144,2,20260327_172946
1774628920.9224224,6969120,1784094720,1784.09472,238,199,145,2,20260327_172946
1774628920.9324064,6969159,1784104704,1784.104704,241,199,145,2,20260327_172946
1774628920.9423904,6969198,1784114688,1784.114688,244,199,144,2,20260327_172946
1774628920.9523745,6969237,1784124672,1784.124672,247,199,145,2,20260327_172946
1774628920.9623585,6969276,1784134656,1784.134656,250,199,145,2,20260327_172946
1774628920.9723425,6969315,1784144640,1784.14464,254,199,145,2,20260327_172946
1774628920.9825826,6969355,1784154880,1784.15488,2,199,145,2,20260327_172946
1774628920.9925666,6969394,1784164864,1784.164864,5,199,145,2,20260327_172946
1774628921.0025506,6969433,1784174848,1784.174848,8,199,145,2,20260327_172946
1774628921.0125346,6969472,1784184832,1784.184832,11,199,146,2,20260327_172946
1774628921.0225186,6969511,1784194816,1784.194816,14,199,145,2,20260327_172946
1774628921.0325024,6969550,1784204800,1784.2048,18,199,145,2,20260327_172946
1774628921.0424864,6969589,1784214784,1784.214784,21,199,145,2,20260327_172946
1774628921.0524704,6969628,1784224768,1784.224768,24,200,145,2,20260327_172946
1774628921.0624545,6969667,1784234752,1784.234752,27,199,145,2,20260327_172946
1774628921.0726943,6969707,1784244992,1784.244992,30,199,144,2,20260327_172946
1774628921.0826786,6969746,1784254976,1784.254976,33,199,143,2,20260327_172946
1774628921.0926626,6969785,1784264960,1784.26496,36,199,142,2,20260327_172946
1774628921.1026466,6969824,1784274944,1784.274944,39,199,140,2,20260327_172946
1774628921.1126306,6969863,1784284928,1784.284928,41,199,139,2,20260327_172946
1774628921.1226146,6969902,1784294912,1784.294912,44,199,137,2,20260327_172946
1774628921.1325986,6969941,1784304896,1784.304896,47,199,132,2,20260327_172946
1774628921.1425824,6969980,1784314880,1784.31488,50,199,128,2,20260327_172946
1774628921.1525664,6970019,1784324864,1784.324864,53,199,123,2,20260327_172946
1774628921.1628065,6970059,1784335104,1784.335104,57,199,117,2,20260327_172946
1774628921.1727903,6970098,1784345088,1784.345088,61,199,112,2,20260327_172946
1774628921.1827743,6970137,1784355072,1784.355072,66,199,109,2,20260327_172946
1774628921.1927586,6970176,1784365056,1784.365056,71,199,107,2,20260327_172946
1774628921.2027426,6970215,1784375040,1784.37504,75,199,106,2,20260327_172946
1774628921.2127266,6970254,1784385024,1784.385024,79,199,106,2,20260327_172946
1774628921.2227106,6970293,1784395008,1784.395008,83,199,106,2,20260327_172946
1774628921.2326946,6970332,1784404992,1784.404992,87,199,106,2,20260327_172946
1774628921.2426784,6970371,1784414976,1784.414976,90,199,106,2,20260327_172946
1774628921.2529185,6970411,1784425216,1784.425216,93,199,107,2,20260327_172946
1774628921.2629025,6970450,1784435200,1784.4352,96,199,107,2,20260327_172946
1774628921.2728865,6970489,1784445184,1784.445184,100,199,107,2,20260327_172946
1774628921.2828703,6970528,1784455168,1784.455168,103,199,107,2,20260327_172946
1774628921.2928543,6970567,1784465152,1784.465152,106,199,107,2,20260327_172946
1774628921.3028386,6970606,1784475136,1784.475136,109,199,107,2,20260327_172946
1774628921.3128226,6970645,1784485120,1784.48512,113,199,107,2,20260327_172946
1774628921.3228066,6970684,1784495104,1784.495104,116,198,107,2,20260327_172946
1774628921.3330464,6970724,1784505344,1784.505344,119,198,107,2,20260327_172946
1774628921.3430305,6970763,1784515328,1784.515328,123,198,108,2,20260327_172946
1774628921.3530145,6970802,1784525312,1784.525312,126,200,108,2,20260327_172946
1774628921.3629985,6970841,1784535296,1784.535296,129,198,107,2,20260327_172946
1774628921.3729825,6970880,1784545280,1784.54528,133,198,107,2,20260327_172946
1774628921.3829665,6970919,1784555264,1784.555264,136,199,108,2,20260327_172946
1774628921.3929503,6970958,1784565248,1784.565248,140,199,108,2,20260327_172946
1774628921.4029346,6970997,1784575232,1784.575232,143,198,108,2,20260327_172946
1774628921.4131746,6971037,1784585472,1784.585472,147,198,108,2,20260327_172946
1774628921.4231584,6971076,1784595456,1784.595456,151,199,108,2,20260327_172946
1774628921.4331424,6971115,1784605440,1784.60544,154,198,109,2,20260327_172946
1774628921.4431264,6971154,1784615424,1784.615424,158,198,109,2,20260327_172946
1774628921.4531105,6971193,1784625408,1784.625408,162,198,109,2,20260327_172946
1774628921.4630945,6971232,1784635392,1784.635392,166,198,110,2,20260327_172946
1774628921.4730785,6971271,1784645376,1784.645376,169,198,111,2,20260327_172946
1774628921.4830625,6971310,1784655360,1784.65536,173,198,112,2,20260327_172946
1774628921.4930463,6971349,1784665344,1784.665344,176,199,113,2,20260327_172946
1774628921.5032866,6971389,1784675584,1784.675584,179,199,115,2,20260327_172946
1774628921.5132706,6971428,1784685568,1784.685568,183,200,119,2,20260327_172946
1774628921.5232546,6971467,1784695552,1784.695552,186,199,123,2,20260327_172946
1774628921.5332384,6971506,1784705536,1784.705536,189,199,126,2,20260327_172946
1774628921.5432224,6971545,1784715520,1784.71552,192,199,127,2,20260327_172946
1774628921.5532064,6971584,1784725504,1784.725504,195,199,129,2,20260327_172946
1774628921.5631905,6971623,1784735488,1784.735488,198,199,134,2,20260327_172946
1774628921.5731745,6971662,1784745472,1784.745472,202,199,139,2,20260327_172946
1774628921.5831585,6971701,1784755456,1784.755456,205,199,139,2,20260327_172946
1774628921.5933986,6971741,1784765696,1784.765696,208,199,139,2,20260327_172946
1774628921.6033826,6971780,1784775680,1784.77568,211,199,139,2,20260327_172946
1774628921.6133666,6971819,1784785664,1784.785664,214,199,140,2,20260327_172946
1774628921.6233506,6971858,1784795648,1784.795648,217,199,142,2,20260327_172946
1774628921.6333346,6971897,1784805632,1784.805632,220,199,142,2,20260327_172946
1774628921.6433184,6971936,1784815616,1784.815616,224,200,143,2,20260327_172946
1774628921.6533024,6971975,1784825600,1784.8256,227,199,143,2,20260327_172946
1774628921.6632864,6972014,1784835584,1784.835584,230,199,143,2,20260327_172946
1774628921.6732705,6972053,1784845568,1784.845568,233,199,144,2,20260327_172946
1774628921.6835103,6972093,1784855808,1784.855808,236,199,145,2,20260327_172946
1774628921.6934946,6972132,1784865792,1784.865792,239,199,144,2,20260327_172946
1774628921.7034786,6972171,1784875776,1784.875776,243,199,145,2,20260327_172946
1774628921.7134626,6972210,1784885760,1784.88576,246,199,144,2,20260327_172946
1774628921.7234466,6972249,1784895744,1784.895744,249,199,145,2,20260327_172946
1774628921.7334306,6972288,1784905728,1784.905728,252,199,145,2,20260327_172946
1774628921.7434146,6972327,1784915712,1784.915712,0,199,145,2,20260327_172946
1774628921.7533984,6972366,1784925696,1784.925696,3,199,145,2,20260327_172946
1774628921.7633824,6972405,1784935680,1784.93568,7,200,146,2,20260327_172946
1774628921.7736225,6972445,1784945920,1784.94592,10,199,146,2,20260327_172946
1774628921.7836063,6972484,1784955904,1784.955904,13,199,145,2,20260327_172946
1774628921.7935903,6972523,1784965888,1784.965888,16,199,145,2,20260327_172946
1774628921.8035746,6972562,1784975872,1784.975872,19,199,145,2,20260327_172946
1774628921.8135586,6972601,1784985856,1784.985856,22,199,146,2,20260327_172946
1774628921.8235426,6972640,1784995840,1784.99584,25,200,145,2,20260327_172946
1774628921.8335266,6972679,1785005824,1785.005824,28,199,145,2,20260327_172946
1774628921.8435106,6972718,1785015808,1785.015808,32,199,144,2,20260327_172946
1774628921.8537505,6972758,1785026048,1785.026048,35,199,144,2,20260327_172946
1774628921.8637345,6972797,1785036032,1785.036032,37,199,143,2,20260327_172946
1774628921.8737185,6972836,1785046016,1785.046016,40,199,143,2,20260327_172946
1774628921.8837025,6972875,1785056000,1785.056,43,199,140,2,20260327_172946
1774628921.8936863,6972914,1785065984,1785.065984,45,199,139,2,20260327_172946
1774628921.9036703,6972953,1785075968,1785.075968,47,199,138,2,20260327_172946
1774628921.9136546,6972992,1785085952,1785.085952,49,199,134,2,20260327_172946
1774628921.9236386,6973031,1785095936,1785.095936,52,199,130,2,20260327_172946
1774628921.9336226,6973070,1785105920,1785.10592,55,199,125,2,20260327_172946
1774628921.9438624,6973110,1785116160,1785.11616,59,199,121,2,20260327_172946
1774628921.9538465,6973149,1785126144,1785.126144,63,199,116,2,20260327_172946
1774628921.9638305,6973188,1785136128,1785.136128,67,199,113,2,20260327_172946
1774628921.9738145,6973227,1785146112,1785.146112,72,199,111,2,20260327_172946
1774628921.9837985,6973266,1785156096,1785.156096,76,199,109,2,20260327_172946
1774628921.9937823,6973305,1785166080,1785.16608,80,199,107,2,20260327_172946
1774628922.0037663,6973344,1785176064,1785.176064,83,199,106,2,20260327_172946
1774628922.0137506,6973383,1785186048,1785.186048,87,199,107,2,20260327_172946
1774628922.0239906,6973423,1785196288,1785.196288,90,199,107,2,20260327_172946
1774628922.0339744,6973462,1785206272,1785.206272,93,199,107,2,20260327_172946
1774628922.0439584,6973501,1785216256,1785.216256,97,199,106,2,20260327_172946
1774628922.0539424,6973540,1785226240,1785.22624,100,199,107,2,20260327_172946
1774628922.0639265,6973579,1785236224,1785.236224,103,199,107,2,20260327_172946
1774628922.0739105,6973618,1785246208,1785.246208,107,199,106,2,20260327_172946
1774628922.0838945,6973657,1785256192,1785.256192,110,199,107,2,20260327_172946
1774628922.0938785,6973696,1785266176,1785.266176,113,198,107,2,20260327_172946
1774628922.1038623,6973735,1785276160,1785.27616,116,198,107,2,20260327_172946
1774628922.1141026,6973775,1785286400,1785.2864,120,198,108,2,20260327_172946
1774628922.1240866,6973814,1785296384,1785.296384,123,198,108,2,20260327_172946
1774628922.1340706,6973853,1785306368,1785.306368,126,198,108,2,20260327_172946
1774628922.1440544,6973892,1785316352,1785.316352,130,199,108,2,20260327_172946
1774628922.1540384,6973931,1785326336,1785.326336,133,198,108,2,20260327_172946
1774628922.1640224,6973970,1785336320,1785.33632,137,198,109,2,20260327_172946
1774628922.1740065,6974009,1785346304,1785.346304,140,199,109,2,20260327_172946
1774628922.1839905,6974048,1785356288,1785.356288,143,199,110,2,20260327_172946
1774628922.1939745,6974087,1785366272,1785.366272,147,198,110,2,20260327_172946
1774628922.2042146,6974127,1785376512,1785.376512,151,198,110,2,20260327_172946
1774628922.2141986,6974166,1785386496,1785.386496,154,198,111,2,20260327_172946
1774628922.2241826,6974205,1785396480,1785.39648,158,198,111,2,20260327_172946
1774628922.2341666,6974244,1785406464,1785.406464,162,198,112,2,20260327_172946
1774628922.2441506,6974283,1785416448,1785.416448,166,198,113,2,20260327_172946
1774628922.2541344,6974322,1785426432,1785.426432,169,198,114,2,20260327_172946
1774628922.2641184,6974361,1785436416,1785.436416,172,199,116,2,20260327_172946
1774628922.2741024,6974400,1785446400,1785.4464,176,199,119,2,20260327_172946
1774628922.2840865,6974439,1785456384,1785.456384,179,199,123,2,20260327_172946
1774628922.2943263,6974479,1785466624,1785.466624,182,199,126,2,20260327_172946
1774628922.3043106,6974518,1785476608,1785.476608,185,199,127,2,20260327_172946
1774628922.3142946,6974557,1785486592,1785.486592,188,199,129,2,20260327_172946
1774628922.3242786,6974596,1785496576,1785.496576,192,199,134,2,20260327_172946
1774628922.3342626,6974635,1785506560,1785.50656,195,199,138,2,20260327_172946
1774628922.3442466,6974674,1785516544,1785.516544,198,199,140,2,20260327_172946
1774628922.3542304,6974713,1785526528,1785.526528,201,199,140,2,20260327_172946
1774628922.3642144,6974752,1785536512,1785.536512,204,199,140,2,20260327_172946
1774628922.3744545,6974792,1785546752,1785.546752,207,199,140,2,20260327_172946
1774628922.3844385,6974831,1785556736,1785.556736,211,199,140,2,20260327_172946
1774628922.3944223,6974870,1785566720,1785.56672,214,199,142,2,20260327_172946
1774628922.4044063,6974909,1785576704,1785.576704,217,199,143,2,20260327_172946
1774628922.4143906,6974948,1785586688,1785.586688,220,199,144,2,20260327_172946
1774628922.4243746,6974987,1785596672,1785.596672,223,199,144,2,20260327_172946
1774628922.4343586,6975026,1785606656,1785.606656,226,199,143,2,20260327_172946
1774628922.4443426,6975065,1785616640,1785.61664,229,199,144,2,20260327_172946
1774628922.4543266,6975104,1785626624,1785.626624,233,199,145,2,20260327_172946
1774628922.4645665,6975144,1785636864,1785.636864,236,199,144,2,20260327_172946
1774628922.4745505,6975183,1785646848,1785.646848,239,199,146,2,20260327_172946
1774628922.4845345,6975222,1785656832,1785.656832,242,199,145,2,20260327_172946
1774628922.4945185,6975261,1785666816,1785.666816,245,199,146,2,20260327_172946
1774628922.5045023,6975300,1785676800,1785.6768,248,199,145,2,20260327_172946
1774628922.5144866,6975339,1785686784,1785.686784,252,199,146,2,20260327_172946
1774628922.5244706,6975378,1785696768,1785.696768,0,199,144,2,20260327_172946
1774628922.5344546,6975417,1785706752,1785.706752,3,199,146,2,20260327_172946
1774628922.5444386,6975456,1785716736,1785.716736,6,199,146,2,20260327_172946
1774628922.5546784,6975496,1785726976,1785.726976,9,199,146,2,20260327_172946
1774628922.5646625,6975535,1785736960,1785.73696,12,199,146,2,20260327_172946
1774628922.5746465,6975574,1785746944,1785.746944,15,199,146,2,20260327_172946
1774628922.5846305,6975613,1785756928,1785.756928,19,199,146,2,20260327_172946
1774628922.5946145,6975652,1785766912,1785.766912,22,199,147,2,20260327_172946
1774628922.6045983,6975691,1785776896,1785.776896,25,199,146,2,20260327_172946
1774628922.6145823,6975730,1785786880,1785.78688,28,199,146,2,20260327_172946
1774628922.6245666,6975769,1785796864,1785.796864,31,199,146,2,20260327_172946
1774628922.6348066,6975809,1785807104,1785.807104,34,199,145,2,20260327_172946
1774628922.6447904,6975848,1785817088,1785.817088,37,199,144,2,20260327_172946
1774628922.6547744,6975887,1785827072,1785.827072,40,199,143,2,20260327_172946
1774628922.6647584,6975926,1785837056,1785.837056,42,200,142,2,20260327_172946
1774628922.6747425,6975965,1785847040,1785.84704,44,199,141,2,20260327_172946
1774628922.6847265,6976004,1785857024,1785.857024,46,199,140,2,20260327_172946
1774628922.6947105,6976043,1785867008,1785.867008,48,199,139,2,20260327_172946
1774628922.7046945,6976082,1785876992,1785.876992,51,199,136,2,20260327_172946
1774628922.7149346,6976122,1785887232,1785.887232,53,199,133,2,20260327_172946
1774628922.7249186,6976161,1785897216,1785.897216,56,199,128,2,20260327_172946
1774628922.7349026,6976200,1785907200,1785.9072,59,199,126,2,20260327_172946
1774628922.7448866,6976239,1785917184,1785.917184,62,199,121,2,20260327_172946
1774628922.7548704,6976278,1785927168,1785.927168,66,199,119,2,20260327_172946
1774628922.7648544,6976317,1785937152,1785.937152,70,199,114,2,20260327_172946
1774628922.7748384,6976356,1785947136,1785.947136,75,199,112,2,20260327_172946
1774628922.7848225,6976395,1785957120,1785.95712,78,199,110,2,20260327_172946
1774628922.7948065,6976434,1785967104,1785.967104,82,199,108,2,20260327_172946
1774628922.8050466,6976474,1785977344,1785.977344,86,199,107,2,20260327_172946
1774628922.8150306,6976513,1785987328,1785.987328,89,199,106,2,20260327_172946
1774628922.8250146,6976552,1785997312,1785.997312,92,199,107,2,20260327_172946
1774628922.8349986,6976591,1786007296,1786.007296,96,199,107,2,20260327_172946
1774628922.8449826,6976630,1786017280,1786.01728,99,199,107,2,20260327_172946
1774628922.8549666,6976669,1786027264,1786.027264,102,199,108,2,20260327_172946
1774628922.8649504,6976708,1786037248,1786.037248,105,199,106,2,20260327_172946
1774628922.8749344,6976747,1786047232,1786.047232,109,199,107,2,20260327_172946
1774628922.8849185,6976786,1786057216,1786.057216,112,198,107,2,20260327_172946
1774628922.8951583,6976826,1786067456,1786.067456,115,198,108,2,20260327_172946
1774628922.9051423,6976865,1786077440,1786.07744,119,198,110,2,20260327_172946
1774628922.9151266,6976904,1786087424,1786.087424,122,200,110,2,20260327_172946
1774628922.9251106,6976943,1786097408,1786.097408,125,198,109,2,20260327_172946
1774628922.9350946,6976982,1786107392,1786.107392,129,198,110,2,20260327_172946
1774628922.9450786,6977021,1786117376,1786.117376,132,198,110,2,20260327_172946
1774628922.9550626,6977060,1786127360,1786.12736,135,198,110,2,20260327_172946
1774628922.9650464,6977099,1786137344,1786.137344,139,198,111,2,20260327_172946
1774628922.9750304,6977138,1786147328,1786.147328,142,198,111,2,20260327_172946
1774628922.9852705,6977178,1786157568,1786.157568,146,198,113,2,20260327_172946
1774628922.9952545,6977217,1786167552,1786.167552,149,199,112,2,20260327_172946
1774628923.0052383,6977256,1786177536,1786.177536,153,199,113,2,20260327_172946
1774628923.0152223,6977295,1786187520,1786.18752,157,198,114,2,20260327_172946
1774628923.0252066,6977334,1786197504,1786.197504,160,199,115,2,20260327_172946
1774628923.0351906,6977373,1786207488,1786.207488,164,198,116,2,20260327_172946
1774628923.0451746,6977412,1786217472,1786.217472,167,198,117,2,20260327_172946
1774628923.0551586,6977451,1786227456,1786.227456,171,198,120,2,20260327_172946
1774628923.0653985,6977491,1786237696,1786.237696,174,198,123,2,20260327_172946
1774628923.0753825,6977530,1786247680,1786.24768,177,198,126,2,20260327_172946
1774628923.0853665,6977569,1786257664,1786.257664,180,198,127,2,20260327_172946
1774628923.0953505,6977608,1786267648,1786.267648,183,198,129,2,20260327_172946
1774628923.1053343,6977647,1786277632,1786.277632,187,199,132,2,20260327_172946
1774628923.1153183,6977686,1786287616,1786.287616,190,199,136,2,20260327_172946
1774628923.1253026,6977725,1786297600,1786.2976,193,199,140,2,20260327_172946
1774628923.1352866,6977764,1786307584,1786.307584,196,199,141,2,20260327_172946
1774628923.1455264,6977804,1786317824,1786.317824,199,199,141,2,20260327_172946
1774628923.1555104,6977843,1786327808,1786.327808,202,199,141,2,20260327_172946
1774628923.1654944,6977882,1786337792,1786.337792,206,199,142,2,20260327_172946
1774628923.1754785,6977921,1786347776,1786.347776,209,199,142,2,20260327_172946
1774628923.1854625,6977960,1786357760,1786.35776,212,199,143,2,20260327_172946
1774628923.1954465,6977999,1786367744,1786.367744,215,199,144,2,20260327_172946
1774628923.2054305,6978038,1786377728,1786.377728,218,199,143,2,20260327_172946
1774628923.2154143,6978077,1786387712,1786.387712,221,199,144,2,20260327_172946
1774628923.2253983,6978116,1786397696,1786.397696,224,199,144,2,20260327_172946
1774628923.2356386,6978156,1786407936,1786.407936,228,199,145,2,20260327_172946
1774628923.2456226,6978195,1786417920,1786.41792,231,198,145,2,20260327_172946
1774628923.2556064,6978234,1786427904,1786.427904,234,199,145,2,20260327_172946
1774628923.2655904,6978273,1786437888,1786.437888,237,199,146,2,20260327_172946
1774628923.2755744,6978312,1786447872,1786.447872,240,199,145,2,20260327_172946
1774628923.2855585,6978351,1786457856,1786.457856,243,199,146,2,20260327_172946
1774628923.2955425,6978390,1786467840,1786.46784,246,199,146,2,20260327_172946
1774628923.3055265,6978429,1786477824,1786.477824,250,199,146,2,20260327_172946
1774628923.3155105,6978468,1786487808,1786.487808,253,199,146,2,20260327_172946
1774628923.3257506,6978508,1786498048,1786.498048,1,199,146,2,20260327_172946
1774628923.3357346,6978547,1786508032,1786.508032,4,199,146,2,20260327_172946
1774628923.3457186,6978586,1786518016,1786.518016,7,199,145,2,20260327_172946
1774628923.3557026,6978625,1786528000,1786.528,10,199,145,2,20260327_172946
1774628923.3656864,6978664,1786537984,1786.537984,14,199,145,2,20260327_172946
1774628923.3756704,6978703,1786547968,1786.547968,17,199,144,2,20260327_172946
1774628923.3856544,6978742,1786557952,1786.557952,20,199,145,2,20260327_172946
1774628923.3956385,6978781,1786567936,1786.567936,23,201,144,2,20260327_172946
1774628923.4058783,6978821,1786578176,1786.578176,26,199,143,2,20260327_172946
1774628923.4158626,6978860,1786588160,1786.58816,29,200,144,2,20260327_172946
1774628923.4258466,6978899,1786598144,1786.598144,32,199,143,2,20260327_172946
1774628923.4358306,6978938,1786608128,1786.608128,35,200,142,2,20260327_172946
1774628923.4458146,6978977,1786618112,1786.618112,38,199,142,2,20260327_172946
1774628923.4557986,6979016,1786628096,1786.628096,41,199,141,2,20260327_172946
1774628923.4657824,6979055,1786638080,1786.63808,43,199,140,2,20260327_172946
1774628923.4757664,6979094,1786648064,1786.648064,46,199,139,2,20260327_172946
1774628923.4857504,6979133,1786658048,1786.658048,48,199,138,2,20260327_172946
1774628923.4959905,6979173,1786668288,1786.668288,50,199,134,2,20260327_172946
1774628923.5059743,6979212,1786678272,1786.678272,53,199,131,2,20260327_172946
1774628923.5159583,6979251,1786688256,1786.688256,56,199,127,2,20260327_172946
1774628923.5259426,6979290,1786698240,1786.69824,59,199,124,2,20260327_172946
1774628923.5359266,6979329,1786708224,1786.708224,63,199,120,2,20260327_172946
1774628923.5459106,6979368,1786718208,1786.718208,67,199,117,2,20260327_172946
1774628923.5558946,6979407,1786728192,1786.728192,71,199,114,2,20260327_172946
1774628923.5658786,6979446,1786738176,1786.738176,75,199,111,2,20260327_172946
1774628923.5758624,6979485,1786748160,1786.74816,79,199,109,2,20260327_172946
1774628923.5861025,6979525,1786758400,1786.7584,83,199,108,2,20260327_172946
1774628923.5960865,6979564,1786768384,1786.768384,86,199,106,2,20260327_172946
1774628923.6060705,6979603,1786778368,1786.778368,90,199,107,2,20260327_172946
1774628923.6160543,6979642,1786788352,1786.788352,93,198,108,2,20260327_172946
1774628923.6260386,6979681,1786798336,1786.798336,96,198,106,2,20260327_172946
1774628923.6360226,6979720,1786808320,1786.80832,99,198,107,2,20260327_172946
1774628923.6460066,6979759,1786818304,1786.818304,103,198,106,2,20260327_172946
1774628923.6559906,6979798,1786828288,1786.828288,106,199,108,2,20260327_172946
1774628923.6659746,6979837,1786838272,1786.838272,109,198,107,2,20260327_172946
1774628923.6762145,6979877,1786848512,1786.848512,112,198,108,2,20260327_172946
1774628923.6861985,6979916,1786858496,1786.858496,116,198,109,2,20260327_172946
1774628923.6961825,6979955,1786868480,1786.86848,119,198,109,2,20260327_172946
1774628923.7061665,6979994,1786878464,1786.878464,122,198,109,2,20260327_172946
1774628923.7161503,6980033,1786888448,1786.888448,126,198,109,2,20260327_172946
1774628923.7261343,6980072,1786898432,1786.898432,129,198,110,2,20260327_172946
1774628923.7361186,6980111,1786908416,1786.908416,133,198,110,2,20260327_172946
1774628923.7461026,6980150,1786918400,1786.9184,136,198,110,2,20260327_172946
1774628923.7563424,6980190,1786928640,1786.92864,139,198,111,2,20260327_172946
1774628923.7663264,6980229,1786938624,1786.938624,143,198,111,2,20260327_172946
1774628923.7763104,6980268,1786948608,1786.948608,146,198,112,2,20260327_172946
1774628923.7862945,6980307,1786958592,1786.958592,150,198,113,2,20260327_172946
1774628923.7962785,6980346,1786968576,1786.968576,153,198,114,2,20260327_172946
1774628923.8062625,6980385,1786978560,1786.97856,157,198,116,2,20260327_172946
1774628923.8162465,6980424,1786988544,1786.988544,161,198,117,2,20260327_172946
1774628923.8262303,6980463,1786998528,1786.998528,164,198,119,2,20260327_172946
1774628923.8362143,6980502,1787008512,1787.008512,167,198,122,2,20260327_172946
1774628923.8464546,6980542,1787018752,1787.018752,171,198,125,2,20260327_172946
1774628923.8564386,6980581,1787028736,1787.028736,174,198,127,2,20260327_172946
1774628923.8664224,6980620,1787038720,1787.03872,177,198,127,2,20260327_172946
1774628923.8764064,6980659,1787048704,1787.048704,180,198,130,2,20260327_172946
1774628923.8863904,6980698,1787058688,1787.058688,183,199,132,2,20260327_172946
1774628923.8963745,6980737,1787068672,1787.068672,187,198,136,2,20260327_172946
1774628923.9063585,6980776,1787078656,1787.078656,190,198,140,2,20260327_172946
1774628923.9163425,6980815,1787088640,1787.08864,193,199,140,2,20260327_172946
1774628923.9263265,6980854,1787098624,1787.098624,196,198,140,2,20260327_172946
1774628923.9365666,6980894,1787108864,1787.108864,199,199,141,2,20260327_172946
1774628923.9465506,6980933,1787118848,1787.118848,202,198,141,2,20260327_172946
1774628923.9565346,6980972,1787128832,1787.128832,206,199,143,2,20260327_172946
1774628923.9665186,6981011,1787138816,1787.138816,209,199,143,2,20260327_172946
1774628923.9765024,6981050,1787148800,1787.1488,212,198,143,2,20260327_172946
1774628923.9864864,6981089,1787158784,1787.158784,215,199,144,2,20260327_172946
1774628923.9964705,6981128,1787168768,1787.168768,218,199,145,2,20260327_172946
1774628924.0064545,6981167,1787178752,1787.178752,221,199,145,2,20260327_172946
1774628924.0166943,6981207,1787188992,1787.188992,224,199,144,2,20260327_172946
1774628924.0266786,6981246,1787198976,1787.198976,228,199,145,2,20260327_172946
1774628924.0366626,6981285,1787208960,1787.20896,231,199,145,2,20260327_172946
1774628924.0466466,6981324,1787218944,1787.218944,234,199,146,2,20260327_172946
1774628924.0566306,6981363,1787228928,1787.228928,237,199,146,2,20260327_172946
1774628924.0666146,6981402,1787238912,1787.238912,240,199,145,2,20260327_172946
1774628924.0765984,6981441,1787248896,1787.248896,243,199,147,2,20260327_172946
1774628924.0865824,6981480,1787258880,1787.25888,246,199,146,2,20260327_172946
1774628924.0965664,6981519,1787268864,1787.268864,250,199,146,2,20260327_172946
1774628924.1068065,6981559,1787279104,1787.279104,253,199,146,2,20260327_172946
1774628924.1167903,6981598,1787289088,1787.289088,1,199,146,2,20260327_172946
1774628924.1267743,6981637,1787299072,1787.299072,4,199,146,2,20260327_172946
1774628924.1367586,6981676,1787309056,1787.309056,7,199,146,2,20260327_172946
1774628924.1467426,6981715,1787319040,1787.31904,10,199,146,2,20260327_172946
1774628924.1567266,6981754,1787329024,1787.329024,14,199,146,2,20260327_172946
1774628924.1667106,6981793,1787339008,1787.339008,17,199,146,2,20260327_172946
1774628924.1769505,6981833,1787349248,1787.349248,20,199,145,2,20260327_172946
1774628924.1869345,6981872,1787359232,1787.359232,23,199,145,2,20260327_172946
1774628924.1969185,6981911,1787369216,1787.369216,26,199,145,2,20260327_172946
1774628924.2069025,6981950,1787379200,1787.3792,29,199,145,2,20260327_172946
1774628924.2168863,6981989,1787389184,1787.389184,32,199,145,2,20260327_172946
1774628924.2268703,6982028,1787399168,1787.399168,35,199,143,2,20260327_172946
1774628924.2368546,6982067,1787409152,1787.409152,38,199,143,2,20260327_172946
1774628924.2468386,6982106,1787419136,1787.419136,41,199,142,2,20260327_172946
1774628924.2568226,6982145,1787429120,1787.42912,43,199,141,2,20260327_172946
1774628924.2670624,6982185,1787439360,1787.43936,45,199,140,2,20260327_172946
1774628924.2770464,6982224,1787449344,1787.449344,48,199,139,2,20260327_172946
1774628924.2870305,6982263,1787459328,1787.459328,50,199,136,2,20260327_172946
1774628924.2970145,6982302,1787469312,1787.469312,52,199,132,2,20260327_172946
1774628924.3069985,6982341,1787479296,1787.479296,55,199,128,2,20260327_172946
1774628924.3169825,6982380,1787489280,1787.48928,58,199,127,2,20260327_172946
1774628924.3269663,6982419,1787499264,1787.499264,62,199,123,2,20260327_172946
1774628924.3369503,6982458,1787509248,1787.509248,66,200,120,2,20260327_172946
1774628924.3469346,6982497,1787519232,1787.519232,70,200,118,2,20260327_172946
1774628924.3571746,6982537,1787529472,1787.529472,74,198,115,2,20260327_172946
1774628924.3671584,6982576,1787539456,1787.539456,78,199,113,2,20260327_172946
1774628924.3771424,6982615,1787549440,1787.54944,81,198,110,2,20260327_172946
1774628924.3871264,6982654,1787559424,1787.559424,85,198,108,2,20260327_172946
1774628924.3971105,6982693,1787569408,1787.569408,88,198,107,2,20260327_172946
1774628924.4070945,6982732,1787579392,1787.579392,92,198,107,2,20260327_172946
1774628924.4170785,6982771,1787589376,1787.589376,95,198,107,2,20260327_172946
1774628924.4270625,6982810,1787599360,1787.59936,98,198,108,2,20260327_172946
1774628924.4373026,6982850,1787609600,1787.6096,101,198,108,2,20260327_172946
1774628924.4472866,6982889,1787619584,1787.619584,105,198,107,2,20260327_172946
1774628924.4572706,6982928,1787629568,1787.629568,108,198,107,2,20260327_172946
1774628924.4672546,6982967,1787639552,1787.639552,111,198,107,2,20260327_172946
1774628924.4772384,6983006,1787649536,1787.649536,114,197,107,2,20260327_172946
1774628924.4872224,6983045,1787659520,1787.65952,118,198,108,2,20260327_172946
1774628924.4972064,6983084,1787669504,1787.669504,121,198,108,2,20260327_172946
1774628924.5071905,6983123,1787679488,1787.679488,124,197,108,2,20260327_172946
1774628924.5171745,6983162,1787689472,1787.689472,128,197,109,2,20260327_172946
1774628924.5274146,6983202,1787699712,1787.699712,131,198,109,2,20260327_172946
1774628924.5373986,6983241,1787709696,1787.709696,135,197,111,2,20260327_172946
1774628924.5473826,6983280,1787719680,1787.71968,138,197,110,2,20260327_172946
1774628924.5573666,6983319,1787729664,1787.729664,142,198,111,2,20260327_172946
1774628924.5673506,6983358,1787739648,1787.739648,145,197,112,2,20260327_172946
1774628924.5773344,6983397,1787749632,1787.749632,149,197,113,2,20260327_172946
1774628924.5873184,6983436,1787759616,1787.759616,152,197,114,2,20260327_172946
1774628924.5973024,6983475,1787769600,1787.7696,156,198,115,2,20260327_172946
1774628924.6072865,6983514,1787779584,1787.779584,159,198,117,2,20260327_172946
1774628924.6175263,6983554,1787789824,1787.789824,163,198,119,2,20260327_172946
1774628924.6275103,6983593,1787799808,1787.799808,166,198,122,2,20260327_172946
1774628924.6374946,6983632,1787809792,1787.809792,170,198,124,2,20260327_172946
1774628924.6474786,6983671,1787819776,1787.819776,173,198,127,2,20260327_172946
1774628924.6574626,6983710,1787829760,1787.82976,176,198,127,2,20260327_172946
1774628924.6674466,6983749,1787839744,1787.839744,179,198,130,2,20260327_172946
1774628924.6774306,6983788,1787849728,1787.849728,182,198,132,2,20260327_172946
1774628924.6874144,6983827,1787859712,1787.859712,185,199,136,2,20260327_172946
1774628924.6976545,6983867,1787869952,1787.869952,189,198,140,2,20260327_172946
1774628924.7076385,6983906,1787879936,1787.879936,192,198,141,2,20260327_172946
1774628924.7176225,6983945,1787889920,1787.88992,195,198,141,2,20260327_172946
1774628924.7276063,6983984,1787899904,1787.899904,198,198,141,2,20260327_172946
1774628924.7375906,6984023,1787909888,1787.909888,201,198,141,2,20260327_172946
1774628924.7475746,6984062,1787919872,1787.919872,204,198,142,2,20260327_172946
1774628924.7575586,6984101,1787929856,1787.929856,207,198,143,2,20260327_172946
1774628924.7675426,6984140,1787939840,1787.93984,211,198,144,2,20260327_172946
1774628924.7775266,6984179,1787949824,1787.949824,214,198,144,2,20260327_172946
1774628924.7877665,6984219,1787960064,1787.960064,217,199,144,2,20260327_172946
1774628924.7977505,6984258,1787970048,1787.970048,220,198,144,2,20260327_172946
1774628924.8077345,6984297,1787980032,1787.980032,223,198,145,2,20260327_172946
1774628924.8177185,6984336,1787990016,1787.990016,226,199,145,2,20260327_172946
1774628924.8277023,6984375,1788000000,1788.0,229,198,145,2,20260327_172946
1774628924.8376863,6984414,1788009984,1788.009984,233,198,145,2,20260327_172946
1774628924.8476706,6984453,1788019968,1788.019968,236,198,145,2,20260327_172946
1774628924.8576546,6984492,1788029952,1788.029952,239,198,146,2,20260327_172946
1774628924.8678944,6984532,1788040192,1788.040192,242,199,146,2,20260327_172946
1774628924.8778784,6984571,1788050176,1788.050176,245,198,146,2,20260327_172946
1774628924.8878624,6984610,1788060160,1788.06016,248,199,146,2,20260327_172946
1774628924.8978465,6984649,1788070144,1788.070144,252,199,146,2,20260327_172946
1774628924.9078305,6984688,1788080128,1788.080128,0,199,146,2,20260327_172946
1774628924.9178145,6984727,1788090112,1788.090112,3,199,145,2,20260327_172946
1774628924.9277985,6984766,1788100096,1788.100096,6,199,145,2,20260327_172946
1774628924.9377823,6984805,1788110080,1788.11008,9,200,145,2,20260327_172946
1774628924.9480226,6984845,1788120320,1788.12032,12,199,145,2,20260327_172946
1774628924.9580066,6984884,1788130304,1788.130304,15,199,144,2,20260327_172946
1774628924.9679906,6984923,1788140288,1788.140288,19,199,144,2,20260327_172946
1774628924.9779744,6984962,1788150272,1788.150272,22,199,144,2,20260327_172946
1774628924.9879584,6985001,1788160256,1788.160256,25,199,145,2,20260327_172946
1774628924.9979424,6985040,1788170240,1788.17024,28,199,145,2,20260327_172946
1774628925.0079265,6985079,1788180224,1788.180224,31,199,143,2,20260327_172946
1774628925.0179105,6985118,1788190208,1788.190208,34,199,143,2,20260327_172946
1774628925.0278945,6985157,1788200192,1788.200192,37,199,142,2,20260327_172946
1774628925.0381346,6985197,1788210432,1788.210432,40,199,142,2,20260327_172946
1774628925.0481186,6985236,1788220416,1788.220416,42,199,141,2,20260327_172946
1774628925.0581026,6985275,1788230400,1788.2304,45,198,140,2,20260327_172946
1774628925.0680866,6985314,1788240384,1788.240384,47,199,140,2,20260327_172946
1774628925.0780706,6985353,1788250368,1788.250368,49,198,138,2,20260327_172946
1774628925.0880544,6985392,1788260352,1788.260352,51,199,135,2,20260327_172946
1774628925.0980384,6985431,1788270336,1788.270336,54,198,132,2,20260327_172946
1774628925.1080225,6985470,1788280320,1788.28032,56,198,128,2,20260327_172946
1774628925.1180065,6985509,1788290304,1788.290304,60,198,127,2,20260327_172946
1774628925.1282463,6985549,1788300544,1788.300544,63,199,125,2,20260327_172946
1774628925.1382306,6985588,1788310528,1788.310528,66,198,123,2,20260327_172946
1774628925.1482146,6985627,1788320512,1788.320512,70,198,120,2,20260327_172946
1774628925.1581986,6985666,1788330496,1788.330496,74,198,117,2,20260327_172946
1774628925.1681826,6985705,1788340480,1788.34048,78,198,115,2,20260327_172946
1774628925.1781666,6985744,1788350464,1788.350464,81,198,112,2,20260327_172946
1774628925.1881504,6985783,1788360448,1788.360448,85,198,110,2,20260327_172946
1774628925.1981344,6985822,1788370432,1788.370432,88,198,108,2,20260327_172946
1774628925.2083745,6985862,1788380672,1788.380672,91,198,107,2,20260327_172946
1774628925.2183585,6985901,1788390656,1788.390656,95,198,106,2,20260327_172946
1774628925.2283423,6985940,1788400640,1788.40064,98,198,107,2,20260327_172946
1774628925.2383263,6985979,1788410624,1788.410624,101,198,107,2,20260327_172946
1774628925.2483106,6986018,1788420608,1788.420608,105,198,107,2,20260327_172946
1774628925.2582946,6986057,1788430592,1788.430592,108,198,107,2,20260327_172946
1774628925.2682786,6986096,1788440576,1788.440576,111,197,108,2,20260327_172946
1774628925.2782626,6986135,1788450560,1788.45056,114,197,108,2,20260327_172946
1774628925.2882466,6986174,1788460544,1788.460544,118,197,108,2,20260327_172946
1774628925.2984865,6986214,1788470784,1788.470784,121,197,109,2,20260327_172946
1774628925.3084705,6986253,1788480768,1788.480768,124,197,109,2,20260327_172946
1774628925.3184545,6986292,1788490752,1788.490752,128,197,110,2,20260327_172946
1774628925.3284383,6986331,1788500736,1788.500736,131,197,110,2,20260327_172946
1774628925.3384223,6986370,1788510720,1788.51072,135,197,107,2,20260327_172946
1774628925.3484066,6986409,1788520704,1788.520704,138,197,111,2,20260327_172946
1774628925.3583906,6986448,1788530688,1788.530688,141,197,112,2,20260327_172946
1774628925.3683746,6986487,1788540672,1788.540672,145,197,113,2,20260327_172946
1774628925.3786144,6986527,1788550912,1788.550912,148,197,114,2,20260327_172946
1774628925.3885984,6986566,1788560896,1788.560896,152,197,115,2,20260327_172946
1774628925.3985825,6986605,1788570880,1788.57088,155,197,117,2,20260327_172946
1774628925.4085665,6986644,1788580864,1788.580864,159,197,119,2,20260327_172946
1774628925.4185505,6986683,1788590848,1788.590848,162,198,121,2,20260327_172946
1774628925.4285345,6986722,1788600832,1788.600832,166,198,125,2,20260327_172946
1774628925.4385183,6986761,1788610816,1788.610816,169,197,127,2,20260327_172946
1774628925.4485023,6986800,1788620800,1788.6208,172,198,128,2,20260327_172946
1774628925.4584866,6986839,1788630784,1788.630784,175,198,130,2,20260327_172946
1774628925.4687266,6986879,1788641024,1788.641024,178,197,132,2,20260327_172946
1774628925.4787104,6986918,1788651008,1788.651008,182,198,137,2,20260327_172946
1774628925.4886944,6986957,1788660992,1788.660992,185,198,140,2,20260327_172946
1774628925.4986784,6986996,1788670976,1788.670976,188,198,141,2,20260327_172946
1774628925.5086625,6987035,1788680960,1788.68096,191,198,141,2,20260327_172946
1774628925.5186465,6987074,1788690944,1788.690944,194,198,140,2,20260327_172946
1774628925.5286305,6987113,1788700928,1788.700928,197,198,140,2,20260327_172946
1774628925.5386145,6987152,1788710912,1788.710912,200,198,141,2,20260327_172946
1774628925.5488546,6987192,1788721152,1788.721152,204,198,142,2,20260327_172946
1774628925.5588386,6987231,1788731136,1788.731136,207,198,143,2,20260327_172946
1774628925.5688226,6987270,1788741120,1788.74112,210,198,144,2,20260327_172946
1774628925.5788066,6987309,1788751104,1788.751104,213,198,144,2,20260327_172946
1774628925.5887904,6987348,1788761088,1788.761088,216,198,145,2,20260327_172946
1774628925.5987744,6987387,1788771072,1788.771072,219,199,146,2,20260327_172946
1774628925.6087584,6987426,1788781056,1788.781056,222,199,146,2,20260327_172946
1774628925.6187425,6987465,1788791040,1788.79104,226,198,146,2,20260327_172946
1774628925.6287265,6987504,1788801024,1788.801024,229,198,145,2,20260327_172946
1774628925.6389666,6987544,1788811264,1788.811264,232,198,146,2,20260327_172946
1774628925.6489506,6987583,1788821248,1788.821248,235,198,146,2,20260327_172946
1774628925.6589346,6987622,1788831232,1788.831232,238,199,146,2,20260327_172946
1774628925.6689186,6987661,1788841216,1788.841216,241,198,146,2,20260327_172946
1774628925.6789026,6987700,1788851200,1788.8512,245,199,146,2,20260327_172946
1774628925.6888864,6987739,1788861184,1788.861184,248,199,146,2,20260327_172946
1774628925.6988704,6987778,1788871168,1788.871168,251,199,147,2,20260327_172946
1774628925.7088544,6987817,1788881152,1788.881152,254,199,147,2,20260327_172946
1774628925.7190945,6987857,1788891392,1788.891392,2,198,146,2,20260327_172946
1774628925.7290783,6987896,1788901376,1788.901376,5,199,146,2,20260327_172946
1774628925.7390623,6987935,1788911360,1788.91136,9,199,146,2,20260327_172946
1774628925.7490466,6987974,1788921344,1788.921344,12,198,146,2,20260327_172946
1774628925.7590306,6988013,1788931328,1788.931328,15,199,146,2,20260327_172946
1774628925.7690146,6988052,1788941312,1788.941312,18,198,145,2,20260327_172946
1774628925.7789986,6988091,1788951296,1788.951296,21,199,145,2,20260327_172946
1774628925.7889826,6988130,1788961280,1788.96128,24,199,145,2,20260327_172946
1774628925.7992225,6988170,1788971520,1788.97152,27,199,145,2,20260327_172946
1774628925.8092065,6988209,1788981504,1788.981504,30,199,144,2,20260327_172946
1774628925.8191905,6988248,1788991488,1788.991488,33,199,144,2,20260327_172946
1774628925.8291745,6988287,1789001472,1789.001472,36,199,143,2,20260327_172946
1774628925.8391583,6988326,1789011456,1789.011456,39,199,142,2,20260327_172946
1774628925.8491426,6988365,1789021440,1789.02144,42,198,141,2,20260327_172946
1774628925.8591266,6988404,1789031424,1789.031424,44,198,140,2,20260327_172946
1774628925.8691106,6988443,1789041408,1789.041408,46,198,139,2,20260327_172946
1774628925.8790946,6988482,1789051392,1789.051392,49,199,138,2,20260327_172946
1774628925.8890786,6988521,1789061376,1789.061376,51,198,135,2,20260327_172946
1774628925.8993185,6988561,1789071616,1789.071616,54,198,129,2,20260327_172946
1774628925.9093025,6988600,1789081600,1789.0816,57,199,127,2,20260327_172946
1774628925.9192865,6988639,1789091584,1789.091584,60,199,125,2,20260327_172946
1774628925.9292705,6988678,1789101568,1789.101568,64,198,121,2,20260327_172946
1774628925.9392543,6988717,1789111552,1789.111552,68,198,119,2,20260327_172946
1774628925.9492383,6988756,1789121536,1789.121536,72,199,117,2,20260327_172946
1774628925.9592226,6988795,1789131520,1789.13152,76,198,114,2,20260327_172946
1774628925.9692066,6988834,1789141504,1789.141504,79,198,113,2,20260327_172946
1774628925.9794464,6988874,1789151744,1789.151744,83,198,111,2,20260327_172946
1774628925.9894304,6988913,1789161728,1789.161728,87,198,109,2,20260327_172946
1774628925.9994144,6988952,1789171712,1789.171712,90,198,107,2,20260327_172946
1774628926.0093985,6988991,1789181696,1789.181696,93,198,107,2,20260327_172946
1774628926.0193825,6989030,1789191680,1789.19168,96,198,107,2,20260327_172946
1774628926.0293665,6989069,1789201664,1789.201664,100,198,108,2,20260327_172946
1774628926.0393505,6989108,1789211648,1789.211648,103,198,108,2,20260327_172946
1774628926.0493343,6989147,1789221632,1789.221632,106,198,109,2,20260327_172946
1774628926.0593183,6989186,1789231616,1789.231616,110,197,108,2,20260327_172946
1774628926.0695586,6989226,1789241856,1789.241856,113,197,108,2,20260327_172946
1774628926.0795426,6989265,1789251840,1789.25184,116,197,109,2,20260327_172946
1774628926.0895264,6989304,1789261824,1789.261824,119,197,109,2,20260327_172946
1774628926.0995104,6989343,1789271808,1789.271808,123,197,109,2,20260327_172946
1774628926.1094944,6989382,1789281792,1789.281792,126,197,109,2,20260327_172946
1774628926.1194785,6989421,1789291776,1789.291776,129,197,110,2,20260327_172946
1774628926.1294625,6989460,1789301760,1789.30176,133,197,111,2,20260327_172946
1774628926.1394465,6989499,1789311744,1789.311744,136,197,110,2,20260327_172946
1774628926.1494305,6989538,1789321728,1789.321728,140,197,111,2,20260327_172946
1774628926.1596706,6989578,1789331968,1789.331968,143,197,113,2,20260327_172946
1774628926.1696546,6989617,1789341952,1789.341952,147,197,114,2,20260327_172946
1774628926.1796386,6989656,1789351936,1789.351936,150,197,116,2,20260327_172946
1774628926.1896226,6989695,1789361920,1789.36192,154,197,117,2,20260327_172946
1774628926.1996064,6989734,1789371904,1789.371904,157,197,120,2,20260327_172946
1774628926.2095904,6989773,1789381888,1789.381888,161,197,125,2,20260327_172946
1774628926.2195745,6989812,1789391872,1789.391872,164,197,126,2,20260327_172946
1774628926.2295585,6989851,1789401856,1789.401856,167,197,127,2,20260327_172946
1774628926.2397983,6989891,1789412096,1789.412096,170,197,130,2,20260327_172946
1774628926.2497826,6989930,1789422080,1789.42208,173,197,131,2,20260327_172946
1774628926.2597666,6989969,1789432064,1789.432064,177,197,136,2,20260327_172946
1774628926.2697506,6990008,1789442048,1789.442048,180,197,139,2,20260327_172946
1774628926.2797346,6990047,1789452032,1789.452032,183,197,140,2,20260327_172946
1774628926.2897186,6990086,1789462016,1789.462016,186,197,141,2,20260327_172946
1774628926.2997024,6990125,1789472000,1789.472,189,197,140,2,20260327_172946
1774628926.3096864,6990164,1789481984,1789.481984,192,198,141,2,20260327_172946
1774628926.3196704,6990203,1789491968,1789.491968,195,198,142,2,20260327_172946
1774628926.3299105,6990243,1789502208,1789.502208,199,197,143,2,20260327_172946
1774628926.3398943,6990282,1789512192,1789.512192,202,197,143,2,20260327_172946
1774628926.3498783,6990321,1789522176,1789.522176,205,197,144,2,20260327_172946
1774628926.3598626,6990360,1789532160,1789.53216,208,198,144,2,20260327_172946
1774628926.3698466,6990399,1789542144,1789.542144,211,197,144,2,20260327_172946
1774628926.3798306,6990438,1789552128,1789.552128,214,198,145,2,20260327_172946
1774628926.3898146,6990477,1789562112,1789.562112,217,198,145,2,20260327_172946
1774628926.3997986,6990516,1789572096,1789.572096,220,198,146,2,20260327_172946
1774628926.4097824,6990555,1789582080,1789.58208,224,198,146,2,20260327_172946
1774628926.4200225,6990595,1789592320,1789.59232,227,198,146,2,20260327_172946
1774628926.4300065,6990634,1789602304,1789.602304,230,198,146,2,20260327_172946
1774628926.4399903,6990673,1789612288,1789.612288,233,198,146,2,20260327_172946
1774628926.4499743,6990712,1789622272,1789.622272,236,198,146,2,20260327_172946
1774628926.4599586,6990751,1789632256,1789.632256,239,198,146,2,20260327_172946
1774628926.4699426,6990790,1789642240,1789.64224,243,198,146,2,20260327_172946
1774628926.4799266,6990829,1789652224,1789.652224,246,198,146,2,20260327_172946
1774628926.4899106,6990868,1789662208,1789.662208,249,198,147,2,20260327_172946
1774628926.5001504,6990908,1789672448,1789.672448,252,199,146,2,20260327_172946
1774628926.5101345,6990947,1789682432,1789.682432,0,198,146,2,20260327_172946
1774628926.5201185,6990986,1789692416,1789.692416,3,198,146,2,20260327_172946
1774628926.5301025,6991025,1789702400,1789.7024,7,198,144,2,20260327_172946
1774628926.5400865,6991064,1789712384,1789.712384,10,199,145,2,20260327_172946
1774628926.5500703,6991103,1789722368,1789.722368,13,199,144,2,20260327_172946
1774628926.5600543,6991142,1789732352,1789.732352,16,199,144,2,20260327_172946
1774628926.5700386,6991181,1789742336,1789.742336,19,199,144,2,20260327_172946
1774628926.5802786,6991221,1789752576,1789.752576,22,199,144,2,20260327_172946
1774628926.5902624,6991260,1789762560,1789.76256,25,198,143,2,20260327_172946
1774628926.6002464,6991299,1789772544,1789.772544,29,198,142,2,20260327_172946
1774628926.6102304,6991338,1789782528,1789.782528,32,199,142,2,20260327_172946
1774628926.6202145,6991377,1789792512,1789.792512,35,199,142,2,20260327_172946
1774628926.6301985,6991416,1789802496,1789.802496,38,198,139,2,20260327_172946
1774628926.6401825,6991455,1789812480,1789.81248,40,198,139,2,20260327_172946
1774628926.6501665,6991494,1789822464,1789.822464,43,198,138,2,20260327_172946
1774628926.6601503,6991533,1789832448,1789.832448,45,198,136,2,20260327_172946
1774628926.6703906,6991573,1789842688,1789.842688,48,198,132,2,20260327_172946
1774628926.6803746,6991612,1789852672,1789.852672,51,198,130,2,20260327_172946
1774628926.6903586,6991651,1789862656,1789.862656,54,198,127,2,20260327_172946
1774628926.7003424,6991690,1789872640,1789.87264,58,198,123,2,20260327_172946
1774628926.7103264,6991729,1789882624,1789.882624,62,198,121,2,20260327_172946
1774628926.7203104,6991768,1789892608,1789.892608,66,198,117,2,20260327_172946
1774628926.7302945,6991807,1789902592,1789.902592,70,198,115,2,20260327_172946
1774628926.7402785,6991846,1789912576,1789.912576,74,198,113,2,20260327_172946
1774628926.7502625,6991885,1789922560,1789.92256,78,198,111,2,20260327_172946
1774628926.7605026,6991925,1789932800,1789.9328,82,198,108,2,20260327_172946
1774628926.7704866,6991964,1789942784,1789.942784,85,198,107,2,20260327_172946
1774628926.7804706,6992003,1789952768,1789.952768,89,198,106,2,20260327_172946
1774628926.7904546,6992042,1789962752,1789.962752,92,198,107,2,20260327_172946
1774628926.8004384,6992081,1789972736,1789.972736,95,197,108,2,20260327_172946
1774628926.8104224,6992120,1789982720,1789.98272,99,198,107,2,20260327_172946
1774628926.8204064,6992159,1789992704,1789.992704,102,197,107,2,20260327_172946
1774628926.8303905,6992198,1790002688,1790.002688,105,197,107,2,20260327_172946
1774628926.8403745,6992237,1790012672,1790.012672,108,197,108,2,20260327_172946
1774628926.8506143,6992277,1790022912,1790.022912,112,197,108,2,20260327_172946
1774628926.8605986,6992316,1790032896,1790.032896,115,197,110,2,20260327_172946
1774628926.8705826,6992355,1790042880,1790.04288,118,197,109,2,20260327_172946
1774628926.8805666,6992394,1790052864,1790.052864,122,197,109,2,20260327_172946
1774628926.8905506,6992433,1790062848,1790.062848,125,197,110,2,20260327_172946
1774628926.9005346,6992472,1790072832,1790.072832,128,196,110,2,20260327_172946
1774628926.9105184,6992511,1790082816,1790.082816,132,197,110,2,20260327_172946
1774628926.9205024,6992550,1790092800,1790.0928,135,197,112,2,20260327_172946
1774628926.9304864,6992589,1790102784,1790.102784,139,197,113,2,20260327_172946
1774628926.9407265,6992629,1790113024,1790.113024,142,197,113,2,20260327_172946
1774628926.9507103,6992668,1790123008,1790.123008,145,197,114,2,20260327_172946
1774628926.9606946,6992707,1790132992,1790.132992,149,197,116,2,20260327_172946
1774628926.9706786,6992746,1790142976,1790.142976,152,197,119,2,20260327_172946
1774628926.9806626,6992785,1790152960,1790.15296,156,197,122,2,20260327_172946
1774628926.9906466,6992824,1790162944,1790.162944,159,197,126,2,20260327_172946
1774628927.0006306,6992863,1790172928,1790.172928,162,197,127,2,20260327_172946
1774628927.0106146,6992902,1790182912,1790.182912,165,197,129,2,20260327_172946
1774628927.0205984,6992941,1790192896,1790.192896,169,197,132,2,20260327_172946
1774628927.0308385,6992981,1790203136,1790.203136,172,197,136,2,20260327_172946
1774628927.0408225,6993020,1790213120,1790.21312,175,197,140,2,20260327_172946
1774628927.0508063,6993059,1790223104,1790.223104,178,197,141,2,20260327_172946
1774628927.0607903,6993098,1790233088,1790.233088,181,197,141,2,20260327_172946
1774628927.0707746,6993137,1790243072,1790.243072,184,197,141,2,20260327_172946
1774628927.0807586,6993176,1790253056,1790.253056,187,197,140,2,20260327_172946
1774628927.0907426,6993215,1790263040,1790.26304,190,197,141,2,20260327_172946
1774628927.1007266,6993254,1790273024,1790.273024,193,197,142,2,20260327_172946
1774628927.1107106,6993293,1790283008,1790.283008,197,197,144,2,20260327_172946
1774628927.1209505,6993333,1790293248,1790.293248,200,197,144,2,20260327_172946
1774628927.1309345,6993372,1790303232,1790.303232,203,197,144,2,20260327_172946
1774628927.1409185,6993411,1790313216,1790.313216,206,197,144,2,20260327_172946
1774628927.1509025,6993450,1790323200,1790.3232,209,197,145,2,20260327_172946
1774628927.1608863,6993489,1790333184,1790.333184,212,197,145,2,20260327_172946
1774628927.1708703,6993528,1790343168,1790.343168,215,198,145,2,20260327_172946
1774628927.1808546,6993567,1790353152,1790.353152,219,197,146,2,20260327_172946
1774628927.1908386,6993606,1790363136,1790.363136,222,198,145,2,20260327_172946
1774628927.2008226,6993645,1790373120,1790.37312,225,198,146,2,20260327_172946
1774628927.2110624,6993685,1790383360,1790.38336,228,198,146,2,20260327_172946
1774628927.2210464,6993724,1790393344,1790.393344,231,198,146,2,20260327_172946
1774628927.2310305,6993763,1790403328,1790.403328,234,198,146,2,20260327_172946
1774628927.2410145,6993802,1790413312,1790.413312,238,198,146,2,20260327_172946
1774628927.2509985,6993841,1790423296,1790.423296,241,198,146,2,20260327_172946
1774628927.2609825,6993880,1790433280,1790.43328,244,198,147,2,20260327_172946
1774628927.2709663,6993919,1790443264,1790.443264,247,198,147,2,20260327_172946
1774628927.2809503,6993958,1790453248,1790.453248,250,198,147,2,20260327_172946
1774628927.2909346,6993997,1790463232,1790.463232,253,198,146,2,20260327_172946
1774628927.3011746,6994037,1790473472,1790.473472,1,199,147,2,20260327_172946
1774628927.3111584,6994076,1790483456,1790.483456,5,198,145,2,20260327_172946
1774628927.3211424,6994115,1790493440,1790.49344,8,198,144,2,20260327_172946
1774628927.3311265,6994154,1790503424,1790.503424,11,198,144,2,20260327_172946
1774628927.3411105,6994193,1790513408,1790.513408,14,198,143,2,20260327_172946
1774628927.3510945,6994232,1790523392,1790.523392,17,199,142,2,20260327_172946
1774628927.3610785,6994271,1790533376,1790.533376,20,198,141,2,20260327_172946
1774628927.3710625,6994310,1790543360,1790.54336,23,198,141,2,20260327_172946
1774628927.3813026,6994350,1790553600,1790.5536,27,198,140,2,20260327_172946
1774628927.3912866,6994389,1790563584,1790.563584,30,198,139,2,20260327_172946
1774628927.4012706,6994428,1790573568,1790.573568,33,198,138,2,20260327_172946
1774628927.4112544,6994467,1790583552,1790.583552,36,198,136,2,20260327_172946
1774628927.4212384,6994506,1790593536,1790.593536,39,198,133,2,20260327_172946
1774628927.4312224,6994545,1790603520,1790.60352,42,198,130,2,20260327_172946
1774628927.4412065,6994584,1790613504,1790.613504,45,198,127,2,20260327_172946
1774628927.4511905,6994623,1790623488,1790.623488,48,198,125,2,20260327_172946
1774628927.4611745,6994662,1790633472,1790.633472,52,198,121,2,20260327_172946
1774628927.4714146,6994702,1790643712,1790.643712,56,198,118,2,20260327_172946
1774628927.4813986,6994741,1790653696,1790.653696,61,198,115,2,20260327_172946
1774628927.4913826,6994780,1790663680,1790.66368,65,198,113,2,20260327_172946
1774628927.5013666,6994819,1790673664,1790.673664,70,198,110,2,20260327_172946
1774628927.5113506,6994858,1790683648,1790.683648,75,198,108,2,20260327_172946
1774628927.5213344,6994897,1790693632,1790.693632,79,198,107,2,20260327_172946
1774628927.5313184,6994936,1790703616,1790.703616,82,198,106,2,20260327_172946
1774628927.5413024,6994975,1790713600,1790.7136,86,198,107,2,20260327_172946
1774628927.5515423,6995015,1790723840,1790.72384,89,197,107,2,20260327_172946
1774628927.5615263,6995054,1790733824,1790.733824,93,197,107,2,20260327_172946
1774628927.5715106,6995093,1790743808,1790.743808,96,198,107,2,20260327_172946
1774628927.5814946,6995132,1790753792,1790.753792,99,197,107,2,20260327_172946
1774628927.5914786,6995171,1790763776,1790.763776,102,197,108,2,20260327_172946
1774628927.6014626,6995210,1790773760,1790.77376,106,197,107,2,20260327_172946
1774628927.6114466,6995249,1790783744,1790.783744,109,197,107,2,20260327_172946
1774628927.6214306,6995288,1790793728,1790.793728,112,196,108,2,20260327_172946
1774628927.6314144,6995327,1790803712,1790.803712,115,197,108,2,20260327_172946
1774628927.6416545,6995367,1790813952,1790.813952,119,197,110,2,20260327_172946
1774628927.6516385,6995406,1790823936,1790.823936,122,197,109,2,20260327_172946
1774628927.6616223,6995445,1790833920,1790.83392,125,197,109,2,20260327_172946
1774628927.6716063,6995484,1790843904,1790.843904,129,196,110,2,20260327_172946
1774628927.6815906,6995523,1790853888,1790.853888,132,196,110,2,20260327_172946
1774628927.6915746,6995562,1790863872,1790.863872,136,197,111,2,20260327_172946
1774628927.7015586,6995601,1790873856,1790.873856,139,197,112,2,20260327_172946
1774628927.7115426,6995640,1790883840,1790.88384,143,197,113,2,20260327_172946
1774628927.7215266,6995679,1790893824,1790.893824,146,197,115,2,20260327_172946
1774628927.7317665,6995719,1790904064,1790.904064,149,197,117,2,20260327_172946
1774628927.7417505,6995758,1790914048,1790.914048,153,197,120,2,20260327_172946
1774628927.7517345,6995797,1790924032,1790.924032,156,197,124,2,20260327_172946
1774628927.7617185,6995836,1790934016,1790.934016,160,197,126,2,20260327_172946
1774628927.7717023,6995875,1790944000,1790.944,163,197,127,2,20260327_172946
1774628927.7816863,6995914,1790953984,1790.953984,166,197,129,2,20260327_172946
1774628927.7916706,6995953,1790963968,1790.963968,169,197,138,2,20260327_172946
1774628927.8016546,6995992,1790973952,1790.973952,172,197,139,2,20260327_172946
1774628927.8118944,6996032,1790984192,1790.984192,175,197,140,2,20260327_172946
1774628927.8218784,6996071,1790994176,1790.994176,178,197,140,2,20260327_172946
1774628927.8318624,6996110,1791004160,1791.00416,181,197,140,2,20260327_172946
1774628927.8418465,6996149,1791014144,1791.014144,184,197,140,2,20260327_172946
1774628927.8518305,6996188,1791024128,1791.024128,187,197,141,2,20260327_172946
1774628927.8618145,6996227,1791034112,1791.034112,191,197,142,2,20260327_172946
1774628927.8717985,6996266,1791044096,1791.044096,194,197,143,2,20260327_172946
1774628927.8817823,6996305,1791054080,1791.05408,197,197,144,2,20260327_172946
1774628927.8917663,6996344,1791064064,1791.064064,200,197,144,2,20260327_172946
1774628927.9017506,6996383,1791074048,1791.074048,203,197,144,2,20260327_172946
1774628927.9119904,6996423,1791084288,1791.084288,206,197,145,2,20260327_172946
1774628927.9219744,6996462,1791094272,1791.094272,209,197,145,2,20260327_172946
1774628927.9319584,6996501,1791104256,1791.104256,213,197,145,2,20260327_172946
1774628927.9419425,6996540,1791114240,1791.11424,216,198,147,2,20260327_172946
1774628927.9519265,6996579,1791124224,1791.124224,219,197,146,2,20260327_172946
1774628927.9619105,6996618,1791134208,1791.134208,222,198,146,2,20260327_172946
1774628927.9718945,6996657,1791144192,1791.144192,225,198,146,2,20260327_172946
1774628927.9818785,6996696,1791154176,1791.154176,228,198,146,2,20260327_172946
1774628927.9921186,6996736,1791164416,1791.164416,232,198,146,2,20260327_172946
1774628928.0021026,6996775,1791174400,1791.1744,235,198,145,2,20260327_172946
1774628928.0120866,6996814,1791184384,1791.184384,238,198,146,2,20260327_172946
1774628928.0220704,6996853,1791194368,1791.194368,241,198,146,2,20260327_172946
1774628928.0320544,6996892,1791204352,1791.204352,244,198,146,2,20260327_172946
1774628928.0420384,6996931,1791214336,1791.214336,247,198,147,2,20260327_172946
1774628928.0520225,6996970,1791224320,1791.22432,250,198,147,2,20260327_172946
1774628928.0620065,6997009,1791234304,1791.234304,254,198,146,2,20260327_172946
1774628928.0722466,6997049,1791244544,1791.244544,2,198,146,2,20260327_172946
1774628928.0822306,6997088,1791254528,1791.254528,5,198,147,2,20260327_172946
1774628928.0922146,6997127,1791264512,1791.264512,8,198,145,2,20260327_172946
1774628928.1021986,6997166,1791274496,1791.274496,11,198,144,2,20260327_172946
1774628928.1121826,6997205,1791284480,1791.28448,14,198,143,2,20260327_172946
1774628928.1221666,6997244,1791294464,1791.294464,18,198,142,2,20260327_172946
1774628928.1321504,6997283,1791304448,1791.304448,21,198,143,2,20260327_172946
1774628928.1421344,6997322,1791314432,1791.314432,24,198,141,2,20260327_172946
1774628928.1521184,6997361,1791324416,1791.324416,27,198,140,2,20260327_172946
1774628928.1623583,6997401,1791334656,1791.334656,30,198,140,2,20260327_172946
1774628928.1723423,6997440,1791344640,1791.34464,33,198,137,2,20260327_172946
1774628928.1823266,6997479,1791354624,1791.354624,36,198,133,2,20260327_172946
1774628928.1923106,6997518,1791364608,1791.364608,39,198,129,2,20260327_172946
1774628928.2022946,6997557,1791374592,1791.374592,43,198,127,2,20260327_172946
1774628928.2122786,6997596,1791384576,1791.384576,46,198,122,2,20260327_172946
1774628928.2222626,6997635,1791394560,1791.39456,50,198,118,2,20260327_172946
1774628928.2322466,6997674,1791404544,1791.404544,54,198,115,2,20260327_172946
1774628928.2424865,6997714,1791414784,1791.414784,59,199,114,2,20260327_172946
1774628928.2524705,6997753,1791424768,1791.424768,64,198,112,2,20260327_172946
1774628928.2624545,6997792,1791434752,1791.434752,69,198,109,2,20260327_172946
1774628928.2724383,6997831,1791444736,1791.444736,73,198,108,2,20260327_172946
1774628928.2824223,6997870,1791454720,1791.45472,77,198,107,2,20260327_172946
1774628928.2924066,6997909,1791464704,1791.464704,81,199,107,2,20260327_172946
1774628928.3023906,6997948,1791474688,1791.474688,85,198,107,2,20260327_172946
1774628928.3123746,6997987,1791484672,1791.484672,88,198,107,2,20260327_172946
1774628928.3226144,6998027,1791494912,1791.494912,91,198,108,2,20260327_172946
1774628928.3325984,6998066,1791504896,1791.504896,95,197,107,2,20260327_172946
1774628928.3425825,6998105,1791514880,1791.51488,98,197,107,2,20260327_172946
1774628928.3525665,6998144,1791524864,1791.524864,101,197,107,2,20260327_172946
1774628928.3625505,6998183,1791534848,1791.534848,105,197,107,2,20260327_172946
1774628928.3725345,6998222,1791544832,1791.544832,108,198,108,2,20260327_172946
1774628928.3825183,6998261,1791554816,1791.554816,111,196,107,2,20260327_172946
1774628928.3925023,6998300,1791564800,1791.5648,114,197,107,2,20260327_172946
1774628928.4024866,6998339,1791574784,1791.574784,118,197,108,2,20260327_172946
1774628928.4127266,6998379,1791585024,1791.585024,121,197,109,2,20260327_172946
1774628928.4227104,6998418,1791595008,1791.595008,124,197,109,2,20260327_172946
1774628928.4326944,6998457,1791604992,1791.604992,128,197,110,2,20260327_172946
1774628928.4426785,6998496,1791614976,1791.614976,131,197,111,2,20260327_172946
1774628928.4526625,6998535,1791624960,1791.62496,135,197,111,2,20260327_172946
1774628928.4626465,6998574,1791634944,1791.634944,138,197,112,2,20260327_172946
1774628928.4726305,6998613,1791644928,1791.644928,141,197,114,2,20260327_172946
1774628928.4826145,6998652,1791654912,1791.654912,145,197,115,2,20260327_172946
1774628928.4925983,6998691,1791664896,1791.664896,148,197,118,2,20260327_172946
1774628928.5028386,6998731,1791675136,1791.675136,152,197,121,2,20260327_172946
1774628928.5128226,6998770,1791685120,1791.68512,155,197,125,2,20260327_172946
1774628928.5228064,6998809,1791695104,1791.695104,158,197,127,2,20260327_172946
1774628928.5327904,6998848,1791705088,1791.705088,161,197,127,2,20260327_172946
1774628928.5427744,6998887,1791715072,1791.715072,164,197,130,2,20260327_172946
1774628928.5527585,6998926,1791725056,1791.725056,167,197,136,2,20260327_172946
1774628928.5627425,6998965,1791735040,1791.73504,170,197,140,2,20260327_172946
1774628928.5727265,6999004,1791745024,1791.745024,173,197,140,2,20260327_172946
1774628928.5827105,6999043,1791755008,1791.755008,176,197,140,2,20260327_172946
1774628928.5929506,6999083,1791765248,1791.765248,179,197,140,2,20260327_172946
1774628928.6029346,6999122,1791775232,1791.775232,183,197,138,2,20260327_172946
1774628928.6129186,6999161,1791785216,1791.785216,186,197,140,2,20260327_172946
1774628928.6229026,6999200,1791795200,1791.7952,189,197,142,2,20260327_172946
1774628928.6328864,6999239,1791805184,1791.805184,192,197,143,2,20260327_172946
1774628928.6428704,6999278,1791815168,1791.815168,195,197,144,2,20260327_172946
1774628928.6528544,6999317,1791825152,1791.825152,198,197,144,2,20260327_172946
1774628928.6628385,6999356,1791835136,1791.835136,201,197,145,2,20260327_172946
1774628928.6728225,6999395,1791845120,1791.84512,205,197,145,2,20260327_172946
1774628928.6830626,6999435,1791855360,1791.85536,208,197,145,2,20260327_172946
1774628928.6930466,6999474,1791865344,1791.865344,211,197,146,2,20260327_172946
1774628928.7030306,6999513,1791875328,1791.875328,214,197,146,2,20260327_172946
1774628928.7130146,6999552,1791885312,1791.885312,217,197,146,2,20260327_172946
1774628928.7229986,6999591,1791895296,1791.895296,220,198,146,2,20260327_172946
1774628928.7329826,6999630,1791905280,1791.90528,223,198,146,2,20260327_172946
1774628928.7429664,6999669,1791915264,1791.915264,227,198,146,2,20260327_172946
1774628928.7529504,6999708,1791925248,1791.925248,230,197,146,2,20260327_172946
1774628928.7629344,6999747,1791935232,1791.935232,233,198,146,2,20260327_172946
1774628928.7731743,6999787,1791945472,1791.945472,236,198,146,2,20260327_172946
1774628928.7831583,6999826,1791955456,1791.955456,239,198,147,2,20260327_172946
1774628928.7931426,6999865,1791965440,1791.96544,242,198,146,2,20260327_172946
1774628928.8031266,6999904,1791975424,1791.975424,245,198,146,2,20260327_172946
1774628928.8131106,6999943,1791985408,1791.985408,249,198,147,2,20260327_172946
1774628928.8230946,6999982,1791995392,1791.995392,252,198,146,2,20260327_172946
1774628928.8333344,7000022,1792005632,1792.005632,0,198,146,2,20260327_172946
1774628928.8433185,7000061,1792015616,1792.015616,3,198,145,2,20260327_172946
1774628928.8533025,7000100,1792025600,1792.0256,6,198,143,2,20260327_172946
1774628928.8632865,7000139,1792035584,1792.035584,10,198,144,2,20260327_172946
1774628928.8732705,7000178,1792045568,1792.045568,13,198,144,2,20260327_172946
1774628928.8832543,7000217,1792055552,1792.055552,16,198,142,2,20260327_172946
1774628928.8932383,7000256,1792065536,1792.065536,19,198,141,2,20260327_172946
1774628928.9032226,7000295,1792075520,1792.07552,22,198,140,2,20260327_172946
1774628928.9134626,7000335,1792085760,1792.08576,25,198,139,2,20260327_172946
1774628928.9234464,7000374,1792095744,1792.095744,28,198,137,2,20260327_172946
1774628928.9334304,7000413,1792105728,1792.105728,32,198,135,2,20260327_172946
1774628928.9434144,7000452,1792115712,1792.115712,35,198,131,2,20260327_172946
1774628928.9533985,7000491,1792125696,1792.125696,38,198,127,2,20260327_172946
1774628928.9633825,7000530,1792135680,1792.13568,41,198,122,2,20260327_172946
1774628928.9733665,7000569,1792145664,1792.145664,45,198,118,2,20260327_172946
1774628928.9833505,7000608,1792155648,1792.155648,49,198,114,2,20260327_172946
1774628928.9933343,7000647,1792165632,1792.165632,53,198,111,2,20260327_172946
1774628929.0035746,7000687,1792175872,1792.175872,59,198,110,2,20260327_172946
1774628929.0135586,7000726,1792185856,1792.185856,64,198,108,2,20260327_172946
1774628929.0235424,7000765,1792195840,1792.19584,69,198,107,2,20260327_172946
1774628929.0335264,7000804,1792205824,1792.205824,73,198,106,2,20260327_172946
1774628929.0435104,7000843,1792215808,1792.215808,78,198,107,2,20260327_172946
1774628929.0534945,7000882,1792225792,1792.225792,81,199,107,2,20260327_172946
1774628929.0634785,7000921,1792235776,1792.235776,85,198,107,2,20260327_172946
1774628929.0734625,7000960,1792245760,1792.24576,88,198,107,2,20260327_172946
1774628929.0834465,7000999,1792255744,1792.255744,92,197,107,2,20260327_172946
1774628929.0936866,7001039,1792265984,1792.265984,95,197,107,2,20260327_172946
1774628929.1036706,7001078,1792275968,1792.275968,98,197,107,2,20260327_172946
1774628929.1136546,7001117,1792285952,1792.285952,101,197,107,2,20260327_172946
1774628929.1236386,7001156,1792295936,1792.295936,105,197,106,2,20260327_172946
1774628929.1336224,7001195,1792305920,1792.30592,108,197,107,2,20260327_172946
1774628929.1436064,7001234,1792315904,1792.315904,111,197,107,2,20260327_172946
1774628929.1535904,7001273,1792325888,1792.325888,115,196,108,2,20260327_172946
1774628929.1635745,7001312,1792335872,1792.335872,118,197,109,2,20260327_172946
1774628929.1735585,7001351,1792345856,1792.345856,121,196,109,2,20260327_172946
1774628929.1837986,7001391,1792356096,1792.356096,125,196,110,2,20260327_172946
1774628929.1937826,7001430,1792366080,1792.36608,128,196,111,2,20260327_172946
1774628929.2037666,7001469,1792376064,1792.376064,131,196,111,2,20260327_172946
1774628929.2137506,7001508,1792386048,1792.386048,135,196,113,2,20260327_172946
1774628929.2237346,7001547,1792396032,1792.396032,138,196,114,2,20260327_172946
1774628929.2337186,7001586,1792406016,1792.406016,141,197,116,2,20260327_172946
1774628929.2437024,7001625,1792416000,1792.416,145,197,119,2,20260327_172946
1774628929.2536864,7001664,1792425984,1792.425984,148,197,122,2,20260327_172946
1774628929.2636704,7001703,1792435968,1792.435968,151,197,125,2,20260327_172946
1774628929.2739103,7001743,1792446208,1792.446208,154,197,127,2,20260327_172946
1774628929.2838943,7001782,1792456192,1792.456192,158,197,128,2,20260327_172946
1774628929.2938786,7001821,1792466176,1792.466176,161,196,130,2,20260327_172946
1774628929.3038626,7001860,1792476160,1792.47616,164,197,135,2,20260327_172946
1774628929.3138466,7001899,1792486144,1792.486144,167,196,139,2,20260327_172946
1774628929.3238306,7001938,1792496128,1792.496128,169,197,140,2,20260327_172946
1774628929.3338146,7001977,1792506112,1792.506112,172,197,141,2,20260327_172946
1774628929.3437986,7002016,1792516096,1792.516096,175,197,141,2,20260327_172946
1774628929.3537824,7002055,1792526080,1792.52608,179,197,141,2,20260327_172946
1774628929.3640225,7002095,1792536320,1792.53632,182,197,142,2,20260327_172946
1774628929.3740065,7002134,1792546304,1792.546304,185,197,143,2,20260327_172946
1774628929.3839903,7002173,1792556288,1792.556288,188,197,143,2,20260327_172946
1774628929.3939743,7002212,1792566272,1792.566272,191,197,144,2,20260327_172946
1774628929.4039586,7002251,1792576256,1792.576256,194,197,144,2,20260327_172946
1774628929.4139426,7002290,1792586240,1792.58624,197,197,144,2,20260327_172946
1774628929.4239266,7002329,1792596224,1792.596224,200,197,144,2,20260327_172946
1774628929.4339106,7002368,1792606208,1792.606208,204,197,145,2,20260327_172946
1774628929.4441504,7002408,1792616448,1792.616448,207,197,145,2,20260327_172946
1774628929.4541345,7002447,1792626432,1792.626432,210,197,145,2,20260327_172946
1774628929.4641185,7002486,1792636416,1792.636416,213,197,145,2,20260327_172946
1774628929.4741025,7002525,1792646400,1792.6464,216,198,146,2,20260327_172946
1774628929.4840865,7002564,1792656384,1792.656384,219,197,145,2,20260327_172946
1774628929.4940703,7002603,1792666368,1792.666368,222,197,146,2,20260327_172946
1774628929.5040543,7002642,1792676352,1792.676352,226,198,146,2,20260327_172946
1774628929.5140386,7002681,1792686336,1792.686336,229,197,146,2,20260327_172946
1774628929.5240226,7002720,1792696320,1792.69632,232,198,147,2,20260327_172946
1774628929.5342624,7002760,1792706560,1792.70656,235,198,146,2,20260327_172946
1774628929.5442464,7002799,1792716544,1792.716544,238,198,146,2,20260327_172946
1774628929.5542305,7002838,1792726528,1792.726528,241,198,146,2,20260327_172946
1774628929.5642145,7002877,1792736512,1792.736512,245,198,146,2,20260327_172946
1774628929.5741985,7002916,1792746496,1792.746496,248,198,146,2,20260327_172946
1774628929.5841825,7002955,1792756480,1792.75648,251,198,145,2,20260327_172946
1774628929.5941665,7002994,1792766464,1792.766464,254,198,146,2,20260327_172946
1774628929.6041503,7003033,1792776448,1792.776448,2,198,146,2,20260327_172946
1774628929.6141346,7003072,1792786432,1792.786432,5,198,145,2,20260327_172946
1774628929.6243746,7003112,1792796672,1792.796672,9,198,144,2,20260327_172946
1774628929.6343584,7003151,1792806656,1792.806656,12,198,143,2,20260327_172946
1774628929.6443424,7003190,1792816640,1792.81664,15,198,142,2,20260327_172946
1774628929.6543264,7003229,1792826624,1792.826624,18,198,141,2,20260327_172946
1774628929.6643105,7003268,1792836608,1792.836608,21,198,140,2,20260327_172946
1774628929.6742945,7003307,1792846592,1792.846592,24,198,139,2,20260327_172946
1774628929.6842785,7003346,1792856576,1792.856576,27,198,138,2,20260327_172946
1774628929.6942625,7003385,1792866560,1792.86656,31,198,135,2,20260327_172946
1774628929.7045026,7003425,1792876800,1792.8768,34,198,130,2,20260327_172946
1774628929.7144866,7003464,1792886784,1792.886784,37,198,127,2,20260327_172946
1774628929.7244706,7003503,1792896768,1792.896768,40,198,122,2,20260327_172946
1774628929.7344546,7003542,1792906752,1792.906752,44,198,117,2,20260327_172946
1774628929.7444384,7003581,1792916736,1792.916736,48,198,114,2,20260327_172946
1774628929.7544224,7003620,1792926720,1792.92672,52,198,111,2,20260327_172946
1774628929.7644064,7003659,1792936704,1792.936704,57,198,109,2,20260327_172946
1774628929.7743905,7003698,1792946688,1792.946688,63,198,107,2,20260327_172946
1774628929.7843745,7003737,1792956672,1792.956672,68,198,105,2,20260327_172946
1774628929.7946146,7003777,1792966912,1792.966912,73,198,107,2,20260327_172946
1774628929.8045986,7003816,1792976896,1792.976896,77,198,107,2,20260327_172946
1774628929.8145826,7003855,1792986880,1792.98688,81,198,106,2,20260327_172946
1774628929.8245666,7003894,1792996864,1792.996864,84,198,107,2,20260327_172946
1774628929.8345506,7003933,1793006848,1793.006848,88,198,107,2,20260327_172946
1774628929.8445346,7003972,1793016832,1793.016832,91,197,106,2,20260327_172946
1774628929.8545184,7004011,1793026816,1793.026816,94,197,107,2,20260327_172946
1774628929.8647585,7004051,1793037056,1793.037056,98,198,107,2,20260327_172946
1774628929.8747425,7004090,1793047040,1793.04704,101,197,106,2,20260327_172946
1774628929.8847263,7004129,1793057024,1793.057024,104,197,107,2,20260327_172946
1774628929.8947103,7004168,1793067008,1793.067008,107,197,107,2,20260327_172946
1774628929.9046946,7004207,1793076992,1793.076992,111,197,106,2,20260327_172946
1774628929.9146786,7004246,1793086976,1793.086976,114,197,107,2,20260327_172946
1774628929.9246626,7004285,1793096960,1793.09696,117,197,108,2,20260327_172946
1774628929.9346466,7004324,1793106944,1793.106944,121,197,108,2,20260327_172946
1774628929.9448864,7004364,1793117184,1793.117184,124,197,109,2,20260327_172946
1774628929.9548705,7004403,1793127168,1793.127168,127,197,109,2,20260327_172946
1774628929.9648545,7004442,1793137152,1793.137152,131,197,110,2,20260327_172946
1774628929.9748385,7004481,1793147136,1793.147136,134,196,110,2,20260327_172946
1774628929.9848225,7004520,1793157120,1793.15712,138,197,111,2,20260327_172946
1774628929.9948063,7004559,1793167104,1793.167104,141,197,112,2,20260327_172946
1774628930.0047903,7004598,1793177088,1793.177088,144,197,112,2,20260327_172946
1774628930.0147746,7004637,1793187072,1793.187072,148,197,114,2,20260327_172946
1774628930.0250146,7004677,1793197312,1793.197312,151,197,116,2,20260327_172946
1774628930.0349984,7004716,1793207296,1793.207296,155,197,119,2,20260327_172946
1774628930.0449824,7004755,1793217280,1793.21728,158,197,123,2,20260327_172946
1774628930.0549664,7004794,1793227264,1793.227264,162,197,126,2,20260327_172946
1774628930.0649505,7004833,1793237248,1793.237248,165,197,127,2,20260327_172946
1774628930.0749345,7004872,1793247232,1793.247232,168,197,128,2,20260327_172946
1774628930.0849185,7004911,1793257216,1793.257216,171,197,132,2,20260327_172946
1774628930.0949025,7004950,1793267200,1793.2672,174,197,138,2,20260327_172946
1774628930.1048863,7004989,1793277184,1793.277184,177,197,140,2,20260327_172946
1774628930.1151266,7005029,1793287424,1793.287424,180,198,141,2,20260327_172946
1774628930.1251106,7005068,1793297408,1793.297408,183,197,140,2,20260327_172946
1774628930.1350944,7005107,1793307392,1793.307392,187,197,141,2,20260327_172946
1774628930.1450784,7005146,1793317376,1793.317376,190,197,142,2,20260327_172946
1774628930.1550624,7005185,1793327360,1793.32736,193,197,143,2,20260327_172946
1774628930.1650465,7005224,1793337344,1793.337344,196,197,143,2,20260327_172946
1774628930.1750305,7005263,1793347328,1793.347328,199,197,144,2,20260327_172946
1774628930.1850145,7005302,1793357312,1793.357312,202,197,144,2,20260327_172946
1774628930.1952546,7005342,1793367552,1793.367552,205,197,145,2,20260327_172946
1774628930.2052386,7005381,1793377536,1793.377536,209,197,146,2,20260327_172946
1774628930.2152226,7005420,1793387520,1793.38752,212,197,145,2,20260327_172946
1774628930.2252066,7005459,1793397504,1793.397504,215,198,145,2,20260327_172946
1774628930.2351906,7005498,1793407488,1793.407488,218,198,145,2,20260327_172946
1774628930.2451744,7005537,1793417472,1793.417472,221,198,146,2,20260327_172946
1774628930.2551584,7005576,1793427456,1793.427456,224,198,146,2,20260327_172946
1774628930.2651424,7005615,1793437440,1793.43744,227,198,146,2,20260327_172946
1774628930.2753825,7005655,1793447680,1793.44768,231,198,146,2,20260327_172946
1774628930.2853663,7005694,1793457664,1793.457664,234,198,146,2,20260327_172946
1774628930.2953506,7005733,1793467648,1793.467648,237,198,146,2,20260327_172946
1774628930.3053346,7005772,1793477632,1793.477632,240,198,146,2,20260327_172946
1774628930.3153186,7005811,1793487616,1793.487616,243,198,146,2,20260327_172946
1774628930.3253026,7005850,1793497600,1793.4976,246,198,146,2,20260327_172946
1774628930.3352866,7005889,1793507584,1793.507584,250,198,146,2,20260327_172946
1774628930.3452706,7005928,1793517568,1793.517568,253,198,146,2,20260327_172946
1774628930.3552544,7005967,1793527552,1793.527552,1,198,147,2,20260327_172946
1774628930.3654945,7006007,1793537792,1793.537792,4,198,145,2,20260327_172946
1774628930.3754785,7006046,1793547776,1793.547776,7,198,145,2,20260327_172946
1774628930.3854623,7006085,1793557760,1793.55776,10,199,144,2,20260327_172946
1774628930.3954463,7006124,1793567744,1793.567744,14,198,143,2,20260327_172946
1774628930.4054306,7006163,1793577728,1793.577728,17,199,142,2,20260327_172946
1774628930.4154146,7006202,1793587712,1793.587712,20,198,141,2,20260327_172946
1774628930.4253986,7006241,1793597696,1793.597696,23,199,142,2,20260327_172946
1774628930.4353826,7006280,1793607680,1793.60768,26,198,138,2,20260327_172946
1774628930.4456224,7006320,1793617920,1793.61792,29,198,138,2,20260327_172946
1774628930.4556065,7006359,1793627904,1793.627904,32,198,135,2,20260327_172946
1774628930.4655905,7006398,1793637888,1793.637888,35,198,130,2,20260327_172946
1774628930.4755745,7006437,1793647872,1793.647872,39,198,126,2,20260327_172946
1774628930.4855585,7006476,1793657856,1793.657856,42,198,121,2,20260327_172946
1774628930.4955423,7006515,1793667840,1793.66784,46,198,116,2,20260327_172946
1774628930.5055263,7006554,1793677824,1793.677824,50,198,113,2,20260327_172946
1774628930.5155106,7006593,1793687808,1793.687808,55,198,110,2,20260327_172946
1774628930.5257506,7006633,1793698048,1793.698048,60,198,108,2,20260327_172946
1774628930.5357344,7006672,1793708032,1793.708032,65,198,106,2,20260327_172946
1774628930.5457184,7006711,1793718016,1793.718016,70,198,107,2,20260327_172946
1774628930.5557024,7006750,1793728000,1793.728,75,198,107,2,20260327_172946
1774628930.5656865,7006789,1793737984,1793.737984,79,198,107,2,20260327_172946
1774628930.5756705,7006828,1793747968,1793.747968,82,198,108,2,20260327_172946
1774628930.5856545,7006867,1793757952,1793.757952,86,198,107,2,20260327_172946
1774628930.5956385,7006906,1793767936,1793.767936,89,198,107,2,20260327_172946
1774628930.6058786,7006946,1793778176,1793.778176,93,198,107,2,20260327_172946
1774628930.6158626,7006985,1793788160,1793.78816,96,198,107,2,20260327_172946
1774628930.6258466,7007024,1793798144,1793.798144,99,198,107,2,20260327_172946
1774628930.6358306,7007063,1793808128,1793.808128,102,197,106,2,20260327_172946
1774628930.6458144,7007102,1793818112,1793.818112,106,198,106,2,20260327_172946
1774628930.6557984,7007141,1793828096,1793.828096,109,197,108,2,20260327_172946
1774628930.6657825,7007180,1793838080,1793.83808,112,197,107,2,20260327_172946
1774628930.6757665,7007219,1793848064,1793.848064,116,197,107,2,20260327_172946
1774628930.6857505,7007258,1793858048,1793.858048,119,197,107,2,20260327_172946
1774628930.6957345,7007297,1793868032,1793.868032,122,197,107,2,20260327_172946
1774628930.7059746,7007337,1793878272,1793.878272,126,197,107,2,20260327_172946
1774628930.7159586,7007376,1793888256,1793.888256,129,197,107,2,20260327_172946
1774628930.7259426,7007415,1793898240,1793.89824,132,197,107,2,20260327_172946
1774628930.7359266,7007454,1793908224,1793.908224,136,197,107,2,20260327_172946
1774628930.7459104,7007493,1793918208,1793.918208,139,197,107,2,20260327_172946
1774628930.7558944,7007532,1793928192,1793.928192,143,197,108,2,20260327_172946
1774628930.7658784,7007571,1793938176,1793.938176,146,197,108,2,20260327_172946
1774628930.7758625,7007610,1793948160,1793.94816,150,197,108,2,20260327_172946
1774628930.7858465,7007649,1793958144,1793.958144,154,197,109,2,20260327_172946
1774628930.7960863,7007689,1793968384,1793.968384,158,197,110,2,20260327_172946
1774628930.8060706,7007728,1793978368,1793.978368,161,197,108,2,20260327_172946
1774628930.8160546,7007767,1793988352,1793.988352,165,197,112,2,20260327_172946
1774628930.8260386,7007806,1793998336,1793.998336,169,197,112,2,20260327_172946
1774628930.8360226,7007845,1794008320,1794.00832,172,197,115,2,20260327_172946
1774628930.8460066,7007884,1794018304,1794.018304,175,198,117,2,20260327_172946
1774628930.8559904,7007923,1794028288,1794.028288,179,198,121,2,20260327_172946
1774628930.8659744,7007962,1794038272,1794.038272,182,198,125,2,20260327_172946
1774628930.8759584,7008001,1794048256,1794.048256,185,198,127,2,20260327_172946
1774628930.8861983,7008041,1794058496,1794.058496,188,197,129,2,20260327_172946
1774628930.8961823,7008080,1794068480,1794.06848,191,198,136,2,20260327_172946
1774628930.9061666,7008119,1794078464,1794.078464,195,197,139,2,20260327_172946
1774628930.9161506,7008158,1794088448,1794.088448,198,197,139,2,20260327_172946
1774628930.9261346,7008197,1794098432,1794.098432,201,198,140,2,20260327_172946
1774628930.9361186,7008236,1794108416,1794.108416,204,198,141,2,20260327_172946
1774628930.9461026,7008275,1794118400,1794.1184,207,198,142,2,20260327_172946
1774628930.9560866,7008314,1794128384,1794.128384,210,198,142,2,20260327_172946
1774628930.9660704,7008353,1794138368,1794.138368,213,198,142,2,20260327_172946
1774628930.9763105,7008393,1794148608,1794.148608,217,198,144,2,20260327_172946
1774628930.9862945,7008432,1794158592,1794.158592,220,198,144,2,20260327_172946
1774628930.9962783,7008471,1794168576,1794.168576,223,198,144,2,20260327_172946
1774628931.0062623,7008510,1794178560,1794.17856,226,198,144,2,20260327_172946
1774628931.0162466,7008549,1794188544,1794.188544,229,198,144,2,20260327_172946
1774628931.0262306,7008588,1794198528,1794.198528,232,198,144,2,20260327_172946
1774628931.0362146,7008627,1794208512,1794.208512,236,198,145,2,20260327_172946
1774628931.0461986,7008666,1794218496,1794.218496,239,198,145,2,20260327_172946
1774628931.0561826,7008705,1794228480,1794.22848,242,198,145,2,20260327_172946
1774628931.0664225,7008745,1794238720,1794.23872,245,198,145,2,20260327_172946
1774628931.0764065,7008784,1794248704,1794.248704,248,198,145,2,20260327_172946
1774628931.0863905,7008823,1794258688,1794.258688,251,198,145,2,20260327_172946
1774628931.0963745,7008862,1794268672,1794.268672,0,199,145,2,20260327_172946
1774628931.1063583,7008901,1794278656,1794.278656,3,199,146,2,20260327_172946
1774628931.1163423,7008940,1794288640,1794.28864,6,198,145,2,20260327_172946
1774628931.1263266,7008979,1794298624,1794.298624,9,199,144,2,20260327_172946
1774628931.1363106,7009018,1794308608,1794.308608,12,199,144,2,20260327_172946
1774628931.1462946,7009057,1794318592,1794.318592,15,199,144,2,20260327_172946
1774628931.1565344,7009097,1794328832,1794.328832,18,199,142,2,20260327_172946
1774628931.1665184,7009136,1794338816,1794.338816,22,199,142,2,20260327_172946
1774628931.1765025,7009175,1794348800,1794.3488,25,198,141,2,20260327_172946
1774628931.1864865,7009214,1794358784,1794.358784,28,198,140,2,20260327_172946
1774628931.1964705,7009253,1794368768,1794.368768,31,199,139,2,20260327_172946
1774628931.2064545,7009292,1794378752,1794.378752,34,198,138,2,20260327_172946
1774628931.2164383,7009331,1794388736,1794.388736,37,199,134,2,20260327_172946
1774628931.2264223,7009370,1794398720,1794.39872,40,198,129,2,20260327_172946
1774628931.2366626,7009410,1794408960,1794.40896,43,198,126,2,20260327_172946
1774628931.2466464,7009449,1794418944,1794.418944,47,199,121,2,20260327_172946
1774628931.2566304,7009488,1794428928,1794.428928,51,198,115,2,20260327_172946
1774628931.2666144,7009527,1794438912,1794.438912,56,198,112,2,20260327_172946
1774628931.2765985,7009566,1794448896,1794.448896,61,199,108,2,20260327_172946
1774628931.2865825,7009605,1794458880,1794.45888,66,198,106,2,20260327_172946
1774628931.2965665,7009644,1794468864,1794.468864,71,199,106,2,20260327_172946
1774628931.3065505,7009683,1794478848,1794.478848,75,198,107,2,20260327_172946
1774628931.3165345,7009722,1794488832,1794.488832,79,198,107,2,20260327_172946
1774628931.3267746,7009762,1794499072,1794.499072,83,198,106,2,20260327_172946
1774628931.3367586,7009801,1794509056,1794.509056,86,198,107,2,20260327_172946
1774628931.3467426,7009840,1794519040,1794.51904,90,198,107,2,20260327_172946
1774628931.3567264,7009879,1794529024,1794.529024,93,198,106,2,20260327_172946
1774628931.3667104,7009918,1794539008,1794.539008,96,198,106,2,20260327_172946
1774628931.3766944,7009957,1794548992,1794.548992,100,198,107,2,20260327_172946
1774628931.3866785,7009996,1794558976,1794.558976,103,198,106,2,20260327_172946
1774628931.3966625,7010035,1794568960,1794.56896,106,198,106,2,20260327_172946
1774628931.4066465,7010074,1794578944,1794.578944,109,197,106,2,20260327_172946
1774628931.4168866,7010114,1794589184,1794.589184,113,197,107,2,20260327_172946
1774628931.4268706,7010153,1794599168,1794.599168,116,197,107,2,20260327_172946
1774628931.4368546,7010192,1794609152,1794.609152,119,197,107,2,20260327_172946
1774628931.4468386,7010231,1794619136,1794.619136,123,197,107,2,20260327_172946
1774628931.4568226,7010270,1794629120,1794.62912,126,197,106,2,20260327_172946
1774628931.4668064,7010309,1794639104,1794.639104,129,198,106,2,20260327_172946
1774628931.4767904,7010348,1794649088,1794.649088,133,197,106,2,20260327_172946
1774628931.4867744,7010387,1794659072,1794.659072,136,197,107,2,20260327_172946
1774628931.4970143,7010427,1794669312,1794.669312,140,197,107,2,20260327_172946
1774628931.5069983,7010466,1794679296,1794.679296,143,197,108,2,20260327_172946
1774628931.5169826,7010505,1794689280,1794.68928,147,197,108,2,20260327_172946
1774628931.5269666,7010544,1794699264,1794.699264,151,197,108,2,20260327_172946
1774628931.5369506,7010583,1794709248,1794.709248,154,197,108,2,20260327_172946
1774628931.5469346,7010622,1794719232,1794.719232,158,197,109,2,20260327_172946
1774628931.5569186,7010661,1794729216,1794.729216,162,198,110,2,20260327_172946
1774628931.5669026,7010700,1794739200,1794.7392,166,197,110,2,20260327_172946
1774628931.5768864,7010739,1794749184,1794.749184,169,197,111,2,20260327_172946
1774628931.5871265,7010779,1794759424,1794.759424,173,197,112,2,20260327_172946
1774628931.5971105,7010818,1794769408,1794.769408,176,197,114,2,20260327_172946
1774628931.6070943,7010857,1794779392,1794.779392,179,197,117,2,20260327_172946
1774628931.6170783,7010896,1794789376,1794.789376,183,197,120,2,20260327_172946
1774628931.6270626,7010935,1794799360,1794.79936,186,198,124,2,20260327_172946
1774628931.6370466,7010974,1794809344,1794.809344,189,198,127,2,20260327_172946
1774628931.6470306,7011013,1794819328,1794.819328,192,198,128,2,20260327_172946
1774628931.6570146,7011052,1794829312,1794.829312,195,198,133,2,20260327_172946
1774628931.6669986,7011091,1794839296,1794.839296,198,198,137,2,20260327_172946
1774628931.6772385,7011131,1794849536,1794.849536,202,198,139,2,20260327_172946
1774628931.6872225,7011170,1794859520,1794.85952,205,198,139,2,20260327_172946
1774628931.6972065,7011209,1794869504,1794.869504,208,198,138,2,20260327_172946
1774628931.7071905,7011248,1794879488,1794.879488,211,198,140,2,20260327_172946
1774628931.7171743,7011287,1794889472,1794.889472,214,198,141,2,20260327_172946
1774628931.7271583,7011326,1794899456,1794.899456,217,198,142,2,20260327_172946
1774628931.7371426,7011365,1794909440,1794.90944,220,198,142,2,20260327_172946
1774628931.7471266,7011404,1794919424,1794.919424,224,198,143,2,20260327_172946
1774628931.7573664,7011444,1794929664,1794.929664,227,199,143,2,20260327_172946
1774628931.7673504,7011483,1794939648,1794.939648,230,198,143,2,20260327_172946
1774628931.7773345,7011522,1794949632,1794.949632,233,198,143,2,20260327_172946
1774628931.7873185,7011561,1794959616,1794.959616,236,198,144,2,20260327_172946
1774628931.7973025,7011600,1794969600,1794.9696,239,198,144,2,20260327_172946
1774628931.8072865,7011639,1794979584,1794.979584,243,199,145,2,20260327_172946
1774628931.8172705,7011678,1794989568,1794.989568,246,198,144,2,20260327_172946
1774628931.8272543,7011717,1794999552,1794.999552,249,199,144,2,20260327_172946
1774628931.8372386,7011756,1795009536,1795.009536,252,198,145,2,20260327_172946
1774628931.8474786,7011796,1795019776,1795.019776,0,198,144,2,20260327_172946
1774628931.8574624,7011835,1795029760,1795.02976,3,199,144,2,20260327_172946
1774628931.8674464,7011874,1795039744,1795.039744,7,199,143,2,20260327_172946
1774628931.8774304,7011913,1795049728,1795.049728,10,199,145,2,20260327_172946
1774628931.8874145,7011952,1795059712,1795.059712,13,199,145,2,20260327_172946
1774628931.8973985,7011991,1795069696,1795.069696,16,199,145,2,20260327_172946
1774628931.9073825,7012030,1795079680,1795.07968,19,199,145,2,20260327_172946
1774628931.9173665,7012069,1795089664,1795.089664,22,198,144,2,20260327_172946
1774628931.9273503,7012108,1795099648,1795.099648,25,199,144,2,20260327_172946
1774628931.9375906,7012148,1795109888,1795.109888,28,198,144,2,20260327_172946
1774628931.9475746,7012187,1795119872,1795.119872,32,199,143,2,20260327_172946
1774628931.9575586,7012226,1795129856,1795.129856,35,198,142,2,20260327_172946
1774628931.9675424,7012265,1795139840,1795.13984,37,198,141,2,20260327_172946
1774628931.9775264,7012304,1795149824,1795.149824,40,198,140,2,20260327_172946
1774628931.9875104,7012343,1795159808,1795.159808,43,199,138,2,20260327_172946
1774628931.9974945,7012382,1795169792,1795.169792,45,199,135,2,20260327_172946
1774628932.0074785,7012421,1795179776,1795.179776,48,199,132,2,20260327_172946
1774628932.0174625,7012460,1795189760,1795.18976,51,198,127,2,20260327_172946
1774628932.0277026,7012500,1795200000,1795.2,54,198,121,2,20260327_172946
1774628932.0376866,7012539,1795209984,1795.209984,58,198,115,2,20260327_172946
1774628932.0476706,7012578,1795219968,1795.219968,63,198,112,2,20260327_172946
1774628932.0576546,7012617,1795229952,1795.229952,68,198,109,2,20260327_172946
1774628932.0676386,7012656,1795239936,1795.239936,72,198,107,2,20260327_172946
1774628932.0776224,7012695,1795249920,1795.24992,77,198,106,2,20260327_172946
1774628932.0876064,7012734,1795259904,1795.259904,80,198,107,2,20260327_172946
1774628932.0975904,7012773,1795269888,1795.269888,84,198,106,2,20260327_172946
1774628932.1078303,7012813,1795280128,1795.280128,88,198,106,2,20260327_172946
1774628932.1178143,7012852,1795290112,1795.290112,91,198,107,2,20260327_172946
1774628932.1277986,7012891,1795300096,1795.300096,94,198,107,2,20260327_172946
1774628932.1377826,7012930,1795310080,1795.31008,97,198,107,2,20260327_172946
1774628932.1477666,7012969,1795320064,1795.320064,101,198,106,2,20260327_172946
1774628932.1577506,7013008,1795330048,1795.330048,104,198,106,2,20260327_172946
1774628932.1677346,7013047,1795340032,1795.340032,107,197,106,2,20260327_172946
1774628932.1777186,7013086,1795350016,1795.350016,110,197,107,2,20260327_172946
1774628932.1879585,7013126,1795360256,1795.360256,114,197,107,2,20260327_172946
1774628932.1979425,7013165,1795370240,1795.37024,117,198,107,2,20260327_172946
1774628932.2079265,7013204,1795380224,1795.380224,120,197,107,2,20260327_172946
1774628932.2179103,7013243,1795390208,1795.390208,124,197,107,2,20260327_172946
1774628932.2278943,7013282,1795400192,1795.400192,127,197,107,2,20260327_172946
1774628932.2378786,7013321,1795410176,1795.410176,131,197,107,2,20260327_172946
1774628932.2478626,7013360,1795420160,1795.42016,134,197,107,2,20260327_172946
1774628932.2578466,7013399,1795430144,1795.430144,137,197,107,2,20260327_172946
1774628932.2678306,7013438,1795440128,1795.440128,141,197,107,2,20260327_172946
1774628932.2780704,7013478,1795450368,1795.450368,144,197,108,2,20260327_172946
1774628932.2880545,7013517,1795460352,1795.460352,148,197,108,2,20260327_172946
1774628932.2980385,7013556,1795470336,1795.470336,152,197,108,2,20260327_172946
1774628932.3080225,7013595,1795480320,1795.48032,156,197,109,2,20260327_172946
1774628932.3180065,7013634,1795490304,1795.490304,159,197,109,2,20260327_172946
1774628932.3279903,7013673,1795500288,1795.500288,163,197,110,2,20260327_172946
1774628932.3379743,7013712,1795510272,1795.510272,167,197,110,2,20260327_172946
1774628932.3479586,7013751,1795520256,1795.520256,170,198,112,2,20260327_172946
1774628932.3579426,7013790,1795530240,1795.53024,174,197,113,2,20260327_172946
1774628932.3681824,7013830,1795540480,1795.54048,177,197,115,2,20260327_172946
1774628932.3781664,7013869,1795550464,1795.550464,180,198,118,2,20260327_172946
1774628932.3881505,7013908,1795560448,1795.560448,184,197,122,2,20260327_172946
1774628932.3981345,7013947,1795570432,1795.570432,187,198,125,2,20260327_172946
1774628932.4081185,7013986,1795580416,1795.580416,190,198,127,2,20260327_172946
1774628932.4181025,7014025,1795590400,1795.5904,193,198,128,2,20260327_172946
1774628932.4280863,7014064,1795600384,1795.600384,196,198,133,2,20260327_172946
1774628932.4380703,7014103,1795610368,1795.610368,199,198,138,2,20260327_172946
1774628932.4480546,7014142,1795620352,1795.620352,203,198,139,2,20260327_172946
1774628932.4582946,7014182,1795630592,1795.630592,206,198,139,2,20260327_172946
1774628932.4682784,7014221,1795640576,1795.640576,209,198,140,2,20260327_172946
1774628932.4782624,7014260,1795650560,1795.65056,212,198,140,2,20260327_172946
1774628932.4882464,7014299,1795660544,1795.660544,215,198,141,2,20260327_172946
1774628932.4982305,7014338,1795670528,1795.670528,218,198,142,2,20260327_172946
1774628932.5082145,7014377,1795680512,1795.680512,221,198,142,2,20260327_172946
1774628932.5181985,7014416,1795690496,1795.690496,225,198,142,2,20260327_172946
1774628932.5281825,7014455,1795700480,1795.70048,228,198,143,2,20260327_172946
1774628932.5384226,7014495,1795710720,1795.71072,231,198,143,2,20260327_172946
1774628932.5484066,7014534,1795720704,1795.720704,234,198,143,2,20260327_172946
1774628932.5583906,7014573,1795730688,1795.730688,237,198,144,2,20260327_172946
1774628932.5683746,7014612,1795740672,1795.740672,240,199,144,2,20260327_172946
1774628932.5783584,7014651,1795750656,1795.750656,244,198,144,2,20260327_172946
1774628932.5883424,7014690,1795760640,1795.76064,247,198,145,2,20260327_172946
1774628932.5983264,7014729,1795770624,1795.770624,250,198,144,2,20260327_172946
1774628932.6083105,7014768,1795780608,1795.780608,253,199,145,2,20260327_172946
1774628932.6182945,7014807,1795790592,1795.790592,1,198,144,2,20260327_172946
1774628932.6282785,7014846,1795800576,1795.800576,4,199,146,2,20260327_172946
1774628932.6385186,7014886,1795810816,1795.810816,8,199,144,2,20260327_172946
1774628932.6485026,7014925,1795820800,1795.8208,11,198,144,2,20260327_172946
1774628932.6584866,7014964,1795830784,1795.830784,14,199,145,2,20260327_172946
1774628932.6684706,7015003,1795840768,1795.840768,17,199,145,2,20260327_172946
1774628932.6784546,7015042,1795850752,1795.850752,20,199,144,2,20260327_172946
1774628932.6884384,7015081,1795860736,1795.860736,23,199,144,2,20260327_172946
1774628932.6984224,7015120,1795870720,1795.87072,26,198,145,2,20260327_172946
1774628932.7084064,7015159,1795880704,1795.880704,29,198,145,2,20260327_172946
1774628932.7186463,7015199,1795890944,1795.890944,33,199,144,2,20260327_172946
1774628932.7286303,7015238,1795900928,1795.900928,35,198,144,2,20260327_172946
1774628932.7386146,7015277,1795910912,1795.910912,38,198,142,2,20260327_172946
1774628932.7485986,7015316,1795920896,1795.920896,41,198,141,2,20260327_172946
1774628932.7585826,7015355,1795930880,1795.93088,43,198,140,2,20260327_172946
1774628932.7685666,7015394,1795940864,1795.940864,45,199,140,2,20260327_172946
1774628932.7785506,7015433,1795950848,1795.950848,48,198,138,2,20260327_172946
1774628932.7885346,7015472,1795960832,1795.960832,50,198,134,2,20260327_172946
1774628932.7987745,7015512,1795971072,1795.971072,53,198,128,2,20260327_172946
1774628932.8087585,7015551,1795981056,1795.981056,56,198,125,2,20260327_172946
1774628932.8187425,7015590,1795991040,1795.99104,59,198,120,2,20260327_172946
1774628932.8287263,7015629,1796001024,1796.001024,64,198,116,2,20260327_172946
1774628932.8387103,7015668,1796011008,1796.011008,68,198,112,2,20260327_172946
1774628932.8486946,7015707,1796020992,1796.020992,72,198,109,2,20260327_172946
1774628932.8586786,7015746,1796030976,1796.030976,77,198,107,2,20260327_172946
1774628932.8686626,7015785,1796040960,1796.04096,81,198,105,2,20260327_172946
1774628932.8786466,7015824,1796050944,1796.050944,84,198,106,2,20260327_172946
1774628932.8888865,7015864,1796061184,1796.061184,88,198,107,2,20260327_172946
1774628932.8988705,7015903,1796071168,1796.071168,91,198,107,2,20260327_172946
1774628932.9088545,7015942,1796081152,1796.081152,94,198,106,2,20260327_172946
1774628932.9188385,7015981,1796091136,1796.091136,97,198,107,2,20260327_172946
1774628932.9288225,7016020,1796101120,1796.10112,101,198,107,2,20260327_172946
1774628932.9388063,7016059,1796111104,1796.111104,104,198,107,2,20260327_172946
1774628932.9487906,7016098,1796121088,1796.121088,107,197,107,2,20260327_172946
1774628932.9587746,7016137,1796131072,1796.131072,111,198,107,2,20260327_172946
1774628932.9690144,7016177,1796141312,1796.141312,114,197,106,2,20260327_172946
1774628932.9789984,7016216,1796151296,1796.151296,117,198,108,2,20260327_172946
1774628932.9889824,7016255,1796161280,1796.16128,120,197,107,2,20260327_172946
1774628932.9989665,7016294,1796171264,1796.171264,124,197,110,2,20260327_172946
1774628933.0089505,7016333,1796181248,1796.181248,127,197,109,2,20260327_172946
1774628933.0189345,7016372,1796191232,1796.191232,130,197,109,2,20260327_172946
1774628933.0289185,7016411,1796201216,1796.201216,134,197,109,2,20260327_172946
1774628933.0389023,7016450,1796211200,1796.2112,137,197,110,2,20260327_172946
1774628933.0488863,7016489,1796221184,1796.221184,141,197,110,2,20260327_172946
1774628933.0591266,7016529,1796231424,1796.231424,144,197,112,2,20260327_172946
1774628933.0691106,7016568,1796241408,1796.241408,148,197,110,2,20260327_172946
1774628933.0790944,7016607,1796251392,1796.251392,151,197,111,2,20260327_172946
1774628933.0890784,7016646,1796261376,1796.261376,155,197,112,2,20260327_172946
1774628933.0990624,7016685,1796271360,1796.27136,159,197,112,2,20260327_172946
1774628933.1090465,7016724,1796281344,1796.281344,163,197,113,2,20260327_172946
1774628933.1190305,7016763,1796291328,1796.291328,166,197,114,2,20260327_172946
1774628933.1290145,7016802,1796301312,1796.301312,170,197,116,2,20260327_172946
1774628933.1389985,7016841,1796311296,1796.311296,173,197,117,2,20260327_172946
1774628933.1492386,7016881,1796321536,1796.321536,176,197,121,2,20260327_172946
1774628933.1592226,7016920,1796331520,1796.33152,179,198,125,2,20260327_172946
1774628933.1692066,7016959,1796341504,1796.341504,183,197,126,2,20260327_172946
1774628933.1791906,7016998,1796351488,1796.351488,186,198,127,2,20260327_172946
1774628933.1891744,7017037,1796361472,1796.361472,189,198,130,2,20260327_172946
1774628933.1991584,7017076,1796371456,1796.371456,192,198,134,2,20260327_172946
1774628933.2091424,7017115,1796381440,1796.38144,195,197,138,2,20260327_172946
1774628933.2191265,7017154,1796391424,1796.391424,198,198,139,2,20260327_172946
1774628933.2291105,7017193,1796401408,1796.401408,202,199,140,2,20260327_172946
1774628933.2393506,7017233,1796411648,1796.411648,205,198,139,2,20260327_172946
1774628933.2493346,7017272,1796421632,1796.421632,208,198,140,2,20260327_172946
1774628933.2593186,7017311,1796431616,1796.431616,211,198,141,2,20260327_172946
1774628933.2693026,7017350,1796441600,1796.4416,214,198,142,2,20260327_172946
1774628933.2792866,7017389,1796451584,1796.451584,217,198,143,2,20260327_172946
1774628933.2892706,7017428,1796461568,1796.461568,220,198,143,2,20260327_172946
1774628933.2992544,7017467,1796471552,1796.471552,224,198,143,2,20260327_172946
1774628933.3092384,7017506,1796481536,1796.481536,227,198,144,2,20260327_172946
1774628933.3194785,7017546,1796491776,1796.491776,230,198,144,2,20260327_172946
1774628933.3294623,7017585,1796501760,1796.50176,233,198,144,2,20260327_172946
1774628933.3394463,7017624,1796511744,1796.511744,236,199,144,2,20260327_172946
1774628933.3494306,7017663,1796521728,1796.521728,239,198,144,2,20260327_172946
1774628933.3594146,7017702,1796531712,1796.531712,242,198,144,2,20260327_172946
1774628933.3693986,7017741,1796541696,1796.541696,246,198,145,2,20260327_172946
1774628933.3793826,7017780,1796551680,1796.55168,249,198,145,2,20260327_172946
1774628933.3893666,7017819,1796561664,1796.561664,252,198,145,2,20260327_172946
1774628933.3993504,7017858,1796571648,1796.571648,0,199,145,2,20260327_172946
1774628933.4095905,7017898,1796581888,1796.581888,3,198,145,2,20260327_172946
1774628933.4195745,7017937,1796591872,1796.591872,7,199,144,2,20260327_172946
1774628933.4295585,7017976,1796601856,1796.601856,10,198,145,2,20260327_172946
1774628933.4395423,7018015,1796611840,1796.61184,13,199,145,2,20260327_172946
1774628933.4495263,7018054,1796621824,1796.621824,16,199,145,2,20260327_172946
1774628933.4595106,7018093,1796631808,1796.631808,19,199,146,2,20260327_172946
1774628933.4694946,7018132,1796641792,1796.641792,22,199,145,2,20260327_172946
1774628933.4794786,7018171,1796651776,1796.651776,25,198,145,2,20260327_172946
1774628933.4894626,7018210,1796661760,1796.66176,28,199,145,2,20260327_172946
1774628933.4997025,7018250,1796672000,1796.672,31,199,145,2,20260327_172946
1774628933.5096865,7018289,1796681984,1796.681984,34,199,144,2,20260327_172946
1774628933.5196705,7018328,1796691968,1796.691968,37,198,143,2,20260327_172946
1774628933.5296545,7018367,1796701952,1796.701952,40,199,142,2,20260327_172946
1774628933.5396383,7018406,1796711936,1796.711936,42,199,143,2,20260327_172946
1774628933.5496223,7018445,1796721920,1796.72192,45,199,140,2,20260327_172946
1774628933.5596066,7018484,1796731904,1796.731904,47,198,139,2,20260327_172946
1774628933.5695906,7018523,1796741888,1796.741888,49,198,138,2,20260327_172946
1774628933.5795746,7018562,1796751872,1796.751872,51,198,136,2,20260327_172946
1774628933.5898144,7018602,1796762112,1796.762112,53,198,129,2,20260327_172946
1774628933.5997984,7018641,1796772096,1796.772096,56,198,127,2,20260327_172946
1774628933.6097825,7018680,1796782080,1796.78208,60,198,124,2,20260327_172946
1774628933.6197665,7018719,1796792064,1796.792064,63,198,120,2,20260327_172946
1774628933.6297505,7018758,1796802048,1796.802048,67,198,116,2,20260327_172946
1774628933.6397345,7018797,1796812032,1796.812032,71,198,114,2,20260327_172946
1774628933.6497183,7018836,1796822016,1796.822016,75,198,111,2,20260327_172946
1774628933.6597023,7018875,1796832000,1796.832,79,198,109,2,20260327_172946
1774628933.6696866,7018914,1796841984,1796.841984,83,198,107,2,20260327_172946
1774628933.6799266,7018954,1796852224,1796.852224,87,198,106,2,20260327_172946
1774628933.6899104,7018993,1796862208,1796.862208,90,198,106,2,20260327_172946
1774628933.6998944,7019032,1796872192,1796.872192,93,198,107,2,20260327_172946
1774628933.7098784,7019071,1796882176,1796.882176,96,197,106,2,20260327_172946
1774628933.7198625,7019110,1796892160,1796.89216,100,198,106,2,20260327_172946
1774628933.7298465,7019149,1796902144,1796.902144,103,197,106,2,20260327_172946
1774628933.7398305,7019188,1796912128,1796.912128,106,197,106,2,20260327_172946
1774628933.7498145,7019227,1796922112,1796.922112,110,197,107,2,20260327_172946
1774628933.7600546,7019267,1796932352,1796.932352,113,197,108,2,20260327_172946
1774628933.7700386,7019306,1796942336,1796.942336,116,197,107,2,20260327_172946
1774628933.7800226,7019345,1796952320,1796.95232,119,197,108,2,20260327_172946
1774628933.7900066,7019384,1796962304,1796.962304,123,197,108,2,20260327_172946
1774628933.7999904,7019423,1796972288,1796.972288,126,197,108,2,20260327_172946
1774628933.8099744,7019462,1796982272,1796.982272,129,197,109,2,20260327_172946
1774628933.8199584,7019501,1796992256,1796.992256,133,197,109,2,20260327_172946
1774628933.8299425,7019540,1797002240,1797.00224,136,197,109,2,20260327_172946
1774628933.8401823,7019580,1797012480,1797.01248,140,197,110,2,20260327_172946
1774628933.8501666,7019619,1797022464,1797.022464,143,197,110,2,20260327_172946
1774628933.8601506,7019658,1797032448,1797.032448,147,197,111,2,20260327_172946
1774628933.8701346,7019697,1797042432,1797.042432,150,197,112,2,20260327_172946
1774628933.8801186,7019736,1797052416,1797.052416,154,197,112,2,20260327_172946
1774628933.8901026,7019775,1797062400,1797.0624,158,197,113,2,20260327_172946
1774628933.9000866,7019814,1797072384,1797.072384,161,197,114,2,20260327_172946
1774628933.9100704,7019853,1797082368,1797.082368,165,197,115,2,20260327_172946
1774628933.9200544,7019892,1797092352,1797.092352,168,197,117,2,20260327_172946
1774628933.9302945,7019932,1797102592,1797.102592,172,197,120,2,20260327_172946
1774628933.9402783,7019971,1797112576,1797.112576,175,197,123,2,20260327_172946
1774628933.9502623,7020010,1797122560,1797.12256,178,197,126,2,20260327_172946
1774628933.9602466,7020049,1797132544,1797.132544,181,197,127,2,20260327_172946
1774628933.9702306,7020088,1797142528,1797.142528,184,198,129,2,20260327_172946
1774628933.9802146,7020127,1797152512,1797.152512,188,197,132,2,20260327_172946
1774628933.9901986,7020166,1797162496,1797.162496,191,198,136,2,20260327_172946
1774628934.0001826,7020205,1797172480,1797.17248,194,197,140,2,20260327_172946
1774628934.0101664,7020244,1797182464,1797.182464,197,198,140,2,20260327_172946
1774628934.0204065,7020284,1797192704,1797.192704,200,198,140,2,20260327_172946
1774628934.0303905,7020323,1797202688,1797.202688,203,198,141,2,20260327_172946
1774628934.0403745,7020362,1797212672,1797.212672,207,198,141,2,20260327_172946
1774628934.0503583,7020401,1797222656,1797.222656,210,197,142,2,20260327_172946
1774628934.0603426,7020440,1797232640,1797.23264,213,198,143,2,20260327_172946
1774628934.0703266,7020479,1797242624,1797.242624,216,198,144,2,20260327_172946
1774628934.0803106,7020518,1797252608,1797.252608,219,198,144,2,20260327_172946
1774628934.0902946,7020557,1797262592,1797.262592,222,198,144,2,20260327_172946
1774628934.1002786,7020596,1797272576,1797.272576,225,198,144,2,20260327_172946
1774628934.1105185,7020636,1797282816,1797.282816,229,199,144,2,20260327_172946
1774628934.1205025,7020675,1797292800,1797.2928,232,198,144,2,20260327_172946
1774628934.1304865,7020714,1797302784,1797.302784,235,198,145,2,20260327_172946
1774628934.1404705,7020753,1797312768,1797.312768,238,198,145,2,20260327_172946
1774628934.1504543,7020792,1797322752,1797.322752,241,198,145,2,20260327_172946
1774628934.1604383,7020831,1797332736,1797.332736,244,198,144,2,20260327_172946
1774628934.1704226,7020870,1797342720,1797.34272,248,198,146,2,20260327_172946
1774628934.1804066,7020909,1797352704,1797.352704,251,198,145,2,20260327_172946
1774628934.1906464,7020949,1797362944,1797.362944,254,198,144,2,20260327_172946
1774628934.2006304,7020988,1797372928,1797.372928,2,198,145,2,20260327_172946
1774628934.2106144,7021027,1797382912,1797.382912,5,198,145,2,20260327_172946
1774628934.2205985,7021066,1797392896,1797.392896,8,198,145,2,20260327_172946
1774628934.2305825,7021105,1797402880,1797.40288,12,198,145,2,20260327_172946
1774628934.2405665,7021144,1797412864,1797.412864,15,199,146,2,20260327_172946
1774628934.2505505,7021183,1797422848,1797.422848,18,199,145,2,20260327_172946
1774628934.2605343,7021222,1797432832,1797.432832,21,198,145,2,20260327_172946
1774628934.2705183,7021261,1797442816,1797.442816,24,198,145,2,20260327_172946
1774628934.2807586,7021301,1797453056,1797.453056,27,198,145,2,20260327_172946
1774628934.2907426,7021340,1797463040,1797.46304,30,199,144,2,20260327_172946
1774628934.3007264,7021379,1797473024,1797.473024,33,198,144,2,20260327_172946
1774628934.3107104,7021418,1797483008,1797.483008,36,198,143,2,20260327_172946
1774628934.3206944,7021457,1797492992,1797.492992,39,199,142,2,20260327_172946
1774628934.3306785,7021496,1797502976,1797.502976,41,198,141,2,20260327_172946
1774628934.3406625,7021535,1797512960,1797.51296,44,198,140,2,20260327_172946
1774628934.3506465,7021574,1797522944,1797.522944,46,198,140,2,20260327_172946
1774628934.3606305,7021613,1797532928,1797.532928,48,198,139,2,20260327_172946
1774628934.3708706,7021653,1797543168,1797.543168,50,198,136,2,20260327_172946
1774628934.3808546,7021692,1797553152,1797.553152,52,199,133,2,20260327_172946
1774628934.3908386,7021731,1797563136,1797.563136,55,198,128,2,20260327_172946
1774628934.4008226,7021770,1797573120,1797.57312,58,198,127,2,20260327_172946
1774628934.4108064,7021809,1797583104,1797.583104,61,198,124,2,20260327_172946
1774628934.4207904,7021848,1797593088,1797.593088,65,198,120,2,20260327_172946
1774628934.4307745,7021887,1797603072,1797.603072,69,198,118,2,20260327_172946
1774628934.4407585,7021926,1797613056,1797.613056,73,198,115,2,20260327_172946
1774628934.4507425,7021965,1797623040,1797.62304,77,198,112,2,20260327_172946
1774628934.4609826,7022005,1797633280,1797.63328,81,198,110,2,20260327_172946
1774628934.4709666,7022044,1797643264,1797.643264,84,198,108,2,20260327_172946
1774628934.4809506,7022083,1797653248,1797.653248,88,198,108,2,20260327_172946
1774628934.4909346,7022122,1797663232,1797.663232,91,197,106,2,20260327_172946
1774628934.5009186,7022161,1797673216,1797.673216,94,197,107,2,20260327_172946
1774628934.5109024,7022200,1797683200,1797.6832,97,197,107,2,20260327_172946
1774628934.5208864,7022239,1797693184,1797.693184,101,197,107,2,20260327_172946
1774628934.5308704,7022278,1797703168,1797.703168,104,197,107,2,20260327_172946
1774628934.5411105,7022318,1797713408,1797.713408,107,197,107,2,20260327_172946
1774628934.5510943,7022357,1797723392,1797.723392,111,197,107,2,20260327_172946
1774628934.5610783,7022396,1797733376,1797.733376,114,197,108,2,20260327_172946
1774628934.5710626,7022435,1797743360,1797.74336,117,196,108,2,20260327_172946
1774628934.5810466,7022474,1797753344,1797.753344,120,196,108,2,20260327_172946
1774628934.5910306,7022513,1797763328,1797.763328,124,197,108,2,20260327_172946
1774628934.6010146,7022552,1797773312,1797.773312,127,197,109,2,20260327_172946
1774628934.6109986,7022591,1797783296,1797.783296,131,196,109,2,20260327_172946
1774628934.6209824,7022630,1797793280,1797.79328,134,197,109,2,20260327_172946
1774628934.6312225,7022670,1797803520,1797.80352,137,196,109,2,20260327_172946
1774628934.6412065,7022709,1797813504,1797.813504,141,196,110,2,20260327_172946
1774628934.6511903,7022748,1797823488,1797.823488,144,196,109,2,20260327_172946
1774628934.6611743,7022787,1797833472,1797.833472,148,196,111,2,20260327_172946
1774628934.6711586,7022826,1797843456,1797.843456,152,197,113,2,20260327_172946
1774628934.6811426,7022865,1797853440,1797.85344,155,197,112,2,20260327_172946
1774628934.6911266,7022904,1797863424,1797.863424,159,197,114,2,20260327_172946
1774628934.7011106,7022943,1797873408,1797.873408,163,197,114,2,20260327_172946
1774628934.7110946,7022982,1797883392,1797.883392,166,197,115,2,20260327_172946
1774628934.7213345,7023022,1797893632,1797.893632,170,197,118,2,20260327_172946
1774628934.7313185,7023061,1797903616,1797.903616,173,197,121,2,20260327_172946
1774628934.7413025,7023100,1797913600,1797.9136,176,197,124,2,20260327_172946
1774628934.7512865,7023139,1797923584,1797.923584,179,197,127,2,20260327_172946
1774628934.7612703,7023178,1797933568,1797.933568,182,197,127,2,20260327_172946
1774628934.7712543,7023217,1797943552,1797.943552,186,197,129,2,20260327_172946
1774628934.7812386,7023256,1797953536,1797.953536,189,197,134,2,20260327_172946
1774628934.7912226,7023295,1797963520,1797.96352,192,197,138,2,20260327_172946
1774628934.8012066,7023334,1797973504,1797.973504,195,197,139,2,20260327_172946
1774628934.8114464,7023374,1797983744,1797.983744,198,197,140,2,20260327_172946
1774628934.8214304,7023413,1797993728,1797.993728,201,197,141,2,20260327_172946
1774628934.8314145,7023452,1798003712,1798.003712,205,197,141,2,20260327_172946
1774628934.8413985,7023491,1798013696,1798.013696,208,197,142,2,20260327_172946
1774628934.8513825,7023530,1798023680,1798.02368,211,198,143,2,20260327_172946
1774628934.8613665,7023569,1798033664,1798.033664,214,197,143,2,20260327_172946
1774628934.8713503,7023608,1798043648,1798.043648,217,197,143,2,20260327_172946
1774628934.8813343,7023647,1798053632,1798.053632,220,198,143,2,20260327_172946
1774628934.8915746,7023687,1798063872,1798.063872,223,199,144,2,20260327_172946
1774628934.9015586,7023726,1798073856,1798.073856,227,198,144,2,20260327_172946
1774628934.9115424,7023765,1798083840,1798.08384,230,198,144,2,20260327_172946
1774628934.9215264,7023804,1798093824,1798.093824,233,198,145,2,20260327_172946
1774628934.9315104,7023843,1798103808,1798.103808,236,199,145,2,20260327_172946
1774628934.9414945,7023882,1798113792,1798.113792,239,199,145,2,20260327_172946
1774628934.9514785,7023921,1798123776,1798.123776,242,198,145,2,20260327_172946
1774628934.9614625,7023960,1798133760,1798.13376,246,198,144,2,20260327_172946
1774628934.9717026,7024000,1798144000,1798.144,249,198,145,2,20260327_172946
1774628934.9816866,7024039,1798153984,1798.153984,252,198,145,2,20260327_172946
1774628934.9916706,7024078,1798163968,1798.163968,0,198,145,2,20260327_172946
1774628935.0016546,7024117,1798173952,1798.173952,3,198,146,2,20260327_172946
1774628935.0116386,7024156,1798183936,1798.183936,6,198,145,2,20260327_172946
1774628935.0216224,7024195,1798193920,1798.19392,10,198,145,2,20260327_172946
1774628935.0316064,7024234,1798203904,1798.203904,13,198,145,2,20260327_172946
1774628935.0415905,7024273,1798213888,1798.213888,16,198,145,2,20260327_172946
1774628935.0518303,7024313,1798224128,1798.224128,19,198,145,2,20260327_172946
1774628935.0618143,7024352,1798234112,1798.234112,22,198,145,2,20260327_172946
1774628935.0717986,7024391,1798244096,1798.244096,25,198,144,2,20260327_172946
1774628935.0817826,7024430,1798254080,1798.25408,28,198,144,2,20260327_172946
1774628935.0917666,7024469,1798264064,1798.264064,31,198,144,2,20260327_172946
1774628935.1017506,7024508,1798274048,1798.274048,34,198,144,2,20260327_172946
1774628935.1117346,7024547,1798284032,1798.284032,37,198,143,2,20260327_172946
1774628935.1217184,7024586,1798294016,1798.294016,40,198,142,2,20260327_172946
1774628935.1317024,7024625,1798304000,1798.304,42,198,142,2,20260327_172946
1774628935.1419425,7024665,1798314240,1798.31424,45,198,140,2,20260327_172946
1774628935.1519265,7024704,1798324224,1798.324224,47,198,140,2,20260327_172946
1774628935.1619103,7024743,1798334208,1798.334208,49,198,137,2,20260327_172946
1774628935.1718946,7024782,1798344192,1798.344192,51,198,136,2,20260327_172946
1774628935.1818786,7024821,1798354176,1798.354176,53,198,132,2,20260327_172946
1774628935.1918626,7024860,1798364160,1798.36416,56,198,129,2,20260327_172946
1774628935.2018466,7024899,1798374144,1798.374144,59,198,127,2,20260327_172946
1774628935.2118306,7024938,1798384128,1798.384128,62,198,125,2,20260327_172946
1774628935.2218146,7024977,1798394112,1798.394112,66,198,122,2,20260327_172946
1774628935.2320545,7025017,1798404352,1798.404352,69,198,120,2,20260327_172946
1774628935.2420385,7025056,1798414336,1798.414336,73,198,117,2,20260327_172946
1774628935.2520225,7025095,1798424320,1798.42432,77,198,113,2,20260327_172946
1774628935.2620063,7025134,1798434304,1798.434304,81,198,112,2,20260327_172946
1774628935.2719903,7025173,1798444288,1798.444288,84,197,110,2,20260327_172946
1774628935.2819746,7025212,1798454272,1798.454272,88,197,108,2,20260327_172946
1774628935.2919586,7025251,1798464256,1798.464256,91,198,107,2,20260327_172946
1774628935.3019426,7025290,1798474240,1798.47424,94,197,107,2,20260327_172946
1774628935.3119266,7025329,1798484224,1798.484224,97,197,107,2,20260327_172946
1774628935.3221664,7025369,1798494464,1798.494464,101,197,107,2,20260327_172946
1774628935.3321505,7025408,1798504448,1798.504448,104,197,108,2,20260327_172946
1774628935.3421345,7025447,1798514432,1798.514432,107,196,107,2,20260327_172946
1774628935.3521185,7025486,1798524416,1798.524416,111,196,107,2,20260327_172946
1774628935.3621025,7025525,1798534400,1798.5344,114,196,108,2,20260327_172946
1774628935.3720863,7025564,1798544384,1798.544384,117,196,108,2,20260327_172946
1774628935.3820703,7025603,1798554368,1798.554368,120,196,108,2,20260327_172946
1774628935.3920546,7025642,1798564352,1798.564352,124,196,109,2,20260327_172946
1774628935.4022946,7025682,1798574592,1798.574592,127,197,110,2,20260327_172946
1774628935.4122784,7025721,1798584576,1798.584576,130,196,109,2,20260327_172946
1774628935.4222624,7025760,1798594560,1798.59456,134,197,110,2,20260327_172946
1774628935.4322464,7025799,1798604544,1798.604544,137,196,110,2,20260327_172946
1774628935.4422305,7025838,1798614528,1798.614528,141,196,110,2,20260327_172946
1774628935.4522145,7025877,1798624512,1798.624512,144,196,111,2,20260327_172946
1774628935.4621985,7025916,1798634496,1798.634496,148,196,112,2,20260327_172946
1774628935.4721825,7025955,1798644480,1798.64448,151,197,113,2,20260327_172946
1774628935.4821663,7025994,1798654464,1798.654464,155,196,114,2,20260327_172946
1774628935.4924066,7026034,1798664704,1798.664704,159,197,116,2,20260327_172946
1774628935.5023906,7026073,1798674688,1798.674688,162,197,118,2,20260327_172946
1774628935.5123746,7026112,1798684672,1798.684672,166,197,119,2,20260327_172946
1774628935.5223584,7026151,1798694656,1798.694656,169,197,123,2,20260327_172946
1774628935.5323424,7026190,1798704640,1798.70464,172,197,126,2,20260327_172946
1774628935.5423265,7026229,1798714624,1798.714624,175,197,127,2,20260327_172946
1774628935.5523105,7026268,1798724608,1798.724608,178,197,127,2,20260327_172946
1774628935.5622945,7026307,1798734592,1798.734592,182,196,130,2,20260327_172946
1774628935.5722785,7026346,1798744576,1798.744576,185,197,134,2,20260327_172946
1774628935.5825186,7026386,1798754816,1798.754816,188,197,139,2,20260327_172946
1774628935.5925026,7026425,1798764800,1798.7648,191,197,140,2,20260327_172946
1774628935.6024866,7026464,1798774784,1798.774784,194,197,140,2,20260327_172946
1774628935.6124706,7026503,1798784768,1798.784768,197,197,139,2,20260327_172946
1774628935.6224544,7026542,1798794752,1798.794752,201,197,139,2,20260327_172946
1774628935.6324384,7026581,1798804736,1798.804736,204,197,140,2,20260327_172946
1774628935.6424224,7026620,1798814720,1798.81472,207,197,141,2,20260327_172946
1774628935.6524065,7026659,1798824704,1798.824704,210,197,143,2,20260327_172946
1774628935.6626463,7026699,1798834944,1798.834944,213,197,143,2,20260327_172946
1774628935.6726303,7026738,1798844928,1798.844928,216,199,144,2,20260327_172946
1774628935.6826146,7026777,1798854912,1798.854912,219,198,144,2,20260327_172946
1774628935.6925986,7026816,1798864896,1798.864896,223,197,144,2,20260327_172946
1774628935.7025826,7026855,1798874880,1798.87488,226,198,145,2,20260327_172946
1774628935.7125666,7026894,1798884864,1798.884864,229,198,145,2,20260327_172946
1774628935.7225506,7026933,1798894848,1798.894848,232,198,145,2,20260327_172946
1774628935.7325344,7026972,1798904832,1798.904832,235,198,145,2,20260327_172946
1774628935.7425184,7027011,1798914816,1798.914816,238,198,144,2,20260327_172946
1774628935.7527585,7027051,1798925056,1798.925056,242,198,145,2,20260327_172946
1774628935.7627423,7027090,1798935040,1798.93504,245,198,146,2,20260327_172946
1774628935.7727263,7027129,1798945024,1798.945024,248,198,146,2,20260327_172946
1774628935.7827106,7027168,1798955008,1798.955008,251,198,146,2,20260327_172946
1774628935.7926946,7027207,1798964992,1798.964992,254,198,146,2,20260327_172946
1774628935.8026786,7027246,1798974976,1798.974976,2,198,146,2,20260327_172946
1774628935.8126626,7027285,1798984960,1798.98496,6,198,146,2,20260327_172946
1774628935.8226466,7027324,1798994944,1798.994944,9,198,146,2,20260327_172946
1774628935.8326306,7027363,1799004928,1799.004928,12,198,146,2,20260327_172946
1774628935.8428705,7027403,1799015168,1799.015168,15,198,147,2,20260327_172946
1774628935.8528545,7027442,1799025152,1799.025152,18,198,146,2,20260327_172946
1774628935.8628385,7027481,1799035136,1799.035136,21,198,146,2,20260327_172946
1774628935.8728223,7027520,1799045120,1799.04512,24,198,146,2,20260327_172946
1774628935.8828063,7027559,1799055104,1799.055104,27,198,146,2,20260327_172946
1774628935.8927906,7027598,1799065088,1799.065088,31,198,146,2,20260327_172946
1774628935.9027746,7027637,1799075072,1799.075072,34,198,145,2,20260327_172946
1774628935.9127586,7027676,1799085056,1799.085056,36,198,144,2,20260327_172946
1774628935.9227426,7027715,1799095040,1799.09504,39,198,143,2,20260327_172946
1774628935.9329824,7027755,1799105280,1799.10528,42,198,143,2,20260327_172946
1774628935.9429665,7027794,1799115264,1799.115264,44,198,142,2,20260327_172946
1774628935.9529505,7027833,1799125248,1799.125248,46,198,141,2,20260327_172946
1774628935.9629345,7027872,1799135232,1799.135232,48,198,140,2,20260327_172946
1774628935.9729185,7027911,1799145216,1799.145216,50,198,138,2,20260327_172946
1774628935.9829023,7027950,1799155200,1799.1552,52,198,139,2,20260327_172946
1774628935.9928863,7027989,1799165184,1799.165184,54,198,134,2,20260327_172946
1774628936.0028706,7028028,1799175168,1799.175168,57,198,132,2,20260327_172946
1774628936.0128546,7028067,1799185152,1799.185152,59,198,129,2,20260327_172946
1774628936.0230944,7028107,1799195392,1799.195392,62,197,127,2,20260327_172946
1774628936.0330784,7028146,1799205376,1799.205376,66,197,125,2,20260327_172946
1774628936.0430624,7028185,1799215360,1799.21536,69,198,122,2,20260327_172946
1774628936.0530465,7028224,1799225344,1799.225344,73,197,119,2,20260327_172946
1774628936.0630305,7028263,1799235328,1799.235328,76,198,116,2,20260327_172946
1774628936.0730145,7028302,1799245312,1799.245312,80,197,114,2,20260327_172946
1774628936.0829985,7028341,1799255296,1799.255296,84,197,112,2,20260327_172946
1774628936.0929823,7028380,1799265280,1799.26528,87,197,110,2,20260327_172946
1774628936.1029663,7028419,1799275264,1799.275264,90,197,108,2,20260327_172946
1774628936.1132066,7028459,1799285504,1799.285504,94,197,107,2,20260327_172946
1774628936.1231906,7028498,1799295488,1799.295488,97,197,107,2,20260327_172946
1774628936.1331744,7028537,1799305472,1799.305472,100,196,107,2,20260327_172946
1774628936.1431584,7028576,1799315456,1799.315456,103,196,107,2,20260327_172946
1774628936.1531425,7028615,1799325440,1799.32544,107,196,108,2,20260327_172946
1774628936.1631265,7028654,1799335424,1799.335424,110,196,108,2,20260327_172946
1774628936.1731105,7028693,1799345408,1799.345408,113,196,108,2,20260327_172946
1774628936.1830945,7028732,1799355392,1799.355392,117,196,109,2,20260327_172946
1774628936.1933346,7028772,1799365632,1799.365632,120,195,109,2,20260327_172946
1774628936.2033186,7028811,1799375616,1799.375616,123,195,109,2,20260327_172946
1774628936.2133026,7028850,1799385600,1799.3856,127,196,110,2,20260327_172946
1774628936.2232866,7028889,1799395584,1799.395584,130,195,110,2,20260327_172946
1774628936.2332704,7028928,1799405568,1799.405568,133,195,111,2,20260327_172946
1774628936.2432544,7028967,1799415552,1799.415552,137,195,111,2,20260327_172946
1774628936.2532384,7029006,1799425536,1799.425536,140,195,112,2,20260327_172946
1774628936.2632225,7029045,1799435520,1799.43552,144,195,112,2,20260327_172946
1774628936.2732065,7029084,1799445504,1799.445504,147,195,113,2,20260327_172946
1774628936.2834466,7029124,1799455744,1799.455744,151,195,114,2,20260327_172946
1774628936.2934306,7029163,1799465728,1799.465728,154,195,115,2,20260327_172946
1774628936.3034146,7029202,1799475712,1799.475712,158,195,116,2,20260327_172946
1774628936.3133986,7029241,1799485696,1799.485696,162,195,117,2,20260327_172946
1774628936.3233826,7029280,1799495680,1799.49568,165,195,119,2,20260327_172946
1774628936.3333666,7029319,1799505664,1799.505664,168,196,123,2,20260327_172946
1774628936.3433504,7029358,1799515648,1799.515648,172,196,126,2,20260327_172946
1774628936.3533344,7029397,1799525632,1799.525632,175,196,127,2,20260327_172946
1774628936.3635745,7029437,1799535872,1799.535872,178,196,128,2,20260327_172946
1774628936.3735583,7029476,1799545856,1799.545856,181,196,130,2,20260327_172946
1774628936.3835423,7029515,1799555840,1799.55584,184,196,133,2,20260327_172946
1774628936.3935266,7029554,1799565824,1799.565824,187,196,138,2,20260327_172946
1774628936.4035106,7029593,1799575808,1799.575808,191,196,140,2,20260327_172946
1774628936.4134946,7029632,1799585792,1799.585792,194,196,140,2,20260327_172946
1774628936.4234786,7029671,1799595776,1799.595776,197,196,138,2,20260327_172946
1774628936.4334626,7029710,1799605760,1799.60576,200,196,140,2,20260327_172946
1774628936.4437025,7029750,1799616000,1799.616,203,196,140,2,20260327_172946
1774628936.4536865,7029789,1799625984,1799.625984,206,197,141,2,20260327_172946
1774628936.4636705,7029828,1799635968,1799.635968,210,197,142,2,20260327_172946
1774628936.4736545,7029867,1799645952,1799.645952,213,197,142,2,20260327_172946
1774628936.4836383,7029906,1799655936,1799.655936,216,197,144,2,20260327_172946
1774628936.4936223,7029945,1799665920,1799.66592,219,197,144,2,20260327_172946
1774628936.5036066,7029984,1799675904,1799.675904,222,197,144,2,20260327_172946
1774628936.5135906,7030023,1799685888,1799.685888,225,197,145,2,20260327_172946
1774628936.5235746,7030062,1799695872,1799.695872,228,197,145,2,20260327_172946
1774628936.5338144,7030102,1799706112,1799.706112,232,197,145,2,20260327_172946
1774628936.5437984,7030141,1799716096,1799.716096,235,198,145,2,20260327_172946
1774628936.5537825,7030180,1799726080,1799.72608,238,198,147,2,20260327_172946
1774628936.5637665,7030219,1799736064,1799.736064,241,198,146,2,20260327_172946
1774628936.5737505,7030258,1799746048,1799.746048,244,198,146,2,20260327_172946
1774628936.5837345,7030297,1799756032,1799.756032,247,198,146,2,20260327_172946
1774628936.5937183,7030336,1799766016,1799.766016,250,198,146,2,20260327_172946
1774628936.6037023,7030375,1799776000,1799.776,254,198,146,2,20260327_172946
1774628936.6136866,7030414,1799785984,1799.785984,2,198,146,2,20260327_172946
1774628936.6236706,7030453,1799795968,1799.795968,5,198,146,2,20260327_172946
1774628936.6339104,7030493,1799806208,1799.806208,8,198,145,2,20260327_172946
1774628936.6438944,7030532,1799816192,1799.816192,11,198,145,2,20260327_172946
1774628936.6538785,7030571,1799826176,1799.826176,14,198,145,2,20260327_172946
1774628936.6638625,7030610,1799836160,1799.83616,18,198,145,2,20260327_172946
1774628936.6738465,7030649,1799846144,1799.846144,21,197,145,2,20260327_172946
1774628936.6838305,7030688,1799856128,1799.856128,24,198,145,2,20260327_172946
1774628936.6938145,7030727,1799866112,1799.866112,27,198,145,2,20260327_172946
1774628936.7037983,7030766,1799876096,1799.876096,30,197,144,2,20260327_172946
1774628936.7140386,7030806,1799886336,1799.886336,33,198,144,2,20260327_172946
1774628936.7240226,7030845,1799896320,1799.89632,36,198,144,2,20260327_172946
1774628936.7340064,7030884,1799906304,1799.906304,39,197,143,2,20260327_172946
1774628936.7439904,7030923,1799916288,1799.916288,41,197,142,2,20260327_172946
1774628936.7539744,7030962,1799926272,1799.926272,44,197,142,2,20260327_172946
1774628936.7639585,7031001,1799936256,1799.936256,46,198,141,2,20260327_172946
1774628936.7739425,7031040,1799946240,1799.94624,48,198,140,2,20260327_172946
1774628936.7839265,7031079,1799956224,1799.956224,50,197,139,2,20260327_172946
1774628936.7939105,7031118,1799966208,1799.966208,52,197,137,2,20260327_172946
1774628936.8041506,7031158,1799976448,1799.976448,54,197,135,2,20260327_172946
1774628936.8141346,7031197,1799986432,1799.986432,56,197,133,2,20260327_172946
1774628936.8241186,7031236,1799996416,1799.996416,59,198,129,2,20260327_172946
1774628936.8341026,7031275,1800006400,1800.0064,62,197,127,2,20260327_172946
1774628936.8440864,7031314,1800016384,1800.016384,66,197,125,2,20260327_172946
1774628936.8540704,7031353,1800026368,1800.026368,69,197,123,2,20260327_172946
1774628936.8640544,7031392,1800036352,1800.036352,73,197,121,2,20260327_172946
1774628936.8740385,7031431,1800046336,1800.046336,76,197,118,2,20260327_172946
1774628936.8842783,7031471,1800056576,1800.056576,80,197,115,2,20260327_172946
1774628936.8942626,7031510,1800066560,1800.06656,84,196,112,2,20260327_172946
1774628936.9042466,7031549,1800076544,1800.076544,87,196,111,2,20260327_172946
1774628936.9142306,7031588,1800086528,1800.086528,90,196,109,2,20260327_172946
1774628936.9242146,7031627,1800096512,1800.096512,94,196,109,2,20260327_172946
1774628936.9341986,7031666,1800106496,1800.106496,97,196,107,2,20260327_172946
1774628936.9441826,7031705,1800116480,1800.11648,100,195,107,2,20260327_172946
1774628936.9541664,7031744,1800126464,1800.126464,103,195,107,2,20260327_172946
1774628936.9641504,7031783,1800136448,1800.136448,107,195,108,2,20260327_172946
1774628936.9741344,7031822,1800146432,1800.146432,110,194,108,2,20260327_172946
1774628936.9843743,7031862,1800156672,1800.156672,113,194,108,2,20260327_172946
1774628936.9943583,7031901,1800166656,1800.166656,116,194,109,2,20260327_172946
1774628937.0043426,7031940,1800176640,1800.17664,120,194,109,2,20260327_172946
1774628937.0143266,7031979,1800186624,1800.186624,123,194,109,2,20260327_172946
1774628937.0243106,7032018,1800196608,1800.196608,126,194,110,2,20260327_172946
1774628937.0342946,7032057,1800206592,1800.206592,130,194,110,2,20260327_172946
1774628937.0442786,7032096,1800216576,1800.216576,133,194,111,2,20260327_172946
1774628937.0542626,7032135,1800226560,1800.22656,137,194,111,2,20260327_172946
1774628937.0645025,7032175,1800236800,1800.2368,140,194,112,2,20260327_172946
1774628937.0744865,7032214,1800246784,1800.246784,144,194,113,2,20260327_172946
1774628937.0844705,7032253,1800256768,1800.256768,147,194,114,2,20260327_172946
1774628937.0944543,7032292,1800266752,1800.266752,151,194,115,2,20260327_172946
1774628937.1044383,7032331,1800276736,1800.276736,154,195,116,2,20260327_172946
1774628937.1144226,7032370,1800286720,1800.28672,158,195,118,2,20260327_172946
1774628937.1244066,7032409,1800296704,1800.296704,161,197,121,2,20260327_172946
1774628937.1343906,7032448,1800306688,1800.306688,165,195,122,2,20260327_172946
1774628937.1443746,7032487,1800316672,1800.316672,168,195,126,2,20260327_172946
1774628937.1546144,7032527,1800326912,1800.326912,171,195,127,2,20260327_172946
1774628937.1645985,7032566,1800336896,1800.336896,174,195,127,2,20260327_172946
1774628937.1745825,7032605,1800346880,1800.34688,177,196,131,2,20260327_172946
1774628937.1845665,7032644,1800356864,1800.356864,181,196,131,2,20260327_172946
1774628937.1945505,7032683,1800366848,1800.366848,184,195,137,2,20260327_172946
1774628937.2045343,7032722,1800376832,1800.376832,187,196,140,2,20260327_172946
1774628937.2145183,7032761,1800386816,1800.386816,190,195,140,2,20260327_172946
1774628937.2245026,7032800,1800396800,1800.3968,193,195,140,2,20260327_172946
1774628937.2347426,7032840,1800407040,1800.40704,196,196,140,2,20260327_172946
1774628937.2447264,7032879,1800417024,1800.417024,200,196,140,2,20260327_172946
1774628937.2547104,7032918,1800427008,1800.427008,203,196,141,2,20260327_172946
1774628937.2646945,7032957,1800436992,1800.436992,206,196,142,2,20260327_172946
1774628937.2746785,7032996,1800446976,1800.446976,209,196,143,2,20260327_172946
1774628937.2846625,7033035,1800456960,1800.45696,212,196,143,2,20260327_172946
1774628937.2946465,7033074,1800466944,1800.466944,215,196,144,2,20260327_172946
1774628937.3046305,7033113,1800476928,1800.476928,218,196,144,2,20260327_172946
1774628937.3146143,7033152,1800486912,1800.486912,222,196,145,2,20260327_172946
1774628937.3248546,7033192,1800497152,1800.497152,225,197,145,2,20260327_172946
1774628937.3348386,7033231,1800507136,1800.507136,228,197,146,2,20260327_172946
1774628937.3448224,7033270,1800517120,1800.51712,231,197,146,2,20260327_172946
1774628937.3548064,7033309,1800527104,1800.527104,234,197,146,2,20260327_172946
1774628937.3647904,7033348,1800537088,1800.537088,237,197,146,2,20260327_172946
1774628937.3747745,7033387,1800547072,1800.547072,241,197,146,2,20260327_172946
1774628937.3847585,7033426,1800557056,1800.557056,244,197,146,2,20260327_172946
1774628937.3947425,7033465,1800567040,1800.56704,247,197,146,2,20260327_172946
1774628937.4047265,7033504,1800577024,1800.577024,250,197,146,2,20260327_172946
1774628937.4149666,7033544,1800587264,1800.587264,253,197,146,2,20260327_172946
1774628937.4249506,7033583,1800597248,1800.597248,1,197,147,2,20260327_172946
1774628937.4349346,7033622,1800607232,1800.607232,4,198,146,2,20260327_172946
1774628937.4449186,7033661,1800617216,1800.617216,8,197,146,2,20260327_172946
1774628937.4549024,7033700,1800627200,1800.6272,11,198,147,2,20260327_172946
1774628937.4648864,7033739,1800637184,1800.637184,14,198,146,2,20260327_172946
1774628937.4748704,7033778,1800647168,1800.647168,17,197,146,2,20260327_172946
1774628937.4848545,7033817,1800657152,1800.657152,20,198,146,2,20260327_172946
1774628937.4950943,7033857,1800667392,1800.667392,23,198,147,2,20260327_172946
1774628937.5050786,7033896,1800677376,1800.677376,26,197,145,2,20260327_172946
1774628937.5150626,7033935,1800687360,1800.68736,30,198,145,2,20260327_172946
1774628937.5250466,7033974,1800697344,1800.697344,33,197,145,2,20260327_172946
1774628937.5350306,7034013,1800707328,1800.707328,36,197,143,2,20260327_172946
1774628937.5450146,7034052,1800717312,1800.717312,38,197,144,2,20260327_172946
1774628937.5549986,7034091,1800727296,1800.727296,41,197,143,2,20260327_172946
1774628937.5649824,7034130,1800737280,1800.73728,43,198,142,2,20260327_172946
1774628937.5752225,7034170,1800747520,1800.74752,45,197,141,2,20260327_172946
1774628937.5852065,7034209,1800757504,1800.757504,47,197,140,2,20260327_172946
1774628937.5951903,7034248,1800767488,1800.767488,49,197,139,2,20260327_172946
1774628937.6051743,7034287,1800777472,1800.777472,51,197,138,2,20260327_172946
1774628937.6151586,7034326,1800787456,1800.787456,54,197,136,2,20260327_172946
1774628937.6251426,7034365,1800797440,1800.79744,56,197,133,2,20260327_172946
1774628937.6351266,7034404,1800807424,1800.807424,59,197,130,2,20260327_172946
1774628937.6451106,7034443,1800817408,1800.817408,62,197,127,2,20260327_172946
1774628937.6550946,7034482,1800827392,1800.827392,65,197,126,2,20260327_172946
1774628937.6653345,7034522,1800837632,1800.837632,68,197,124,2,20260327_172946
1774628937.6753185,7034561,1800847616,1800.847616,72,197,121,2,20260327_172946
1774628937.6853025,7034600,1800857600,1800.8576,76,196,119,2,20260327_172946
1774628937.6952865,7034639,1800867584,1800.867584,79,196,116,2,20260327_172946
1774628937.7052703,7034678,1800877568,1800.877568,83,196,115,2,20260327_172946
1774628937.7152543,7034717,1800887552,1800.887552,86,196,112,2,20260327_172946
1774628937.7252386,7034756,1800897536,1800.897536,90,196,110,2,20260327_172946
1774628937.7352226,7034795,1800907520,1800.90752,93,196,108,2,20260327_172946
1774628937.7454624,7034835,1800917760,1800.91776,96,196,107,2,20260327_172946
1774628937.7554464,7034874,1800927744,1800.927744,99,195,107,2,20260327_172946
1774628937.7654305,7034913,1800937728,1800.937728,103,195,107,2,20260327_172946
1774628937.7754145,7034952,1800947712,1800.947712,106,195,107,2,20260327_172946
1774628937.7853985,7034991,1800957696,1800.957696,109,195,107,2,20260327_172946
1774628937.7953825,7035030,1800967680,1800.96768,112,195,107,2,20260327_172946
1774628937.8053665,7035069,1800977664,1800.977664,116,195,108,2,20260327_172946
1774628937.8153503,7035108,1800987648,1800.987648,119,195,108,2,20260327_172946
1774628937.8255906,7035148,1800997888,1800.997888,122,195,109,2,20260327_172946
1774628937.8355746,7035187,1801007872,1801.007872,126,195,109,2,20260327_172946
1774628937.8455584,7035226,1801017856,1801.017856,129,195,110,2,20260327_172946
1774628937.8555424,7035265,1801027840,1801.02784,133,195,109,2,20260327_172946
1774628937.8655264,7035304,1801037824,1801.037824,136,195,110,2,20260327_172946
1774628937.8755105,7035343,1801047808,1801.047808,139,195,111,2,20260327_172946
1774628937.8854945,7035382,1801057792,1801.057792,143,195,111,2,20260327_172946
1774628937.8954785,7035421,1801067776,1801.067776,146,195,112,2,20260327_172946
1774628937.9054625,7035460,1801077760,1801.07776,150,195,113,2,20260327_172946
1774628937.9157026,7035500,1801088000,1801.088,154,196,114,2,20260327_172946
1774628937.9256866,7035539,1801097984,1801.097984,157,196,116,2,20260327_172946
1774628937.9356706,7035578,1801107968,1801.107968,161,196,117,2,20260327_172946
1774628937.9456546,7035617,1801117952,1801.117952,164,196,120,2,20260327_172946
1774628937.9556384,7035656,1801127936,1801.127936,168,196,123,2,20260327_172946
1774628937.9656224,7035695,1801137920,1801.13792,171,196,125,2,20260327_172946
1774628937.9756064,7035734,1801147904,1801.147904,174,196,127,2,20260327_172946
1774628937.9855905,7035773,1801157888,1801.157888,177,196,128,2,20260327_172946
1774628937.9958303,7035813,1801168128,1801.168128,181,196,131,2,20260327_172946
1774628938.0058146,7035852,1801178112,1801.178112,184,196,134,2,20260327_172946
1774628938.0157986,7035891,1801188096,1801.188096,187,196,139,2,20260327_172946
1774628938.0257826,7035930,1801198080,1801.19808,190,196,140,2,20260327_172946
1774628938.0357666,7035969,1801208064,1801.208064,193,196,139,2,20260327_172946
1774628938.0457506,7036008,1801218048,1801.218048,196,196,139,2,20260327_172946
1774628938.0557346,7036047,1801228032,1801.228032,199,196,141,2,20260327_172946
1774628938.0657184,7036086,1801238016,1801.238016,203,196,141,2,20260327_172946
1774628938.0757024,7036125,1801248000,1801.248,206,196,142,2,20260327_172946
1774628938.0859425,7036165,1801258240,1801.25824,209,196,142,2,20260327_172946
1774628938.0959263,7036204,1801268224,1801.268224,212,196,142,2,20260327_172946
1774628938.1059103,7036243,1801278208,1801.278208,215,197,144,2,20260327_172946
1774628938.1158946,7036282,1801288192,1801.288192,218,197,145,2,20260327_172946
1774628938.1258786,7036321,1801298176,1801.298176,221,197,145,2,20260327_172946
1774628938.1358626,7036360,1801308160,1801.30816,225,197,145,2,20260327_172946
1774628938.1458466,7036399,1801318144,1801.318144,228,197,146,2,20260327_172946
1774628938.1558306,7036438,1801328128,1801.328128,231,197,146,2,20260327_172946
1774628938.1658146,7036477,1801338112,1801.338112,234,197,146,2,20260327_172946
1774628938.1760545,7036517,1801348352,1801.348352,237,197,146,2,20260327_172946
1774628938.1860385,7036556,1801358336,1801.358336,240,197,146,2,20260327_172946
1774628938.1960225,7036595,1801368320,1801.36832,244,199,147,2,20260327_172946
1774628938.2060063,7036634,1801378304,1801.378304,247,197,146,2,20260327_172946
1774628938.2159903,7036673,1801388288,1801.388288,250,197,146,2,20260327_172946
1774628938.2259746,7036712,1801398272,1801.398272,253,198,146,2,20260327_172946
1774628938.2359586,7036751,1801408256,1801.408256,1,197,146,2,20260327_172946
1774628938.2459426,7036790,1801418240,1801.41824,4,198,145,2,20260327_172946
1774628938.2559266,7036829,1801428224,1801.428224,8,198,145,2,20260327_172946
1774628938.2661664,7036869,1801438464,1801.438464,11,197,144,2,20260327_172946
1774628938.2761505,7036908,1801448448,1801.448448,14,198,144,2,20260327_172946
1774628938.2861345,7036947,1801458432,1801.458432,17,197,144,2,20260327_172946
1774628938.2961185,7036986,1801468416,1801.468416,20,197,144,2,20260327_172946
1774628938.3061025,7037025,1801478400,1801.4784,23,198,143,2,20260327_172946
1774628938.3160863,7037064,1801488384,1801.488384,26,197,142,2,20260327_172946
1774628938.3260703,7037103,1801498368,1801.498368,30,197,143,2,20260327_172946
1774628938.3360546,7037142,1801508352,1801.508352,33,197,142,2,20260327_172946
1774628938.3460386,7037181,1801518336,1801.518336,36,197,142,2,20260327_172946
1774628938.3562784,7037221,1801528576,1801.528576,38,197,142,2,20260327_172946
1774628938.3662624,7037260,1801538560,1801.53856,41,197,141,2,20260327_172946
1774628938.3762465,7037299,1801548544,1801.548544,44,197,140,2,20260327_172946
1774628938.3862305,7037338,1801558528,1801.558528,46,197,139,2,20260327_172946
1774628938.3962145,7037377,1801568512,1801.568512,48,197,138,2,20260327_172946
1774628938.4061985,7037416,1801578496,1801.578496,50,197,136,2,20260327_172946
1774628938.4161825,7037455,1801588480,1801.58848,53,197,132,2,20260327_172946
1774628938.4261663,7037494,1801598464,1801.598464,56,197,128,2,20260327_172946
1774628938.4364066,7037534,1801608704,1801.608704,59,197,127,2,20260327_172946
1774628938.4463906,7037573,1801618688,1801.618688,62,197,125,2,20260327_172946
1774628938.4563744,7037612,1801628672,1801.628672,66,197,122,2,20260327_172946
1774628938.4663584,7037651,1801638656,1801.638656,70,197,120,2,20260327_172946
1774628938.4763424,7037690,1801648640,1801.64864,74,198,118,2,20260327_172946
1774628938.4863265,7037729,1801658624,1801.658624,77,197,116,2,20260327_172946
1774628938.4963105,7037768,1801668608,1801.668608,81,197,114,2,20260327_172946
1774628938.5062945,7037807,1801678592,1801.678592,85,197,112,2,20260327_172946
1774628938.5165346,7037847,1801688832,1801.688832,88,197,110,2,20260327_172946
1774628938.5265186,7037886,1801698816,1801.698816,91,197,108,2,20260327_172946
1774628938.5365026,7037925,1801708800,1801.7088,95,197,107,2,20260327_172946
1774628938.5464866,7037964,1801718784,1801.718784,98,196,107,2,20260327_172946
1774628938.5564706,7038003,1801728768,1801.728768,101,197,107,2,20260327_172946
1774628938.5664544,7038042,1801738752,1801.738752,104,196,108,2,20260327_172946
1774628938.5764384,7038081,1801748736,1801.748736,108,196,107,2,20260327_172946
1774628938.5864224,7038120,1801758720,1801.75872,111,196,108,2,20260327_172946
1774628938.5964065,7038159,1801768704,1801.768704,114,196,109,2,20260327_172946
1774628938.6066463,7038199,1801778944,1801.778944,117,196,109,2,20260327_172946
1774628938.6166306,7038238,1801788928,1801.788928,121,196,109,2,20260327_172946
1774628938.6266146,7038277,1801798912,1801.798912,124,196,110,2,20260327_172946
1774628938.6365986,7038316,1801808896,1801.808896,128,196,110,2,20260327_172946
1774628938.6465826,7038355,1801818880,1801.81888,131,197,111,2,20260327_172946
1774628938.6565666,7038394,1801828864,1801.828864,134,196,111,2,20260327_172946
1774628938.6665506,7038433,1801838848,1801.838848,138,197,113,2,20260327_172946
1774628938.6765344,7038472,1801848832,1801.848832,141,196,113,2,20260327_172946
1774628938.6867745,7038512,1801859072,1801.859072,145,197,114,2,20260327_172946
1774628938.6967585,7038551,1801869056,1801.869056,148,197,115,2,20260327_172946
1774628938.7067423,7038590,1801879040,1801.87904,152,197,116,2,20260327_172946
1774628938.7167263,7038629,1801889024,1801.889024,155,197,118,2,20260327_172946
1774628938.7267106,7038668,1801899008,1801.899008,159,197,120,2,20260327_172946
1774628938.7366946,7038707,1801908992,1801.908992,162,197,124,2,20260327_172946
1774628938.7466786,7038746,1801918976,1801.918976,165,198,126,2,20260327_172946
1774628938.7566626,7038785,1801928960,1801.92896,169,198,127,2,20260327_172946
1774628938.7666466,7038824,1801938944,1801.938944,172,197,129,2,20260327_172946
1774628938.7768865,7038864,1801949184,1801.949184,175,197,132,2,20260327_172946
1774628938.7868705,7038903,1801959168,1801.959168,178,197,137,2,20260327_172946
1774628938.7968545,7038942,1801969152,1801.969152,181,197,139,2,20260327_172946
1774628938.8068385,7038981,1801979136,1801.979136,184,197,140,2,20260327_172946
1774628938.8168223,7039020,1801989120,1801.98912,187,197,141,2,20260327_172946
1774628938.8268063,7039059,1801999104,1801.999104,191,197,141,2,20260327_172946
1774628938.8367906,7039098,1802009088,1802.009088,194,197,141,2,20260327_172946
1774628938.8467746,7039137,1802019072,1802.019072,197,197,141,2,20260327_172946
1774628938.8567586,7039176,1802029056,1802.029056,200,197,141,2,20260327_172946
1774628938.8669984,7039216,1802039296,1802.039296,203,197,143,2,20260327_172946
1774628938.8769825,7039255,1802049280,1802.04928,206,197,143,2,20260327_172946
1774628938.8869665,7039294,1802059264,1802.059264,209,197,144,2,20260327_172946
1774628938.8969505,7039333,1802069248,1802.069248,213,197,144,2,20260327_172946
1774628938.9069345,7039372,1802079232,1802.079232,216,197,145,2,20260327_172946
1774628938.9169185,7039411,1802089216,1802.089216,219,197,145,2,20260327_172946
1774628938.9269023,7039450,1802099200,1802.0992,222,197,145,2,20260327_172946
1774628938.9368863,7039489,1802109184,1802.109184,225,198,146,2,20260327_172946
1774628938.9468706,7039528,1802119168,1802.119168,228,197,145,2,20260327_172946
1774628938.9571104,7039568,1802129408,1802.129408,232,197,146,2,20260327_172946
1774628938.9670944,7039607,1802139392,1802.139392,235,197,146,2,20260327_172946
1774628938.9770784,7039646,1802149376,1802.149376,238,197,146,2,20260327_172946
1774628938.9870625,7039685,1802159360,1802.15936,241,198,146,2,20260327_172946
1774628938.9970465,7039724,1802169344,1802.169344,244,197,146,2,20260327_172946
1774628939.0070305,7039763,1802179328,1802.179328,247,198,146,2,20260327_172946
1774628939.0170145,7039802,1802189312,1802.189312,250,198,146,2,20260327_172946
1774628939.0269983,7039841,1802199296,1802.199296,254,198,146,2,20260327_172946
1774628939.0369823,7039880,1802209280,1802.20928,2,199,147,2,20260327_172946
1774628939.0472226,7039920,1802219520,1802.21952,5,198,145,2,20260327_172946
1774628939.0572066,7039959,1802229504,1802.229504,8,198,146,2,20260327_172946
1774628939.0671904,7039998,1802239488,1802.239488,11,198,145,2,20260327_172946
1774628939.0771744,7040037,1802249472,1802.249472,14,198,144,2,20260327_172946
1774628939.0871584,7040076,1802259456,1802.259456,17,198,144,2,20260327_172946
1774628939.0971425,7040115,1802269440,1802.26944,21,198,144,2,20260327_172946
1774628939.1071265,7040154,1802279424,1802.279424,24,198,143,2,20260327_172946
1774628939.1171105,7040193,1802289408,1802.289408,27,198,143,2,20260327_172946
1774628939.1273506,7040233,1802299648,1802.299648,30,198,143,2,20260327_172946
1774628939.1373346,7040272,1802309632,1802.309632,33,198,143,2,20260327_172946
1774628939.1473186,7040311,1802319616,1802.319616,36,198,141,2,20260327_172946
1774628939.1573026,7040350,1802329600,1802.3296,39,198,140,2,20260327_172946
1774628939.1672866,7040389,1802339584,1802.339584,42,198,140,2,20260327_172946
1774628939.1772704,7040428,1802349568,1802.349568,44,198,140,2,20260327_172946
1774628939.1872544,7040467,1802359552,1802.359552,46,198,138,2,20260327_172946
1774628939.1972384,7040506,1802369536,1802.369536,49,198,136,2,20260327_172946
1774628939.2072225,7040545,1802379520,1802.37952,51,198,132,2,20260327_172946
1774628939.2174623,7040585,1802389760,1802.38976,54,197,129,2,20260327_172946
1774628939.2274466,7040624,1802399744,1802.399744,57,198,127,2,20260327_172946
1774628939.2374306,7040663,1802409728,1802.409728,61,198,124,2,20260327_172946
1774628939.2474146,7040702,1802419712,1802.419712,65,198,121,2,20260327_172946
1774628939.2573986,7040741,1802429696,1802.429696,69,198,119,2,20260327_172946
1774628939.2673826,7040780,1802439680,1802.43968,72,198,117,2,20260327_172946
1774628939.2773666,7040819,1802449664,1802.449664,76,198,115,2,20260327_172946
1774628939.2873504,7040858,1802459648,1802.459648,80,198,113,2,20260327_172946
1774628939.2973344,7040897,1802469632,1802.469632,84,198,111,2,20260327_172946
1774628939.3075745,7040937,1802479872,1802.479872,87,197,109,2,20260327_172946
1774628939.3175583,7040976,1802489856,1802.489856,90,198,108,2,20260327_172946
1774628939.3275423,7041015,1802499840,1802.49984,94,198,107,2,20260327_172946
1774628939.3375266,7041054,1802509824,1802.509824,97,197,107,2,20260327_172946
1774628939.3475106,7041093,1802519808,1802.519808,100,197,108,2,20260327_172946
1774628939.3574946,7041132,1802529792,1802.529792,104,197,108,2,20260327_172946
1774628939.3674786,7041171,1802539776,1802.539776,107,197,108,2,20260327_172946
1774628939.3774626,7041210,1802549760,1802.54976,110,197,109,2,20260327_172946
1774628939.3877025,7041250,1802560000,1802.56,113,197,108,2,20260327_172946
1774628939.3976865,7041289,1802569984,1802.569984,117,197,109,2,20260327_172946
1774628939.4076705,7041328,1802579968,1802.579968,120,197,109,2,20260327_172946
1774628939.4176545,7041367,1802589952,1802.589952,123,197,110,2,20260327_172946
1774628939.4276383,7041406,1802599936,1802.599936,127,197,109,2,20260327_172946
1774628939.4376223,7041445,1802609920,1802.60992,130,197,110,2,20260327_172946
1774628939.4476066,7041484,1802619904,1802.619904,134,197,110,2,20260327_172946
1774628939.4575906,7041523,1802629888,1802.629888,137,197,111,2,20260327_172946
1774628939.4678304,7041563,1802640128,1802.640128,140,197,113,2,20260327_172946
1774628939.4778144,7041602,1802650112,1802.650112,144,197,113,2,20260327_172946
1774628939.4877985,7041641,1802660096,1802.660096,147,198,115,2,20260327_172946
1774628939.4977825,7041680,1802670080,1802.67008,151,197,116,2,20260327_172946
1774628939.5077665,7041719,1802680064,1802.680064,154,198,119,2,20260327_172946
1774628939.5177505,7041758,1802690048,1802.690048,158,198,121,2,20260327_172946
1774628939.5277345,7041797,1802700032,1802.700032,161,198,125,2,20260327_172946
1774628939.5377183,7041836,1802710016,1802.710016,164,198,127,2,20260327_172946
1774628939.5477026,7041875,1802720000,1802.72,168,198,127,2,20260327_172946
1774628939.5579426,7041915,1802730240,1802.73024,171,198,130,2,20260327_172946
1774628939.5679264,7041954,1802740224,1802.740224,174,198,134,2,20260327_172946
1774628939.5779104,7041993,1802750208,1802.750208,177,197,138,2,20260327_172946
1774628939.5878944,7042032,1802760192,1802.760192,180,198,140,2,20260327_172946
1774628939.5978785,7042071,1802770176,1802.770176,183,198,140,2,20260327_172946
1774628939.6078625,7042110,1802780160,1802.78016,186,198,140,2,20260327_172946
1774628939.6178465,7042149,1802790144,1802.790144,189,197,140,2,20260327_172946
1774628939.6278305,7042188,1802800128,1802.800128,193,198,140,2,20260327_172946
1774628939.6378143,7042227,1802810112,1802.810112,196,198,141,2,20260327_172946
1774628939.6480546,7042267,1802820352,1802.820352,199,198,143,2,20260327_172946
1774628939.6580386,7042306,1802830336,1802.830336,202,198,143,2,20260327_172946
1774628939.6680226,7042345,1802840320,1802.84032,205,197,144,2,20260327_172946
1774628939.6780064,7042384,1802850304,1802.850304,208,198,144,2,20260327_172946
1774628939.6879904,7042423,1802860288,1802.860288,211,198,144,2,20260327_172946
1774628939.6979744,7042462,1802870272,1802.870272,215,198,145,2,20260327_172946
1774628939.7079585,7042501,1802880256,1802.880256,218,198,146,2,20260327_172946
1774628939.7179425,7042540,1802890240,1802.89024,221,198,146,2,20260327_172946
1774628939.7279265,7042579,1802900224,1802.900224,224,198,146,2,20260327_172946
1774628939.7381666,7042619,1802910464,1802.910464,227,198,146,2,20260327_172946
1774628939.7481506,7042658,1802920448,1802.920448,230,198,146,2,20260327_172946
1774628939.7581346,7042697,1802930432,1802.930432,234,199,147,2,20260327_172946
1774628939.7681186,7042736,1802940416,1802.940416,237,198,146,2,20260327_172946
1774628939.7781026,7042775,1802950400,1802.9504,240,199,147,2,20260327_172946
1774628939.7880864,7042814,1802960384,1802.960384,243,199,147,2,20260327_172946
1774628939.7980704,7042853,1802970368,1802.970368,246,198,147,2,20260327_172946
1774628939.8080544,7042892,1802980352,1802.980352,249,198,147,2,20260327_172946
1774628939.8180385,7042931,1802990336,1802.990336,252,198,146,2,20260327_172946
1774628939.8282783,7042971,1803000576,1803.000576,1,199,146,2,20260327_172946
1774628939.8382626,7043010,1803010560,1803.01056,4,198,146,2,20260327_172946
1774628939.8482466,7043049,1803020544,1803.020544,7,198,145,2,20260327_172946
1774628939.8582306,7043088,1803030528,1803.030528,10,198,144,2,20260327_172946
1774628939.8682146,7043127,1803040512,1803.040512,13,198,144,2,20260327_172946
1774628939.8781986,7043166,1803050496,1803.050496,16,198,143,2,20260327_172946
1774628939.8881826,7043205,1803060480,1803.06048,19,198,142,2,20260327_172946
1774628939.8981664,7043244,1803070464,1803.070464,23,198,141,2,20260327_172946
1774628939.9084065,7043284,1803080704,1803.080704,26,198,141,2,20260327_172946
1774628939.9183905,7043323,1803090688,1803.090688,29,198,142,2,20260327_172946
1774628939.9283743,7043362,1803100672,1803.100672,32,198,140,2,20260327_172946
1774628939.9383583,7043401,1803110656,1803.110656,35,198,139,2,20260327_172946
1774628939.9483426,7043440,1803120640,1803.12064,38,198,138,2,20260327_172946
1774628939.9583266,7043479,1803130624,1803.130624,41,198,136,2,20260327_172946
1774628939.9683106,7043518,1803140608,1803.140608,44,198,133,2,20260327_172946
1774628939.9782946,7043557,1803150592,1803.150592,47,198,130,2,20260327_172946
1774628939.9882786,7043596,1803160576,1803.160576,50,198,127,2,20260327_172946
1774628939.9985185,7043636,1803170816,1803.170816,53,198,126,2,20260327_172946
1774628940.0085025,7043675,1803180800,1803.1808,57,198,122,2,20260327_172946
1774628940.0184865,7043714,1803190784,1803.190784,61,198,118,2,20260327_172946
1774628940.0284705,7043753,1803200768,1803.200768,65,198,116,2,20260327_172946
1774628940.0384543,7043792,1803210752,1803.210752,70,198,113,2,20260327_172946
1774628940.0484383,7043831,1803220736,1803.220736,74,198,112,2,20260327_172946
1774628940.0584226,7043870,1803230720,1803.23072,78,198,110,2,20260327_172946
1774628940.0684066,7043909,1803240704,1803.240704,82,198,108,2,20260327_172946
1774628940.0783906,7043948,1803250688,1803.250688,85,198,108,2,20260327_172946
1774628940.0886304,7043988,1803260928,1803.260928,89,198,106,2,20260327_172946
1774628940.0986145,7044027,1803270912,1803.270912,92,198,107,2,20260327_172946
1774628940.1085985,7044066,1803280896,1803.280896,95,198,109,2,20260327_172946
1774628940.1185825,7044105,1803290880,1803.29088,99,198,108,2,20260327_172946
1774628940.1285665,7044144,1803300864,1803.300864,102,197,108,2,20260327_172946
1774628940.1385503,7044183,1803310848,1803.310848,105,198,107,2,20260327_172946
1774628940.1485343,7044222,1803320832,1803.320832,108,197,107,2,20260327_172946
1774628940.1585186,7044261,1803330816,1803.330816,112,197,108,2,20260327_172946
1774628940.1685026,7044300,1803340800,1803.3408,115,198,109,2,20260327_172946
1774628940.1787424,7044340,1803351040,1803.35104,118,197,109,2,20260327_172946
1774628940.1887264,7044379,1803361024,1803.361024,122,197,109,2,20260327_172946
1774628940.1987104,7044418,1803371008,1803.371008,125,197,110,2,20260327_172946
1774628940.2086945,7044457,1803380992,1803.380992,128,197,110,2,20260327_172946
1774628940.2186785,7044496,1803390976,1803.390976,132,198,111,2,20260327_172946
1774628940.2286625,7044535,1803400960,1803.40096,135,198,111,2,20260327_172946
1774628940.2386465,7044574,1803410944,1803.410944,139,198,112,2,20260327_172946
1774628940.2486303,7044613,1803420928,1803.420928,142,198,114,2,20260327_172946
1774628940.2586143,7044652,1803430912,1803.430912,145,198,116,2,20260327_172946
1774628940.2688546,7044692,1803441152,1803.441152,149,198,118,2,20260327_172946
1774628940.2788386,7044731,1803451136,1803.451136,152,198,120,2,20260327_172946
1774628940.2888224,7044770,1803461120,1803.46112,156,198,123,2,20260327_172946
1774628940.2988064,7044809,1803471104,1803.471104,159,199,127,2,20260327_172946
1774628940.3087904,7044848,1803481088,1803.481088,162,198,127,2,20260327_172946
1774628940.3187745,7044887,1803491072,1803.491072,165,198,129,2,20260327_172946
1774628940.3287585,7044926,1803501056,1803.501056,168,198,132,2,20260327_172946
1774628940.3387425,7044965,1803511040,1803.51104,171,198,138,2,20260327_172946
1774628940.3487265,7045004,1803521024,1803.521024,174,198,140,2,20260327_172946
1774628940.3589666,7045044,1803531264,1803.531264,177,198,140,2,20260327_172946
1774628940.3689506,7045083,1803541248,1803.541248,181,198,141,2,20260327_172946
1774628940.3789346,7045122,1803551232,1803.551232,184,198,140,2,20260327_172946
1774628940.3889186,7045161,1803561216,1803.561216,187,198,140,2,20260327_172946
1774628940.3989024,7045200,1803571200,1803.5712,190,198,142,2,20260327_172946
1774628940.4088864,7045239,1803581184,1803.581184,193,198,142,2,20260327_172946
1774628940.4188704,7045278,1803591168,1803.591168,196,198,143,2,20260327_172946
1774628940.4288545,7045317,1803601152,1803.601152,199,198,144,2,20260327_172946
1774628940.4390943,7045357,1803611392,1803.611392,203,198,144,2,20260327_172946
1774628940.4490786,7045396,1803621376,1803.621376,206,198,144,2,20260327_172946
1774628940.4590626,7045435,1803631360,1803.63136,209,198,145,2,20260327_172946
1774628940.4690466,7045474,1803641344,1803.641344,212,198,146,2,20260327_172946
1774628940.4790306,7045513,1803651328,1803.651328,215,198,145,2,20260327_172946
1774628940.4890146,7045552,1803661312,1803.661312,218,198,145,2,20260327_172946
1774628940.4989984,7045591,1803671296,1803.671296,221,198,146,2,20260327_172946
1774628940.5089824,7045630,1803681280,1803.68128,225,198,146,2,20260327_172946
1774628940.5189664,7045669,1803691264,1803.691264,228,198,146,2,20260327_172946
1774628940.5292065,7045709,1803701504,1803.701504,231,198,146,2,20260327_172946
1774628940.5391903,7045748,1803711488,1803.711488,234,198,146,2,20260327_172946
1774628940.5491743,7045787,1803721472,1803.721472,237,198,147,2,20260327_172946
1774628940.5591586,7045826,1803731456,1803.731456,240,198,145,2,20260327_172946
1774628940.5691426,7045865,1803741440,1803.74144,243,198,146,2,20260327_172946
1774628940.5791266,7045904,1803751424,1803.751424,247,198,147,2,20260327_172946
1774628940.5891106,7045943,1803761408,1803.761408,250,198,147,2,20260327_172946
1774628940.5990946,7045982,1803771392,1803.771392,253,198,147,2,20260327_172946
1774628940.6093345,7046022,1803781632,1803.781632,1,198,146,2,20260327_172946
1774628940.6193185,7046061,1803791616,1803.791616,4,198,146,2,20260327_172946
1774628940.6293025,7046100,1803801600,1803.8016,8,199,145,2,20260327_172946
1774628940.6392865,7046139,1803811584,1803.811584,11,198,144,2,20260327_172946
1774628940.6492703,7046178,1803821568,1803.821568,14,198,142,2,20260327_172946
1774628940.6592546,7046217,1803831552,1803.831552,17,198,142,2,20260327_172946
1774628940.6692386,7046256,1803841536,1803.841536,20,198,142,2,20260327_172946
1774628940.6792226,7046295,1803851520,1803.85152,23,198,141,2,20260327_172946
1774628940.6892066,7046334,1803861504,1803.861504,26,198,139,2,20260327_172946
1774628940.6994464,7046374,1803871744,1803.871744,29,198,139,2,20260327_172946
1774628940.7094305,7046413,1803881728,1803.881728,33,198,138,2,20260327_172946
1774628940.7194145,7046452,1803891712,1803.891712,36,198,136,2,20260327_172946
1774628940.7293985,7046491,1803901696,1803.901696,39,199,132,2,20260327_172946
1774628940.7393825,7046530,1803911680,1803.91168,42,198,129,2,20260327_172946
1774628940.7493663,7046569,1803921664,1803.921664,45,198,127,2,20260327_172946
1774628940.7593503,7046608,1803931648,1803.931648,48,198,124,2,20260327_172946
1774628940.7693346,7046647,1803941632,1803.941632,52,198,120,2,20260327_172946
1774628940.7795746,7046687,1803951872,1803.951872,57,199,117,2,20260327_172946
1774628940.7895584,7046726,1803961856,1803.961856,61,199,115,2,20260327_172946
1774628940.7995424,7046765,1803971840,1803.97184,66,198,111,2,20260327_172946
1774628940.8095264,7046804,1803981824,1803.981824,71,198,109,2,20260327_172946
1774628940.8195105,7046843,1803991808,1803.991808,75,198,107,2,20260327_172946
1774628940.8294945,7046882,1804001792,1804.001792,79,198,108,2,20260327_172946
1774628940.8394785,7046921,1804011776,1804.011776,83,198,107,2,20260327_172946
1774628940.8494625,7046960,1804021760,1804.02176,86,198,107,2,20260327_172946
1774628940.8594463,7046999,1804031744,1804.031744,90,198,107,2,20260327_172946
1774628940.8696866,7047039,1804041984,1804.041984,93,198,107,2,20260327_172946
1774628940.8796706,7047078,1804051968,1804.051968,96,198,107,2,20260327_172946
1774628940.8896546,7047117,1804061952,1804.061952,100,198,108,2,20260327_172946
1774628940.8996384,7047156,1804071936,1804.071936,103,198,107,2,20260327_172946
1774628940.9096224,7047195,1804081920,1804.08192,106,198,107,2,20260327_172946
1774628940.9196064,7047234,1804091904,1804.091904,109,198,108,2,20260327_172946
1774628940.9295905,7047273,1804101888,1804.101888,113,198,108,2,20260327_172946
1774628940.9395745,7047312,1804111872,1804.111872,116,198,109,2,20260327_172946
1774628940.9498146,7047352,1804122112,1804.122112,119,198,109,2,20260327_172946
1774628940.9597986,7047391,1804132096,1804.132096,123,198,110,2,20260327_172946
1774628940.9697826,7047430,1804142080,1804.14208,126,198,111,2,20260327_172946
1774628940.9797666,7047469,1804152064,1804.152064,129,198,111,2,20260327_172946
1774628940.9897506,7047508,1804162048,1804.162048,133,198,112,2,20260327_172946
1774628940.9997346,7047547,1804172032,1804.172032,136,198,113,2,20260327_172946
1774628941.0097184,7047586,1804182016,1804.182016,140,198,114,2,20260327_172946
1774628941.0197024,7047625,1804192000,1804.192,143,198,116,2,20260327_172946
1774628941.0296865,7047664,1804201984,1804.201984,146,198,119,2,20260327_172946
1774628941.0399263,7047704,1804212224,1804.212224,150,198,123,2,20260327_172946
1774628941.0499103,7047743,1804222208,1804.222208,153,199,126,2,20260327_172946
1774628941.0598946,7047782,1804232192,1804.232192,156,198,127,2,20260327_172946
1774628941.0698786,7047821,1804242176,1804.242176,159,199,128,2,20260327_172946
1774628941.0798626,7047860,1804252160,1804.25216,162,198,131,2,20260327_172946
1774628941.0898466,7047899,1804262144,1804.262144,165,199,136,2,20260327_172946
1774628941.0998306,7047938,1804272128,1804.272128,168,198,139,2,20260327_172946
1774628941.1098144,7047977,1804282112,1804.282112,171,199,141,2,20260327_172946
1774628941.1200545,7048017,1804292352,1804.292352,174,198,140,2,20260327_172946
1774628941.1300385,7048056,1804302336,1804.302336,177,198,141,2,20260327_172946
1774628941.1400225,7048095,1804312320,1804.31232,180,198,141,2,20260327_172946
1774628941.1500063,7048134,1804322304,1804.322304,184,198,142,2,20260327_172946
1774628941.1599903,7048173,1804332288,1804.332288,187,198,143,2,20260327_172946
1774628941.1699746,7048212,1804342272,1804.342272,190,198,144,2,20260327_172946
1774628941.1799586,7048251,1804352256,1804.352256,193,198,144,2,20260327_172946
1774628941.1899426,7048290,1804362240,1804.36224,196,198,144,2,20260327_172946
1774628941.1999266,7048329,1804372224,1804.372224,199,198,145,2,20260327_172946
1774628941.2101665,7048369,1804382464,1804.382464,202,198,145,2,20260327_172946
1774628941.2201505,7048408,1804392448,1804.392448,206,199,146,2,20260327_172946
1774628941.2301345,7048447,1804402432,1804.402432,209,198,146,2,20260327_172946
1774628941.2401185,7048486,1804412416,1804.412416,212,198,146,2,20260327_172946
1774628941.2501023,7048525,1804422400,1804.4224,215,198,146,2,20260327_172946
1774628941.2600863,7048564,1804432384,1804.432384,218,199,146,2,20260327_172946
1774628941.2700706,7048603,1804442368,1804.442368,221,198,146,2,20260327_172946
1774628941.2800546,7048642,1804452352,1804.452352,224,199,146,2,20260327_172946
1774628941.2902944,7048682,1804462592,1804.462592,228,198,146,2,20260327_172946
1774628941.3002784,7048721,1804472576,1804.472576,231,198,146,2,20260327_172946
1774628941.3102624,7048760,1804482560,1804.48256,234,198,146,2,20260327_172946
1774628941.3202465,7048799,1804492544,1804.492544,237,199,146,2,20260327_172946
1774628941.3302305,7048838,1804502528,1804.502528,240,199,146,2,20260327_172946
1774628941.3402145,7048877,1804512512,1804.512512,243,199,146,2,20260327_172946
1774628941.3501985,7048916,1804522496,1804.522496,246,198,146,2,20260327_172946
1774628941.3601823,7048955,1804532480,1804.53248,250,198,147,2,20260327_172946
1774628941.3701663,7048994,1804542464,1804.542464,253,198,146,2,20260327_172946
1774628941.3804066,7049034,1804552704,1804.552704,1,198,146,2,20260327_172946
1774628941.3903906,7049073,1804562688,1804.562688,4,199,145,2,20260327_172946
1774628941.4003744,7049112,1804572672,1804.572672,7,198,145,2,20260327_172946
1774628941.4103584,7049151,1804582656,1804.582656,10,198,144,2,20260327_172946
1774628941.4203424,7049190,1804592640,1804.59264,14,198,142,2,20260327_172946
1774628941.4303265,7049229,1804602624,1804.602624,17,198,142,2,20260327_172946
1774628941.4403105,7049268,1804612608,1804.612608,20,198,141,2,20260327_172946
1774628941.4502945,7049307,1804622592,1804.622592,23,198,140,2,20260327_172946
1774628941.4602785,7049346,1804632576,1804.632576,26,198,139,2,20260327_172946
1774628941.4705186,7049386,1804642816,1804.642816,29,198,138,2,20260327_172946
1774628941.4805026,7049425,1804652800,1804.6528,32,201,137,2,20260327_172946
1774628941.4904866,7049464,1804662784,1804.662784,36,198,130,2,20260327_172946
1774628941.5004706,7049503,1804672768,1804.672768,39,199,127,2,20260327_172946
1774628941.5104544,7049542,1804682752,1804.682752,42,198,124,2,20260327_172946
1774628941.5204384,7049581,1804692736,1804.692736,46,199,120,2,20260327_172946
1774628941.5304224,7049620,1804702720,1804.70272,50,198,116,2,20260327_172946
1774628941.5404065,7049659,1804712704,1804.712704,54,199,114,2,20260327_172946
1774628941.5503905,7049698,1804722688,1804.722688,59,199,111,2,20260327_172946
1774628941.5606306,7049738,1804732928,1804.732928,64,198,108,2,20260327_172946
1774628941.5706146,7049777,1804742912,1804.742912,69,198,107,2,20260327_172946
1774628941.5805986,7049816,1804752896,1804.752896,74,198,106,2,20260327_172946
1774628941.5905826,7049855,1804762880,1804.76288,78,199,107,2,20260327_172946
1774628941.6005666,7049894,1804772864,1804.772864,82,199,107,2,20260327_172946
1774628941.6105504,7049933,1804782848,1804.782848,85,198,107,2,20260327_172946
1774628941.6205344,7049972,1804792832,1804.792832,89,198,106,2,20260327_172946
1774628941.6305184,7050011,1804802816,1804.802816,92,198,107,2,20260327_172946
1774628941.6407585,7050051,1804813056,1804.813056,95,198,105,2,20260327_172946
1774628941.6507423,7050090,1804823040,1804.82304,99,198,107,2,20260327_172946
1774628941.6607263,7050129,1804833024,1804.833024,102,198,107,2,20260327_172946
1774628941.6707106,7050168,1804843008,1804.843008,105,198,107,2,20260327_172946
1774628941.6806946,7050207,1804852992,1804.852992,108,198,107,2,20260327_172946
1774628941.6906786,7050246,1804862976,1804.862976,112,198,107,2,20260327_172946
1774628941.7006626,7050285,1804872960,1804.87296,115,198,106,2,20260327_172946
1774628941.7106466,7050324,1804882944,1804.882944,118,198,108,2,20260327_172946
1774628941.7208865,7050364,1804893184,1804.893184,122,198,109,2,20260327_172946
1774628941.7308705,7050403,1804903168,1804.903168,125,198,110,2,20260327_172946
1774628941.7408545,7050442,1804913152,1804.913152,128,198,111,2,20260327_172946
1774628941.7508385,7050481,1804923136,1804.923136,132,198,111,2,20260327_172946
1774628941.7608223,7050520,1804933120,1804.93312,135,198,112,2,20260327_172946
1774628941.7708066,7050559,1804943104,1804.943104,138,198,114,2,20260327_172946
1774628941.7807906,7050598,1804953088,1804.953088,142,198,116,2,20260327_172946
1774628941.7907746,7050637,1804963072,1804.963072,145,199,119,2,20260327_172946
1774628941.8007586,7050676,1804973056,1804.973056,148,198,123,2,20260327_172946
1774628941.8107426,7050715,1804983040,1804.98304,152,198,125,2,20260327_172946
1774628941.8209825,7050755,1804993280,1804.99328,155,198,127,2,20260327_172946
1774628941.8309665,7050794,1805003264,1805.003264,158,198,127,2,20260327_172946
1774628941.8409505,7050833,1805013248,1805.013248,161,198,131,2,20260327_172946
1774628941.8509345,7050872,1805023232,1805.023232,164,199,135,2,20260327_172946
1774628941.8609183,7050911,1805033216,1805.033216,167,199,139,2,20260327_172946
1774628941.8709023,7050950,1805043200,1805.0432,170,199,140,2,20260327_172946
1774628941.8808866,7050989,1805053184,1805.053184,173,198,140,2,20260327_172946
1774628941.8908706,7051028,1805063168,1805.063168,176,198,140,2,20260327_172946
1774628941.9011104,7051068,1805073408,1805.073408,179,198,142,2,20260327_172946
1774628941.9110944,7051107,1805083392,1805.083392,182,198,141,2,20260327_172946
1774628941.9210784,7051146,1805093376,1805.093376,185,198,142,2,20260327_172946
1774628941.9310625,7051185,1805103360,1805.10336,188,198,143,2,20260327_172946
1774628941.9410465,7051224,1805113344,1805.113344,192,198,144,2,20260327_172946
1774628941.9510305,7051263,1805123328,1805.123328,195,198,144,2,20260327_172946
1774628941.9610145,7051302,1805133312,1805.133312,198,198,144,2,20260327_172946
1774628941.9709983,7051341,1805143296,1805.143296,201,198,144,2,20260327_172946
1774628941.9812386,7051381,1805153536,1805.153536,204,198,145,2,20260327_172946
1774628941.9912226,7051420,1805163520,1805.16352,207,198,144,2,20260327_172946
1774628942.0012066,7051459,1805173504,1805.173504,210,199,145,2,20260327_172946
1774628942.0111904,7051498,1805183488,1805.183488,214,199,145,2,20260327_172946
1774628942.0211744,7051537,1805193472,1805.193472,217,199,145,2,20260327_172946
1774628942.0311584,7051576,1805203456,1805.203456,220,198,146,2,20260327_172946
1774628942.0411425,7051615,1805213440,1805.21344,223,199,145,2,20260327_172946
1774628942.0511265,7051654,1805223424,1805.223424,226,199,146,2,20260327_172946
1774628942.0611105,7051693,1805233408,1805.233408,229,199,146,2,20260327_172946
1774628942.0713506,7051733,1805243648,1805.243648,233,199,145,2,20260327_172946
1774628942.0813346,7051772,1805253632,1805.253632,236,199,145,2,20260327_172946
1774628942.0913186,7051811,1805263616,1805.263616,239,199,146,2,20260327_172946
1774628942.1013026,7051850,1805273600,1805.2736,242,199,146,2,20260327_172946
1774628942.1112866,7051889,1805283584,1805.283584,245,199,146,2,20260327_172946
1774628942.1212704,7051928,1805293568,1805.293568,248,199,146,2,20260327_172946
1774628942.1312544,7051967,1805303552,1805.303552,251,198,146,2,20260327_172946
1774628942.1412385,7052006,1805313536,1805.313536,0,198,146,2,20260327_172946
1774628942.1512225,7052045,1805323520,1805.32352,3,198,145,2,20260327_172946
1774628942.1614623,7052085,1805333760,1805.33376,6,198,144,2,20260327_172946
1774628942.1714466,7052124,1805343744,1805.343744,9,198,144,2,20260327_172946
1774628942.1814306,7052163,1805353728,1805.353728,12,198,143,2,20260327_172946
1774628942.1914146,7052202,1805363712,1805.363712,15,199,142,2,20260327_172946
1774628942.2013986,7052241,1805373696,1805.373696,19,198,140,2,20260327_172946
1774628942.2113826,7052280,1805383680,1805.38368,22,198,139,2,20260327_172946
1774628942.2213664,7052319,1805393664,1805.393664,25,198,138,2,20260327_172946
1774628942.2313504,7052358,1805403648,1805.403648,28,198,135,2,20260327_172946
1774628942.2415905,7052398,1805413888,1805.413888,31,198,132,2,20260327_172946
1774628942.2515745,7052437,1805423872,1805.423872,34,198,127,2,20260327_172946
1774628942.2615583,7052476,1805433856,1805.433856,37,198,125,2,20260327_172946
1774628942.2715423,7052515,1805443840,1805.44384,41,198,119,2,20260327_172946
1774628942.2815266,7052554,1805453824,1805.453824,45,198,115,2,20260327_172946
1774628942.2915106,7052593,1805463808,1805.463808,49,199,112,2,20260327_172946
1774628942.3014946,7052632,1805473792,1805.473792,54,199,110,2,20260327_172946
1774628942.3114786,7052671,1805483776,1805.483776,59,198,108,2,20260327_172946
1774628942.3214626,7052710,1805493760,1805.49376,64,198,107,2,20260327_172946
1774628942.3317025,7052750,1805504000,1805.504,69,198,106,2,20260327_172946
1774628942.3416865,7052789,1805513984,1805.513984,74,198,107,2,20260327_172946
1774628942.3516705,7052828,1805523968,1805.523968,78,199,107,2,20260327_172946
1774628942.3616543,7052867,1805533952,1805.533952,82,198,107,2,20260327_172946
1774628942.3716383,7052906,1805543936,1805.543936,85,198,106,2,20260327_172946
1774628942.3816226,7052945,1805553920,1805.55392,89,198,106,2,20260327_172946
1774628942.3916066,7052984,1805563904,1805.563904,92,198,107,2,20260327_172946
1774628942.4015906,7053023,1805573888,1805.573888,95,198,107,2,20260327_172946
1774628942.4115746,7053062,1805583872,1805.583872,99,199,106,2,20260327_172946
1774628942.4218144,7053102,1805594112,1805.594112,102,198,106,2,20260327_172946
1774628942.4317985,7053141,1805604096,1805.604096,105,198,106,2,20260327_172946
1774628942.4417825,7053180,1805614080,1805.61408,108,198,106,2,20260327_172946
1774628942.4517665,7053219,1805624064,1805.624064,112,198,107,2,20260327_172946
1774628942.4617505,7053258,1805634048,1805.634048,115,197,107,2,20260327_172946
1774628942.4717343,7053297,1805644032,1805.644032,118,197,108,2,20260327_172946
1774628942.4817183,7053336,1805654016,1805.654016,122,198,108,2,20260327_172946
1774628942.4917026,7053375,1805664000,1805.664,125,197,110,2,20260327_172946
1774628942.5016866,7053414,1805673984,1805.673984,128,198,110,2,20260327_172946
1774628942.5119264,7053454,1805684224,1805.684224,132,197,112,2,20260327_172946
1774628942.5219104,7053493,1805694208,1805.694208,135,197,112,2,20260327_172946
1774628942.5318944,7053532,1805704192,1805.704192,138,198,114,2,20260327_172946
1774628942.5418785,7053571,1805714176,1805.714176,142,198,115,2,20260327_172946
1774628942.5518625,7053610,1805724160,1805.72416,145,198,118,2,20260327_172946
1774628942.5618465,7053649,1805734144,1805.734144,149,198,121,2,20260327_172946
1774628942.5718305,7053688,1805744128,1805.744128,152,198,124,2,20260327_172946
1774628942.5818143,7053727,1805754112,1805.754112,155,198,127,2,20260327_172946
1774628942.5920546,7053767,1805764352,1805.764352,158,198,127,2,20260327_172946
1774628942.6020386,7053806,1805774336,1805.774336,161,198,130,2,20260327_172946
1774628942.6120226,7053845,1805784320,1805.78432,164,198,133,2,20260327_172946
1774628942.6220064,7053884,1805794304,1805.794304,167,198,137,2,20260327_172946
1774628942.6319904,7053923,1805804288,1805.804288,170,198,139,2,20260327_172946
1774628942.6419744,7053962,1805814272,1805.814272,173,198,140,2,20260327_172946
1774628942.6519585,7054001,1805824256,1805.824256,176,198,140,2,20260327_172946
1774628942.6619425,7054040,1805834240,1805.83424,179,198,139,2,20260327_172946
1774628942.6719265,7054079,1805844224,1805.844224,183,198,140,2,20260327_172946
1774628942.6821666,7054119,1805854464,1805.854464,186,198,141,2,20260327_172946
1774628942.6921506,7054158,1805864448,1805.864448,189,198,144,2,20260327_172946
1774628942.7021346,7054197,1805874432,1805.874432,192,198,143,2,20260327_172946
1774628942.7121186,7054236,1805884416,1805.884416,195,198,144,2,20260327_172946
1774628942.7221024,7054275,1805894400,1805.8944,198,198,144,2,20260327_172946
1774628942.7320864,7054314,1805904384,1805.904384,201,198,144,2,20260327_172946
1774628942.7420704,7054353,1805914368,1805.914368,205,198,144,2,20260327_172946
1774628942.7520545,7054392,1805924352,1805.924352,208,198,146,2,20260327_172946
1774628942.7622943,7054432,1805934592,1805.934592,211,198,144,2,20260327_172946
1774628942.7722783,7054471,1805944576,1805.944576,214,198,145,2,20260327_172946
1774628942.7822626,7054510,1805954560,1805.95456,217,199,145,2,20260327_172946
1774628942.7922466,7054549,1805964544,1805.964544,220,198,145,2,20260327_172946
1774628942.8022306,7054588,1805974528,1805.974528,223,198,145,2,20260327_172946
1774628942.8122146,7054627,1805984512,1805.984512,226,198,146,2,20260327_172946
1774628942.8221986,7054666,1805994496,1805.994496,230,198,147,2,20260327_172946
1774628942.8321824,7054705,1806004480,1806.00448,233,198,146,2,20260327_172946
1774628942.8421664,7054744,1806014464,1806.014464,236,198,145,2,20260327_172946
1774628942.8524065,7054784,1806024704,1806.024704,239,199,147,2,20260327_172946
1774628942.8623905,7054823,1806034688,1806.034688,242,198,146,2,20260327_172946
1774628942.8723743,7054862,1806044672,1806.044672,245,198,145,2,20260327_172946
1774628942.8823586,7054901,1806054656,1806.054656,249,199,146,2,20260327_172946
1774628942.8923426,7054940,1806064640,1806.06464,252,198,146,2,20260327_172946
1774628942.9023266,7054979,1806074624,1806.074624,0,198,145,2,20260327_172946
1774628942.9123106,7055018,1806084608,1806.084608,3,198,144,2,20260327_172946
1774628942.9222946,7055057,1806094592,1806.094592,6,199,144,2,20260327_172946
1774628942.9325345,7055097,1806104832,1806.104832,9,198,144,2,20260327_172946
1774628942.9425185,7055136,1806114816,1806.114816,13,198,142,2,20260327_172946
1774628942.9525025,7055175,1806124800,1806.1248,16,198,142,2,20260327_172946
1774628942.9624865,7055214,1806134784,1806.134784,19,198,140,2,20260327_172946
1774628942.9724703,7055253,1806144768,1806.144768,22,198,140,2,20260327_172946
1774628942.9824543,7055292,1806154752,1806.154752,25,198,139,2,20260327_172946
1774628942.9924386,7055331,1806164736,1806.164736,28,198,136,2,20260327_172946
1774628943.0024226,7055370,1806174720,1806.17472,31,198,133,2,20260327_172946
1774628943.0124066,7055409,1806184704,1806.184704,35,198,129,2,20260327_172946
1774628943.0226464,7055449,1806194944,1806.194944,38,198,127,2,20260327_172946
1774628943.0326304,7055488,1806204928,1806.204928,41,199,121,2,20260327_172946
1774628943.0426145,7055527,1806214912,1806.214912,45,198,116,2,20260327_172946
1774628943.0525985,7055566,1806224896,1806.224896,49,198,112,2,20260327_172946
1774628943.0625825,7055605,1806234880,1806.23488,54,198,110,2,20260327_172946
1774628943.0725665,7055644,1806244864,1806.244864,59,198,108,2,20260327_172946
1774628943.0825503,7055683,1806254848,1806.254848,64,199,106,2,20260327_172946
1774628943.0925343,7055722,1806264832,1806.264832,69,198,106,2,20260327_172946
1774628943.1025186,7055761,1806274816,1806.274816,74,198,106,2,20260327_172946
1774628943.1127586,7055801,1806285056,1806.285056,78,198,106,2,20260327_172946
1774628943.1227424,7055840,1806295040,1806.29504,82,198,106,2,20260327_172946
1774628943.1327264,7055879,1806305024,1806.305024,85,198,107,2,20260327_172946
1774628943.1427104,7055918,1806315008,1806.315008,89,198,107,2,20260327_172946
1774628943.1526945,7055957,1806324992,1806.324992,92,198,107,2,20260327_172946
1774628943.1626785,7055996,1806334976,1806.334976,95,198,106,2,20260327_172946
1774628943.1726625,7056035,1806344960,1806.34496,98,197,106,2,20260327_172946
1774628943.1826465,7056074,1806354944,1806.354944,102,197,107,2,20260327_172946
1774628943.1928866,7056114,1806365184,1806.365184,105,197,107,2,20260327_172946
1774628943.2028706,7056153,1806375168,1806.375168,108,198,107,2,20260327_172946
1774628943.2128546,7056192,1806385152,1806.385152,112,197,106,2,20260327_172946
1774628943.2228386,7056231,1806395136,1806.395136,115,197,108,2,20260327_172946
1774628943.2328224,7056270,1806405120,1806.40512,118,197,107,2,20260327_172946
1774628943.2428064,7056309,1806415104,1806.415104,121,197,108,2,20260327_172946
1774628943.2527905,7056348,1806425088,1806.425088,125,197,107,2,20260327_172946
1774628943.2627745,7056387,1806435072,1806.435072,128,197,108,2,20260327_172946
1774628943.2727585,7056426,1806445056,1806.445056,132,197,107,2,20260327_172946
1774628943.2829986,7056466,1806455296,1806.455296,135,197,108,2,20260327_172946
1774628943.2929826,7056505,1806465280,1806.46528,139,197,106,2,20260327_172946
1774628943.3029666,7056544,1806475264,1806.475264,142,196,108,2,20260327_172946
1774628943.3129506,7056583,1806485248,1806.485248,146,197,109,2,20260327_172946
1774628943.3229346,7056622,1806495232,1806.495232,149,197,110,2,20260327_172946
1774628943.3329184,7056661,1806505216,1806.505216,153,197,110,2,20260327_172946
1774628943.3429024,7056700,1806515200,1806.5152,157,197,111,2,20260327_172946
1774628943.3528864,7056739,1806525184,1806.525184,161,197,111,2,20260327_172946
1774628943.3628705,7056778,1806535168,1806.535168,164,197,113,2,20260327_172946
1774628943.3731103,7056818,1806545408,1806.545408,168,197,115,2,20260327_172946
1774628943.3830943,7056857,1806555392,1806.555392,171,197,118,2,20260327_172946
1774628943.3930786,7056896,1806565376,1806.565376,174,197,122,2,20260327_172946
1774628943.4030626,7056935,1806575360,1806.57536,178,197,126,2,20260327_172946
1774628943.4130466,7056974,1806585344,1806.585344,181,198,124,2,20260327_172946
1774628943.4230306,7057013,1806595328,1806.595328,184,198,132,2,20260327_172946
1774628943.4330146,7057052,1806605312,1806.605312,187,198,138,2,20260327_172946
1774628943.4429984,7057091,1806615296,1806.615296,190,197,139,2,20260327_172946
1774628943.4532385,7057131,1806625536,1806.625536,193,197,138,2,20260327_172946
1774628943.4632225,7057170,1806635520,1806.63552,197,198,138,2,20260327_172946
1774628943.4732063,7057209,1806645504,1806.645504,200,198,139,2,20260327_172946
1774628943.4831903,7057248,1806655488,1806.655488,203,197,141,2,20260327_172946
1774628943.4931746,7057287,1806665472,1806.665472,206,198,142,2,20260327_172946
1774628943.5031586,7057326,1806675456,1806.675456,209,198,143,2,20260327_172946
1774628943.5131426,7057365,1806685440,1806.68544,212,198,143,2,20260327_172946
1774628943.5231266,7057404,1806695424,1806.695424,215,198,144,2,20260327_172946
1774628943.5331106,7057443,1806705408,1806.705408,219,198,144,2,20260327_172946
1774628943.5433505,7057483,1806715648,1806.715648,222,198,144,2,20260327_172946
1774628943.5533345,7057522,1806725632,1806.725632,225,198,144,2,20260327_172946
1774628943.5633185,7057561,1806735616,1806.735616,228,198,144,2,20260327_172946
1774628943.5733025,7057600,1806745600,1806.7456,231,198,145,2,20260327_172946
1774628943.5832863,7057639,1806755584,1806.755584,234,198,145,2,20260327_172946
1774628943.5932703,7057678,1806765568,1806.765568,238,198,145,2,20260327_172946
1774628943.6032546,7057717,1806775552,1806.775552,241,198,145,2,20260327_172946
1774628943.6132386,7057756,1806785536,1806.785536,244,198,146,2,20260327_172946
1774628943.6234784,7057796,1806795776,1806.795776,247,199,146,2,20260327_172946
1774628943.6334624,7057835,1806805760,1806.80576,250,198,146,2,20260327_172946
1774628943.6434464,7057874,1806815744,1806.815744,253,198,145,2,20260327_172946
1774628943.6534305,7057913,1806825728,1806.825728,1,198,145,2,20260327_172946
1774628943.6634145,7057952,1806835712,1806.835712,5,198,145,2,20260327_172946
1774628943.6733985,7057991,1806845696,1806.845696,8,198,145,2,20260327_172946
1774628943.6833825,7058030,1806855680,1806.85568,11,198,144,2,20260327_172946
1774628943.6933663,7058069,1806865664,1806.865664,14,198,144,2,20260327_172946
1774628943.7033503,7058108,1806875648,1806.875648,17,198,143,2,20260327_172946
1774628943.7135906,7058148,1806885888,1806.885888,20,198,142,2,20260327_172946
1774628943.7235746,7058187,1806895872,1806.895872,23,198,141,2,20260327_172946
1774628943.7335584,7058226,1806905856,1806.905856,27,198,140,2,20260327_172946
1774628943.7435424,7058265,1806915840,1806.91584,30,199,140,2,20260327_172946
1774628943.7535264,7058304,1806925824,1806.925824,33,198,137,2,20260327_172946
1774628943.7635105,7058343,1806935808,1806.935808,36,198,132,2,20260327_172946
1774628943.7734945,7058382,1806945792,1806.945792,39,198,127,2,20260327_172946
1774628943.7834785,7058421,1806955776,1806.955776,42,198,122,2,20260327_172946
1774628943.7937186,7058461,1806966016,1806.966016,46,198,116,2,20260327_172946
1774628943.8037026,7058500,1806976000,1806.976,50,198,113,2,20260327_172946
1774628943.8136866,7058539,1806985984,1806.985984,55,198,110,2,20260327_172946
1774628943.8236706,7058578,1806995968,1806.995968,60,198,108,2,20260327_172946
1774628943.8336544,7058617,1807005952,1807.005952,66,199,108,2,20260327_172946
1774628943.8436384,7058656,1807015936,1807.015936,70,198,106,2,20260327_172946
1774628943.8536224,7058695,1807025920,1807.02592,75,198,107,2,20260327_172946
1774628943.8636065,7058734,1807035904,1807.035904,79,198,106,2,20260327_172946
1774628943.8735905,7058773,1807045888,1807.045888,83,198,106,2,20260327_172946
1774628943.8835745,7058812,1807055872,1807.055872,86,198,106,2,20260327_172946
1774628943.8938146,7058852,1807066112,1807.066112,89,197,107,2,20260327_172946
1774628943.9037986,7058891,1807076096,1807.076096,93,197,106,2,20260327_172946
1774628943.9137826,7058930,1807086080,1807.08608,96,197,106,2,20260327_172946
1774628943.9237666,7058969,1807096064,1807.096064,99,197,106,2,20260327_172946
1774628943.9337506,7059008,1807106048,1807.106048,103,196,106,2,20260327_172946
1774628943.9437344,7059047,1807116032,1807.116032,106,197,106,2,20260327_172946
1774628943.9537184,7059086,1807126016,1807.126016,109,197,106,2,20260327_172946
1774628943.9637024,7059125,1807136000,1807.136,112,197,106,2,20260327_172946
1774628943.9739425,7059165,1807146240,1807.14624,116,196,107,2,20260327_172946
1774628943.9839263,7059204,1807156224,1807.156224,119,196,106,2,20260327_172946
1774628943.9939106,7059243,1807166208,1807.166208,122,197,106,2,20260327_172946
1774628944.0038946,7059282,1807176192,1807.176192,126,196,106,2,20260327_172946
1774628944.0138786,7059321,1807186176,1807.186176,129,196,106,2,20260327_172946
1774628944.0238626,7059360,1807196160,1807.19616,133,196,105,2,20260327_172946
1774628944.0338466,7059399,1807206144,1807.206144,136,196,107,2,20260327_172946
1774628944.0438306,7059438,1807216128,1807.216128,140,196,107,2,20260327_172946
1774628944.0538144,7059477,1807226112,1807.226112,143,196,107,2,20260327_172946
1774628944.0640545,7059517,1807236352,1807.236352,147,196,108,2,20260327_172946
1774628944.0740385,7059556,1807246336,1807.246336,150,196,108,2,20260327_172946
1774628944.0840223,7059595,1807256320,1807.25632,154,196,109,2,20260327_172946
1774628944.0940063,7059634,1807266304,1807.266304,158,196,109,2,20260327_172946
1774628944.1039906,7059673,1807276288,1807.276288,162,196,110,2,20260327_172946
1774628944.1139746,7059712,1807286272,1807.286272,165,196,110,2,20260327_172946
1774628944.1239586,7059751,1807296256,1807.296256,169,197,112,2,20260327_172946
1774628944.1339426,7059790,1807306240,1807.30624,172,196,113,2,20260327_172946
1774628944.1439266,7059829,1807316224,1807.316224,176,196,114,2,20260327_172946
1774628944.1541665,7059869,1807326464,1807.326464,179,196,118,2,20260327_172946
1774628944.1641505,7059908,1807336448,1807.336448,182,197,123,2,20260327_172946
1774628944.1741345,7059947,1807346432,1807.346432,185,197,126,2,20260327_172946
1774628944.1841185,7059986,1807356416,1807.356416,189,197,127,2,20260327_172946
1774628944.1941023,7060025,1807366400,1807.3664,192,197,129,2,20260327_172946
1774628944.2040863,7060064,1807376384,1807.376384,195,197,136,2,20260327_172946
1774628944.2140706,7060103,1807386368,1807.386368,198,197,138,2,20260327_172946
1774628944.2240546,7060142,1807396352,1807.396352,201,197,139,2,20260327_172946
1774628944.2340386,7060181,1807406336,1807.406336,204,197,139,2,20260327_172946
1774628944.2442784,7060221,1807416576,1807.416576,208,197,139,2,20260327_172946
1774628944.2542624,7060260,1807426560,1807.42656,211,197,140,2,20260327_172946
1774628944.2642465,7060299,1807436544,1807.436544,214,197,141,2,20260327_172946
1774628944.2742305,7060338,1807446528,1807.446528,217,197,142,2,20260327_172946
1774628944.2842145,7060377,1807456512,1807.456512,220,197,142,2,20260327_172946
1774628944.2941985,7060416,1807466496,1807.466496,223,198,143,2,20260327_172946
1774628944.3041823,7060455,1807476480,1807.47648,226,197,143,2,20260327_172946
1774628944.3141663,7060494,1807486464,1807.486464,230,197,143,2,20260327_172946
1774628944.3241506,7060533,1807496448,1807.496448,233,197,144,2,20260327_172946
1774628944.3343906,7060573,1807506688,1807.506688,236,198,144,2,20260327_172946
1774628944.3443744,7060612,1807516672,1807.516672,239,197,144,2,20260327_172946
1774628944.3543584,7060651,1807526656,1807.526656,242,197,144,2,20260327_172946
1774628944.3643425,7060690,1807536640,1807.53664,245,198,144,2,20260327_172946
1774628944.3743265,7060729,1807546624,1807.546624,249,198,144,2,20260327_172946
1774628944.3843105,7060768,1807556608,1807.556608,252,198,145,2,20260327_172946
1774628944.3942945,7060807,1807566592,1807.566592,0,198,145,2,20260327_172946
1774628944.4042785,7060846,1807576576,1807.576576,3,198,144,2,20260327_172946
1774628944.4145186,7060886,1807586816,1807.586816,6,198,144,2,20260327_172946
1774628944.4245026,7060925,1807596800,1807.5968,9,198,144,2,20260327_172946
1774628944.4344866,7060964,1807606784,1807.606784,13,198,144,2,20260327_172946
1774628944.4444704,7061003,1807616768,1807.616768,16,198,144,2,20260327_172946
1774628944.4544544,7061042,1807626752,1807.626752,19,198,144,2,20260327_172946
1774628944.4644384,7061081,1807636736,1807.636736,22,198,144,2,20260327_172946
1774628944.4744225,7061120,1807646720,1807.64672,25,198,144,2,20260327_172946
1774628944.4844065,7061159,1807656704,1807.656704,28,198,144,2,20260327_172946
1774628944.4946463,7061199,1807666944,1807.666944,31,198,143,2,20260327_172946
1774628944.5046306,7061238,1807676928,1807.676928,34,199,142,2,20260327_172946
1774628944.5146146,7061277,1807686912,1807.686912,37,198,140,2,20260327_172946
1774628944.5245986,7061316,1807696896,1807.696896,40,198,139,2,20260327_172946
1774628944.5345826,7061355,1807706880,1807.70688,43,198,138,2,20260327_172946
1774628944.5445666,7061394,1807716864,1807.716864,45,198,134,2,20260327_172946
1774628944.5545504,7061433,1807726848,1807.726848,48,198,127,2,20260327_172946
1774628944.5645344,7061472,1807736832,1807.736832,51,198,125,2,20260327_172946
1774628944.5745184,7061511,1807746816,1807.746816,55,198,119,2,20260327_172946
1774628944.5847583,7061551,1807757056,1807.757056,59,198,114,2,20260327_172946
1774628944.5947423,7061590,1807767040,1807.76704,64,198,111,2,20260327_172946
1774628944.6047266,7061629,1807777024,1807.777024,68,198,109,2,20260327_172946
1774628944.6147106,7061668,1807787008,1807.787008,73,197,107,2,20260327_172946
1774628944.6246946,7061707,1807796992,1807.796992,77,198,106,2,20260327_172946
1774628944.6346786,7061746,1807806976,1807.806976,81,198,106,2,20260327_172946
1774628944.6446626,7061785,1807816960,1807.81696,85,197,106,2,20260327_172946
1774628944.6549025,7061825,1807827200,1807.8272,88,197,106,2,20260327_172946
1774628944.6648865,7061864,1807837184,1807.837184,91,197,106,2,20260327_172946
1774628944.6748705,7061903,1807847168,1807.847168,95,197,107,2,20260327_172946
1774628944.6848545,7061942,1807857152,1807.857152,98,197,107,2,20260327_172946
1774628944.6948383,7061981,1807867136,1807.867136,101,197,107,2,20260327_172946
1774628944.7048223,7062020,1807877120,1807.87712,104,197,106,2,20260327_172946
1774628944.7148066,7062059,1807887104,1807.887104,108,196,107,2,20260327_172946
1774628944.7247906,7062098,1807897088,1807.897088,111,196,108,2,20260327_172946
1774628944.7350304,7062138,1807907328,1807.907328,114,196,107,2,20260327_172946
1774628944.7450144,7062177,1807917312,1807.917312,118,196,106,2,20260327_172946
1774628944.7549984,7062216,1807927296,1807.927296,121,196,107,2,20260327_172946
1774628944.7649825,7062255,1807937280,1807.93728,124,196,107,2,20260327_172946
1774628944.7749665,7062294,1807947264,1807.947264,128,196,107,2,20260327_172946
1774628944.7849505,7062333,1807957248,1807.957248,131,196,107,2,20260327_172946
1774628944.7949345,7062372,1807967232,1807.967232,135,196,106,2,20260327_172946
1774628944.8049183,7062411,1807977216,1807.977216,138,196,107,2,20260327_172946
1774628944.8151586,7062451,1807987456,1807.987456,141,195,107,2,20260327_172946
1774628944.8251426,7062490,1807997440,1807.99744,145,196,109,2,20260327_172946
1774628944.8351266,7062529,1808007424,1808.007424,149,195,107,2,20260327_172946
1774628944.8451104,7062568,1808017408,1808.017408,152,196,109,2,20260327_172946
1774628944.8550944,7062607,1808027392,1808.027392,156,196,108,2,20260327_172946
1774628944.8650784,7062646,1808037376,1808.037376,160,196,108,2,20260327_172946
1774628944.8750625,7062685,1808047360,1808.04736,164,196,109,2,20260327_172946
1774628944.8850465,7062724,1808057344,1808.057344,168,196,110,2,20260327_172946
1774628944.8952866,7062764,1808067584,1808.067584,171,196,111,2,20260327_172946
1774628944.9052706,7062803,1808077568,1808.077568,174,196,112,2,20260327_172946
1774628944.9152546,7062842,1808087552,1808.087552,178,196,115,2,20260327_172946
1774628944.9252386,7062881,1808097536,1808.097536,181,196,118,2,20260327_172946
1774628944.9352226,7062920,1808107520,1808.10752,184,196,121,2,20260327_172946
1774628944.9452064,7062959,1808117504,1808.117504,187,197,126,2,20260327_172946
1774628944.9551904,7062998,1808127488,1808.127488,191,196,127,2,20260327_172946
1774628944.9651744,7063037,1808137472,1808.137472,194,197,128,2,20260327_172946
1774628944.9754145,7063077,1808147712,1808.147712,197,196,133,2,20260327_172946
1774628944.9853983,7063116,1808157696,1808.157696,200,197,137,2,20260327_172946
1774628944.9953823,7063155,1808167680,1808.16768,203,196,139,2,20260327_172946
1774628945.0053666,7063194,1808177664,1808.177664,206,197,138,2,20260327_172946
1774628945.0153506,7063233,1808187648,1808.187648,210,196,138,2,20260327_172946
1774628945.0253346,7063272,1808197632,1808.197632,213,197,138,2,20260327_172946
1774628945.0353186,7063311,1808207616,1808.207616,216,196,140,2,20260327_172946
1774628945.0453026,7063350,1808217600,1808.2176,219,197,141,2,20260327_172946
1774628945.0555425,7063390,1808227840,1808.22784,222,197,142,2,20260327_172946
1774628945.0655265,7063429,1808237824,1808.237824,225,197,143,2,20260327_172946
1774628945.0755105,7063468,1808247808,1808.247808,228,197,144,2,20260327_172946
1774628945.0854945,7063507,1808257792,1808.257792,232,197,143,2,20260327_172946
1774628945.0954783,7063546,1808267776,1808.267776,235,197,143,2,20260327_172946
1774628945.1054626,7063585,1808277760,1808.27776,238,197,144,2,20260327_172946
1774628945.1154466,7063624,1808287744,1808.287744,241,197,144,2,20260327_172946
1774628945.1254306,7063663,1808297728,1808.297728,244,197,144,2,20260327_172946
1774628945.1354146,7063702,1808307712,1808.307712,247,197,144,2,20260327_172946
1774628945.1456544,7063742,1808317952,1808.317952,251,197,144,2,20260327_172946
1774628945.1556385,7063781,1808327936,1808.327936,254,198,144,2,20260327_172946
1774628945.1656225,7063820,1808337920,1808.33792,2,198,145,2,20260327_172946
1774628945.1756065,7063859,1808347904,1808.347904,5,198,144,2,20260327_172946
1774628945.1855905,7063898,1808357888,1808.357888,8,198,145,2,20260327_172946
1774628945.1955743,7063937,1808367872,1808.367872,11,197,145,2,20260327_172946
1774628945.2055583,7063976,1808377856,1808.377856,14,198,145,2,20260327_172946
1774628945.2155426,7064015,1808387840,1808.38784,18,198,145,2,20260327_172946
1774628945.2257826,7064055,1808398080,1808.39808,21,198,146,2,20260327_172946
1774628945.2357664,7064094,1808408064,1808.408064,24,198,145,2,20260327_172946
1774628945.2457504,7064133,1808418048,1808.418048,27,198,144,2,20260327_172946
1774628945.2557344,7064172,1808428032,1808.428032,30,198,144,2,20260327_172946
1774628945.2657185,7064211,1808438016,1808.438016,33,198,143,2,20260327_172946
1774628945.2757025,7064250,1808448000,1808.448,36,198,142,2,20260327_172946
1774628945.2856865,7064289,1808457984,1808.457984,39,198,141,2,20260327_172946
1774628945.2956705,7064328,1808467968,1808.467968,41,198,140,2,20260327_172946
1774628945.3056543,7064367,1808477952,1808.477952,44,198,138,2,20260327_172946
1774628945.3158946,7064407,1808488192,1808.488192,46,197,137,2,20260327_172946
1774628945.3258786,7064446,1808498176,1808.498176,48,198,134,2,20260327_172946
1774628945.3358626,7064485,1808508160,1808.50816,51,197,130,2,20260327_172946
1774628945.3458464,7064524,1808518144,1808.518144,54,198,126,2,20260327_172946
1774628945.3558304,7064563,1808528128,1808.528128,58,197,119,2,20260327_172946
1774628945.3658144,7064602,1808538112,1808.538112,62,197,116,2,20260327_172946
1774628945.3757985,7064641,1808548096,1808.548096,66,198,112,2,20260327_172946
1774628945.3860383,7064681,1808558336,1808.558336,71,197,110,2,20260327_172946
1774628945.3960226,7064720,1808568320,1808.56832,75,197,108,2,20260327_172946
1774628945.4060066,7064759,1808578304,1808.578304,79,197,107,2,20260327_172946
1774628945.4159906,7064798,1808588288,1808.588288,83,197,106,2,20260327_172946
1774628945.4259746,7064837,1808598272,1808.598272,86,197,107,2,20260327_172946
1774628945.4359586,7064876,1808608256,1808.608256,89,197,106,2,20260327_172946
1774628945.4459426,7064915,1808618240,1808.61824,93,197,106,2,20260327_172946
1774628945.4559264,7064954,1808628224,1808.628224,96,197,106,2,20260327_172946
1774628945.4659104,7064993,1808638208,1808.638208,99,196,106,2,20260327_172946
1774628945.4761505,7065033,1808648448,1808.648448,103,197,107,2,20260327_172946
1774628945.4861343,7065072,1808658432,1808.658432,106,196,107,2,20260327_172946
1774628945.4961183,7065111,1808668416,1808.668416,109,196,107,2,20260327_172946
1774628945.5061026,7065150,1808678400,1808.6784,112,196,107,2,20260327_172946
1774628945.5160866,7065189,1808688384,1808.688384,116,196,108,2,20260327_172946
1774628945.5260706,7065228,1808698368,1808.698368,119,196,108,2,20260327_172946
1774628945.5360546,7065267,1808708352,1808.708352,122,196,108,2,20260327_172946
1774628945.5460386,7065306,1808718336,1808.718336,126,197,108,2,20260327_172946
1774628945.5560224,7065345,1808728320,1808.72832,129,196,108,2,20260327_172946
1774628945.5662625,7065385,1808738560,1808.73856,132,196,108,2,20260327_172946
1774628945.5762465,7065424,1808748544,1808.748544,136,196,109,2,20260327_172946
1774628945.5862305,7065463,1808758528,1808.758528,139,196,109,2,20260327_172946
1774628945.5962143,7065502,1808768512,1808.768512,143,196,110,2,20260327_172946
1774628945.6061983,7065541,1808778496,1808.778496,146,196,110,2,20260327_172946
1774628945.6161826,7065580,1808788480,1808.78848,150,196,110,2,20260327_172946
1774628945.6261666,7065619,1808798464,1808.798464,154,196,111,2,20260327_172946
1774628945.6361506,7065658,1808808448,1808.808448,157,196,112,2,20260327_172946
1774628945.6461346,7065697,1808818432,1808.818432,161,196,112,2,20260327_172946
1774628945.6563745,7065737,1808828672,1808.828672,165,196,113,2,20260327_172946
1774628945.6663585,7065776,1808838656,1808.838656,168,196,114,2,20260327_172946
1774628945.6763425,7065815,1808848640,1808.84864,172,196,116,2,20260327_172946
1774628945.6863265,7065854,1808858624,1808.858624,175,196,118,2,20260327_172946
1774628945.6963103,7065893,1808868608,1808.868608,178,196,122,2,20260327_172946
1774628945.7062943,7065932,1808878592,1808.878592,181,197,125,2,20260327_172946
1774628945.7162786,7065971,1808888576,1808.888576,184,196,127,2,20260327_172946
1774628945.7262626,7066010,1808898560,1808.89856,188,198,130,2,20260327_172946
1774628945.7362466,7066049,1808908544,1808.908544,191,196,131,2,20260327_172946
1774628945.7462306,7066088,1808918528,1808.918528,194,197,136,2,20260327_172946
1774628945.7564704,7066128,1808928768,1808.928768,197,197,139,2,20260327_172946
1774628945.7664545,7066167,1808938752,1808.938752,200,196,140,2,20260327_172946
1774628945.7764385,7066206,1808948736,1808.948736,203,197,139,2,20260327_172946
1774628945.7864225,7066245,1808958720,1808.95872,207,197,140,2,20260327_172946
1774628945.7964065,7066284,1808968704,1808.968704,210,197,141,2,20260327_172946
1774628945.8063903,7066323,1808978688,1808.978688,213,197,142,2,20260327_172946
1774628945.8163743,7066362,1808988672,1808.988672,216,197,142,2,20260327_172946
1774628945.8263586,7066401,1808998656,1808.998656,219,197,143,2,20260327_172946
1774628945.8363426,7066440,1809008640,1809.00864,222,197,144,2,20260327_172946
1774628945.8465824,7066480,1809018880,1809.01888,225,197,143,2,20260327_172946
1774628945.8565664,7066519,1809028864,1809.028864,229,197,144,2,20260327_172946
1774628945.8665504,7066558,1809038848,1809.038848,232,197,144,2,20260327_172946
1774628945.8765345,7066597,1809048832,1809.048832,235,197,143,2,20260327_172946
1774628945.8865185,7066636,1809058816,1809.058816,238,197,144,2,20260327_172946
1774628945.8965025,7066675,1809068800,1809.0688,241,197,144,2,20260327_172946
1774628945.9064865,7066714,1809078784,1809.078784,244,197,144,2,20260327_172946
1774628945.9167266,7066754,1809089024,1809.089024,248,197,145,2,20260327_172946
1774628945.9267106,7066793,1809099008,1809.099008,251,197,145,2,20260327_172946
1774628945.9366946,7066832,1809108992,1809.108992,254,197,144,2,20260327_172946
1774628945.9466786,7066871,1809118976,1809.118976,2,198,144,2,20260327_172946
1774628945.9566624,7066910,1809128960,1809.12896,5,198,144,2,20260327_172946
1774628945.9666464,7066949,1809138944,1809.138944,8,197,145,2,20260327_172946
1774628945.9766304,7066988,1809148928,1809.148928,12,198,145,2,20260327_172946
1774628945.9866145,7067027,1809158912,1809.158912,15,198,145,2,20260327_172946
1774628945.9965985,7067066,1809168896,1809.168896,18,198,145,2,20260327_172946
1774628946.0068386,7067106,1809179136,1809.179136,21,198,145,2,20260327_172946
1774628946.0168226,7067145,1809189120,1809.18912,24,198,146,2,20260327_172946
1774628946.0268066,7067184,1809199104,1809.199104,27,197,145,2,20260327_172946
1774628946.0367906,7067223,1809209088,1809.209088,30,197,145,2,20260327_172946
1774628946.0467746,7067262,1809219072,1809.219072,33,197,145,2,20260327_172946
1774628946.0567584,7067301,1809229056,1809.229056,36,198,145,2,20260327_172946
1774628946.0667424,7067340,1809239040,1809.23904,39,198,146,2,20260327_172946
1774628946.0767264,7067379,1809249024,1809.249024,41,198,142,2,20260327_172946
1774628946.0869665,7067419,1809259264,1809.259264,44,198,142,2,20260327_172946
1774628946.0969503,7067458,1809269248,1809.269248,46,198,140,2,20260327_172946
1774628946.1069343,7067497,1809279232,1809.279232,48,198,140,2,20260327_172946
1774628946.1169186,7067536,1809289216,1809.289216,50,198,138,2,20260327_172946
1774628946.1269026,7067575,1809299200,1809.2992,52,198,135,2,20260327_172946
1774628946.1368866,7067614,1809309184,1809.309184,54,198,132,2,20260327_172946
1774628946.1468706,7067653,1809319168,1809.319168,57,197,129,2,20260327_172946
1774628946.1568546,7067692,1809329152,1809.329152,60,198,124,2,20260327_172946
1774628946.1668384,7067731,1809339136,1809.339136,64,198,121,2,20260327_172946
1774628946.1768224,7067770,1809349120,1809.34912,67,197,117,2,20260327_172946
1774628946.1870625,7067810,1809359360,1809.35936,71,198,115,2,20260327_172946
1774628946.1970465,7067849,1809369344,1809.369344,75,197,113,2,20260327_172946
1774628946.2070303,7067888,1809379328,1809.379328,79,197,111,2,20260327_172946
1774628946.2170146,7067927,1809389312,1809.389312,83,198,110,2,20260327_172946
1774628946.2269986,7067966,1809399296,1809.399296,86,197,108,2,20260327_172946
1774628946.2369826,7068005,1809409280,1809.40928,90,197,106,2,20260327_172946
1774628946.2469666,7068044,1809419264,1809.419264,93,197,107,2,20260327_172946
1774628946.2569506,7068083,1809429248,1809.429248,96,197,107,2,20260327_172946
1774628946.2669346,7068122,1809439232,1809.439232,99,197,107,2,20260327_172946
1774628946.2771745,7068162,1809449472,1809.449472,103,197,107,2,20260327_172946
1774628946.2871585,7068201,1809459456,1809.459456,106,197,107,2,20260327_172946
1774628946.2971425,7068240,1809469440,1809.46944,109,197,106,2,20260327_172946
1774628946.3071263,7068279,1809479424,1809.479424,113,196,107,2,20260327_172946
1774628946.3171103,7068318,1809489408,1809.489408,116,196,107,2,20260327_172946
1774628946.3270946,7068357,1809499392,1809.499392,119,196,107,2,20260327_172946
1774628946.3370786,7068396,1809509376,1809.509376,122,196,107,2,20260327_172946
1774628946.3470626,7068435,1809519360,1809.51936,126,196,108,2,20260327_172946
1774628946.3573024,7068475,1809529600,1809.5296,129,197,107,2,20260327_172946
1774628946.3672864,7068514,1809539584,1809.539584,133,197,107,2,20260327_172946
1774628946.3772705,7068553,1809549568,1809.549568,136,197,108,2,20260327_172946
1774628946.3872545,7068592,1809559552,1809.559552,140,197,108,2,20260327_172946
1774628946.3972385,7068631,1809569536,1809.569536,143,197,108,2,20260327_172946
1774628946.4072225,7068670,1809579520,1809.57952,147,197,109,2,20260327_172946
1774628946.4172063,7068709,1809589504,1809.589504,150,197,109,2,20260327_172946
1774628946.4271903,7068748,1809599488,1809.599488,154,197,110,2,20260327_172946
1774628946.4371746,7068787,1809609472,1809.609472,158,197,110,2,20260327_172946
1774628946.4474146,7068827,1809619712,1809.619712,162,197,111,2,20260327_172946
1774628946.4573984,7068866,1809629696,1809.629696,165,197,112,2,20260327_172946
1774628946.4673824,7068905,1809639680,1809.63968,169,197,114,2,20260327_172946
1774628946.4773664,7068944,1809649664,1809.649664,172,197,116,2,20260327_172946
1774628946.4873505,7068983,1809659648,1809.659648,175,197,119,2,20260327_172946
1774628946.4973345,7069022,1809669632,1809.669632,179,197,124,2,20260327_172946
1774628946.5073185,7069061,1809679616,1809.679616,182,197,126,2,20260327_172946
1774628946.5173025,7069100,1809689600,1809.6896,185,197,127,2,20260327_172946
1774628946.5272863,7069139,1809699584,1809.699584,188,197,129,2,20260327_172946
1774628946.5375266,7069179,1809709824,1809.709824,191,197,133,2,20260327_172946
1774628946.5475106,7069218,1809719808,1809.719808,195,197,138,2,20260327_172946
1774628946.5574946,7069257,1809729792,1809.729792,198,197,139,2,20260327_172946
1774628946.5674784,7069296,1809739776,1809.739776,201,197,138,2,20260327_172946
1774628946.5774624,7069335,1809749760,1809.74976,204,197,138,2,20260327_172946
1774628946.5874465,7069374,1809759744,1809.759744,207,197,138,2,20260327_172946
1774628946.5974305,7069413,1809769728,1809.769728,210,197,140,2,20260327_172946
1774628946.6074145,7069452,1809779712,1809.779712,213,198,141,2,20260327_172946
1774628946.6176546,7069492,1809789952,1809.789952,217,197,142,2,20260327_172946
1774628946.6276386,7069531,1809799936,1809.799936,220,197,143,2,20260327_172946
1774628946.6376226,7069570,1809809920,1809.80992,223,198,143,2,20260327_172946
1774628946.6476066,7069609,1809819904,1809.819904,226,198,143,2,20260327_172946
1774628946.6575906,7069648,1809829888,1809.829888,229,197,143,2,20260327_172946
1774628946.6675744,7069687,1809839872,1809.839872,232,198,144,2,20260327_172946
1774628946.6775584,7069726,1809849856,1809.849856,236,197,144,2,20260327_172946
1774628946.6875424,7069765,1809859840,1809.85984,239,197,144,2,20260327_172946
1774628946.6977825,7069805,1809870080,1809.87008,242,198,144,2,20260327_172946
1774628946.7077663,7069844,1809880064,1809.880064,245,197,145,2,20260327_172946
1774628946.7177503,7069883,1809890048,1809.890048,248,198,145,2,20260327_172946
1774628946.7277346,7069922,1809900032,1809.900032,251,198,145,2,20260327_172946
1774628946.7377186,7069961,1809910016,1809.910016,254,198,145,2,20260327_172946
1774628946.7477026,7070000,1809920000,1809.92,3,198,145,2,20260327_172946
1774628946.7576866,7070039,1809929984,1809.929984,6,198,144,2,20260327_172946
1774628946.7676706,7070078,1809939968,1809.939968,9,198,145,2,20260327_172946
1774628946.7779105,7070118,1809950208,1809.950208,12,198,144,2,20260327_172946
1774628946.7878945,7070157,1809960192,1809.960192,15,198,144,2,20260327_172946
1774628946.7978785,7070196,1809970176,1809.970176,18,198,145,2,20260327_172946
1774628946.8078623,7070235,1809980160,1809.98016,21,198,146,2,20260327_172946
1774628946.8178463,7070274,1809990144,1809.990144,25,198,146,2,20260327_172946
1774628946.8278306,7070313,1810000128,1810.000128,28,198,145,2,20260327_172946
1774628946.8378146,7070352,1810010112,1810.010112,31,198,144,2,20260327_172946
1774628946.8477986,7070391,1810020096,1810.020096,34,198,144,2,20260327_172946
1774628946.8577826,7070430,1810030080,1810.03008,37,198,144,2,20260327_172946
1774628946.8680224,7070470,1810040320,1810.04032,39,198,142,2,20260327_172946
1774628946.8780065,7070509,1810050304,1810.050304,42,198,140,2,20260327_172946
1774628946.8879905,7070548,1810060288,1810.060288,44,198,140,2,20260327_172946
1774628946.8979745,7070587,1810070272,1810.070272,46,198,139,2,20260327_172946
1774628946.9079585,7070626,1810080256,1810.080256,48,198,138,2,20260327_172946
1774628946.9179423,7070665,1810090240,1810.09024,50,198,136,2,20260327_172946
1774628946.9279263,7070704,1810100224,1810.100224,53,198,131,2,20260327_172946
1774628946.9379106,7070743,1810110208,1810.110208,56,198,128,2,20260327_172946
1774628946.9478946,7070782,1810120192,1810.120192,59,198,127,2,20260327_172946
1774628946.9581344,7070822,1810130432,1810.130432,62,198,123,2,20260327_172946
1774628946.9681184,7070861,1810140416,1810.140416,66,198,119,2,20260327_172946
1774628946.9781024,7070900,1810150400,1810.1504,70,198,116,2,20260327_172946
1774628946.9880865,7070939,1810160384,1810.160384,74,197,114,2,20260327_172946
1774628946.9980705,7070978,1810170368,1810.170368,78,198,111,2,20260327_172946
1774628947.0080545,7071017,1810180352,1810.180352,81,198,109,2,20260327_172946
1774628947.0180385,7071056,1810190336,1810.190336,85,198,108,2,20260327_172946
1774628947.0280223,7071095,1810200320,1810.20032,88,197,106,2,20260327_172946
1774628947.0382626,7071135,1810210560,1810.21056,92,198,107,2,20260327_172946
1774628947.0482466,7071174,1810220544,1810.220544,95,197,107,2,20260327_172946
1774628947.0582306,7071213,1810230528,1810.230528,98,197,106,2,20260327_172946
1774628947.0682144,7071252,1810240512,1810.240512,101,198,106,2,20260327_172946
1774628947.0781984,7071291,1810250496,1810.250496,105,197,107,2,20260327_172946
1774628947.0881824,7071330,1810260480,1810.26048,108,197,107,2,20260327_172946
1774628947.0981665,7071369,1810270464,1810.270464,111,197,108,2,20260327_172946
1774628947.1081505,7071408,1810280448,1810.280448,115,197,108,2,20260327_172946
1774628947.1183906,7071448,1810290688,1810.290688,118,197,108,2,20260327_172946
1774628947.1283746,7071487,1810300672,1810.300672,121,197,109,2,20260327_172946
1774628947.1383586,7071526,1810310656,1810.310656,125,197,109,2,20260327_172946
1774628947.1483426,7071565,1810320640,1810.32064,128,197,109,2,20260327_172946
1774628947.1583266,7071604,1810330624,1810.330624,131,197,109,2,20260327_172946
1774628947.1683104,7071643,1810340608,1810.340608,135,197,109,2,20260327_172946
1774628947.1782944,7071682,1810350592,1810.350592,138,197,110,2,20260327_172946
1774628947.1882784,7071721,1810360576,1810.360576,142,197,110,2,20260327_172946
1774628947.1982625,7071760,1810370560,1810.37056,145,197,111,2,20260327_172946
1774628947.2085023,7071800,1810380800,1810.3808,149,197,112,2,20260327_172946
1774628947.2184863,7071839,1810390784,1810.390784,152,198,112,2,20260327_172946
1774628947.2284706,7071878,1810400768,1810.400768,156,197,113,2,20260327_172946
1774628947.2384546,7071917,1810410752,1810.410752,160,197,112,2,20260327_172946
1774628947.2484386,7071956,1810420736,1810.420736,163,197,116,2,20260327_172946
1774628947.2584226,7071995,1810430720,1810.43072,167,197,118,2,20260327_172946
1774628947.2684066,7072034,1810440704,1810.440704,170,198,120,2,20260327_172946
1774628947.2783904,7072073,1810450688,1810.450688,173,197,123,2,20260327_172946
1774628947.2883744,7072112,1810460672,1810.460672,177,198,126,2,20260327_172946
1774628947.2986145,7072152,1810470912,1810.470912,180,197,127,2,20260327_172946
1774628947.3085985,7072191,1810480896,1810.480896,183,198,128,2,20260327_172946
1774628947.3185823,7072230,1810490880,1810.49088,186,198,131,2,20260327_172946
1774628947.3285666,7072269,1810500864,1810.500864,189,198,136,2,20260327_172946
1774628947.3385506,7072308,1810510848,1810.510848,192,198,139,2,20260327_172946
1774628947.3485346,7072347,1810520832,1810.520832,196,198,141,2,20260327_172946
1774628947.3585186,7072386,1810530816,1810.530816,199,198,140,2,20260327_172946
1774628947.3685026,7072425,1810540800,1810.5408,202,197,140,2,20260327_172946
1774628947.3787425,7072465,1810551040,1810.55104,205,197,141,2,20260327_172946
1774628947.3887265,7072504,1810561024,1810.561024,208,197,141,2,20260327_172946
1774628947.3987105,7072543,1810571008,1810.571008,211,197,142,2,20260327_172946
1774628947.4086945,7072582,1810580992,1810.580992,214,198,143,2,20260327_172946
1774628947.4186783,7072621,1810590976,1810.590976,218,198,143,2,20260327_172946
1774628947.4286623,7072660,1810600960,1810.60096,221,198,143,2,20260327_172946
1774628947.4386466,7072699,1810610944,1810.610944,224,198,144,2,20260327_172946
1774628947.4486306,7072738,1810620928,1810.620928,227,198,144,2,20260327_172946
1774628947.4586146,7072777,1810630912,1810.630912,230,198,143,2,20260327_172946
1774628947.4685986,7072816,1810640896,1810.640896,233,198,144,2,20260327_172946
1774628947.4788384,7072856,1810651136,1810.651136,237,198,144,2,20260327_172946
1774628947.4888225,7072895,1810661120,1810.66112,240,198,144,2,20260327_172946
1774628947.4988065,7072934,1810671104,1810.671104,243,198,144,2,20260327_172946
1774628947.5087905,7072973,1810681088,1810.681088,246,198,144,2,20260327_172946
1774628947.5187745,7073012,1810691072,1810.691072,249,198,145,2,20260327_172946
1774628947.5287583,7073051,1810701056,1810.701056,252,198,145,2,20260327_172946
1774628947.5387423,7073090,1810711040,1810.71104,0,198,145,2,20260327_172946
1774628947.5487266,7073129,1810721024,1810.721024,4,198,145,2,20260327_172946
1774628947.5587106,7073168,1810731008,1810.731008,7,198,144,2,20260327_172946
1774628947.5689504,7073208,1810741248,1810.741248,10,198,144,2,20260327_172946
1774628947.5789344,7073247,1810751232,1810.751232,13,198,144,2,20260327_172946
1774628947.5889184,7073286,1810761216,1810.761216,16,198,144,2,20260327_172946
1774628947.5989025,7073325,1810771200,1810.7712,19,198,143,2,20260327_172946
1774628947.6088865,7073364,1810781184,1810.781184,22,199,144,2,20260327_172946
1774628947.6188705,7073403,1810791168,1810.791168,26,198,144,2,20260327_172946
1774628947.6288545,7073442,1810801152,1810.801152,29,198,143,2,20260327_172946
1774628947.6388383,7073481,1810811136,1810.811136,32,198,143,2,20260327_172946
1774628947.6490786,7073521,1810821376,1810.821376,35,198,143,2,20260327_172946
1774628947.6590626,7073560,1810831360,1810.83136,38,198,142,2,20260327_172946
1774628947.6690466,7073599,1810841344,1810.841344,40,199,141,2,20260327_172946
1774628947.6790304,7073638,1810851328,1810.851328,43,198,141,2,20260327_172946
1774628947.6890144,7073677,1810861312,1810.861312,45,199,140,2,20260327_172946
1774628947.6989985,7073716,1810871296,1810.871296,47,198,139,2,20260327_172946
1774628947.7089825,7073755,1810881280,1810.88128,49,198,138,2,20260327_172946
1774628947.7189665,7073794,1810891264,1810.891264,51,198,136,2,20260327_172946
1774628947.7292066,7073834,1810901504,1810.901504,54,199,132,2,20260327_172946
1774628947.7391906,7073873,1810911488,1810.911488,56,198,130,2,20260327_172946
1774628947.7491746,7073912,1810921472,1810.921472,59,198,127,2,20260327_172946
1774628947.7591586,7073951,1810931456,1810.931456,62,198,125,2,20260327_172946
1774628947.7691426,7073990,1810941440,1810.94144,66,198,122,2,20260327_172946
1774628947.7791264,7074029,1810951424,1810.951424,69,198,119,2,20260327_172946
1774628947.7891104,7074068,1810961408,1810.961408,73,198,117,2,20260327_172946
1774628947.7990944,7074107,1810971392,1810.971392,77,198,114,2,20260327_172946
1774628947.8090785,7074146,1810981376,1810.981376,81,198,111,2,20260327_172946
1774628947.8193183,7074186,1810991616,1810.991616,84,198,109,2,20260327_172946
1774628947.8293023,7074225,1811001600,1811.0016,88,198,108,2,20260327_172946
1774628947.8392866,7074264,1811011584,1811.011584,91,198,107,2,20260327_172946
1774628947.8492706,7074303,1811021568,1811.021568,94,198,106,2,20260327_172946
1774628947.8592546,7074342,1811031552,1811.031552,97,198,107,2,20260327_172946
1774628947.8692386,7074381,1811041536,1811.041536,101,198,107,2,20260327_172946
1774628947.8792226,7074420,1811051520,1811.05152,104,198,107,2,20260327_172946
1774628947.8892064,7074459,1811061504,1811.061504,107,197,107,2,20260327_172946
1774628947.8994465,7074499,1811071744,1811.071744,111,198,107,2,20260327_172946
1774628947.9094305,7074538,1811081728,1811.081728,114,198,108,2,20260327_172946
1774628947.9194143,7074577,1811091712,1811.091712,117,198,108,2,20260327_172946
1774628947.9293983,7074616,1811101696,1811.101696,120,198,109,2,20260327_172946
1774628947.9393826,7074655,1811111680,1811.11168,124,197,109,2,20260327_172946
1774628947.9493666,7074694,1811121664,1811.121664,127,198,109,2,20260327_172946
1774628947.9593506,7074733,1811131648,1811.131648,131,197,110,2,20260327_172946
1774628947.9693346,7074772,1811141632,1811.141632,134,198,111,2,20260327_172946
1774628947.9793186,7074811,1811151616,1811.151616,137,198,110,2,20260327_172946
1774628947.9893026,7074850,1811161600,1811.1616,141,197,109,2,20260327_172946
1774628947.9995425,7074890,1811171840,1811.17184,144,198,111,2,20260327_172946
1774628948.0095265,7074929,1811181824,1811.181824,148,198,112,2,20260327_172946
1774628948.0195105,7074968,1811191808,1811.191808,151,198,113,2,20260327_172946
1774628948.0294943,7075007,1811201792,1811.201792,155,198,113,2,20260327_172946
1774628948.0394783,7075046,1811211776,1811.211776,159,198,115,2,20260327_172946
1774628948.0494626,7075085,1811221760,1811.22176,162,198,116,2,20260327_172946
1774628948.0594466,7075124,1811231744,1811.231744,166,198,118,2,20260327_172946
1774628948.0694306,7075163,1811241728,1811.241728,169,198,120,2,20260327_172946
1774628948.0796704,7075203,1811251968,1811.251968,172,198,123,2,20260327_172946
1774628948.0896544,7075242,1811261952,1811.261952,176,198,126,2,20260327_172946
1774628948.0996385,7075281,1811271936,1811.271936,179,198,127,2,20260327_172946
1774628948.1096225,7075320,1811281920,1811.28192,182,198,129,2,20260327_172946
1774628948.1196065,7075359,1811291904,1811.291904,185,198,132,2,20260327_172946
1774628948.1295905,7075398,1811301888,1811.301888,188,198,136,2,20260327_172946
1774628948.1395743,7075437,1811311872,1811.311872,191,198,139,2,20260327_172946
1774628948.1495583,7075476,1811321856,1811.321856,195,198,139,2,20260327_172946
1774628948.1595426,7075515,1811331840,1811.33184,198,198,139,2,20260327_172946
1774628948.1695266,7075554,1811341824,1811.341824,201,199,140,2,20260327_172946
1774628948.1797664,7075594,1811352064,1811.352064,204,198,140,2,20260327_172946
1774628948.1897504,7075633,1811362048,1811.362048,207,198,141,2,20260327_172946
1774628948.1997344,7075672,1811372032,1811.372032,210,198,142,2,20260327_172946
1774628948.2097185,7075711,1811382016,1811.382016,213,198,143,2,20260327_172946
1774628948.2197025,7075750,1811392000,1811.392,217,198,143,2,20260327_172946
1774628948.2296865,7075789,1811401984,1811.401984,220,198,144,2,20260327_172946
1774628948.2396705,7075828,1811411968,1811.411968,223,199,143,2,20260327_172946
1774628948.2496543,7075867,1811421952,1811.421952,226,198,144,2,20260327_172946
1774628948.2598946,7075907,1811432192,1811.432192,229,198,144,2,20260327_172946
1774628948.2698786,7075946,1811442176,1811.442176,232,198,144,2,20260327_172946
1774628948.2798624,7075985,1811452160,1811.45216,236,198,144,2,20260327_172946
1774628948.2898464,7076024,1811462144,1811.462144,239,199,144,2,20260327_172946
1774628948.2998304,7076063,1811472128,1811.472128,242,198,144,2,20260327_172946
1774628948.3098145,7076102,1811482112,1811.482112,245,198,144,2,20260327_172946
1774628948.3197985,7076141,1811492096,1811.492096,248,198,144,2,20260327_172946
1774628948.3297825,7076180,1811502080,1811.50208,251,199,145,2,20260327_172946
1774628948.3397665,7076219,1811512064,1811.512064,254,199,145,2,20260327_172946
1774628948.3500066,7076259,1811522304,1811.522304,3,199,145,2,20260327_172946
1774628948.3599906,7076298,1811532288,1811.532288,6,198,145,2,20260327_172946
1774628948.3699746,7076337,1811542272,1811.542272,9,198,145,2,20260327_172946
1774628948.3799586,7076376,1811552256,1811.552256,12,198,145,2,20260327_172946
1774628948.3899424,7076415,1811562240,1811.56224,15,198,145,2,20260327_172946
1774628948.3999264,7076454,1811572224,1811.572224,18,198,145,2,20260327_172946
1774628948.4099104,7076493,1811582208,1811.582208,21,198,145,2,20260327_172946
1774628948.4198945,7076532,1811592192,1811.592192,25,198,145,2,20260327_172946
1774628948.4301343,7076572,1811602432,1811.602432,28,198,144,2,20260327_172946
1774628948.4401186,7076611,1811612416,1811.612416,31,198,144,2,20260327_172946
1774628948.4501026,7076650,1811622400,1811.6224,34,198,144,2,20260327_172946
1774628948.4600866,7076689,1811632384,1811.632384,37,198,143,2,20260327_172946
1774628948.4700706,7076728,1811642368,1811.642368,39,198,142,2,20260327_172946
1774628948.4800546,7076767,1811652352,1811.652352,42,198,141,2,20260327_172946
1774628948.4900386,7076806,1811662336,1811.662336,44,199,141,2,20260327_172946
1774628948.5000224,7076845,1811672320,1811.67232,46,199,140,2,20260327_172946
1774628948.5100064,7076884,1811682304,1811.682304,48,199,139,2,20260327_172946
1774628948.5202465,7076924,1811692544,1811.692544,50,198,137,2,20260327_172946
1774628948.5302303,7076963,1811702528,1811.702528,52,199,134,2,20260327_172946
1774628948.5402143,7077002,1811712512,1811.712512,55,199,132,2,20260327_172946
1774628948.5501986,7077041,1811722496,1811.722496,57,199,129,2,20260327_172946
1774628948.5601826,7077080,1811732480,1811.73248,61,199,127,2,20260327_172946
1774628948.5701666,7077119,1811742464,1811.742464,64,198,124,2,20260327_172946
1774628948.5801506,7077158,1811752448,1811.752448,67,199,122,2,20260327_172946
1774628948.5901346,7077197,1811762432,1811.762432,71,198,119,2,20260327_172946
1774628948.6001186,7077236,1811772416,1811.772416,75,198,116,2,20260327_172946
1774628948.6103585,7077276,1811782656,1811.782656,79,199,114,2,20260327_172946
1774628948.6203425,7077315,1811792640,1811.79264,82,199,111,2,20260327_172946
1774628948.6303265,7077354,1811802624,1811.802624,86,198,109,2,20260327_172946
1774628948.6403103,7077393,1811812608,1811.812608,89,198,108,2,20260327_172946
1774628948.6502943,7077432,1811822592,1811.822592,92,198,106,2,20260327_172946
1774628948.6602786,7077471,1811832576,1811.832576,96,198,108,2,20260327_172946
1774628948.6702626,7077510,1811842560,1811.84256,99,198,107,2,20260327_172946
1774628948.6802466,7077549,1811852544,1811.852544,102,198,105,2,20260327_172946
1774628948.6902306,7077588,1811862528,1811.862528,105,198,106,2,20260327_172946
1774628948.7004704,7077628,1811872768,1811.872768,109,198,107,2,20260327_172946
1774628948.7104545,7077667,1811882752,1811.882752,112,198,108,2,20260327_172946
1774628948.7204385,7077706,1811892736,1811.892736,115,198,108,2,20260327_172946
1774628948.7304225,7077745,1811902720,1811.90272,119,198,108,2,20260327_172946
1774628948.7404065,7077784,1811912704,1811.912704,122,199,109,2,20260327_172946
1774628948.7503903,7077823,1811922688,1811.922688,125,198,109,2,20260327_172946
1774628948.7603743,7077862,1811932672,1811.932672,129,198,109,2,20260327_172946
1774628948.7703586,7077901,1811942656,1811.942656,132,198,109,2,20260327_172946
1774628948.7803426,7077940,1811952640,1811.95264,136,198,110,2,20260327_172946
1774628948.7905824,7077980,1811962880,1811.96288,139,198,110,2,20260327_172946
1774628948.8005664,7078019,1811972864,1811.972864,142,198,110,2,20260327_172946
1774628948.8105505,7078058,1811982848,1811.982848,146,198,111,2,20260327_172946
1774628948.8205345,7078097,1811992832,1811.992832,149,198,112,2,20260327_172946
1774628948.8305185,7078136,1812002816,1812.002816,153,198,114,2,20260327_172946
1774628948.8405025,7078175,1812012800,1812.0128,157,198,115,2,20260327_172946
1774628948.8504865,7078214,1812022784,1812.022784,160,198,116,2,20260327_172946
1774628948.8604703,7078253,1812032768,1812.032768,164,198,118,2,20260327_172946
1774628948.8707106,7078293,1812043008,1812.043008,167,198,121,2,20260327_172946
1774628948.8806946,7078332,1812052992,1812.052992,170,198,124,2,20260327_172946
1774628948.8906784,7078371,1812062976,1812.062976,174,198,127,2,20260327_172946
1774628948.9006624,7078410,1812072960,1812.07296,177,198,127,2,20260327_172946
1774628948.9106464,7078449,1812082944,1812.082944,180,198,130,2,20260327_172946
1774628948.9206305,7078488,1812092928,1812.092928,183,198,132,2,20260327_172946
1774628948.9306145,7078527,1812102912,1812.102912,186,198,137,2,20260327_172946
1774628948.9405985,7078566,1812112896,1812.112896,189,198,139,2,20260327_172946
1774628948.9505825,7078605,1812122880,1812.12288,193,199,140,2,20260327_172946
1774628948.9608226,7078645,1812133120,1812.13312,196,198,139,2,20260327_172946
1774628948.9708066,7078684,1812143104,1812.143104,199,198,140,2,20260327_172946
1774628948.9807906,7078723,1812153088,1812.153088,202,198,140,2,20260327_172946
1774628948.9907746,7078762,1812163072,1812.163072,205,198,141,2,20260327_172946
1774628949.0007584,7078801,1812173056,1812.173056,208,199,142,2,20260327_172946
1774628949.0107424,7078840,1812183040,1812.18304,211,199,143,2,20260327_172946
1774628949.0207264,7078879,1812193024,1812.193024,215,199,144,2,20260327_172946
1774628949.0307105,7078918,1812203008,1812.203008,218,198,144,2,20260327_172946
1774628949.0406945,7078957,1812212992,1812.212992,221,198,144,2,20260327_172946
1774628949.0509346,7078997,1812223232,1812.223232,224,199,145,2,20260327_172946
1774628949.0609186,7079036,1812233216,1812.233216,227,198,145,2,20260327_172946
1774628949.0709026,7079075,1812243200,1812.2432,230,199,145,2,20260327_172946
1774628949.0808866,7079114,1812253184,1812.253184,234,199,145,2,20260327_172946
1774628949.0908706,7079153,1812263168,1812.263168,237,198,145,2,20260327_172946
1774628949.1008546,7079192,1812273152,1812.273152,240,199,146,2,20260327_172946
1774628949.1108384,7079231,1812283136,1812.283136,243,199,146,2,20260327_172946
1774628949.1208224,7079270,1812293120,1812.29312,246,198,146,2,20260327_172946
1774628949.1308064,7079309,1812303104,1812.303104,249,198,146,2,20260327_172946
1774628949.1410463,7079349,1812313344,1812.313344,252,198,146,2,20260327_172946
1774628949.1510303,7079388,1812323328,1812.323328,1,199,146,2,20260327_172946
1774628949.1610146,7079427,1812333312,1812.333312,4,198,146,2,20260327_172946
1774628949.1709986,7079466,1812343296,1812.343296,7,198,146,2,20260327_172946
1774628949.1809826,7079505,1812353280,1812.35328,10,198,146,2,20260327_172946
1774628949.1909666,7079544,1812363264,1812.363264,13,199,146,2,20260327_172946
1774628949.2009506,7079583,1812373248,1812.373248,16,198,146,2,20260327_172946
1774628949.2109346,7079622,1812383232,1812.383232,19,198,145,2,20260327_172946
1774628949.2211745,7079662,1812393472,1812.393472,23,198,145,2,20260327_172946
1774628949.2311585,7079701,1812403456,1812.403456,26,198,145,2,20260327_172946
1774628949.2411425,7079740,1812413440,1812.41344,29,198,145,2,20260327_172946
1774628949.2511263,7079779,1812423424,1812.423424,32,199,144,2,20260327_172946
1774628949.2611103,7079818,1812433408,1812.433408,35,199,144,2,20260327_172946
1774628949.2710946,7079857,1812443392,1812.443392,38,198,143,2,20260327_172946
1774628949.2810786,7079896,1812453376,1812.453376,40,198,142,2,20260327_172946
1774628949.2910626,7079935,1812463360,1812.46336,43,198,142,2,20260327_172946
1774628949.3013024,7079975,1812473600,1812.4736,45,199,141,2,20260327_172946
1774628949.3112864,7080014,1812483584,1812.483584,47,199,140,2,20260327_172946
1774628949.3212705,7080053,1812493568,1812.493568,49,199,139,2,20260327_172946
1774628949.3312545,7080092,1812503552,1812.503552,51,199,138,2,20260327_172946
1774628949.3412385,7080131,1812513536,1812.513536,53,199,135,2,20260327_172946
1774628949.3512225,7080170,1812523520,1812.52352,56,199,131,2,20260327_172946
1774628949.3612063,7080209,1812533504,1812.533504,58,199,128,2,20260327_172946
1774628949.3711903,7080248,1812543488,1812.543488,62,199,127,2,20260327_172946
1774628949.3811746,7080287,1812553472,1812.553472,65,199,124,2,20260327_172946
1774628949.3914144,7080327,1812563712,1812.563712,69,199,121,2,20260327_172946
1774628949.4013984,7080366,1812573696,1812.573696,72,199,119,2,20260327_172946
1774628949.4113824,7080405,1812583680,1812.58368,76,199,116,2,20260327_172946
1774628949.4213665,7080444,1812593664,1812.593664,80,199,112,2,20260327_172946
1774628949.4313505,7080483,1812603648,1812.603648,83,199,110,2,20260327_172946
1774628949.4413345,7080522,1812613632,1812.613632,87,199,109,2,20260327_172946
1774628949.4513185,7080561,1812623616,1812.623616,90,199,107,2,20260327_172946
1774628949.4613025,7080600,1812633600,1812.6336,93,199,106,2,20260327_172946
1774628949.4712863,7080639,1812643584,1812.643584,97,199,106,2,20260327_172946
1774628949.4815266,7080679,1812653824,1812.653824,100,199,107,2,20260327_172946
1774628949.4915106,7080718,1812663808,1812.663808,103,199,107,2,20260327_172946
1774628949.5014944,7080757,1812673792,1812.673792,107,198,107,2,20260327_172946
1774628949.5114784,7080796,1812683776,1812.683776,110,198,108,2,20260327_172946
1774628949.5214624,7080835,1812693760,1812.69376,113,198,108,2,20260327_172946
1774628949.5314465,7080874,1812703744,1812.703744,116,198,108,2,20260327_172946
1774628949.5414305,7080913,1812713728,1812.713728,120,199,108,2,20260327_172946
1774628949.5514145,7080952,1812723712,1812.723712,123,198,109,2,20260327_172946
1774628949.5616546,7080992,1812733952,1812.733952,126,199,109,2,20260327_172946
1774628949.5716386,7081031,1812743936,1812.743936,130,199,109,2,20260327_172946
1774628949.5816226,7081070,1812753920,1812.75392,133,198,110,2,20260327_172946
1774628949.5916066,7081109,1812763904,1812.763904,137,198,110,2,20260327_172946
1774628949.6015906,7081148,1812773888,1812.773888,140,198,110,2,20260327_172946
1774628949.6115744,7081187,1812783872,1812.783872,143,198,111,2,20260327_172946
1774628949.6215584,7081226,1812793856,1812.793856,147,199,112,2,20260327_172946
1774628949.6315424,7081265,1812803840,1812.80384,151,199,113,2,20260327_172946
1774628949.6415265,7081304,1812813824,1812.813824,154,198,115,2,20260327_172946
1774628949.6515105,7081343,1812823808,1812.823808,158,198,116,2,20260327_172946
1774628949.6617506,7081383,1812834048,1812.834048,161,199,117,2,20260327_172946
1774628949.6717346,7081422,1812844032,1812.844032,165,199,120,2,20260327_172946
1774628949.6817186,7081461,1812854016,1812.854016,168,199,124,2,20260327_172946
1774628949.6917026,7081500,1812864000,1812.864,171,199,126,2,20260327_172946
1774628949.7016866,7081539,1812873984,1812.873984,174,199,127,2,20260327_172946
1774628949.7116706,7081578,1812883968,1812.883968,178,199,130,2,20260327_172946
1774628949.7216544,7081617,1812893952,1812.893952,181,199,131,2,20260327_172946
1774628949.7316384,7081656,1812903936,1812.903936,184,199,136,2,20260327_172946
1774628949.7418785,7081696,1812914176,1812.914176,187,199,139,2,20260327_172946
1774628949.7518623,7081735,1812924160,1812.92416,190,199,140,2,20260327_172946
1774628949.7618463,7081774,1812934144,1812.934144,193,199,139,2,20260327_172946
1774628949.7718306,7081813,1812944128,1812.944128,197,199,139,2,20260327_172946
1774628949.7818146,7081852,1812954112,1812.954112,200,199,140,2,20260327_172946
1774628949.7917986,7081891,1812964096,1812.964096,203,199,140,2,20260327_172946
1774628949.8017826,7081930,1812974080,1812.97408,206,199,142,2,20260327_172946
1774628949.8117666,7081969,1812984064,1812.984064,209,199,143,2,20260327_172946
1774628949.8217506,7082008,1812994048,1812.994048,212,200,143,2,20260327_172946
1774628949.8319905,7082048,1813004288,1813.004288,215,199,144,2,20260327_172946
1774628949.8419745,7082087,1813014272,1813.014272,219,199,144,2,20260327_172946
1774628949.8519585,7082126,1813024256,1813.024256,222,199,144,2,20260327_172946
1774628949.8619423,7082165,1813034240,1813.03424,225,198,145,2,20260327_172946
1774628949.8719263,7082204,1813044224,1813.044224,228,199,145,2,20260327_172946
1774628949.8819106,7082243,1813054208,1813.054208,231,200,145,2,20260327_172946
1774628949.8918946,7082282,1813064192,1813.064192,234,199,145,2,20260327_172946
1774628949.9018786,7082321,1813074176,1813.074176,238,199,145,2,20260327_172946
1774628949.9121184,7082361,1813084416,1813.084416,241,199,145,2,20260327_172946
1774628949.9221025,7082400,1813094400,1813.0944,244,199,145,2,20260327_172946
1774628949.9320865,7082439,1813104384,1813.104384,247,199,146,2,20260327_172946
1774628949.9420705,7082478,1813114368,1813.114368,250,199,146,2,20260327_172946
1774628949.9520545,7082517,1813124352,1813.124352,253,199,146,2,20260327_172946
1774628949.9620385,7082556,1813134336,1813.134336,1,199,145,2,20260327_172946
1774628949.9720223,7082595,1813144320,1813.14432,5,199,145,2,20260327_172946
1774628949.9820063,7082634,1813154304,1813.154304,8,199,145,2,20260327_172946
1774628949.9919906,7082673,1813164288,1813.164288,11,199,145,2,20260327_172946
1774628950.0022304,7082713,1813174528,1813.174528,14,199,145,2,20260327_172946
1774628950.0122144,7082752,1813184512,1813.184512,17,199,145,2,20260327_172946
1774628950.0221984,7082791,1813194496,1813.194496,20,199,144,2,20260327_172946
1774628950.0321825,7082830,1813204480,1813.20448,23,199,144,2,20260327_172946
1774628950.0421665,7082869,1813214464,1813.214464,27,199,144,2,20260327_172946
1774628950.0521505,7082908,1813224448,1813.224448,30,199,144,2,20260327_172946
1774628950.0621345,7082947,1813234432,1813.234432,33,199,143,2,20260327_172946
1774628950.0721183,7082986,1813244416,1813.244416,36,199,143,2,20260327_172946
1774628950.0821023,7083025,1813254400,1813.2544,39,199,142,2,20260327_172946
1774628950.0923426,7083065,1813264640,1813.26464,41,199,142,2,20260327_172946
1774628950.1023266,7083104,1813274624,1813.274624,43,199,141,2,20260327_172946
1774628950.1123104,7083143,1813284608,1813.284608,46,199,140,2,20260327_172946
1774628950.1222944,7083182,1813294592,1813.294592,48,199,139,2,20260327_172946
1774628950.1322784,7083221,1813304576,1813.304576,50,199,137,2,20260327_172946
1774628950.1422625,7083260,1813314560,1813.31456,52,199,135,2,20260327_172946
1774628950.1522465,7083299,1813324544,1813.324544,55,199,131,2,20260327_172946
1774628950.1622305,7083338,1813334528,1813.334528,57,199,128,2,20260327_172946
1774628950.1724706,7083378,1813344768,1813.344768,61,199,127,2,20260327_172946
1774628950.1824546,7083417,1813354752,1813.354752,64,199,126,2,20260327_172946
1774628950.1924386,7083456,1813364736,1813.364736,67,199,124,2,20260327_172946
1774628950.2024226,7083495,1813374720,1813.37472,71,199,121,2,20260327_172946
1774628950.2124066,7083534,1813384704,1813.384704,74,199,119,2,20260327_172946
1774628950.2223904,7083573,1813394688,1813.394688,78,199,116,2,20260327_172946
1774628950.2323744,7083612,1813404672,1813.404672,82,199,114,2,20260327_172946
1774628950.2423584,7083651,1813414656,1813.414656,85,199,112,2,20260327_172946
1774628950.2523425,7083690,1813424640,1813.42464,88,199,109,2,20260327_172946
1774628950.2625823,7083730,1813434880,1813.43488,92,199,108,2,20260327_172946
1774628950.2725666,7083769,1813444864,1813.444864,95,199,107,2,20260327_172946
1774628950.2825506,7083808,1813454848,1813.454848,98,199,107,2,20260327_172946
1774628950.2925346,7083847,1813464832,1813.464832,102,199,107,2,20260327_172946
1774628950.3025186,7083886,1813474816,1813.474816,105,199,107,2,20260327_172946
1774628950.3125026,7083925,1813484800,1813.4848,108,199,108,2,20260327_172946
1774628950.3224866,7083964,1813494784,1813.494784,111,199,108,2,20260327_172946
1774628950.3324704,7084003,1813504768,1813.504768,115,199,108,2,20260327_172946
1774628950.3424544,7084042,1813514752,1813.514752,118,199,109,2,20260327_172946
1774628950.3526945,7084082,1813524992,1813.524992,121,198,109,2,20260327_172946
1774628950.3626783,7084121,1813534976,1813.534976,125,198,109,2,20260327_172946
1774628950.3726623,7084160,1813544960,1813.54496,128,198,110,2,20260327_172946
1774628950.3826466,7084199,1813554944,1813.554944,131,199,110,2,20260327_172946
1774628950.3926306,7084238,1813564928,1813.564928,135,199,110,2,20260327_172946
1774628950.4026146,7084277,1813574912,1813.574912,138,199,112,2,20260327_172946
1774628950.4125986,7084316,1813584896,1813.584896,142,199,112,2,20260327_172946
1774628950.4225826,7084355,1813594880,1813.59488,145,199,113,2,20260327_172946
1774628950.4325664,7084394,1813604864,1813.604864,149,199,113,2,20260327_172946
1774628950.4428065,7084434,1813615104,1813.615104,152,199,115,2,20260327_172946
1774628950.4527905,7084473,1813625088,1813.625088,156,199,117,2,20260327_172946
1774628950.4627745,7084512,1813635072,1813.635072,159,199,119,2,20260327_172946
1774628950.4727583,7084551,1813645056,1813.645056,163,199,122,2,20260327_172946
1774628950.4827423,7084590,1813655040,1813.65504,166,199,125,2,20260327_172946
1774628950.4927266,7084629,1813665024,1813.665024,169,199,127,2,20260327_172946
1774628950.5027106,7084668,1813675008,1813.675008,172,199,127,2,20260327_172946
1774628950.5126946,7084707,1813684992,1813.684992,176,199,130,2,20260327_172946
1774628950.5229344,7084747,1813695232,1813.695232,179,199,132,2,20260327_172946
1774628950.5329185,7084786,1813705216,1813.705216,182,199,136,2,20260327_172946
1774628950.5429025,7084825,1813715200,1813.7152,185,199,138,2,20260327_172946
1774628950.5528865,7084864,1813725184,1813.725184,188,199,140,2,20260327_172946
1774628950.5628705,7084903,1813735168,1813.735168,191,199,140,2,20260327_172946
1774628950.5728545,7084942,1813745152,1813.745152,195,199,140,2,20260327_172946
1774628950.5828383,7084981,1813755136,1813.755136,198,199,141,2,20260327_172946
1774628950.5928226,7085020,1813765120,1813.76512,201,199,142,2,20260327_172946
1774628950.6028066,7085059,1813775104,1813.775104,204,199,142,2,20260327_172946
1774628950.6130464,7085099,1813785344,1813.785344,207,199,143,2,20260327_172946
1774628950.6230304,7085138,1813795328,1813.795328,210,199,144,2,20260327_172946
1774628950.6330144,7085177,1813805312,1813.805312,213,199,143,2,20260327_172946
1774628950.6429985,7085216,1813815296,1813.815296,216,199,145,2,20260327_172946
1774628950.6529825,7085255,1813825280,1813.82528,220,199,144,2,20260327_172946
1774628950.6629665,7085294,1813835264,1813.835264,223,199,145,2,20260327_172946
1774628950.6729505,7085333,1813845248,1813.845248,226,199,145,2,20260327_172946
1774628950.6829343,7085372,1813855232,1813.855232,229,199,145,2,20260327_172946
1774628950.6929183,7085411,1813865216,1813.865216,232,199,144,2,20260327_172946
1774628950.7031586,7085451,1813875456,1813.875456,235,199,145,2,20260327_172946
1774628950.7131426,7085490,1813885440,1813.88544,239,199,146,2,20260327_172946
1774628950.7231264,7085529,1813895424,1813.895424,242,199,145,2,20260327_172946
1774628950.7331104,7085568,1813905408,1813.905408,245,199,145,2,20260327_172946
1774628950.7430944,7085607,1813915392,1813.915392,248,199,146,2,20260327_172946
1774628950.7530785,7085646,1813925376,1813.925376,251,199,146,2,20260327_172946
1774628950.7630625,7085685,1813935360,1813.93536,254,199,146,2,20260327_172946
1774628950.7730465,7085724,1813945344,1813.945344,3,199,145,2,20260327_172946
1774628950.7830305,7085763,1813955328,1813.955328,6,199,145,2,20260327_172946
1774628950.7932706,7085803,1813965568,1813.965568,9,199,145,2,20260327_172946
1774628950.8032546,7085842,1813975552,1813.975552,12,199,145,2,20260327_172946
1774628950.8132386,7085881,1813985536,1813.985536,15,199,145,2,20260327_172946
1774628950.8232226,7085920,1813995520,1813.99552,18,199,144,2,20260327_172946
1774628950.8332064,7085959,1814005504,1814.005504,21,199,144,2,20260327_172946
1774628950.8431904,7085998,1814015488,1814.015488,24,199,143,2,20260327_172946
1774628950.8531744,7086037,1814025472,1814.025472,28,199,143,2,20260327_172946
1774628950.8631585,7086076,1814035456,1814.035456,31,199,142,2,20260327_172946
1774628950.8733983,7086116,1814045696,1814.045696,34,199,142,2,20260327_172946
1774628950.8833826,7086155,1814055680,1814.05568,37,199,142,2,20260327_172946
1774628950.8933666,7086194,1814065664,1814.065664,40,199,141,2,20260327_172946
1774628950.9033506,7086233,1814075648,1814.075648,42,199,140,2,20260327_172946
1774628950.9133346,7086272,1814085632,1814.085632,44,199,139,2,20260327_172946
1774628950.9233186,7086311,1814095616,1814.095616,47,199,138,2,20260327_172946
1774628950.9333026,7086350,1814105600,1814.1056,49,198,136,2,20260327_172946
1774628950.9432864,7086389,1814115584,1814.115584,51,199,133,2,20260327_172946
1774628950.9535265,7086429,1814125824,1814.125824,54,199,129,2,20260327_172946
1774628950.9635105,7086468,1814135808,1814.135808,57,199,127,2,20260327_172946
1774628950.9734943,7086507,1814145792,1814.145792,61,199,124,2,20260327_172946
1774628950.9834783,7086546,1814155776,1814.155776,64,199,121,2,20260327_172946
1774628950.9934626,7086585,1814165760,1814.16576,68,199,119,2,20260327_172946
1774628951.0034466,7086624,1814175744,1814.175744,72,199,117,2,20260327_172946
1774628951.0134306,7086663,1814185728,1814.185728,76,199,114,2,20260327_172946
1774628951.0234146,7086702,1814195712,1814.195712,80,199,112,2,20260327_172946
1774628951.0333986,7086741,1814205696,1814.205696,84,199,110,2,20260327_172946
1774628951.0436385,7086781,1814215936,1814.215936,87,199,108,2,20260327_172946
1774628951.0536225,7086820,1814225920,1814.22592,90,199,107,2,20260327_172946
1774628951.0636065,7086859,1814235904,1814.235904,94,199,106,2,20260327_172946
1774628951.0735905,7086898,1814245888,1814.245888,97,199,107,2,20260327_172946
1774628951.0835743,7086937,1814255872,1814.255872,100,199,108,2,20260327_172946
1774628951.0935583,7086976,1814265856,1814.265856,104,199,108,2,20260327_172946
1774628951.1035426,7087015,1814275840,1814.27584,107,199,108,2,20260327_172946
1774628951.1135266,7087054,1814285824,1814.285824,110,198,108,2,20260327_172946
1774628951.1237664,7087094,1814296064,1814.296064,113,199,108,2,20260327_172946
1774628951.1337504,7087133,1814306048,1814.306048,117,199,108,2,20260327_172946
1774628951.1437345,7087172,1814316032,1814.316032,120,199,109,2,20260327_172946
1774628951.1537185,7087211,1814326016,1814.326016,123,198,109,2,20260327_172946
1774628951.1637025,7087250,1814336000,1814.336,127,199,109,2,20260327_172946
1774628951.1736865,7087289,1814345984,1814.345984,130,199,110,2,20260327_172946
1774628951.1836703,7087328,1814355968,1814.355968,134,199,110,2,20260327_172946
1774628951.1936543,7087367,1814365952,1814.365952,137,199,111,2,20260327_172946
1774628951.2036386,7087406,1814375936,1814.375936,140,199,111,2,20260327_172946
1774628951.2136226,7087445,1814385920,1814.38592,144,199,113,2,20260327_172946
1774628951.2238624,7087485,1814396160,1814.39616,147,199,114,2,20260327_172946
1774628951.2338464,7087524,1814406144,1814.406144,151,198,116,2,20260327_172946
1774628951.2438304,7087563,1814416128,1814.416128,154,199,118,2,20260327_172946
1774628951.2538145,7087602,1814426112,1814.426112,158,199,121,2,20260327_172946
1774628951.2637985,7087641,1814436096,1814.436096,161,199,124,2,20260327_172946
1774628951.2737825,7087680,1814446080,1814.44608,164,199,126,2,20260327_172946
1774628951.2837665,7087719,1814456064,1814.456064,168,199,127,2,20260327_172946
1774628951.2937503,7087758,1814466048,1814.466048,171,199,129,2,20260327_172946
1774628951.3039906,7087798,1814476288,1814.476288,174,199,131,2,20260327_172946
1774628951.3139746,7087837,1814486272,1814.486272,177,199,135,2,20260327_172946
1774628951.3239586,7087876,1814496256,1814.496256,180,199,139,2,20260327_172946
1774628951.3339424,7087915,1814506240,1814.50624,183,199,140,2,20260327_172946
1774628951.3439264,7087954,1814516224,1814.516224,186,199,140,2,20260327_172946
1774628951.3539104,7087993,1814526208,1814.526208,190,199,140,2,20260327_172946
1774628951.3638945,7088032,1814536192,1814.536192,193,199,140,2,20260327_172946
1774628951.3738785,7088071,1814546176,1814.546176,196,199,140,2,20260327_172946
1774628951.3838625,7088110,1814556160,1814.55616,199,199,142,2,20260327_172946
1774628951.3941026,7088150,1814566400,1814.5664,202,199,143,2,20260327_172946
1774628951.4040866,7088189,1814576384,1814.576384,205,199,143,2,20260327_172946
1774628951.4140706,7088228,1814586368,1814.586368,209,199,144,2,20260327_172946
1774628951.4240546,7088267,1814596352,1814.596352,212,199,146,2,20260327_172946
1774628951.4340386,7088306,1814606336,1814.606336,215,199,145,2,20260327_172946
1774628951.4440224,7088345,1814616320,1814.61632,218,199,145,2,20260327_172946
1774628951.4540064,7088384,1814626304,1814.626304,221,199,146,2,20260327_172946
1774628951.4639904,7088423,1814636288,1814.636288,224,199,145,2,20260327_172946
1774628951.4739745,7088462,1814646272,1814.646272,227,199,145,2,20260327_172946
1774628951.4842143,7088502,1814656512,1814.656512,231,199,145,2,20260327_172946
1774628951.4941986,7088541,1814666496,1814.666496,234,199,145,2,20260327_172946
1774628951.5041826,7088580,1814676480,1814.67648,237,199,146,2,20260327_172946
1774628951.5141666,7088619,1814686464,1814.686464,240,199,146,2,20260327_172946
1774628951.5241506,7088658,1814696448,1814.696448,243,199,146,2,20260327_172946
1774628951.5341346,7088697,1814706432,1814.706432,246,199,146,2,20260327_172946
1774628951.5441184,7088736,1814716416,1814.716416,249,199,146,2,20260327_172946
1774628951.5541024,7088775,1814726400,1814.7264,253,199,146,2,20260327_172946
1774628951.5640864,7088814,1814736384,1814.736384,1,199,145,2,20260327_172946
1774628951.5743265,7088854,1814746624,1814.746624,4,199,146,2,20260327_172946
1774628951.5843103,7088893,1814756608,1814.756608,7,199,145,2,20260327_172946
1774628951.5942943,7088932,1814766592,1814.766592,10,199,144,2,20260327_172946
1774628951.6042786,7088971,1814776576,1814.776576,13,199,144,2,20260327_172946
1774628951.6142626,7089010,1814786560,1814.78656,17,199,142,2,20260327_172946
1774628951.6242466,7089049,1814796544,1814.796544,20,199,143,2,20260327_172946
1774628951.6342306,7089088,1814806528,1814.806528,23,199,143,2,20260327_172946
1774628951.6442146,7089127,1814816512,1814.816512,26,199,142,2,20260327_172946
1774628951.6544545,7089167,1814826752,1814.826752,29,199,141,2,20260327_172946
1774628951.6644385,7089206,1814836736,1814.836736,32,199,141,2,20260327_172946
1774628951.6744225,7089245,1814846720,1814.84672,35,199,140,2,20260327_172946
1774628951.6844065,7089284,1814856704,1814.856704,38,199,140,2,20260327_172946
1774628951.6943903,7089323,1814866688,1814.866688,41,199,138,2,20260327_172946
1774628951.7043746,7089362,1814876672,1814.876672,43,199,138,2,20260327_172946
1774628951.7143586,7089401,1814886656,1814.886656,46,199,135,2,20260327_172946
1774628951.7243426,7089440,1814896640,1814.89664,48,199,133,2,20260327_172946
1774628951.7343266,7089479,1814906624,1814.906624,51,199,129,2,20260327_172946
1774628951.7445664,7089519,1814916864,1814.916864,54,199,127,2,20260327_172946
1774628951.7545505,7089558,1814926848,1814.926848,58,199,122,2,20260327_172946
1774628951.7645345,7089597,1814936832,1814.936832,62,199,121,2,20260327_172946
1774628951.7745185,7089636,1814946816,1814.946816,66,199,118,2,20260327_172946
1774628951.7845025,7089675,1814956800,1814.9568,70,199,116,2,20260327_172946
1774628951.7944863,7089714,1814966784,1814.966784,74,199,114,2,20260327_172946
1774628951.8044703,7089753,1814976768,1814.976768,78,199,113,2,20260327_172946
1774628951.8144546,7089792,1814986752,1814.986752,82,199,109,2,20260327_172946
1774628951.8246946,7089832,1814996992,1814.996992,85,199,108,2,20260327_172946
1774628951.8346784,7089871,1815006976,1815.006976,89,199,106,2,20260327_172946
1774628951.8446624,7089910,1815016960,1815.01696,92,199,107,2,20260327_172946
1774628951.8546464,7089949,1815026944,1815.026944,95,199,107,2,20260327_172946
1774628951.8646305,7089988,1815036928,1815.036928,98,199,107,2,20260327_172946
1774628951.8746145,7090027,1815046912,1815.046912,102,199,107,2,20260327_172946
1774628951.8845985,7090066,1815056896,1815.056896,105,199,108,2,20260327_172946
1774628951.8945825,7090105,1815066880,1815.06688,108,199,107,2,20260327_172946
1774628951.9045663,7090144,1815076864,1815.076864,112,198,107,2,20260327_172946
1774628951.9148066,7090184,1815087104,1815.087104,115,198,108,2,20260327_172946
1774628951.9247906,7090223,1815097088,1815.097088,118,198,108,2,20260327_172946
1774628951.9347746,7090262,1815107072,1815.107072,121,198,108,2,20260327_172946
1774628951.9447584,7090301,1815117056,1815.117056,125,198,108,2,20260327_172946
1774628951.9547424,7090340,1815127040,1815.12704,128,198,109,2,20260327_172946
1774628951.9647264,7090379,1815137024,1815.137024,132,199,109,2,20260327_172946
1774628951.9747105,7090418,1815147008,1815.147008,135,198,109,2,20260327_172946
1774628951.9846945,7090457,1815156992,1815.156992,139,198,110,2,20260327_172946
1774628951.9946785,7090496,1815166976,1815.166976,142,198,111,2,20260327_172946
1774628952.0049186,7090536,1815177216,1815.177216,145,199,112,2,20260327_172946
1774628952.0149026,7090575,1815187200,1815.1872,149,198,114,2,20260327_172946
1774628952.0248866,7090614,1815197184,1815.197184,153,199,116,2,20260327_172946
1774628952.0348706,7090653,1815207168,1815.207168,156,198,118,2,20260327_172946
1774628952.0448546,7090692,1815217152,1815.217152,160,198,122,2,20260327_172946
1774628952.0548384,7090731,1815227136,1815.227136,163,199,125,2,20260327_172946
1774628952.0648224,7090770,1815237120,1815.23712,166,199,127,2,20260327_172946
1774628952.0748065,7090809,1815247104,1815.247104,169,199,128,2,20260327_172946
1774628952.0847905,7090848,1815257088,1815.257088,172,198,131,2,20260327_172946
1774628952.0950303,7090888,1815267328,1815.267328,175,198,138,2,20260327_172946
1774628952.1050146,7090927,1815277312,1815.277312,179,198,138,2,20260327_172946
1774628952.1149986,7090966,1815287296,1815.287296,182,198,140,2,20260327_172946
1774628952.1249826,7091005,1815297280,1815.29728,185,198,140,2,20260327_172946
1774628952.1349666,7091044,1815307264,1815.307264,188,198,138,2,20260327_172946
1774628952.1449506,7091083,1815317248,1815.317248,191,198,139,2,20260327_172946
1774628952.1549344,7091122,1815327232,1815.327232,194,199,140,2,20260327_172946
1774628952.1649184,7091161,1815337216,1815.337216,197,198,142,2,20260327_172946
1774628952.1751585,7091201,1815347456,1815.347456,201,198,142,2,20260327_172946
1774628952.1851425,7091240,1815357440,1815.35744,204,198,144,2,20260327_172946
1774628952.1951263,7091279,1815367424,1815.367424,207,198,144,2,20260327_172946
1774628952.2051103,7091318,1815377408,1815.377408,210,199,144,2,20260327_172946
1774628952.2150946,7091357,1815387392,1815.387392,213,199,145,2,20260327_172946
1774628952.2250786,7091396,1815397376,1815.397376,216,199,145,2,20260327_172946
1774628952.2350626,7091435,1815407360,1815.40736,219,199,145,2,20260327_172946
1774628952.2450466,7091474,1815417344,1815.417344,223,198,145,2,20260327_172946
1774628952.2552865,7091514,1815427584,1815.427584,226,199,146,2,20260327_172946
1774628952.2652705,7091553,1815437568,1815.437568,229,199,146,2,20260327_172946
1774628952.2752545,7091592,1815447552,1815.447552,232,199,146,2,20260327_172946
1774628952.2852385,7091631,1815457536,1815.457536,235,199,146,2,20260327_172946
1774628952.2952223,7091670,1815467520,1815.46752,238,199,146,2,20260327_172946
1774628952.3052063,7091709,1815477504,1815.477504,242,199,146,2,20260327_172946
1774628952.3151906,7091748,1815487488,1815.487488,245,198,146,2,20260327_172946
1774628952.3251746,7091787,1815497472,1815.497472,248,198,147,2,20260327_172946
1774628952.3351586,7091826,1815507456,1815.507456,251,199,146,2,20260327_172946
1774628952.3453984,7091866,1815517696,1815.517696,254,199,146,2,20260327_172946
1774628952.3553824,7091905,1815527680,1815.52768,2,199,145,2,20260327_172946
1774628952.3653665,7091944,1815537664,1815.537664,6,199,144,2,20260327_172946
1774628952.3753505,7091983,1815547648,1815.547648,9,199,144,2,20260327_172946
1774628952.3853345,7092022,1815557632,1815.557632,12,199,142,2,20260327_172946
1774628952.3953185,7092061,1815567616,1815.567616,15,199,143,2,20260327_172946
1774628952.4053023,7092100,1815577600,1815.5776,18,199,141,2,20260327_172946
1774628952.4152863,7092139,1815587584,1815.587584,21,199,140,2,20260327_172946
1774628952.4252706,7092178,1815597568,1815.597568,24,199,140,2,20260327_172946
1774628952.4355106,7092218,1815607808,1815.607808,28,199,139,2,20260327_172946
1774628952.4454944,7092257,1815617792,1815.617792,31,199,138,2,20260327_172946
1774628952.4554784,7092296,1815627776,1815.627776,34,199,136,2,20260327_172946
1774628952.4654624,7092335,1815637760,1815.63776,37,199,134,2,20260327_172946
1774628952.4754465,7092374,1815647744,1815.647744,40,199,132,2,20260327_172946
1774628952.4854305,7092413,1815657728,1815.657728,43,199,127,2,20260327_172946
1774628952.4954145,7092452,1815667712,1815.667712,46,198,126,2,20260327_172946
1774628952.5053985,7092491,1815677696,1815.677696,50,198,123,2,20260327_172946
1774628952.5156386,7092531,1815687936,1815.687936,53,199,121,2,20260327_172946
1774628952.5256226,7092570,1815697920,1815.69792,58,199,117,2,20260327_172946
1774628952.5356066,7092609,1815707904,1815.707904,62,199,114,2,20260327_172946
1774628952.5455906,7092648,1815717888,1815.717888,67,199,111,2,20260327_172946
1774628952.5555744,7092687,1815727872,1815.727872,72,200,108,2,20260327_172946
1774628952.5655584,7092726,1815737856,1815.737856,76,199,108,2,20260327_172946
1774628952.5755424,7092765,1815747840,1815.74784,80,199,107,2,20260327_172946
1774628952.5855265,7092804,1815757824,1815.757824,84,199,106,2,20260327_172946
1774628952.5955105,7092843,1815767808,1815.767808,87,199,107,2,20260327_172946
1774628952.6057506,7092883,1815778048,1815.778048,90,199,107,2,20260327_172946
1774628952.6157346,7092922,1815788032,1815.788032,94,199,107,2,20260327_172946
1774628952.6257186,7092961,1815798016,1815.798016,97,198,107,2,20260327_172946
1774628952.6357026,7093000,1815808000,1815.808,100,199,107,2,20260327_172946
1774628952.6456866,7093039,1815817984,1815.817984,103,198,107,2,20260327_172946
1774628952.6556704,7093078,1815827968,1815.827968,107,198,107,2,20260327_172946
1774628952.6656544,7093117,1815837952,1815.837952,110,199,107,2,20260327_172946
1774628952.6756384,7093156,1815847936,1815.847936,113,198,107,2,20260327_172946
1774628952.6856225,7093195,1815857920,1815.85792,117,198,108,2,20260327_172946
1774628952.6958623,7093235,1815868160,1815.86816,120,198,108,2,20260327_172946
1774628952.7058463,7093274,1815878144,1815.878144,123,198,109,2,20260327_172946
1774628952.7158306,7093313,1815888128,1815.888128,127,198,109,2,20260327_172946
1774628952.7258146,7093352,1815898112,1815.898112,130,198,108,2,20260327_172946
1774628952.7357986,7093391,1815908096,1815.908096,133,198,110,2,20260327_172946
1774628952.7457826,7093430,1815918080,1815.91808,137,198,110,2,20260327_172946
1774628952.7557666,7093469,1815928064,1815.928064,140,199,112,2,20260327_172946
1774628952.7657504,7093508,1815938048,1815.938048,144,198,113,2,20260327_172946
1774628952.7759905,7093548,1815948288,1815.948288,147,199,115,2,20260327_172946
1774628952.7859745,7093587,1815958272,1815.958272,151,199,118,2,20260327_172946
1774628952.7959585,7093626,1815968256,1815.968256,154,198,120,2,20260327_172946
1774628952.8059423,7093665,1815978240,1815.97824,158,199,124,2,20260327_172946
1774628952.8159266,7093704,1815988224,1815.988224,161,198,126,2,20260327_172946
1774628952.8259106,7093743,1815998208,1815.998208,164,198,127,2,20260327_172946
1774628952.8358946,7093782,1816008192,1816.008192,167,199,130,2,20260327_172946
1774628952.8458786,7093821,1816018176,1816.018176,170,199,134,2,20260327_172946
1774628952.8561184,7093861,1816028416,1816.028416,173,199,139,2,20260327_172946
1774628952.8661025,7093900,1816038400,1816.0384,176,198,140,2,20260327_172946
1774628952.8760865,7093939,1816048384,1816.048384,179,199,138,2,20260327_172946
1774628952.8860705,7093978,1816058368,1816.058368,182,198,139,2,20260327_172946
1774628952.8960545,7094017,1816068352,1816.068352,186,198,140,2,20260327_172946
1774628952.9060383,7094056,1816078336,1816.078336,189,198,141,2,20260327_172946
1774628952.9160223,7094095,1816088320,1816.08832,192,199,142,2,20260327_172946
1774628952.9260066,7094134,1816098304,1816.098304,195,199,143,2,20260327_172946
1774628952.9359906,7094173,1816108288,1816.108288,198,199,143,2,20260327_172946
1774628952.9462304,7094213,1816118528,1816.118528,201,199,144,2,20260327_172946
1774628952.9562144,7094252,1816128512,1816.128512,204,198,144,2,20260327_172946
1774628952.9661984,7094291,1816138496,1816.138496,208,198,144,2,20260327_172946
1774628952.9761825,7094330,1816148480,1816.14848,211,198,144,2,20260327_172946
1774628952.9861665,7094369,1816158464,1816.158464,214,198,144,2,20260327_172946
1774628952.9961505,7094408,1816168448,1816.168448,217,199,145,2,20260327_172946
1774628953.0061345,7094447,1816178432,1816.178432,220,198,144,2,20260327_172946
1774628953.0161183,7094486,1816188416,1816.188416,223,199,145,2,20260327_172946
1774628953.0261023,7094525,1816198400,1816.1984,226,198,145,2,20260327_172946
1774628953.0363426,7094565,1816208640,1816.20864,230,199,145,2,20260327_172946
1774628953.0463266,7094604,1816218624,1816.218624,233,199,145,2,20260327_172946
1774628953.0563104,7094643,1816228608,1816.228608,236,198,145,2,20260327_172946
1774628953.0662944,7094682,1816238592,1816.238592,239,198,146,2,20260327_172946
1774628953.0762784,7094721,1816248576,1816.248576,242,198,145,2,20260327_172946
1774628953.0862625,7094760,1816258560,1816.25856,245,199,145,2,20260327_172946
1774628953.0962465,7094799,1816268544,1816.268544,249,199,145,2,20260327_172946
1774628953.1062305,7094838,1816278528,1816.278528,252,200,146,2,20260327_172946
1774628953.1164706,7094878,1816288768,1816.288768,0,199,145,2,20260327_172946
1774628953.1264546,7094917,1816298752,1816.298752,3,199,144,2,20260327_172946
1774628953.1364386,7094956,1816308736,1816.308736,6,199,144,2,20260327_172946
1774628953.1464226,7094995,1816318720,1816.31872,9,199,143,2,20260327_172946
1774628953.1564066,7095034,1816328704,1816.328704,13,199,142,2,20260327_172946
1774628953.1663904,7095073,1816338688,1816.338688,16,199,141,2,20260327_172946
1774628953.1763744,7095112,1816348672,1816.348672,19,199,140,2,20260327_172946
1774628953.1863585,7095151,1816358656,1816.358656,22,199,139,2,20260327_172946
1774628953.1963425,7095190,1816368640,1816.36864,25,199,139,2,20260327_172946
1774628953.2065823,7095230,1816378880,1816.37888,28,199,138,2,20260327_172946
1774628953.2165666,7095269,1816388864,1816.388864,31,199,138,2,20260327_172946
1774628953.2265506,7095308,1816398848,1816.398848,34,199,135,2,20260327_172946
1774628953.2365346,7095347,1816408832,1816.408832,38,199,133,2,20260327_172946
1774628953.2465186,7095386,1816418816,1816.418816,41,199,127,2,20260327_172946
1774628953.2565026,7095425,1816428800,1816.4288,44,199,125,2,20260327_172946
1774628953.2664864,7095464,1816438784,1816.438784,47,199,120,2,20260327_172946
1774628953.2764704,7095503,1816448768,1816.448768,51,198,116,2,20260327_172946
1774628953.2867105,7095543,1816459008,1816.459008,56,198,114,2,20260327_172946
1774628953.2966945,7095582,1816468992,1816.468992,61,199,112,2,20260327_172946
1774628953.3066783,7095621,1816478976,1816.478976,66,199,110,2,20260327_172946
1774628953.3166623,7095660,1816488960,1816.48896,71,199,108,2,20260327_172946
1774628953.3266466,7095699,1816498944,1816.498944,75,199,107,2,20260327_172946
1774628953.3366306,7095738,1816508928,1816.508928,79,199,106,2,20260327_172946
1774628953.3466146,7095777,1816518912,1816.518912,83,199,107,2,20260327_172946
1774628953.3565986,7095816,1816528896,1816.528896,86,199,107,2,20260327_172946
1774628953.3665826,7095855,1816538880,1816.53888,90,199,106,2,20260327_172946
1774628953.3768225,7095895,1816549120,1816.54912,93,199,107,2,20260327_172946
1774628953.3868065,7095934,1816559104,1816.559104,96,198,107,2,20260327_172946
1774628953.3967905,7095973,1816569088,1816.569088,99,198,107,2,20260327_172946
1774628953.4067743,7096012,1816579072,1816.579072,103,198,107,2,20260327_172946
1774628953.4167583,7096051,1816589056,1816.589056,106,198,107,2,20260327_172946
1774628953.4267426,7096090,1816599040,1816.59904,109,198,107,2,20260327_172946
1774628953.4367266,7096129,1816609024,1816.609024,113,198,108,2,20260327_172946
1774628953.4467106,7096168,1816619008,1816.619008,116,198,107,2,20260327_172946
1774628953.4566946,7096207,1816628992,1816.628992,119,198,106,2,20260327_172946
1774628953.4669344,7096247,1816639232,1816.639232,122,197,109,2,20260327_172946
1774628953.4769185,7096286,1816649216,1816.649216,126,198,110,2,20260327_172946
1774628953.4869025,7096325,1816659200,1816.6592,129,198,111,2,20260327_172946
1774628953.4968865,7096364,1816669184,1816.669184,133,198,111,2,20260327_172946
1774628953.5068705,7096403,1816679168,1816.679168,136,198,112,2,20260327_172946
1774628953.5168543,7096442,1816689152,1816.689152,139,198,113,2,20260327_172946
1774628953.5268383,7096481,1816699136,1816.699136,143,198,113,2,20260327_172946
1774628953.5368226,7096520,1816709120,1816.70912,146,199,116,2,20260327_172946
1774628953.5468066,7096559,1816719104,1816.719104,150,199,119,2,20260327_172946
1774628953.5570464,7096599,1816729344,1816.729344,153,198,123,2,20260327_172946
1774628953.5670304,7096638,1816739328,1816.739328,156,198,126,2,20260327_172946
1774628953.5770144,7096677,1816749312,1816.749312,159,199,127,2,20260327_172946
1774628953.5869985,7096716,1816759296,1816.759296,162,198,128,2,20260327_172946
1774628953.5969825,7096755,1816769280,1816.76928,165,198,132,2,20260327_172946
1774628953.6069665,7096794,1816779264,1816.779264,168,199,138,2,20260327_172946
1774628953.6169505,7096833,1816789248,1816.789248,171,199,139,2,20260327_172946
1774628953.6269343,7096872,1816799232,1816.799232,174,198,140,2,20260327_172946
1774628953.6369183,7096911,1816809216,1816.809216,177,199,139,2,20260327_172946
1774628953.6471586,7096951,1816819456,1816.819456,181,198,140,2,20260327_172946
1774628953.6571426,7096990,1816829440,1816.82944,184,198,140,2,20260327_172946
1774628953.6671264,7097029,1816839424,1816.839424,187,199,142,2,20260327_172946
1774628953.6771104,7097068,1816849408,1816.849408,190,198,143,2,20260327_172946
1774628953.6870944,7097107,1816859392,1816.859392,193,198,143,2,20260327_172946
1774628953.6970785,7097146,1816869376,1816.869376,196,198,144,2,20260327_172946
1774628953.7070625,7097185,1816879360,1816.87936,199,198,144,2,20260327_172946
1774628953.7170465,7097224,1816889344,1816.889344,203,199,144,2,20260327_172946
1774628953.7270305,7097263,1816899328,1816.899328,206,198,144,2,20260327_172946
1774628953.7372706,7097303,1816909568,1816.909568,209,199,145,2,20260327_172946
1774628953.7472546,7097342,1816919552,1816.919552,212,199,145,2,20260327_172946
1774628953.7572386,7097381,1816929536,1816.929536,215,199,145,2,20260327_172946
1774628953.7672224,7097420,1816939520,1816.93952,218,199,145,2,20260327_172946
1774628953.7772064,7097459,1816949504,1816.949504,221,199,145,2,20260327_172946
1774628953.7871904,7097498,1816959488,1816.959488,225,199,147,2,20260327_172946
1774628953.7971745,7097537,1816969472,1816.969472,228,199,145,2,20260327_172946
1774628953.8071585,7097576,1816979456,1816.979456,231,199,146,2,20260327_172946
1774628953.8171425,7097615,1816989440,1816.98944,234,199,146,2,20260327_172946
1774628953.8273826,7097655,1816999680,1816.99968,237,198,146,2,20260327_172946
1774628953.8373666,7097694,1817009664,1817.009664,240,198,146,2,20260327_172946
1774628953.8473506,7097733,1817019648,1817.019648,243,199,146,2,20260327_172946
1774628953.8573346,7097772,1817029632,1817.029632,247,199,146,2,20260327_172946
1774628953.8673186,7097811,1817039616,1817.039616,250,199,145,2,20260327_172946
1774628953.8773024,7097850,1817049600,1817.0496,253,200,146,2,20260327_172946
1774628953.8872864,7097889,1817059584,1817.059584,1,199,147,2,20260327_172946
1774628953.8972704,7097928,1817069568,1817.069568,4,199,145,2,20260327_172946
1774628953.9075105,7097968,1817079808,1817.079808,8,200,144,2,20260327_172946
1774628953.9174943,7098007,1817089792,1817.089792,11,199,143,2,20260327_172946
1774628953.9274786,7098046,1817099776,1817.099776,14,199,142,2,20260327_172946
1774628953.9374626,7098085,1817109760,1817.10976,17,199,141,2,20260327_172946
1774628953.9474466,7098124,1817119744,1817.119744,20,199,140,2,20260327_172946
1774628953.9574306,7098163,1817129728,1817.129728,23,199,139,2,20260327_172946
1774628953.9674146,7098202,1817139712,1817.139712,26,199,138,2,20260327_172946
1774628953.9773986,7098241,1817149696,1817.149696,29,199,136,2,20260327_172946
1774628953.9873824,7098280,1817159680,1817.15968,33,199,132,2,20260327_172946
1774628953.9976225,7098320,1817169920,1817.16992,36,199,129,2,20260327_172946
1774628954.0076065,7098359,1817179904,1817.179904,39,199,126,2,20260327_172946
1774628954.0175903,7098398,1817189888,1817.189888,42,199,121,2,20260327_172946
1774628954.0275743,7098437,1817199872,1817.199872,46,199,117,2,20260327_172946
1774628954.0375586,7098476,1817209856,1817.209856,50,199,115,2,20260327_172946
1774628954.0475426,7098515,1817219840,1817.21984,55,200,112,2,20260327_172946
1774628954.0575266,7098554,1817229824,1817.229824,60,198,109,2,20260327_172946
1774628954.0675106,7098593,1817239808,1817.239808,65,199,107,2,20260327_172946
1774628954.0777504,7098633,1817250048,1817.250048,70,199,106,2,20260327_172946
1774628954.0877345,7098672,1817260032,1817.260032,75,199,107,2,20260327_172946
1774628954.0977185,7098711,1817270016,1817.270016,79,199,107,2,20260327_172946
1774628954.1077025,7098750,1817280000,1817.28,82,199,107,2,20260327_172946
1774628954.1176865,7098789,1817289984,1817.289984,86,199,107,2,20260327_172946
1774628954.1276703,7098828,1817299968,1817.299968,89,199,107,2,20260327_172946
1774628954.1376543,7098867,1817309952,1817.309952,93,199,107,2,20260327_172946
1774628954.1476386,7098906,1817319936,1817.319936,96,198,107,2,20260327_172946
1774628954.1578786,7098946,1817330176,1817.330176,99,198,107,2,20260327_172946
1774628954.1678624,7098985,1817340160,1817.34016,102,198,107,2,20260327_172946
1774628954.1778464,7099024,1817350144,1817.350144,106,198,107,2,20260327_172946
1774628954.1878304,7099063,1817360128,1817.360128,109,198,107,2,20260327_172946
1774628954.1978145,7099102,1817370112,1817.370112,112,198,107,2,20260327_172946
1774628954.2077985,7099141,1817380096,1817.380096,115,198,106,2,20260327_172946
1774628954.2177825,7099180,1817390080,1817.39008,119,198,108,2,20260327_172946
1774628954.2277665,7099219,1817400064,1817.400064,122,198,109,2,20260327_172946
1774628954.2377503,7099258,1817410048,1817.410048,125,198,109,2,20260327_172946
1774628954.2479906,7099298,1817420288,1817.420288,129,198,110,2,20260327_172946
1774628954.2579746,7099337,1817430272,1817.430272,132,198,109,2,20260327_172946
1774628954.2679586,7099376,1817440256,1817.440256,136,198,114,2,20260327_172946
1774628954.2779424,7099415,1817450240,1817.45024,139,198,114,2,20260327_172946
1774628954.2879264,7099454,1817460224,1817.460224,142,198,116,2,20260327_172946
1774628954.2979105,7099493,1817470208,1817.470208,146,199,118,2,20260327_172946
1774628954.3078945,7099532,1817480192,1817.480192,149,199,122,2,20260327_172946
1774628954.3178785,7099571,1817490176,1817.490176,152,198,125,2,20260327_172946
1774628954.3278625,7099610,1817500160,1817.50016,155,199,127,2,20260327_172946
1774628954.3381026,7099650,1817510400,1817.5104,159,198,127,2,20260327_172946
1774628954.3480866,7099689,1817520384,1817.520384,162,199,130,2,20260327_172946
1774628954.3580706,7099728,1817530368,1817.530368,165,198,136,2,20260327_172946
1774628954.3680546,7099767,1817540352,1817.540352,167,199,139,2,20260327_172946
1774628954.3780384,7099806,1817550336,1817.550336,170,198,140,2,20260327_172946
1774628954.3880224,7099845,1817560320,1817.56032,173,198,140,2,20260327_172946
1774628954.3980064,7099884,1817570304,1817.570304,176,198,140,2,20260327_172946
1774628954.4079905,7099923,1817580288,1817.580288,180,198,140,2,20260327_172946
1774628954.4179745,7099962,1817590272,1817.590272,183,198,141,2,20260327_172946
1774628954.4282146,7100002,1817600512,1817.600512,186,198,142,2,20260327_172946
1774628954.4381986,7100041,1817610496,1817.610496,189,199,142,2,20260327_172946
1774628954.4481826,7100080,1817620480,1817.62048,192,199,143,2,20260327_172946
1774628954.4581666,7100119,1817630464,1817.630464,195,199,143,2,20260327_172946
1774628954.4681506,7100158,1817640448,1817.640448,198,199,144,2,20260327_172946
1774628954.4781346,7100197,1817650432,1817.650432,202,198,144,2,20260327_172946
1774628954.4881184,7100236,1817660416,1817.660416,205,198,144,2,20260327_172946
1774628954.4981024,7100275,1817670400,1817.6704,208,199,144,2,20260327_172946
1774628954.5083425,7100315,1817680640,1817.68064,211,198,144,2,20260327_172946
1774628954.5183263,7100354,1817690624,1817.690624,214,199,145,2,20260327_172946
1774628954.5283103,7100393,1817700608,1817.700608,217,199,145,2,20260327_172946
1774628954.5382946,7100432,1817710592,1817.710592,220,199,145,2,20260327_172946
1774628954.5482786,7100471,1817720576,1817.720576,223,199,145,2,20260327_172946
1774628954.5582626,7100510,1817730560,1817.73056,227,199,145,2,20260327_172946
1774628954.5682466,7100549,1817740544,1817.740544,230,199,145,2,20260327_172946
1774628954.5782306,7100588,1817750528,1817.750528,233,198,146,2,20260327_172946
1774628954.5882146,7100627,1817760512,1817.760512,236,198,146,2,20260327_172946
1774628954.5984545,7100667,1817770752,1817.770752,239,198,146,2,20260327_172946
1774628954.6084385,7100706,1817780736,1817.780736,242,198,145,2,20260327_172946
1774628954.6184225,7100745,1817790720,1817.79072,246,199,145,2,20260327_172946
1774628954.6284063,7100784,1817800704,1817.800704,249,199,146,2,20260327_172946
1774628954.6383903,7100823,1817810688,1817.810688,252,199,145,2,20260327_172946
1774628954.6483746,7100862,1817820672,1817.820672,0,199,145,2,20260327_172946
1774628954.6583586,7100901,1817830656,1817.830656,3,199,144,2,20260327_172946
1774628954.6683426,7100940,1817840640,1817.84064,6,199,144,2,20260327_172946
1774628954.6785824,7100980,1817850880,1817.85088,10,199,143,2,20260327_172946
1774628954.6885664,7101019,1817860864,1817.860864,13,199,142,2,20260327_172946
1774628954.6985505,7101058,1817870848,1817.870848,16,199,141,2,20260327_172946
1774628954.7085345,7101097,1817880832,1817.880832,19,199,140,2,20260327_172946
1774628954.7185185,7101136,1817890816,1817.890816,22,199,139,2,20260327_172946
1774628954.7285025,7101175,1817900800,1817.9008,25,199,138,2,20260327_172946
1774628954.7384863,7101214,1817910784,1817.910784,28,199,136,2,20260327_172946
1774628954.7484703,7101253,1817920768,1817.920768,32,199,131,2,20260327_172946
1774628954.7587106,7101293,1817931008,1817.931008,35,199,127,2,20260327_172946
1774628954.7686946,7101332,1817940992,1817.940992,38,199,124,2,20260327_172946
1774628954.7786784,7101371,1817950976,1817.950976,41,199,119,2,20260327_172946
1774628954.7886624,7101410,1817960960,1817.96096,45,199,115,2,20260327_172946
1774628954.7986465,7101449,1817970944,1817.970944,50,199,112,2,20260327_172946
1774628954.8086305,7101488,1817980928,1817.980928,54,198,110,2,20260327_172946
1774628954.8186145,7101527,1817990912,1817.990912,60,199,108,2,20260327_172946
1774628954.8285985,7101566,1818000896,1818.000896,65,199,107,2,20260327_172946
1774628954.8385825,7101605,1818010880,1818.01088,70,199,106,2,20260327_172946
1774628954.8488226,7101645,1818021120,1818.02112,74,199,107,2,20260327_172946
1774628954.8588066,7101684,1818031104,1818.031104,78,199,107,2,20260327_172946
1774628954.8687906,7101723,1818041088,1818.041088,82,199,107,2,20260327_172946
1774628954.8787744,7101762,1818051072,1818.051072,86,199,107,2,20260327_172946
1774628954.8887584,7101801,1818061056,1818.061056,89,199,107,2,20260327_172946
1774628954.8987424,7101840,1818071040,1818.07104,92,199,107,2,20260327_172946
1774628954.9087265,7101879,1818081024,1818.081024,96,199,108,2,20260327_172946
1774628954.9187105,7101918,1818091008,1818.091008,99,199,106,2,20260327_172946
1774628954.9289503,7101958,1818101248,1818.101248,102,199,106,2,20260327_172946
1774628954.9389346,7101997,1818111232,1818.111232,106,199,108,2,20260327_172946
1774628954.9489186,7102036,1818121216,1818.121216,109,198,107,2,20260327_172946
1774628954.9589026,7102075,1818131200,1818.1312,112,198,106,2,20260327_172946
1774628954.9688866,7102114,1818141184,1818.141184,115,198,107,2,20260327_172946
1774628954.9788706,7102153,1818151168,1818.151168,119,198,107,2,20260327_172946
1774628954.9888544,7102192,1818161152,1818.161152,122,198,108,2,20260327_172946
1774628954.9990945,7102232,1818171392,1818.171392,125,198,108,2,20260327_172946
1774628955.0090785,7102271,1818181376,1818.181376,129,198,108,2,20260327_172946
1774628955.0190625,7102310,1818191360,1818.19136,132,198,109,2,20260327_172946
1774628955.0290463,7102349,1818201344,1818.201344,136,198,109,2,20260327_172946
1774628955.0390306,7102388,1818211328,1818.211328,139,198,110,2,20260327_172946
1774628955.0490146,7102427,1818221312,1818.221312,142,198,111,2,20260327_172946
1774628955.0589986,7102466,1818231296,1818.231296,146,198,112,2,20260327_172946
1774628955.0689826,7102505,1818241280,1818.24128,149,199,115,2,20260327_172946
1774628955.0792224,7102545,1818251520,1818.25152,153,198,115,2,20260327_172946
1774628955.0892065,7102584,1818261504,1818.261504,157,198,118,2,20260327_172946
1774628955.0991905,7102623,1818271488,1818.271488,160,198,122,2,20260327_172946
1774628955.1091745,7102662,1818281472,1818.281472,163,198,125,2,20260327_172946
1774628955.1191585,7102701,1818291456,1818.291456,166,199,127,2,20260327_172946
1774628955.1291423,7102740,1818301440,1818.30144,170,198,128,2,20260327_172946
1774628955.1391263,7102779,1818311424,1818.311424,173,198,131,2,20260327_172946
1774628955.1491106,7102818,1818321408,1818.321408,176,199,137,2,20260327_172946
1774628955.1590946,7102857,1818331392,1818.331392,179,199,139,2,20260327_172946
1774628955.1693344,7102897,1818341632,1818.341632,182,198,139,2,20260327_172946
1774628955.1793184,7102936,1818351616,1818.351616,185,198,139,2,20260327_172946
1774628955.1893024,7102975,1818361600,1818.3616,188,199,140,2,20260327_172946
1774628955.1992865,7103014,1818371584,1818.371584,191,199,140,2,20260327_172946
1774628955.2092705,7103053,1818381568,1818.381568,195,198,141,2,20260327_172946
1774628955.2192545,7103092,1818391552,1818.391552,198,198,142,2,20260327_172946
1774628955.2292385,7103131,1818401536,1818.401536,201,198,143,2,20260327_172946
1774628955.2392223,7103170,1818411520,1818.41152,204,198,143,2,20260327_172946
1774628955.2494626,7103210,1818421760,1818.42176,207,198,143,2,20260327_172946
1774628955.2594466,7103249,1818431744,1818.431744,210,199,144,2,20260327_172946
1774628955.2694306,7103288,1818441728,1818.441728,213,199,144,2,20260327_172946
1774628955.2794144,7103327,1818451712,1818.451712,217,198,143,2,20260327_172946
1774628955.2893984,7103366,1818461696,1818.461696,220,199,144,2,20260327_172946
1774628955.2993824,7103405,1818471680,1818.47168,223,199,144,2,20260327_172946
1774628955.3093665,7103444,1818481664,1818.481664,226,199,144,2,20260327_172946
1774628955.3193505,7103483,1818491648,1818.491648,229,199,145,2,20260327_172946
1774628955.3295906,7103523,1818501888,1818.501888,232,199,145,2,20260327_172946
1774628955.3395746,7103562,1818511872,1818.511872,236,199,144,2,20260327_172946
1774628955.3495586,7103601,1818521856,1818.521856,239,198,144,2,20260327_172946
1774628955.3595426,7103640,1818531840,1818.53184,242,198,146,2,20260327_172946
1774628955.3695266,7103679,1818541824,1818.541824,245,198,145,2,20260327_172946
1774628955.3795106,7103718,1818551808,1818.551808,248,199,145,2,20260327_172946
1774628955.3894944,7103757,1818561792,1818.561792,251,199,145,2,20260327_172946
1774628955.3997345,7103797,1818572032,1818.572032,254,199,145,2,20260327_172946
1774628955.4097185,7103836,1818582016,1818.582016,3,199,145,2,20260327_172946
1774628955.4197023,7103875,1818592000,1818.592,6,199,145,2,20260327_172946
1774628955.4296863,7103914,1818601984,1818.601984,9,199,144,2,20260327_172946
1774628955.4396706,7103953,1818611968,1818.611968,12,199,143,2,20260327_172946
1774628955.4496546,7103992,1818621952,1818.621952,15,199,142,2,20260327_172946
1774628955.4596386,7104031,1818631936,1818.631936,18,199,141,2,20260327_172946
1774628955.4696226,7104070,1818641920,1818.64192,22,199,140,2,20260327_172946
1774628955.4796066,7104109,1818651904,1818.651904,25,199,138,2,20260327_172946
1774628955.4898465,7104149,1818662144,1818.662144,28,199,137,2,20260327_172946
1774628955.4998305,7104188,1818672128,1818.672128,31,199,134,2,20260327_172946
1774628955.5098145,7104227,1818682112,1818.682112,34,199,129,2,20260327_172946
1774628955.5197985,7104266,1818692096,1818.692096,37,199,127,2,20260327_172946
1774628955.5297823,7104305,1818702080,1818.70208,41,199,122,2,20260327_172946
1774628955.5397666,7104344,1818712064,1818.712064,44,199,118,2,20260327_172946
1774628955.5497506,7104383,1818722048,1818.722048,48,198,113,2,20260327_172946
1774628955.5597346,7104422,1818732032,1818.732032,53,198,111,2,20260327_172946
1774628955.5697186,7104461,1818742016,1818.742016,58,198,108,2,20260327_172946
1774628955.5799584,7104501,1818752256,1818.752256,63,199,106,2,20260327_172946
1774628955.5899425,7104540,1818762240,1818.76224,68,199,107,2,20260327_172946
1774628955.5999265,7104579,1818772224,1818.772224,73,199,107,2,20260327_172946
1774628955.6099105,7104618,1818782208,1818.782208,77,199,106,2,20260327_172946
1774628955.6198945,7104657,1818792192,1818.792192,81,199,106,2,20260327_172946
1774628955.6298783,7104696,1818802176,1818.802176,85,199,106,2,20260327_172946
1774628955.6398623,7104735,1818812160,1818.81216,88,199,106,2,20260327_172946
1774628955.6498466,7104774,1818822144,1818.822144,91,199,108,2,20260327_172946
1774628955.6598306,7104813,1818832128,1818.832128,95,199,107,2,20260327_172946
1774628955.6700704,7104853,1818842368,1818.842368,98,199,106,2,20260327_172946
1774628955.6800544,7104892,1818852352,1818.852352,101,199,107,2,20260327_172946
1774628955.6900384,7104931,1818862336,1818.862336,104,198,106,2,20260327_172946
1774628955.7000225,7104970,1818872320,1818.87232,108,198,106,2,20260327_172946
1774628955.7100065,7105009,1818882304,1818.882304,111,198,106,2,20260327_172946
1774628955.7199905,7105048,1818892288,1818.892288,114,198,106,2,20260327_172946
1774628955.7299745,7105087,1818902272,1818.902272,118,199,106,2,20260327_172946
1774628955.7399583,7105126,1818912256,1818.912256,121,198,106,2,20260327_172946
1774628955.7499423,7105165,1818922240,1818.92224,124,198,106,2,20260327_172946
1774628955.7601826,7105205,1818932480,1818.93248,128,199,106,2,20260327_172946
1774628955.7701666,7105244,1818942464,1818.942464,131,198,106,2,20260327_172946
1774628955.7801504,7105283,1818952448,1818.952448,135,198,107,2,20260327_172946
1774628955.7901344,7105322,1818962432,1818.962432,138,198,108,2,20260327_172946
1774628955.8001184,7105361,1818972416,1818.972416,142,199,107,2,20260327_172946
1774628955.8101025,7105400,1818982400,1818.9824,145,198,107,2,20260327_172946
1774628955.8200865,7105439,1818992384,1818.992384,149,199,108,2,20260327_172946
1774628955.8300705,7105478,1819002368,1819.002368,152,198,108,2,20260327_172946
1774628955.8400545,7105517,1819012352,1819.012352,156,199,108,2,20260327_172946
1774628955.8502946,7105557,1819022592,1819.022592,160,198,109,2,20260327_172946
1774628955.8602786,7105596,1819032576,1819.032576,164,198,110,2,20260327_172946
1774628955.8702626,7105635,1819042560,1819.04256,168,198,111,2,20260327_172946
1774628955.8802466,7105674,1819052544,1819.052544,171,199,113,2,20260327_172946
1774628955.8902304,7105713,1819062528,1819.062528,174,199,114,2,20260327_172946
1774628955.9002144,7105752,1819072512,1819.072512,178,199,118,2,20260327_172946
1774628955.9101985,7105791,1819082496,1819.082496,181,199,121,2,20260327_172946
1774628955.9201825,7105830,1819092480,1819.09248,184,199,125,2,20260327_172946
1774628955.9301665,7105869,1819102464,1819.102464,187,200,127,2,20260327_172946
1774628955.9404066,7105909,1819112704,1819.112704,190,199,130,2,20260327_172946
1774628955.9503906,7105948,1819122688,1819.122688,194,198,136,2,20260327_172946
1774628955.9603746,7105987,1819132672,1819.132672,197,199,138,2,20260327_172946
1774628955.9703586,7106026,1819142656,1819.142656,200,199,139,2,20260327_172946
1774628955.9803426,7106065,1819152640,1819.15264,203,199,139,2,20260327_172946
1774628955.9903264,7106104,1819162624,1819.162624,206,199,140,2,20260327_172946
1774628956.0003104,7106143,1819172608,1819.172608,209,199,141,2,20260327_172946
1774628956.0102944,7106182,1819182592,1819.182592,212,199,142,2,20260327_172946
1774628956.0202785,7106221,1819192576,1819.192576,216,199,142,2,20260327_172946
1774628956.0305183,7106261,1819202816,1819.202816,219,199,142,2,20260327_172946
1774628956.0405023,7106300,1819212800,1819.2128,222,199,143,2,20260327_172946
1774628956.0504866,7106339,1819222784,1819.222784,225,199,144,2,20260327_172946
1774628956.0604706,7106378,1819232768,1819.232768,228,199,143,2,20260327_172946
1774628956.0704546,7106417,1819242752,1819.242752,231,199,144,2,20260327_172946
1774628956.0804386,7106456,1819252736,1819.252736,235,199,143,2,20260327_172946
1774628956.0904226,7106495,1819262720,1819.26272,238,199,144,2,20260327_172946
1774628956.1004064,7106534,1819272704,1819.272704,241,199,144,2,20260327_172946
1774628956.1103904,7106573,1819282688,1819.282688,244,199,144,2,20260327_172946
1774628956.1206305,7106613,1819292928,1819.292928,247,199,144,2,20260327_172946
1774628956.1306145,7106652,1819302912,1819.302912,250,198,144,2,20260327_172946
1774628956.1405983,7106691,1819312896,1819.312896,254,199,145,2,20260327_172946
1774628956.1505826,7106730,1819322880,1819.32288,2,199,144,2,20260327_172946
1774628956.1605666,7106769,1819332864,1819.332864,5,199,144,2,20260327_172946
1774628956.1705506,7106808,1819342848,1819.342848,8,199,144,2,20260327_172946
1774628956.1805346,7106847,1819352832,1819.352832,11,199,144,2,20260327_172946
1774628956.1905186,7106886,1819362816,1819.362816,14,199,144,2,20260327_172946
1774628956.2007585,7106926,1819373056,1819.373056,17,199,144,2,20260327_172946
1774628956.2107425,7106965,1819383040,1819.38304,21,199,143,2,20260327_172946
1774628956.2207265,7107004,1819393024,1819.393024,24,199,142,2,20260327_172946
1774628956.2307105,7107043,1819403008,1819.403008,27,199,141,2,20260327_172946
1774628956.2406943,7107082,1819412992,1819.412992,30,199,140,2,20260327_172946
1774628956.2506783,7107121,1819422976,1819.422976,33,199,139,2,20260327_172946
1774628956.2606626,7107160,1819432960,1819.43296,36,199,138,2,20260327_172946
1774628956.2706466,7107199,1819442944,1819.442944,39,199,135,2,20260327_172946
1774628956.2806306,7107238,1819452928,1819.452928,42,199,129,2,20260327_172946
1774628956.2906146,7107277,1819462912,1819.462912,45,199,127,2,20260327_172946
1774628956.3008544,7107317,1819473152,1819.473152,48,198,122,2,20260327_172946
1774628956.3108385,7107356,1819483136,1819.483136,52,199,116,2,20260327_172946
1774628956.3208225,7107395,1819493120,1819.49312,57,199,112,2,20260327_172946
1774628956.3308065,7107434,1819503104,1819.503104,62,199,108,2,20260327_172946
1774628956.3407905,7107473,1819513088,1819.513088,67,199,106,2,20260327_172946
1774628956.3507743,7107512,1819523072,1819.523072,72,199,106,2,20260327_172946
1774628956.3607583,7107551,1819533056,1819.533056,76,199,107,2,20260327_172946
1774628956.3707426,7107590,1819543040,1819.54304,80,199,107,2,20260327_172946
1774628956.3809826,7107630,1819553280,1819.55328,83,199,107,2,20260327_172946
1774628956.3909664,7107669,1819563264,1819.563264,87,199,107,2,20260327_172946
1774628956.4009504,7107708,1819573248,1819.573248,90,199,106,2,20260327_172946
1774628956.4109344,7107747,1819583232,1819.583232,94,199,107,2,20260327_172946
1774628956.4209185,7107786,1819593216,1819.593216,97,198,106,2,20260327_172946
1774628956.4309025,7107825,1819603200,1819.6032,100,199,107,2,20260327_172946
1774628956.4408865,7107864,1819613184,1819.613184,103,199,106,2,20260327_172946
1774628956.4508705,7107903,1819623168,1819.623168,107,199,106,2,20260327_172946
1774628956.4608543,7107942,1819633152,1819.633152,110,199,107,2,20260327_172946
1774628956.4710946,7107982,1819643392,1819.643392,113,199,107,2,20260327_172946
1774628956.4810786,7108021,1819653376,1819.653376,116,198,107,2,20260327_172946
1774628956.4910626,7108060,1819663360,1819.66336,120,199,107,2,20260327_172946
1774628956.5010464,7108099,1819673344,1819.673344,123,198,106,2,20260327_172946
1774628956.5110304,7108138,1819683328,1819.683328,126,198,107,2,20260327_172946
1774628956.5210145,7108177,1819693312,1819.693312,130,198,106,2,20260327_172946
1774628956.5309985,7108216,1819703296,1819.703296,133,198,106,2,20260327_172946
1774628956.5409825,7108255,1819713280,1819.71328,137,198,106,2,20260327_172946
1774628956.5512226,7108295,1819723520,1819.72352,140,198,107,2,20260327_172946
1774628956.5612066,7108334,1819733504,1819.733504,144,199,107,2,20260327_172946
1774628956.5711906,7108373,1819743488,1819.743488,147,198,107,2,20260327_172946
1774628956.5811746,7108412,1819753472,1819.753472,151,198,108,2,20260327_172946
1774628956.5911586,7108451,1819763456,1819.763456,155,198,108,2,20260327_172946
1774628956.6011424,7108490,1819773440,1819.77344,159,199,108,2,20260327_172946
1774628956.6111264,7108529,1819783424,1819.783424,163,199,108,2,20260327_172946
1774628956.6211104,7108568,1819793408,1819.793408,167,198,108,2,20260327_172946
1774628956.6310945,7108607,1819803392,1819.803392,170,198,109,2,20260327_172946
1774628956.6413343,7108647,1819813632,1819.813632,174,200,110,2,20260327_172946
1774628956.6513186,7108686,1819823616,1819.823616,177,198,112,2,20260327_172946
1774628956.6613026,7108725,1819833600,1819.8336,180,199,114,2,20260327_172946
1774628956.6712866,7108764,1819843584,1819.843584,183,199,117,2,20260327_172946
1774628956.6812706,7108803,1819853568,1819.853568,187,199,121,2,20260327_172946
1774628956.6912546,7108842,1819863552,1819.863552,190,199,124,2,20260327_172946
1774628956.7012386,7108881,1819873536,1819.873536,193,199,127,2,20260327_172946
1774628956.7112224,7108920,1819883520,1819.88352,196,199,128,2,20260327_172946
1774628956.7214625,7108960,1819893760,1819.89376,199,199,134,2,20260327_172946
1774628956.7314465,7108999,1819903744,1819.903744,202,199,137,2,20260327_172946
1774628956.7414303,7109038,1819913728,1819.913728,206,199,138,2,20260327_172946
1774628956.7514143,7109077,1819923712,1819.923712,209,199,138,2,20260327_172946
1774628956.7613986,7109116,1819933696,1819.933696,212,199,138,2,20260327_172946
1774628956.7713826,7109155,1819943680,1819.94368,215,199,139,2,20260327_172946
1774628956.7813666,7109194,1819953664,1819.953664,218,199,140,2,20260327_172946
1774628956.7913506,7109233,1819963648,1819.963648,221,199,141,2,20260327_172946
1774628956.8013346,7109272,1819973632,1819.973632,224,199,142,2,20260327_172946
1774628956.8115745,7109312,1819983872,1819.983872,228,200,143,2,20260327_172946
1774628956.8215585,7109351,1819993856,1819.993856,231,199,142,2,20260327_172946
1774628956.8315425,7109390,1820003840,1820.00384,234,199,143,2,20260327_172946
1774628956.8415265,7109429,1820013824,1820.013824,237,199,144,2,20260327_172946
1774628956.8515103,7109468,1820023808,1820.023808,240,199,144,2,20260327_172946
1774628956.8614943,7109507,1820033792,1820.033792,243,199,143,2,20260327_172946
1774628956.8714786,7109546,1820043776,1820.043776,247,199,144,2,20260327_172946
1774628956.8814626,7109585,1820053760,1820.05376,250,199,144,2,20260327_172946
1774628956.8914466,7109624,1820063744,1820.063744,253,199,144,2,20260327_172946
1774628956.9016864,7109664,1820073984,1820.073984,1,199,144,2,20260327_172946
1774628956.9116704,7109703,1820083968,1820.083968,4,199,144,2,20260327_172946
1774628956.9216545,7109742,1820093952,1820.093952,7,199,144,2,20260327_172946
1774628956.9316385,7109781,1820103936,1820.103936,11,199,143,2,20260327_172946
1774628956.9416225,7109820,1820113920,1820.11392,14,199,145,2,20260327_172946
1774628956.9516065,7109859,1820123904,1820.123904,17,199,144,2,20260327_172946
1774628956.9615903,7109898,1820133888,1820.133888,20,199,145,2,20260327_172946
1774628956.9715743,7109937,1820143872,1820.143872,23,199,144,2,20260327_172946
1774628956.9815586,7109976,1820153856,1820.153856,26,199,144,2,20260327_172946
1774628956.9915426,7110015,1820163840,1820.16384,29,199,142,2,20260327_172946
1774628957.0017824,7110055,1820174080,1820.17408,32,201,145,2,20260327_172946
1774628957.0117664,7110094,1820184064,1820.184064,35,199,142,2,20260327_172946
1774628957.0217505,7110133,1820194048,1820.194048,38,200,142,2,20260327_172946
1774628957.0317345,7110172,1820204032,1820.204032,41,199,140,2,20260327_172946
1774628957.0417185,7110211,1820214016,1820.214016,43,199,138,2,20260327_172946
1774628957.0517025,7110250,1820224000,1820.224,46,199,137,2,20260327_172946
1774628957.0616865,7110289,1820233984,1820.233984,48,199,134,2,20260327_172946
1774628957.0716703,7110328,1820243968,1820.243968,51,199,128,2,20260327_172946
1774628957.0816543,7110367,1820253952,1820.253952,54,199,124,2,20260327_172946
1774628957.0918946,7110407,1820264192,1820.264192,57,199,118,2,20260327_172946
1774628957.1018784,7110446,1820274176,1820.274176,62,200,115,2,20260327_172946
1774628957.1118624,7110485,1820284160,1820.28416,66,199,111,2,20260327_172946
1774628957.1218464,7110524,1820294144,1820.294144,71,199,109,2,20260327_172946
1774628957.1318305,7110563,1820304128,1820.304128,75,199,107,2,20260327_172946
1774628957.1418145,7110602,1820314112,1820.314112,79,199,106,2,20260327_172946
1774628957.1517985,7110641,1820324096,1820.324096,83,199,106,2,20260327_172946
1774628957.1617825,7110680,1820334080,1820.33408,86,199,106,2,20260327_172946
1774628957.1720226,7110720,1820344320,1820.34432,90,199,106,2,20260327_172946
1774628957.1820066,7110759,1820354304,1820.354304,93,199,106,2,20260327_172946
1774628957.1919906,7110798,1820364288,1820.364288,96,199,106,2,20260327_172946
1774628957.2019746,7110837,1820374272,1820.374272,100,199,106,2,20260327_172946
1774628957.2119584,7110876,1820384256,1820.384256,103,199,106,2,20260327_172946
1774628957.2219424,7110915,1820394240,1820.39424,106,199,106,2,20260327_172946
1774628957.2319264,7110954,1820404224,1820.404224,109,199,106,2,20260327_172946
1774628957.2419105,7110993,1820414208,1820.414208,113,199,107,2,20260327_172946
1774628957.2521503,7111033,1820424448,1820.424448,116,198,107,2,20260327_172946
1774628957.2621346,7111072,1820434432,1820.434432,119,199,108,2,20260327_172946
1774628957.2721186,7111111,1820444416,1820.444416,123,198,107,2,20260327_172946
1774628957.2821026,7111150,1820454400,1820.4544,126,199,108,2,20260327_172946
1774628957.2920866,7111189,1820464384,1820.464384,129,199,108,2,20260327_172946
1774628957.3020706,7111228,1820474368,1820.474368,133,199,108,2,20260327_172946
1774628957.3120546,7111267,1820484352,1820.484352,136,198,108,2,20260327_172946
1774628957.3220384,7111306,1820494336,1820.494336,140,198,109,2,20260327_172946
1774628957.3320224,7111345,1820504320,1820.50432,143,198,109,2,20260327_172946
1774628957.3422625,7111385,1820514560,1820.51456,147,198,109,2,20260327_172946
1774628957.3522463,7111424,1820524544,1820.524544,150,198,109,2,20260327_172946
1774628957.3622303,7111463,1820534528,1820.534528,154,198,109,2,20260327_172946
1774628957.3722146,7111502,1820544512,1820.544512,158,198,110,2,20260327_172946
1774628957.3821986,7111541,1820554496,1820.554496,162,198,110,2,20260327_172946
1774628957.3921826,7111580,1820564480,1820.56448,165,199,111,2,20260327_172946
1774628957.4021666,7111619,1820574464,1820.574464,169,198,112,2,20260327_172946
1774628957.4121506,7111658,1820584448,1820.584448,172,199,114,2,20260327_172946
1774628957.4221346,7111697,1820594432,1820.594432,176,199,115,2,20260327_172946
1774628957.4323745,7111737,1820604672,1820.604672,179,199,118,2,20260327_172946
1774628957.4423585,7111776,1820614656,1820.614656,182,199,123,2,20260327_172946
1774628957.4523425,7111815,1820624640,1820.62464,185,199,125,2,20260327_172946
1774628957.4623263,7111854,1820634624,1820.634624,188,198,127,2,20260327_172946
1774628957.4723103,7111893,1820644608,1820.644608,192,199,128,2,20260327_172946
1774628957.4822946,7111932,1820654592,1820.654592,195,199,132,2,20260327_172946
1774628957.4922786,7111971,1820664576,1820.664576,198,199,138,2,20260327_172946
1774628957.5022626,7112010,1820674560,1820.67456,201,199,139,2,20260327_172946
1774628957.5125024,7112050,1820684800,1820.6848,204,199,139,2,20260327_172946
1774628957.5224864,7112089,1820694784,1820.694784,207,199,140,2,20260327_172946
1774628957.5324705,7112128,1820704768,1820.704768,211,199,139,2,20260327_172946
1774628957.5424545,7112167,1820714752,1820.714752,214,199,141,2,20260327_172946
1774628957.5524385,7112206,1820724736,1820.724736,217,199,142,2,20260327_172946
1774628957.5624225,7112245,1820734720,1820.73472,220,199,142,2,20260327_172946
1774628957.5724063,7112284,1820744704,1820.744704,223,199,142,2,20260327_172946
1774628957.5823903,7112323,1820754688,1820.754688,226,199,142,2,20260327_172946
1774628957.5923746,7112362,1820764672,1820.764672,229,199,143,2,20260327_172946
1774628957.6026146,7112402,1820774912,1820.774912,233,199,143,2,20260327_172946
1774628957.6125984,7112441,1820784896,1820.784896,236,199,144,2,20260327_172946
1774628957.6225824,7112480,1820794880,1820.79488,239,199,144,2,20260327_172946
1774628957.6325665,7112519,1820804864,1820.804864,242,199,144,2,20260327_172946
1774628957.6425505,7112558,1820814848,1820.814848,245,199,144,2,20260327_172946
1774628957.6525345,7112597,1820824832,1820.824832,248,199,144,2,20260327_172946
1774628957.6625185,7112636,1820834816,1820.834816,252,199,144,2,20260327_172946
1774628957.6725025,7112675,1820844800,1820.8448,0,199,144,2,20260327_172946
1774628957.6824863,7112714,1820854784,1820.854784,3,199,144,2,20260327_172946
1774628957.6927266,7112754,1820865024,1820.865024,6,199,145,2,20260327_172946
1774628957.7027106,7112793,1820875008,1820.875008,9,199,143,2,20260327_172946
1774628957.7126944,7112832,1820884992,1820.884992,12,199,145,2,20260327_172946
1774628957.7226784,7112871,1820894976,1820.894976,15,199,145,2,20260327_172946
1774628957.7326624,7112910,1820904960,1820.90496,19,199,145,2,20260327_172946
1774628957.7426465,7112949,1820914944,1820.914944,22,199,145,2,20260327_172946
1774628957.7526305,7112988,1820924928,1820.924928,25,199,145,2,20260327_172946
1774628957.7626145,7113027,1820934912,1820.934912,28,199,145,2,20260327_172946
1774628957.7725985,7113066,1820944896,1820.944896,31,199,144,2,20260327_172946
1774628957.7828386,7113106,1820955136,1820.955136,34,199,143,2,20260327_172946
1774628957.7928226,7113145,1820965120,1820.96512,37,199,143,2,20260327_172946
1774628957.8028066,7113184,1820975104,1820.975104,40,199,141,2,20260327_172946
1774628957.8127906,7113223,1820985088,1820.985088,42,199,140,2,20260327_172946
1774628957.8227744,7113262,1820995072,1820.995072,44,199,139,2,20260327_172946
1774628957.8327584,7113301,1821005056,1821.005056,47,199,138,2,20260327_172946
1774628957.8427424,7113340,1821015040,1821.01504,49,199,134,2,20260327_172946
1774628957.8527265,7113379,1821025024,1821.025024,51,199,131,2,20260327_172946
1774628957.8629663,7113419,1821035264,1821.035264,54,199,127,2,20260327_172946
1774628957.8729506,7113458,1821045248,1821.045248,57,199,124,2,20260327_172946
1774628957.8829346,7113497,1821055232,1821.055232,61,199,120,2,20260327_172946
1774628957.8929186,7113536,1821065216,1821.065216,65,199,115,2,20260327_172946
1774628957.9029026,7113575,1821075200,1821.0752,69,199,112,2,20260327_172946
1774628957.9128866,7113614,1821085184,1821.085184,73,199,110,2,20260327_172946
1774628957.9228706,7113653,1821095168,1821.095168,77,199,108,2,20260327_172946
1774628957.9328544,7113692,1821105152,1821.105152,81,199,107,2,20260327_172946
1774628957.9428384,7113731,1821115136,1821.115136,85,199,106,2,20260327_172946
1774628957.9530785,7113771,1821125376,1821.125376,88,199,107,2,20260327_172946
1774628957.9630623,7113810,1821135360,1821.13536,91,199,107,2,20260327_172946
1774628957.9730463,7113849,1821145344,1821.145344,95,199,107,2,20260327_172946
1774628957.9830306,7113888,1821155328,1821.155328,98,199,106,2,20260327_172946
1774628957.9930146,7113927,1821165312,1821.165312,101,198,106,2,20260327_172946
1774628958.0029986,7113966,1821175296,1821.175296,105,199,106,2,20260327_172946
1774628958.0129826,7114005,1821185280,1821.18528,108,198,106,2,20260327_172946
1774628958.0229666,7114044,1821195264,1821.195264,111,198,107,2,20260327_172946
1774628958.0329506,7114083,1821205248,1821.205248,114,198,107,2,20260327_172946
1774628958.0431905,7114123,1821215488,1821.215488,118,198,108,2,20260327_172946
1774628958.0531745,7114162,1821225472,1821.225472,121,199,108,2,20260327_172946
1774628958.0631585,7114201,1821235456,1821.235456,124,198,108,2,20260327_172946
1774628958.0731423,7114240,1821245440,1821.24544,128,199,108,2,20260327_172946
1774628958.0831263,7114279,1821255424,1821.255424,131,198,109,2,20260327_172946
1774628958.0931106,7114318,1821265408,1821.265408,135,198,109,2,20260327_172946
1774628958.1030946,7114357,1821275392,1821.275392,138,198,110,2,20260327_172946
1774628958.1130786,7114396,1821285376,1821.285376,141,198,110,2,20260327_172946
1774628958.1233184,7114436,1821295616,1821.295616,145,199,111,2,20260327_172946
1774628958.1333025,7114475,1821305600,1821.3056,148,199,111,2,20260327_172946
1774628958.1432865,7114514,1821315584,1821.315584,152,198,112,2,20260327_172946
1774628958.1532705,7114553,1821325568,1821.325568,156,198,114,2,20260327_172946
1774628958.1632545,7114592,1821335552,1821.335552,159,198,113,2,20260327_172946
1774628958.1732385,7114631,1821345536,1821.345536,163,198,115,2,20260327_172946
1774628958.1832223,7114670,1821355520,1821.35552,166,198,116,2,20260327_172946
1774628958.1932063,7114709,1821365504,1821.365504,170,198,119,2,20260327_172946
1774628958.2031906,7114748,1821375488,1821.375488,173,198,122,2,20260327_172946
1774628958.2134304,7114788,1821385728,1821.385728,176,198,124,2,20260327_172946
1774628958.2234144,7114827,1821395712,1821.395712,180,199,126,2,20260327_172946
1774628958.2333984,7114866,1821405696,1821.405696,183,199,127,2,20260327_172946
1774628958.2433825,7114905,1821415680,1821.41568,186,199,129,2,20260327_172946
1774628958.2533665,7114944,1821425664,1821.425664,189,199,132,2,20260327_172946
1774628958.2633505,7114983,1821435648,1821.435648,192,199,137,2,20260327_172946
1774628958.2733345,7115022,1821445632,1821.445632,195,198,139,2,20260327_172946
1774628958.2833183,7115061,1821455616,1821.455616,199,199,139,2,20260327_172946
1774628958.2935586,7115101,1821465856,1821.465856,202,199,139,2,20260327_172946
1774628958.3035426,7115140,1821475840,1821.47584,205,199,140,2,20260327_172946
1774628958.3135266,7115179,1821485824,1821.485824,208,199,140,2,20260327_172946
1774628958.3235104,7115218,1821495808,1821.495808,211,199,141,2,20260327_172946
1774628958.3334944,7115257,1821505792,1821.505792,214,199,142,2,20260327_172946
1774628958.3434784,7115296,1821515776,1821.515776,217,199,142,2,20260327_172946
1774628958.3534625,7115335,1821525760,1821.52576,221,199,143,2,20260327_172946
1774628958.3634465,7115374,1821535744,1821.535744,224,199,143,2,20260327_172946
1774628958.3734305,7115413,1821545728,1821.545728,227,199,143,2,20260327_172946
1774628958.3836706,7115453,1821555968,1821.555968,230,199,144,2,20260327_172946
1774628958.3936546,7115492,1821565952,1821.565952,233,199,144,2,20260327_172946
1774628958.4036386,7115531,1821575936,1821.575936,236,199,144,2,20260327_172946
1774628958.4136226,7115570,1821585920,1821.58592,239,199,144,2,20260327_172946
1774628958.4236066,7115609,1821595904,1821.595904,243,199,145,2,20260327_172946
1774628958.4335904,7115648,1821605888,1821.605888,246,199,144,2,20260327_172946
1774628958.4435744,7115687,1821615872,1821.615872,249,198,144,2,20260327_172946
1774628958.4535584,7115726,1821625856,1821.625856,252,199,144,2,20260327_172946
1774628958.4637983,7115766,1821636096,1821.636096,0,199,144,2,20260327_172946
1774628958.4737823,7115805,1821646080,1821.64608,3,200,145,2,20260327_172946
1774628958.4837666,7115844,1821656064,1821.656064,7,199,144,2,20260327_172946
1774628958.4937506,7115883,1821666048,1821.666048,10,199,146,2,20260327_172946
1774628958.5037346,7115922,1821676032,1821.676032,13,199,145,2,20260327_172946
1774628958.5137186,7115961,1821686016,1821.686016,16,200,145,2,20260327_172946
1774628958.5237026,7116000,1821696000,1821.696,19,200,145,2,20260327_172946
1774628958.5336866,7116039,1821705984,1821.705984,22,199,145,2,20260327_172946
1774628958.5436704,7116078,1821715968,1821.715968,25,199,146,2,20260327_172946
1774628958.5539105,7116118,1821726208,1821.726208,29,199,145,2,20260327_172946
1774628958.5638945,7116157,1821736192,1821.736192,32,199,144,2,20260327_172946
1774628958.5738783,7116196,1821746176,1821.746176,35,199,144,2,20260327_172946
1774628958.5838623,7116235,1821756160,1821.75616,37,199,143,2,20260327_172946
1774628958.5938466,7116274,1821766144,1821.766144,40,199,143,2,20260327_172946
1774628958.6038306,7116313,1821776128,1821.776128,42,199,141,2,20260327_172946
1774628958.6138146,7116352,1821786112,1821.786112,45,198,140,2,20260327_172946
1774628958.6237986,7116391,1821796096,1821.796096,47,198,139,2,20260327_172946
1774628958.6337826,7116430,1821806080,1821.80608,49,198,138,2,20260327_172946
1774628958.6440225,7116470,1821816320,1821.81632,51,199,135,2,20260327_172946
1774628958.6540065,7116509,1821826304,1821.826304,53,199,130,2,20260327_172946
1774628958.6639905,7116548,1821836288,1821.836288,56,199,128,2,20260327_172946
1774628958.6739745,7116587,1821846272,1821.846272,59,199,126,2,20260327_172946
1774628958.6839583,7116626,1821856256,1821.856256,63,199,122,2,20260327_172946
1774628958.6939423,7116665,1821866240,1821.86624,66,199,117,2,20260327_172946
1774628958.7039266,7116704,1821876224,1821.876224,70,199,115,2,20260327_172946
1774628958.7139106,7116743,1821886208,1821.886208,75,199,113,2,20260327_172946
1774628958.7241504,7116783,1821896448,1821.896448,78,199,111,2,20260327_172946
1774628958.7341344,7116822,1821906432,1821.906432,82,199,110,2,20260327_172946
1774628958.7441185,7116861,1821916416,1821.916416,86,199,108,2,20260327_172946
1774628958.7541025,7116900,1821926400,1821.9264,89,199,108,2,20260327_172946
1774628958.7640865,7116939,1821936384,1821.936384,92,199,107,2,20260327_172946
1774628958.7740705,7116978,1821946368,1821.946368,95,198,107,2,20260327_172946
1774628958.7840545,7117017,1821956352,1821.956352,99,198,107,2,20260327_172946
1774628958.7940383,7117056,1821966336,1821.966336,102,198,107,2,20260327_172946
1774628958.8042786,7117096,1821976576,1821.976576,105,199,107,2,20260327_172946
1774628958.8142626,7117135,1821986560,1821.98656,109,198,106,2,20260327_172946
1774628958.8242464,7117174,1821996544,1821.996544,112,198,107,2,20260327_172946
1774628958.8342304,7117213,1822006528,1822.006528,115,198,108,2,20260327_172946
1774628958.8442144,7117252,1822016512,1822.016512,118,198,108,2,20260327_172946
1774628958.8541985,7117291,1822026496,1822.026496,122,198,108,2,20260327_172946
1774628958.8641825,7117330,1822036480,1822.03648,125,198,108,2,20260327_172946
1774628958.8741665,7117369,1822046464,1822.046464,129,198,109,2,20260327_172946
1774628958.8841505,7117408,1822056448,1822.056448,132,198,109,2,20260327_172946
1774628958.8943906,7117448,1822066688,1822.066688,135,198,109,2,20260327_172946
1774628958.9043746,7117487,1822076672,1822.076672,139,198,109,2,20260327_172946
1774628958.9143586,7117526,1822086656,1822.086656,142,198,110,2,20260327_172946
1774628958.9243426,7117565,1822096640,1822.09664,146,198,110,2,20260327_172946
1774628958.9343264,7117604,1822106624,1822.106624,149,198,112,2,20260327_172946
1774628958.9443104,7117643,1822116608,1822.116608,153,198,112,2,20260327_172946
1774628958.9542944,7117682,1822126592,1822.126592,157,198,113,2,20260327_172946
1774628958.9645343,7117722,1822136832,1822.136832,160,198,113,2,20260327_172946
1774628958.9745183,7117761,1822146816,1822.146816,164,198,114,2,20260327_172946
1774628958.9845026,7117800,1822156800,1822.1568,168,198,116,2,20260327_172946
1774628958.9944866,7117839,1822166784,1822.166784,171,198,118,2,20260327_172946
1774628959.0044706,7117878,1822176768,1822.176768,174,198,121,2,20260327_172946
1774628959.0144546,7117917,1822186752,1822.186752,177,198,124,2,20260327_172946
1774628959.0244386,7117956,1822196736,1822.196736,181,198,127,2,20260327_172946
1774628959.0344226,7117995,1822206720,1822.20672,184,198,127,2,20260327_172946
1774628959.0444064,7118034,1822216704,1822.216704,187,198,130,2,20260327_172946
1774628959.0546465,7118074,1822226944,1822.226944,190,198,134,2,20260327_172946
1774628959.0646305,7118113,1822236928,1822.236928,193,198,138,2,20260327_172946
1774628959.0746143,7118152,1822246912,1822.246912,196,198,139,2,20260327_172946
1774628959.0845983,7118191,1822256896,1822.256896,200,198,140,2,20260327_172946
1774628959.0945826,7118230,1822266880,1822.26688,203,198,139,2,20260327_172946
1774628959.1045666,7118269,1822276864,1822.276864,206,198,140,2,20260327_172946
1774628959.1145506,7118308,1822286848,1822.286848,209,199,140,2,20260327_172946
1774628959.1245346,7118347,1822296832,1822.296832,212,199,141,2,20260327_172946
1774628959.1347744,7118387,1822307072,1822.307072,215,198,142,2,20260327_172946
1774628959.1447585,7118426,1822317056,1822.317056,218,199,142,2,20260327_172946
1774628959.1547425,7118465,1822327040,1822.32704,222,198,143,2,20260327_172946
1774628959.1647265,7118504,1822337024,1822.337024,225,199,143,2,20260327_172946
1774628959.1747105,7118543,1822347008,1822.347008,228,199,143,2,20260327_172946
1774628959.1846943,7118582,1822356992,1822.356992,231,199,144,2,20260327_172946
1774628959.1946783,7118621,1822366976,1822.366976,234,199,144,2,20260327_172946
1774628959.2046626,7118660,1822376960,1822.37696,237,199,144,2,20260327_172946
1774628959.2149026,7118700,1822387200,1822.3872,241,199,146,2,20260327_172946
1774628959.2248864,7118739,1822397184,1822.397184,244,198,144,2,20260327_172946
1774628959.2348704,7118778,1822407168,1822.407168,247,198,145,2,20260327_172946
1774628959.2448545,7118817,1822417152,1822.417152,250,199,145,2,20260327_172946
1774628959.2548385,7118856,1822427136,1822.427136,253,199,145,2,20260327_172946
1774628959.2648225,7118895,1822437120,1822.43712,1,199,145,2,20260327_172946
1774628959.2748065,7118934,1822447104,1822.447104,5,199,145,2,20260327_172946
1774628959.2847905,7118973,1822457088,1822.457088,8,199,144,2,20260327_172946
1774628959.2947743,7119012,1822467072,1822.467072,11,199,144,2,20260327_172946
1774628959.3050146,7119052,1822477312,1822.477312,14,199,144,2,20260327_172946
1774628959.3149986,7119091,1822487296,1822.487296,17,199,145,2,20260327_172946
1774628959.3249824,7119130,1822497280,1822.49728,20,199,145,2,20260327_172946
1774628959.3349664,7119169,1822507264,1822.507264,23,199,144,2,20260327_172946
1774628959.3449504,7119208,1822517248,1822.517248,26,199,144,2,20260327_172946
1774628959.3549345,7119247,1822527232,1822.527232,30,199,144,2,20260327_172946
1774628959.3649185,7119286,1822537216,1822.537216,33,199,144,2,20260327_172946
1774628959.3749025,7119325,1822547200,1822.5472,36,199,144,2,20260327_172946
1774628959.3848865,7119364,1822557184,1822.557184,38,199,143,2,20260327_172946
1774628959.3951266,7119404,1822567424,1822.567424,41,199,142,2,20260327_172946
1774628959.4051106,7119443,1822577408,1822.577408,43,199,141,2,20260327_172946
1774628959.4150946,7119482,1822587392,1822.587392,45,199,139,2,20260327_172946
1774628959.4250786,7119521,1822597376,1822.597376,47,198,139,2,20260327_172946
1774628959.4350624,7119560,1822607360,1822.60736,49,199,137,2,20260327_172946
1774628959.4450464,7119599,1822617344,1822.617344,52,199,135,2,20260327_172946
1774628959.4550304,7119638,1822627328,1822.627328,54,198,130,2,20260327_172946
1774628959.4650145,7119677,1822637312,1822.637312,57,199,127,2,20260327_172946
1774628959.4749985,7119716,1822647296,1822.647296,60,199,125,2,20260327_172946
1774628959.4852386,7119756,1822657536,1822.657536,64,199,122,2,20260327_172946
1774628959.4952226,7119795,1822667520,1822.66752,67,199,119,2,20260327_172946
1774628959.5052066,7119834,1822677504,1822.677504,71,199,116,2,20260327_172946
1774628959.5151906,7119873,1822687488,1822.687488,75,199,114,2,20260327_172946
1774628959.5251746,7119912,1822697472,1822.697472,79,199,111,2,20260327_172946
1774628959.5351586,7119951,1822707456,1822.707456,83,199,109,2,20260327_172946
1774628959.5451424,7119990,1822717440,1822.71744,86,199,108,2,20260327_172946
1774628959.5551264,7120029,1822727424,1822.727424,89,199,106,2,20260327_172946
1774628959.5651104,7120068,1822737408,1822.737408,93,198,107,2,20260327_172946
1774628959.5753503,7120108,1822747648,1822.747648,96,199,107,2,20260327_172946
1774628959.5853343,7120147,1822757632,1822.757632,99,198,106,2,20260327_172946
1774628959.5953186,7120186,1822767616,1822.767616,103,198,106,2,20260327_172946
1774628959.6053026,7120225,1822777600,1822.7776,106,198,106,2,20260327_172946
1774628959.6152866,7120264,1822787584,1822.787584,109,198,107,2,20260327_172946
1774628959.6252706,7120303,1822797568,1822.797568,112,198,107,2,20260327_172946
1774628959.6352546,7120342,1822807552,1822.807552,116,198,107,2,20260327_172946
1774628959.6452386,7120381,1822817536,1822.817536,119,198,108,2,20260327_172946
1774628959.6554785,7120421,1822827776,1822.827776,122,198,108,2,20260327_172946
1774628959.6654625,7120460,1822837760,1822.83776,126,198,108,2,20260327_172946
1774628959.6754465,7120499,1822847744,1822.847744,129,198,108,2,20260327_172946
1774628959.6854303,7120538,1822857728,1822.857728,132,198,110,2,20260327_172946
1774628959.6954143,7120577,1822867712,1822.867712,136,198,109,2,20260327_172946
1774628959.7053986,7120616,1822877696,1822.877696,139,198,109,2,20260327_172946
1774628959.7153826,7120655,1822887680,1822.88768,143,198,110,2,20260327_172946
1774628959.7253666,7120694,1822897664,1822.897664,146,198,110,2,20260327_172946
1774628959.7356064,7120734,1822907904,1822.907904,150,198,111,2,20260327_172946
1774628959.7455904,7120773,1822917888,1822.917888,154,199,112,2,20260327_172946
1774628959.7555745,7120812,1822927872,1822.927872,157,198,112,2,20260327_172946
1774628959.7655585,7120851,1822937856,1822.937856,161,199,114,2,20260327_172946
1774628959.7755425,7120890,1822947840,1822.94784,165,198,115,2,20260327_172946
1774628959.7855265,7120929,1822957824,1822.957824,168,199,118,2,20260327_172946
1774628959.7955103,7120968,1822967808,1822.967808,171,198,119,2,20260327_172946
1774628959.8054943,7121007,1822977792,1822.977792,175,198,123,2,20260327_172946
1774628959.8154786,7121046,1822987776,1822.987776,178,198,126,2,20260327_172946
1774628959.8257186,7121086,1822998016,1822.998016,181,199,127,2,20260327_172946
1774628959.8357024,7121125,1823008000,1823.008,184,198,129,2,20260327_172946
1774628959.8456864,7121164,1823017984,1823.017984,187,199,132,2,20260327_172946
1774628959.8556705,7121203,1823027968,1823.027968,191,199,136,2,20260327_172946
1774628959.8656545,7121242,1823037952,1823.037952,194,198,139,2,20260327_172946
1774628959.8756385,7121281,1823047936,1823.047936,197,198,139,2,20260327_172946
1774628959.8856225,7121320,1823057920,1823.05792,200,198,138,2,20260327_172946
1774628959.8956065,7121359,1823067904,1823.067904,203,199,140,2,20260327_172946
1774628959.9058466,7121399,1823078144,1823.078144,206,198,141,2,20260327_172946
1774628959.9158306,7121438,1823088128,1823.088128,209,199,142,2,20260327_172946
1774628959.9258146,7121477,1823098112,1823.098112,213,199,142,2,20260327_172946
1774628959.9357984,7121516,1823108096,1823.108096,216,199,142,2,20260327_172946
1774628959.9457824,7121555,1823118080,1823.11808,219,198,144,2,20260327_172946
1774628959.9557664,7121594,1823128064,1823.128064,222,199,143,2,20260327_172946
1774628959.9657505,7121633,1823138048,1823.138048,225,199,144,2,20260327_172946
1774628959.9757345,7121672,1823148032,1823.148032,228,199,143,2,20260327_172946
1774628959.9857185,7121711,1823158016,1823.158016,232,199,143,2,20260327_172946
1774628959.9959586,7121751,1823168256,1823.168256,235,198,143,2,20260327_172946
1774628960.0059426,7121790,1823178240,1823.17824,238,198,144,2,20260327_172946
1774628960.0159266,7121829,1823188224,1823.188224,241,198,144,2,20260327_172946
1774628960.0259106,7121868,1823198208,1823.198208,244,199,144,2,20260327_172946
1774628960.0358946,7121907,1823208192,1823.208192,247,199,144,2,20260327_172946
1774628960.0458784,7121946,1823218176,1823.218176,250,199,146,2,20260327_172946
1774628960.0558624,7121985,1823228160,1823.22816,254,199,145,2,20260327_172946
1774628960.0658464,7122024,1823238144,1823.238144,2,199,144,2,20260327_172946
1774628960.0758305,7122063,1823248128,1823.248128,5,199,144,2,20260327_172946
1774628960.0860703,7122103,1823258368,1823.258368,8,199,144,2,20260327_172946
1774628960.0960546,7122142,1823268352,1823.268352,11,199,144,2,20260327_172946
1774628960.1060386,7122181,1823278336,1823.278336,14,200,145,2,20260327_172946
1774628960.1160226,7122220,1823288320,1823.28832,17,199,144,2,20260327_172946
1774628960.1260066,7122259,1823298304,1823.298304,21,199,144,2,20260327_172946
1774628960.1359906,7122298,1823308288,1823.308288,24,199,143,2,20260327_172946
1774628960.1459746,7122337,1823318272,1823.318272,27,199,144,2,20260327_172946
1774628960.1559584,7122376,1823328256,1823.328256,30,199,142,2,20260327_172946
1774628960.1661985,7122416,1823338496,1823.338496,33,199,142,2,20260327_172946
1774628960.1761825,7122455,1823348480,1823.34848,36,199,142,2,20260327_172946
1774628960.1861663,7122494,1823358464,1823.358464,39,199,141,2,20260327_172946
1774628960.1961503,7122533,1823368448,1823.368448,41,199,140,2,20260327_172946
1774628960.2061346,7122572,1823378432,1823.378432,44,199,138,2,20260327_172946
1774628960.2161186,7122611,1823388416,1823.388416,46,199,138,2,20260327_172946
1774628960.2261026,7122650,1823398400,1823.3984,48,199,136,2,20260327_172946
1774628960.2360866,7122689,1823408384,1823.408384,51,199,134,2,20260327_172946
1774628960.2460706,7122728,1823418368,1823.418368,53,199,129,2,20260327_172946
1774628960.2563105,7122768,1823428608,1823.428608,56,198,125,2,20260327_172946
1774628960.2662945,7122807,1823438592,1823.438592,60,199,122,2,20260327_172946
1774628960.2762785,7122846,1823448576,1823.448576,64,199,119,2,20260327_172946
1774628960.2862625,7122885,1823458560,1823.45856,68,199,117,2,20260327_172946
1774628960.2962463,7122924,1823468544,1823.468544,72,199,115,2,20260327_172946
1774628960.3062303,7122963,1823478528,1823.478528,76,199,113,2,20260327_172946
1774628960.3162146,7123002,1823488512,1823.488512,79,199,111,2,20260327_172946
1774628960.3261986,7123041,1823498496,1823.498496,83,199,109,2,20260327_172946
1774628960.3361826,7123080,1823508480,1823.50848,87,199,107,2,20260327_172946
1774628960.3464224,7123120,1823518720,1823.51872,90,199,106,2,20260327_172946
1774628960.3564065,7123159,1823528704,1823.528704,93,199,107,2,20260327_172946
1774628960.3663905,7123198,1823538688,1823.538688,96,199,107,2,20260327_172946
1774628960.3763745,7123237,1823548672,1823.548672,100,199,107,2,20260327_172946
1774628960.3863585,7123276,1823558656,1823.558656,103,198,107,2,20260327_172946
1774628960.3963425,7123315,1823568640,1823.56864,106,198,107,2,20260327_172946
1774628960.4063263,7123354,1823578624,1823.578624,110,199,106,2,20260327_172946
1774628960.4163103,7123393,1823588608,1823.588608,113,199,107,2,20260327_172946
1774628960.4265506,7123433,1823598848,1823.598848,116,198,107,2,20260327_172946
1774628960.4365344,7123472,1823608832,1823.608832,119,199,108,2,20260327_172946
1774628960.4465184,7123511,1823618816,1823.618816,123,199,108,2,20260327_172946
1774628960.4565024,7123550,1823628800,1823.6288,126,198,108,2,20260327_172946
1774628960.4664865,7123589,1823638784,1823.638784,130,198,109,2,20260327_172946
1774628960.4764705,7123628,1823648768,1823.648768,133,198,109,2,20260327_172946
1774628960.4864545,7123667,1823658752,1823.658752,136,199,110,2,20260327_172946
1774628960.4964385,7123706,1823668736,1823.668736,140,198,110,2,20260327_172946
1774628960.5064223,7123745,1823678720,1823.67872,143,199,111,2,20260327_172946
1774628960.5166626,7123785,1823688960,1823.68896,147,198,112,2,20260327_172946
1774628960.5266466,7123824,1823698944,1823.698944,150,198,113,2,20260327_172946
1774628960.5366306,7123863,1823708928,1823.708928,154,199,114,2,20260327_172946
1774628960.5466144,7123902,1823718912,1823.718912,157,199,115,2,20260327_172946
1774628960.5565984,7123941,1823728896,1823.728896,161,198,117,2,20260327_172946
1774628960.5665824,7123980,1823738880,1823.73888,165,199,120,2,20260327_172946
1774628960.5765665,7124019,1823748864,1823.748864,168,199,123,2,20260327_172946
1774628960.5865505,7124058,1823758848,1823.758848,171,199,125,2,20260327_172946
1774628960.5967906,7124098,1823769088,1823.769088,174,199,127,2,20260327_172946
1774628960.6067746,7124137,1823779072,1823.779072,177,199,128,2,20260327_172946
1774628960.6167586,7124176,1823789056,1823.789056,181,198,131,2,20260327_172946
1774628960.6267426,7124215,1823799040,1823.79904,184,199,135,2,20260327_172946
1774628960.6367266,7124254,1823809024,1823.809024,187,199,138,2,20260327_172946
1774628960.6467106,7124293,1823819008,1823.819008,190,199,139,2,20260327_172946
1774628960.6566944,7124332,1823828992,1823.828992,193,199,139,2,20260327_172946
1774628960.6666784,7124371,1823838976,1823.838976,196,199,138,2,20260327_172946
1774628960.6766624,7124410,1823848960,1823.84896,199,199,139,2,20260327_172946
1774628960.6869023,7124450,1823859200,1823.8592,203,199,140,2,20260327_172946
1774628960.6968863,7124489,1823869184,1823.869184,206,199,141,2,20260327_172946
1774628960.7068706,7124528,1823879168,1823.879168,209,199,142,2,20260327_172946
1774628960.7168546,7124567,1823889152,1823.889152,212,199,142,2,20260327_172946
1774628960.7268386,7124606,1823899136,1823.899136,215,199,143,2,20260327_172946
1774628960.7368226,7124645,1823909120,1823.90912,218,199,143,2,20260327_172946
1774628960.7468066,7124684,1823919104,1823.919104,221,199,144,2,20260327_172946
1774628960.7567906,7124723,1823929088,1823.929088,225,199,144,2,20260327_172946
1774628960.7670305,7124763,1823939328,1823.939328,228,198,144,2,20260327_172946
1774628960.7770145,7124802,1823949312,1823.949312,231,199,145,2,20260327_172946
1774628960.7869985,7124841,1823959296,1823.959296,234,199,144,2,20260327_172946
1774628960.7969823,7124880,1823969280,1823.96928,237,199,145,2,20260327_172946
1774628960.8069663,7124919,1823979264,1823.979264,240,199,145,2,20260327_172946
1774628960.8169506,7124958,1823989248,1823.989248,244,199,145,2,20260327_172946
1774628960.8269346,7124997,1823999232,1823.999232,247,199,146,2,20260327_172946
1774628960.8369186,7125036,1824009216,1824.009216,250,199,145,2,20260327_172946
1774628960.8471584,7125076,1824019456,1824.019456,253,199,145,2,20260327_172946
1774628960.8571424,7125115,1824029440,1824.02944,1,199,146,2,20260327_172946
1774628960.8671265,7125154,1824039424,1824.039424,4,199,147,2,20260327_172946
1774628960.8771105,7125193,1824049408,1824.049408,8,199,147,2,20260327_172946
1774628960.8870945,7125232,1824059392,1824.059392,11,199,146,2,20260327_172946
1774628960.8970785,7125271,1824069376,1824.069376,14,199,146,2,20260327_172946
1774628960.9070623,7125310,1824079360,1824.07936,17,199,146,2,20260327_172946
1774628960.9170463,7125349,1824089344,1824.089344,20,200,145,2,20260327_172946
1774628960.9272866,7125389,1824099584,1824.099584,23,199,145,2,20260327_172946
1774628960.9372706,7125428,1824109568,1824.109568,26,201,145,2,20260327_172946
1774628960.9472544,7125467,1824119552,1824.119552,29,199,144,2,20260327_172946
1774628960.9572384,7125506,1824129536,1824.129536,33,199,143,2,20260327_172946
1774628960.9672225,7125545,1824139520,1824.13952,35,200,143,2,20260327_172946
1774628960.9772065,7125584,1824149504,1824.149504,38,199,143,2,20260327_172946
1774628960.9871905,7125623,1824159488,1824.159488,41,199,141,2,20260327_172946
1774628960.9971745,7125662,1824169472,1824.169472,43,199,140,2,20260327_172946
1774628961.0071585,7125701,1824179456,1824.179456,46,200,139,2,20260327_172946
1774628961.0171423,7125740,1824189440,1824.18944,48,199,137,2,20260327_172946
1774628961.0273826,7125780,1824199680,1824.19968,50,199,137,2,20260327_172946
1774628961.0373666,7125819,1824209664,1824.209664,52,199,132,2,20260327_172946
1774628961.0473504,7125858,1824219648,1824.219648,55,199,129,2,20260327_172946
1774628961.0573344,7125897,1824229632,1824.229632,58,199,127,2,20260327_172946
1774628961.0673184,7125936,1824239616,1824.239616,61,199,124,2,20260327_172946
1774628961.0773025,7125975,1824249600,1824.2496,65,199,122,2,20260327_172946
1774628961.0872865,7126014,1824259584,1824.259584,68,199,119,2,20260327_172946
1774628961.0972705,7126053,1824269568,1824.269568,72,199,116,2,20260327_172946
1774628961.1075106,7126093,1824279808,1824.279808,76,199,114,2,20260327_172946
1774628961.1174946,7126132,1824289792,1824.289792,80,199,112,2,20260327_172946
1774628961.1274786,7126171,1824299776,1824.299776,84,199,110,2,20260327_172946
1774628961.1374626,7126210,1824309760,1824.30976,87,199,108,2,20260327_172946
1774628961.1474466,7126249,1824319744,1824.319744,90,199,107,2,20260327_172946
1774628961.1574304,7126288,1824329728,1824.329728,94,199,106,2,20260327_172946
1774628961.1674144,7126327,1824339712,1824.339712,97,199,107,2,20260327_172946
1774628961.1773984,7126366,1824349696,1824.349696,100,199,106,2,20260327_172946
1774628961.1876383,7126406,1824359936,1824.359936,103,199,107,2,20260327_172946
1774628961.1976223,7126445,1824369920,1824.36992,107,198,107,2,20260327_172946
1774628961.2076066,7126484,1824379904,1824.379904,110,198,107,2,20260327_172946
1774628961.2175906,7126523,1824389888,1824.389888,113,199,107,2,20260327_172946
1774628961.2275746,7126562,1824399872,1824.399872,117,199,107,2,20260327_172946
1774628961.2375586,7126601,1824409856,1824.409856,120,199,108,2,20260327_172946
1774628961.2475426,7126640,1824419840,1824.41984,123,198,108,2,20260327_172946
1774628961.2575266,7126679,1824429824,1824.429824,127,198,108,2,20260327_172946
1774628961.2675104,7126718,1824439808,1824.439808,130,198,109,2,20260327_172946
1774628961.2777505,7126758,1824450048,1824.450048,133,198,109,2,20260327_172946
1774628961.2877345,7126797,1824460032,1824.460032,137,198,109,2,20260327_172946
1774628961.2977183,7126836,1824470016,1824.470016,140,198,110,2,20260327_172946
1774628961.3077023,7126875,1824480000,1824.48,144,198,111,2,20260327_172946
1774628961.3176866,7126914,1824489984,1824.489984,147,199,112,2,20260327_172946
1774628961.3276706,7126953,1824499968,1824.499968,151,199,113,2,20260327_172946
1774628961.3376546,7126992,1824509952,1824.509952,154,199,114,2,20260327_172946
1774628961.3476386,7127031,1824519936,1824.519936,158,198,116,2,20260327_172946
1774628961.3578784,7127071,1824530176,1824.530176,161,199,120,2,20260327_172946
1774628961.3678625,7127110,1824540160,1824.54016,165,198,122,2,20260327_172946
1774628961.3778465,7127149,1824550144,1824.550144,168,199,126,2,20260327_172946
1774628961.3878305,7127188,1824560128,1824.560128,171,199,127,2,20260327_172946
1774628961.3978145,7127227,1824570112,1824.570112,174,198,128,2,20260327_172946
1774628961.4077983,7127266,1824580096,1824.580096,178,199,130,2,20260327_172946
1774628961.4177823,7127305,1824590080,1824.59008,181,199,134,2,20260327_172946
1774628961.4277666,7127344,1824600064,1824.600064,184,199,138,2,20260327_172946
1774628961.4380066,7127384,1824610304,1824.610304,187,199,140,2,20260327_172946
1774628961.4479904,7127423,1824620288,1824.620288,190,199,139,2,20260327_172946
1774628961.4579744,7127462,1824630272,1824.630272,193,199,138,2,20260327_172946
1774628961.4679585,7127501,1824640256,1824.640256,196,199,137,2,20260327_172946
1774628961.4779425,7127540,1824650240,1824.65024,200,199,139,2,20260327_172946
1774628961.4879265,7127579,1824660224,1824.660224,203,199,140,2,20260327_172946
1774628961.4979105,7127618,1824670208,1824.670208,206,199,141,2,20260327_172946
1774628961.5078945,7127657,1824680192,1824.680192,209,199,143,2,20260327_172946
1774628961.5178783,7127696,1824690176,1824.690176,212,199,143,2,20260327_172946
1774628961.5281186,7127736,1824700416,1824.700416,215,199,143,2,20260327_172946
1774628961.5381026,7127775,1824710400,1824.7104,218,199,144,2,20260327_172946
1774628961.5480864,7127814,1824720384,1824.720384,222,199,144,2,20260327_172946
1774628961.5580704,7127853,1824730368,1824.730368,225,199,144,2,20260327_172946
1774628961.5680544,7127892,1824740352,1824.740352,228,199,145,2,20260327_172946
1774628961.5780385,7127931,1824750336,1824.750336,231,199,145,2,20260327_172946
1774628961.5880225,7127970,1824760320,1824.76032,234,199,145,2,20260327_172946
1774628961.5980065,7128009,1824770304,1824.770304,237,199,145,2,20260327_172946
1774628961.6082466,7128049,1824780544,1824.780544,241,199,145,2,20260327_172946
1774628961.6182306,7128088,1824790528,1824.790528,244,199,145,2,20260327_172946
1774628961.6282146,7128127,1824800512,1824.800512,247,199,145,2,20260327_172946
1774628961.6381986,7128166,1824810496,1824.810496,250,199,145,2,20260327_172946
1774628961.6481826,7128205,1824820480,1824.82048,253,199,146,2,20260327_172946
1774628961.6581664,7128244,1824830464,1824.830464,1,199,145,2,20260327_172946
1774628961.6681504,7128283,1824840448,1824.840448,5,199,145,2,20260327_172946
1774628961.6781344,7128322,1824850432,1824.850432,8,200,145,2,20260327_172946
1774628961.6881185,7128361,1824860416,1824.860416,11,199,144,2,20260327_172946
1774628961.6983583,7128401,1824870656,1824.870656,14,199,146,2,20260327_172946
1774628961.7083426,7128440,1824880640,1824.88064,17,199,144,2,20260327_172946
1774628961.7183266,7128479,1824890624,1824.890624,20,199,145,2,20260327_172946
1774628961.7283106,7128518,1824900608,1824.900608,23,199,144,2,20260327_172946
1774628961.7382946,7128557,1824910592,1824.910592,26,199,144,2,20260327_172946
1774628961.7482786,7128596,1824920576,1824.920576,30,199,143,2,20260327_172946
1774628961.7582626,7128635,1824930560,1824.93056,33,199,142,2,20260327_172946
1774628961.7682464,7128674,1824940544,1824.940544,36,199,142,2,20260327_172946
1774628961.7782304,7128713,1824950528,1824.950528,38,200,141,2,20260327_172946
1774628961.7884705,7128753,1824960768,1824.960768,41,199,140,2,20260327_172946
1774628961.7984543,7128792,1824970752,1824.970752,44,199,139,2,20260327_172946
1774628961.8084383,7128831,1824980736,1824.980736,46,199,138,2,20260327_172946
1774628961.8184226,7128870,1824990720,1824.99072,48,199,136,2,20260327_172946
1774628961.8284066,7128909,1825000704,1825.000704,50,200,135,2,20260327_172946
1774628961.8383906,7128948,1825010688,1825.010688,53,199,132,2,20260327_172946
1774628961.8483746,7128987,1825020672,1825.020672,56,199,127,2,20260327_172946
1774628961.8583586,7129026,1825030656,1825.030656,59,199,127,2,20260327_172946
1774628961.8685985,7129066,1825040896,1825.040896,62,199,123,2,20260327_172946
1774628961.8785825,7129105,1825050880,1825.05088,66,199,121,2,20260327_172946
1774628961.8885665,7129144,1825060864,1825.060864,70,199,118,2,20260327_172946
1774628961.8985505,7129183,1825070848,1825.070848,74,199,116,2,20260327_172946
1774628961.9085343,7129222,1825080832,1825.080832,77,199,114,2,20260327_172946
1774628961.9185183,7129261,1825090816,1825.090816,81,199,112,2,20260327_172946
1774628961.9285026,7129300,1825100800,1825.1008,85,199,110,2,20260327_172946
1774628961.9384866,7129339,1825110784,1825.110784,88,198,108,2,20260327_172946
1774628961.9484706,7129378,1825120768,1825.120768,91,199,106,2,20260327_172946
1774628961.9587104,7129418,1825131008,1825.131008,95,198,107,2,20260327_172946
1774628961.9686944,7129457,1825140992,1825.140992,98,199,107,2,20260327_172946
1774628961.9786785,7129496,1825150976,1825.150976,101,198,108,2,20260327_172946
1774628961.9886625,7129535,1825160960,1825.16096,104,198,108,2,20260327_172946
1774628961.9986465,7129574,1825170944,1825.170944,108,198,107,2,20260327_172946
1774628962.0086305,7129613,1825180928,1825.180928,111,198,107,2,20260327_172946
1774628962.0186143,7129652,1825190912,1825.190912,114,198,108,2,20260327_172946
1774628962.0285983,7129691,1825200896,1825.200896,118,198,108,2,20260327_172946
1774628962.0385826,7129730,1825210880,1825.21088,121,199,108,2,20260327_172946
1774628962.0488226,7129770,1825221120,1825.22112,124,198,109,2,20260327_172946
1774628962.0588064,7129809,1825231104,1825.231104,128,198,108,2,20260327_172946
1774628962.0687904,7129848,1825241088,1825.241088,131,198,109,2,20260327_172946
1774628962.0787745,7129887,1825251072,1825.251072,134,198,109,2,20260327_172946
1774628962.0887585,7129926,1825261056,1825.261056,138,199,111,2,20260327_172946
1774628962.0987425,7129965,1825271040,1825.27104,141,198,111,2,20260327_172946
1774628962.1087265,7130004,1825281024,1825.281024,145,198,112,2,20260327_172946
1774628962.1187105,7130043,1825291008,1825.291008,148,198,113,2,20260327_172946
1774628962.1289506,7130083,1825301248,1825.301248,152,198,114,2,20260327_172946
1774628962.1389346,7130122,1825311232,1825.311232,155,199,115,2,20260327_172946
1774628962.1489186,7130161,1825321216,1825.321216,159,198,118,2,20260327_172946
1774628962.1589024,7130200,1825331200,1825.3312,162,199,121,2,20260327_172946
1774628962.1688864,7130239,1825341184,1825.341184,166,198,125,2,20260327_172946
1774628962.1788704,7130278,1825351168,1825.351168,169,198,127,2,20260327_172946
1774628962.1888545,7130317,1825361152,1825.361152,172,199,128,2,20260327_172946
1774628962.1988385,7130356,1825371136,1825.371136,175,198,130,2,20260327_172946
1774628962.2088225,7130395,1825381120,1825.38112,178,199,135,2,20260327_172946
1774628962.2190626,7130435,1825391360,1825.39136,182,199,139,2,20260327_172946
1774628962.2290466,7130474,1825401344,1825.401344,185,198,140,2,20260327_172946
1774628962.2390306,7130513,1825411328,1825.411328,188,199,139,2,20260327_172946
1774628962.2490146,7130552,1825421312,1825.421312,191,199,139,2,20260327_172946
1774628962.2589986,7130591,1825431296,1825.431296,194,199,139,2,20260327_172946
1774628962.2689824,7130630,1825441280,1825.44128,197,199,140,2,20260327_172946
1774628962.2789664,7130669,1825451264,1825.451264,200,199,140,2,20260327_172946
1774628962.2889504,7130708,1825461248,1825.461248,204,199,142,2,20260327_172946
1774628962.2991903,7130748,1825471488,1825.471488,207,199,143,2,20260327_172946
1774628962.3091743,7130787,1825481472,1825.481472,210,199,143,2,20260327_172946
1774628962.3191586,7130826,1825491456,1825.491456,213,199,143,2,20260327_172946
1774628962.3291426,7130865,1825501440,1825.50144,216,199,144,2,20260327_172946
1774628962.3391266,7130904,1825511424,1825.511424,219,199,144,2,20260327_172946
1774628962.3491106,7130943,1825521408,1825.521408,222,199,144,2,20260327_172946
1774628962.3590946,7130982,1825531392,1825.531392,226,199,145,2,20260327_172946
1774628962.3690786,7131021,1825541376,1825.541376,229,199,145,2,20260327_172946
1774628962.3790624,7131060,1825551360,1825.55136,232,199,145,2,20260327_172946
1774628962.3893025,7131100,1825561600,1825.5616,235,199,146,2,20260327_172946
1774628962.3992865,7131139,1825571584,1825.571584,238,199,145,2,20260327_172946
1774628962.4092703,7131178,1825581568,1825.581568,241,199,145,2,20260327_172946
1774628962.4192543,7131217,1825591552,1825.591552,245,199,145,2,20260327_172946
1774628962.4292386,7131256,1825601536,1825.601536,248,199,145,2,20260327_172946
1774628962.4392226,7131295,1825611520,1825.61152,251,199,146,2,20260327_172946
1774628962.4492066,7131334,1825621504,1825.621504,254,199,145,2,20260327_172946
1774628962.4591906,7131373,1825631488,1825.631488,2,199,145,2,20260327_172946
1774628962.4691746,7131412,1825641472,1825.641472,5,199,145,2,20260327_172946
1774628962.4794145,7131452,1825651712,1825.651712,9,199,144,2,20260327_172946
1774628962.4893985,7131491,1825661696,1825.661696,12,199,143,2,20260327_172946
1774628962.4993825,7131530,1825671680,1825.67168,15,199,143,2,20260327_172946
1774628962.5093665,7131569,1825681664,1825.681664,18,199,142,2,20260327_172946
1774628962.5193503,7131608,1825691648,1825.691648,21,199,143,2,20260327_172946
1774628962.5293343,7131647,1825701632,1825.701632,24,199,142,2,20260327_172946
1774628962.5393186,7131686,1825711616,1825.711616,27,199,142,2,20260327_172946
1774628962.5493026,7131725,1825721600,1825.7216,30,199,141,2,20260327_172946
1774628962.5595424,7131765,1825731840,1825.73184,34,199,140,2,20260327_172946
1774628962.5695264,7131804,1825741824,1825.741824,36,199,139,2,20260327_172946
1774628962.5795105,7131843,1825751808,1825.751808,39,199,138,2,20260327_172946
1774628962.5894945,7131882,1825761792,1825.761792,42,199,137,2,20260327_172946
1774628962.5994785,7131921,1825771776,1825.771776,45,199,136,2,20260327_172946
1774628962.6094625,7131960,1825781760,1825.78176,47,199,133,2,20260327_172946
1774628962.6194465,7131999,1825791744,1825.791744,50,199,130,2,20260327_172946
1774628962.6294303,7132038,1825801728,1825.801728,53,199,127,2,20260327_172946
1774628962.6394143,7132077,1825811712,1825.811712,56,199,123,2,20260327_172946
1774628962.6496546,7132117,1825821952,1825.821952,60,199,119,2,20260327_172946
1774628962.6596384,7132156,1825831936,1825.831936,64,199,117,2,20260327_172946
1774628962.6696224,7132195,1825841920,1825.84192,69,199,114,2,20260327_172946
1774628962.6796064,7132234,1825851904,1825.851904,73,199,113,2,20260327_172946
1774628962.6895905,7132273,1825861888,1825.861888,77,199,111,2,20260327_172946
1774628962.6995745,7132312,1825871872,1825.871872,81,199,109,2,20260327_172946
1774628962.7095585,7132351,1825881856,1825.881856,84,199,107,2,20260327_172946
1774628962.7195425,7132390,1825891840,1825.89184,88,199,107,2,20260327_172946
1774628962.7297826,7132430,1825902080,1825.90208,91,199,107,2,20260327_172946
1774628962.7397666,7132469,1825912064,1825.912064,94,199,108,2,20260327_172946
1774628962.7497506,7132508,1825922048,1825.922048,97,199,107,2,20260327_172946
1774628962.7597346,7132547,1825932032,1825.932032,101,199,107,2,20260327_172946
1774628962.7697184,7132586,1825942016,1825.942016,104,198,106,2,20260327_172946
1774628962.7797024,7132625,1825952000,1825.952,107,198,107,2,20260327_172946
1774628962.7896864,7132664,1825961984,1825.961984,111,198,108,2,20260327_172946
1774628962.7996705,7132703,1825971968,1825.971968,114,198,108,2,20260327_172946
1774628962.8096545,7132742,1825981952,1825.981952,117,198,109,2,20260327_172946
1774628962.8198946,7132782,1825992192,1825.992192,120,198,109,2,20260327_172946
1774628962.8298786,7132821,1826002176,1826.002176,124,198,109,2,20260327_172946
1774628962.8398626,7132860,1826012160,1826.01216,127,198,110,2,20260327_172946
1774628962.8498466,7132899,1826022144,1826.022144,131,198,109,2,20260327_172946
1774628962.8598306,7132938,1826032128,1826.032128,134,198,110,2,20260327_172946
1774628962.8698146,7132977,1826042112,1826.042112,137,198,111,2,20260327_172946
1774628962.8797984,7133016,1826052096,1826.052096,141,198,112,2,20260327_172946
1774628962.8897824,7133055,1826062080,1826.06208,144,199,113,2,20260327_172946
1774628962.8997664,7133094,1826072064,1826.072064,148,198,115,2,20260327_172946
1774628962.9100063,7133134,1826082304,1826.082304,151,198,117,2,20260327_172946
1774628962.9199903,7133173,1826092288,1826.092288,155,198,120,2,20260327_172946
1774628962.9299746,7133212,1826102272,1826.102272,158,199,124,2,20260327_172946
1774628962.9399586,7133251,1826112256,1826.112256,161,199,127,2,20260327_172946
1774628962.9499426,7133290,1826122240,1826.12224,164,199,127,2,20260327_172946
1774628962.9599266,7133329,1826132224,1826.132224,167,198,129,2,20260327_172946
1774628962.9699106,7133368,1826142208,1826.142208,170,199,134,2,20260327_172946
1774628962.9798946,7133407,1826152192,1826.152192,174,199,138,2,20260327_172946
1774628962.9898784,7133446,1826162176,1826.162176,177,199,140,2,20260327_172946
1774628963.0001185,7133486,1826172416,1826.172416,180,199,140,2,20260327_172946
1774628963.0101025,7133525,1826182400,1826.1824,183,199,139,2,20260327_172946
1774628963.0200863,7133564,1826192384,1826.192384,186,199,139,2,20260327_172946
1774628963.0300703,7133603,1826202368,1826.202368,189,199,139,2,20260327_172946
1774628963.0400546,7133642,1826212352,1826.212352,192,199,140,2,20260327_172946
1774628963.0500386,7133681,1826222336,1826.222336,195,199,142,2,20260327_172946
1774628963.0600226,7133720,1826232320,1826.23232,199,199,142,2,20260327_172946
1774628963.0700066,7133759,1826242304,1826.242304,202,199,143,2,20260327_172946
1774628963.0799906,7133798,1826252288,1826.252288,205,199,144,2,20260327_172946
1774628963.0902305,7133838,1826262528,1826.262528,208,199,144,2,20260327_172946
1774628963.1002145,7133877,1826272512,1826.272512,211,199,144,2,20260327_172946
1774628963.1101985,7133916,1826282496,1826.282496,214,199,145,2,20260327_172946
1774628963.1201825,7133955,1826292480,1826.29248,217,199,145,2,20260327_172946
1774628963.1301663,7133994,1826302464,1826.302464,221,199,145,2,20260327_172946
1774628963.1401503,7134033,1826312448,1826.312448,224,199,145,2,20260327_172946
1774628963.1501346,7134072,1826322432,1826.322432,227,199,146,2,20260327_172946
1774628963.1601186,7134111,1826332416,1826.332416,230,199,146,2,20260327_172946
1774628963.1703584,7134151,1826342656,1826.342656,233,199,146,2,20260327_172946
1774628963.1803424,7134190,1826352640,1826.35264,236,199,146,2,20260327_172946
1774628963.1903265,7134229,1826362624,1826.362624,240,199,146,2,20260327_172946
1774628963.2003105,7134268,1826372608,1826.372608,243,199,146,2,20260327_172946
1774628963.2102945,7134307,1826382592,1826.382592,246,199,145,2,20260327_172946
1774628963.2202785,7134346,1826392576,1826.392576,249,199,146,2,20260327_172946
1774628963.2302625,7134385,1826402560,1826.40256,252,199,146,2,20260327_172946
1774628963.2402463,7134424,1826412544,1826.412544,0,199,145,2,20260327_172946
1774628963.2504866,7134464,1826422784,1826.422784,4,199,145,2,20260327_172946
1774628963.2604706,7134503,1826432768,1826.432768,7,200,144,2,20260327_172946
1774628963.2704544,7134542,1826442752,1826.442752,10,199,143,2,20260327_172946
1774628963.2804384,7134581,1826452736,1826.452736,13,199,143,2,20260327_172946
1774628963.2904224,7134620,1826462720,1826.46272,16,199,142,2,20260327_172946
1774628963.3004065,7134659,1826472704,1826.472704,19,199,141,2,20260327_172946
1774628963.3103905,7134698,1826482688,1826.482688,22,199,142,2,20260327_172946
1774628963.3203745,7134737,1826492672,1826.492672,25,199,140,2,20260327_172946
1774628963.3306146,7134777,1826502912,1826.502912,29,199,139,2,20260327_172946
1774628963.3405986,7134816,1826512896,1826.512896,32,199,138,2,20260327_172946
1774628963.3505826,7134855,1826522880,1826.52288,35,199,138,2,20260327_172946
1774628963.3605666,7134894,1826532864,1826.532864,38,199,136,2,20260327_172946
1774628963.3705506,7134933,1826542848,1826.542848,41,199,133,2,20260327_172946
1774628963.3805344,7134972,1826552832,1826.552832,44,199,130,2,20260327_172946
1774628963.3905184,7135011,1826562816,1826.562816,47,199,127,2,20260327_172946
1774628963.4005024,7135050,1826572800,1826.5728,50,201,126,2,20260327_172946
1774628963.4104865,7135089,1826582784,1826.582784,54,199,121,2,20260327_172946
1774628963.4207263,7135129,1826593024,1826.593024,58,199,119,2,20260327_172946
1774628963.4307106,7135168,1826603008,1826.603008,62,199,115,2,20260327_172946
1774628963.4406946,7135207,1826612992,1826.612992,67,199,113,2,20260327_172946
1774628963.4506786,7135246,1826622976,1826.622976,71,199,111,2,20260327_172946
1774628963.4606626,7135285,1826632960,1826.63296,75,199,111,2,20260327_172946
1774628963.4706466,7135324,1826642944,1826.642944,79,199,108,2,20260327_172946
1774628963.4806306,7135363,1826652928,1826.652928,83,199,107,2,20260327_172946
1774628963.4906144,7135402,1826662912,1826.662912,87,199,107,2,20260327_172946
1774628963.5008545,7135442,1826673152,1826.673152,90,199,107,2,20260327_172946
1774628963.5108385,7135481,1826683136,1826.683136,93,199,108,2,20260327_172946
1774628963.5208223,7135520,1826693120,1826.69312,96,199,107,2,20260327_172946
1774628963.5308063,7135559,1826703104,1826.703104,100,199,107,2,20260327_172946
1774628963.5407906,7135598,1826713088,1826.713088,103,199,110,2,20260327_172946
1774628963.5507746,7135637,1826723072,1826.723072,106,199,107,2,20260327_172946
1774628963.5607586,7135676,1826733056,1826.733056,110,198,107,2,20260327_172946
1774628963.5707426,7135715,1826743040,1826.74304,113,198,108,2,20260327_172946
1774628963.5807266,7135754,1826753024,1826.753024,116,199,108,2,20260327_172946
1774628963.5909665,7135794,1826763264,1826.763264,119,198,108,2,20260327_172946
1774628963.6009505,7135833,1826773248,1826.773248,123,198,109,2,20260327_172946
1774628963.6109345,7135872,1826783232,1826.783232,126,199,109,2,20260327_172946
1774628963.6209185,7135911,1826793216,1826.793216,129,199,110,2,20260327_172946
1774628963.6309023,7135950,1826803200,1826.8032,133,198,110,2,20260327_172946
1774628963.6408863,7135989,1826813184,1826.813184,136,199,111,2,20260327_172946
1774628963.6508706,7136028,1826823168,1826.823168,140,199,112,2,20260327_172946
1774628963.6608546,7136067,1826833152,1826.833152,143,198,113,2,20260327_172946
1774628963.6708386,7136106,1826843136,1826.843136,147,199,115,2,20260327_172946
1774628963.6810784,7136146,1826853376,1826.853376,150,199,117,2,20260327_172946
1774628963.6910625,7136185,1826863360,1826.86336,153,199,119,2,20260327_172946
1774628963.7010465,7136224,1826873344,1826.873344,157,199,124,2,20260327_172946
1774628963.7110305,7136263,1826883328,1826.883328,160,199,126,2,20260327_172946
1774628963.7210145,7136302,1826893312,1826.893312,163,199,127,2,20260327_172946
1774628963.7309985,7136341,1826903296,1826.903296,166,199,129,2,20260327_172946
1774628963.7409823,7136380,1826913280,1826.91328,169,199,133,2,20260327_172946
1774628963.7509663,7136419,1826923264,1826.923264,172,199,138,2,20260327_172946
1774628963.7612066,7136459,1826933504,1826.933504,175,199,140,2,20260327_172946
1774628963.7711904,7136498,1826943488,1826.943488,179,199,140,2,20260327_172946
1774628963.7811744,7136537,1826953472,1826.953472,182,199,140,2,20260327_172946
1774628963.7911584,7136576,1826963456,1826.963456,185,199,140,2,20260327_172946
1774628963.8011425,7136615,1826973440,1826.97344,188,199,141,2,20260327_172946
1774628963.8111265,7136654,1826983424,1826.983424,191,199,142,2,20260327_172946
1774628963.8211105,7136693,1826993408,1826.993408,194,199,142,2,20260327_172946
1774628963.8310945,7136732,1827003392,1827.003392,197,199,143,2,20260327_172946
1774628963.8410783,7136771,1827013376,1827.013376,201,199,143,2,20260327_172946
1774628963.8513186,7136811,1827023616,1827.023616,204,199,143,2,20260327_172946
1774628963.8613026,7136850,1827033600,1827.0336,207,199,144,2,20260327_172946
1774628963.8712866,7136889,1827043584,1827.043584,210,199,143,2,20260327_172946
1774628963.8812704,7136928,1827053568,1827.053568,213,199,144,2,20260327_172946
1774628963.8912544,7136967,1827063552,1827.063552,216,199,145,2,20260327_172946
1774628963.9012384,7137006,1827073536,1827.073536,219,199,145,2,20260327_172946
1774628963.9112225,7137045,1827083520,1827.08352,223,199,145,2,20260327_172946
1774628963.9212065,7137084,1827093504,1827.093504,226,199,145,2,20260327_172946
1774628963.9314466,7137124,1827103744,1827.103744,229,199,144,2,20260327_172946
1774628963.9414306,7137163,1827113728,1827.113728,232,199,145,2,20260327_172946
1774628963.9514146,7137202,1827123712,1827.123712,235,199,145,2,20260327_172946
1774628963.9613986,7137241,1827133696,1827.133696,238,199,145,2,20260327_172946
1774628963.9713826,7137280,1827143680,1827.14368,241,199,145,2,20260327_172946
1774628963.9813666,7137319,1827153664,1827.153664,245,199,146,2,20260327_172946
1774628963.9913504,7137358,1827163648,1827.163648,248,199,146,2,20260327_172946
1774628964.0013344,7137397,1827173632,1827.173632,251,199,146,2,20260327_172946
1774628964.0113184,7137436,1827183616,1827.183616,254,199,146,2,20260327_172946
1774628964.0215583,7137476,1827193856,1827.193856,2,199,145,2,20260327_172946
1774628964.0315423,7137515,1827203840,1827.20384,5,199,144,2,20260327_172946
1774628964.0415266,7137554,1827213824,1827.213824,9,199,144,2,20260327_172946
1774628964.0515106,7137593,1827223808,1827.223808,12,199,142,2,20260327_172946
1774628964.0614946,7137632,1827233792,1827.233792,15,199,142,2,20260327_172946
1774628964.0714786,7137671,1827243776,1827.243776,18,199,140,2,20260327_172946
1774628964.0814626,7137710,1827253760,1827.25376,21,199,142,2,20260327_172946
1774628964.0914466,7137749,1827263744,1827.263744,24,199,139,2,20260327_172946
1774628964.1016865,7137789,1827273984,1827.273984,27,200,138,2,20260327_172946
1774628964.1116705,7137828,1827283968,1827.283968,31,199,137,2,20260327_172946
1774628964.1216545,7137867,1827293952,1827.293952,34,200,135,2,20260327_172946
1774628964.1316383,7137906,1827303936,1827.303936,37,199,132,2,20260327_172946
1774628964.1416223,7137945,1827313920,1827.31392,40,199,128,2,20260327_172946
1774628964.1516066,7137984,1827323904,1827.323904,43,199,126,2,20260327_172946
1774628964.1615906,7138023,1827333888,1827.333888,47,199,121,2,20260327_172946
1774628964.1715746,7138062,1827343872,1827.343872,50,199,118,2,20260327_172946
1774628964.1815586,7138101,1827353856,1827.353856,55,199,114,2,20260327_172946
1774628964.1915426,7138140,1827363840,1827.36384,60,199,113,2,20260327_172946
1774628964.2017825,7138180,1827374080,1827.37408,65,199,111,2,20260327_172946
1774628964.2117665,7138219,1827384064,1827.384064,70,199,108,2,20260327_172946
1774628964.2217505,7138258,1827394048,1827.394048,74,199,107,2,20260327_172946
1774628964.2317345,7138297,1827404032,1827.404032,78,199,107,2,20260327_172946
1774628964.2417183,7138336,1827414016,1827.414016,82,199,107,2,20260327_172946
1774628964.2517023,7138375,1827424000,1827.424,85,199,108,2,20260327_172946
1774628964.2616866,7138414,1827433984,1827.433984,89,199,107,2,20260327_172946
1774628964.2716706,7138453,1827443968,1827.443968,92,199,107,2,20260327_172946
1774628964.2819104,7138493,1827454208,1827.454208,95,199,107,2,20260327_172946
1774628964.2918944,7138532,1827464192,1827.464192,99,199,107,2,20260327_172946
1774628964.3018785,7138571,1827474176,1827.474176,102,199,107,2,20260327_172946
1774628964.3118625,7138610,1827484160,1827.48416,105,199,107,2,20260327_172946
1774628964.3218465,7138649,1827494144,1827.494144,109,198,107,2,20260327_172946
1774628964.3318305,7138688,1827504128,1827.504128,112,199,107,2,20260327_172946
1774628964.3418145,7138727,1827514112,1827.514112,115,198,108,2,20260327_172946
1774628964.3520546,7138767,1827524352,1827.524352,118,198,108,2,20260327_172946
1774628964.3620386,7138806,1827534336,1827.534336,122,198,109,2,20260327_172946
1774628964.3720226,7138845,1827544320,1827.54432,125,198,111,2,20260327_172946
1774628964.3820064,7138884,1827554304,1827.554304,128,199,111,2,20260327_172946
1774628964.3919904,7138923,1827564288,1827.564288,132,199,112,2,20260327_172946
1774628964.4019744,7138962,1827574272,1827.574272,135,199,113,2,20260327_172946
1774628964.4119585,7139001,1827584256,1827.584256,139,198,114,2,20260327_172946
1774628964.4219425,7139040,1827594240,1827.59424,142,199,116,2,20260327_172946
1774628964.4319265,7139079,1827604224,1827.604224,145,198,118,2,20260327_172946
1774628964.4421666,7139119,1827614464,1827.614464,149,199,120,2,20260327_172946
1774628964.4521506,7139158,1827624448,1827.624448,152,199,124,2,20260327_172946
1774628964.4621346,7139197,1827634432,1827.634432,155,198,126,2,20260327_172946
1774628964.4721186,7139236,1827644416,1827.644416,158,199,127,2,20260327_172946
1774628964.4821026,7139275,1827654400,1827.6544,161,199,129,2,20260327_172946
1774628964.4920864,7139314,1827664384,1827.664384,164,199,133,2,20260327_172946
1774628964.5020704,7139353,1827674368,1827.674368,167,199,137,2,20260327_172946
1774628964.5120544,7139392,1827684352,1827.684352,170,199,139,2,20260327_172946
1774628964.5222943,7139432,1827694592,1827.694592,173,199,140,2,20260327_172946
1774628964.5322783,7139471,1827704576,1827.704576,176,199,139,2,20260327_172946
1774628964.5422626,7139510,1827714560,1827.71456,180,199,140,2,20260327_172946
1774628964.5522466,7139549,1827724544,1827.724544,183,199,141,2,20260327_172946
1774628964.5622306,7139588,1827734528,1827.734528,186,199,141,2,20260327_172946
1774628964.5722146,7139627,1827744512,1827.744512,189,199,142,2,20260327_172946
1774628964.5821986,7139666,1827754496,1827.754496,192,199,143,2,20260327_172946
1774628964.5921826,7139705,1827764480,1827.76448,195,199,143,2,20260327_172946
1774628964.6021664,7139744,1827774464,1827.774464,198,199,144,2,20260327_172946
1774628964.6124065,7139784,1827784704,1827.784704,202,199,144,2,20260327_172946
1774628964.6223905,7139823,1827794688,1827.794688,205,199,144,2,20260327_172946
1774628964.6323743,7139862,1827804672,1827.804672,208,199,146,2,20260327_172946
1774628964.6423583,7139901,1827814656,1827.814656,211,199,146,2,20260327_172946
1774628964.6523426,7139940,1827824640,1827.82464,214,199,145,2,20260327_172946
1774628964.6623266,7139979,1827834624,1827.834624,217,199,145,2,20260327_172946
1774628964.6723106,7140018,1827844608,1827.844608,220,199,145,2,20260327_172946
1774628964.6822946,7140057,1827854592,1827.854592,223,199,145,2,20260327_172946
1774628964.6925344,7140097,1827864832,1827.864832,227,199,146,2,20260327_172946
1774628964.7025185,7140136,1827874816,1827.874816,230,199,146,2,20260327_172946
1774628964.7125025,7140175,1827884800,1827.8848,233,199,145,2,20260327_172946
1774628964.7224865,7140214,1827894784,1827.894784,236,199,145,2,20260327_172946
1774628964.7324705,7140253,1827904768,1827.904768,239,199,146,2,20260327_172946
1774628964.7424543,7140292,1827914752,1827.914752,242,199,146,2,20260327_172946
1774628964.7524383,7140331,1827924736,1827.924736,246,199,146,2,20260327_172946
1774628964.7624226,7140370,1827934720,1827.93472,249,199,146,2,20260327_172946
1774628964.7724066,7140409,1827944704,1827.944704,252,199,146,2,20260327_172946
1774628964.7826464,7140449,1827954944,1827.954944,0,199,145,2,20260327_172946
1774628964.7926304,7140488,1827964928,1827.964928,3,199,145,2,20260327_172946
1774628964.8026145,7140527,1827974912,1827.974912,6,199,146,2,20260327_172946
1774628964.8125985,7140566,1827984896,1827.984896,10,199,143,2,20260327_172946
1774628964.8225825,7140605,1827994880,1827.99488,13,199,142,2,20260327_172946
1774628964.8325665,7140644,1828004864,1828.004864,16,199,141,2,20260327_172946
1774628964.8425505,7140683,1828014848,1828.014848,19,199,140,2,20260327_172946
1774628964.8525343,7140722,1828024832,1828.024832,22,199,139,2,20260327_172946
1774628964.8625183,7140761,1828034816,1828.034816,25,200,138,2,20260327_172946
1774628964.8727586,7140801,1828045056,1828.045056,28,199,136,2,20260327_172946
1774628964.8827424,7140840,1828055040,1828.05504,32,200,134,2,20260327_172946
1774628964.8927264,7140879,1828065024,1828.065024,35,199,130,2,20260327_172946
1774628964.9027104,7140918,1828075008,1828.075008,38,199,127,2,20260327_172946
1774628964.9126945,7140957,1828084992,1828.084992,41,199,120,2,20260327_172946
1774628964.9226785,7140996,1828094976,1828.094976,45,199,116,2,20260327_172946
1774628964.9326625,7141035,1828104960,1828.10496,49,199,114,2,20260327_172946
1774628964.9426465,7141074,1828114944,1828.114944,54,199,111,2,20260327_172946
1774628964.9528866,7141114,1828125184,1828.125184,59,199,109,2,20260327_172946
1774628964.9628706,7141153,1828135168,1828.135168,64,199,107,2,20260327_172946
1774628964.9728546,7141192,1828145152,1828.145152,69,199,106,2,20260327_172946
1774628964.9828386,7141231,1828155136,1828.155136,74,199,107,2,20260327_172946
1774628964.9928224,7141270,1828165120,1828.16512,78,199,107,2,20260327_172946
1774628965.0028064,7141309,1828175104,1828.175104,82,199,108,2,20260327_172946
1774628965.0127904,7141348,1828185088,1828.185088,85,199,107,2,20260327_172946
1774628965.0227745,7141387,1828195072,1828.195072,89,199,107,2,20260327_172946
1774628965.0330143,7141427,1828205312,1828.205312,92,199,106,2,20260327_172946
1774628965.0429986,7141466,1828215296,1828.215296,95,199,107,2,20260327_172946
1774628965.0529826,7141505,1828225280,1828.22528,99,199,106,2,20260327_172946
1774628965.0629666,7141544,1828235264,1828.235264,102,199,107,2,20260327_172946
1774628965.0729506,7141583,1828245248,1828.245248,105,199,107,2,20260327_172946
1774628965.0829346,7141622,1828255232,1828.255232,108,199,106,2,20260327_172946
1774628965.0929186,7141661,1828265216,1828.265216,112,199,107,2,20260327_172946
1774628965.1029024,7141700,1828275200,1828.2752,115,198,107,2,20260327_172946
1774628965.1128864,7141739,1828285184,1828.285184,118,198,108,2,20260327_172946
1774628965.1228704,7141778,1828295168,1828.295168,122,199,108,2,20260327_172946
1774628965.1331103,7141818,1828305408,1828.305408,125,198,109,2,20260327_172946
1774628965.1430943,7141857,1828315392,1828.315392,128,199,110,2,20260327_172946
1774628965.1530786,7141896,1828325376,1828.325376,132,199,111,2,20260327_172946
1774628965.1630626,7141935,1828335360,1828.33536,135,198,112,2,20260327_172946
1774628965.1730466,7141974,1828345344,1828.345344,138,199,114,2,20260327_172946
1774628965.1830306,7142013,1828355328,1828.355328,142,199,115,2,20260327_172946
1774628965.1930146,7142052,1828365312,1828.365312,145,199,118,2,20260327_172946
1774628965.2029986,7142091,1828375296,1828.375296,149,199,121,2,20260327_172946
1774628965.2132385,7142131,1828385536,1828.385536,152,199,125,2,20260327_172946
1774628965.2232225,7142170,1828395520,1828.39552,155,199,126,2,20260327_172946
1774628965.2332065,7142209,1828405504,1828.405504,158,199,127,2,20260327_172946
1774628965.2431903,7142248,1828415488,1828.415488,161,199,129,2,20260327_172946
1774628965.2531743,7142287,1828425472,1828.425472,164,199,134,2,20260327_172946
1774628965.2631586,7142326,1828435456,1828.435456,167,199,138,2,20260327_172946
1774628965.2731426,7142365,1828445440,1828.44544,170,199,139,2,20260327_172946
1774628965.2831266,7142404,1828455424,1828.455424,173,199,140,2,20260327_172946
1774628965.2931106,7142443,1828465408,1828.465408,176,199,139,2,20260327_172946
1774628965.3033504,7142483,1828475648,1828.475648,179,199,140,2,20260327_172946
1774628965.3133345,7142522,1828485632,1828.485632,182,199,141,2,20260327_172946
1774628965.3233185,7142561,1828495616,1828.495616,185,199,142,2,20260327_172946
1774628965.3333025,7142600,1828505600,1828.5056,189,199,143,2,20260327_172946
1774628965.3432865,7142639,1828515584,1828.515584,192,199,143,2,20260327_172946
1774628965.3532703,7142678,1828525568,1828.525568,195,199,143,2,20260327_172946
1774628965.3632543,7142717,1828535552,1828.535552,198,199,144,2,20260327_172946
1774628965.3732386,7142756,1828545536,1828.545536,201,199,144,2,20260327_172946
1774628965.3834784,7142796,1828555776,1828.555776,204,199,144,2,20260327_172946
1774628965.3934624,7142835,1828565760,1828.56576,207,199,144,2,20260327_172946
1774628965.4034464,7142874,1828575744,1828.575744,211,199,144,2,20260327_172946
1774628965.4134305,7142913,1828585728,1828.585728,214,199,144,2,20260327_172946
1774628965.4234145,7142952,1828595712,1828.595712,217,199,145,2,20260327_172946
1774628965.4333985,7142991,1828605696,1828.605696,220,199,145,2,20260327_172946
1774628965.4433825,7143030,1828615680,1828.61568,223,199,145,2,20260327_172946
1774628965.4533665,7143069,1828625664,1828.625664,226,199,145,2,20260327_172946
1774628965.4633503,7143108,1828635648,1828.635648,230,199,145,2,20260327_172946
1774628965.4735906,7143148,1828645888,1828.645888,233,199,145,2,20260327_172946
1774628965.4835746,7143187,1828655872,1828.655872,236,199,145,2,20260327_172946
1774628965.4935584,7143226,1828665856,1828.665856,239,199,146,2,20260327_172946
1774628965.5035424,7143265,1828675840,1828.67584,242,199,146,2,20260327_172946
1774628965.5135264,7143304,1828685824,1828.685824,245,199,146,2,20260327_172946
1774628965.5235105,7143343,1828695808,1828.695808,248,199,146,2,20260327_172946
1774628965.5334945,7143382,1828705792,1828.705792,252,199,146,2,20260327_172946
1774628965.5434785,7143421,1828715776,1828.715776,0,199,146,2,20260327_172946
1774628965.5537186,7143461,1828726016,1828.726016,3,200,145,2,20260327_172946
1774628965.5637026,7143500,1828736000,1828.736,6,199,144,2,20260327_172946
1774628965.5736866,7143539,1828745984,1828.745984,9,199,143,2,20260327_172946
1774628965.5836706,7143578,1828755968,1828.755968,12,199,143,2,20260327_172946
1774628965.5936546,7143617,1828765952,1828.765952,16,199,141,2,20260327_172946
1774628965.6036384,7143656,1828775936,1828.775936,19,199,140,2,20260327_172946
1774628965.6136224,7143695,1828785920,1828.78592,22,199,139,2,20260327_172946
1774628965.6236064,7143734,1828795904,1828.795904,25,199,138,2,20260327_172946
1774628965.6335905,7143773,1828805888,1828.805888,28,199,135,2,20260327_172946
1774628965.6438303,7143813,1828816128,1828.816128,31,199,129,2,20260327_172946
1774628965.6538146,7143852,1828826112,1828.826112,34,199,127,2,20260327_172946
1774628965.6637986,7143891,1828836096,1828.836096,38,199,124,2,20260327_172946
1774628965.6737826,7143930,1828846080,1828.84608,41,199,119,2,20260327_172946
1774628965.6837666,7143969,1828856064,1828.856064,45,199,116,2,20260327_172946
1774628965.6937506,7144008,1828866048,1828.866048,49,199,112,2,20260327_172946
1774628965.7037346,7144047,1828876032,1828.876032,54,198,110,2,20260327_172946
1774628965.7137184,7144086,1828886016,1828.886016,59,199,108,2,20260327_172946
1774628965.7237024,7144125,1828896000,1828.896,64,199,107,2,20260327_172946
1774628965.7339425,7144165,1828906240,1828.90624,69,199,107,2,20260327_172946
1774628965.7439263,7144204,1828916224,1828.916224,74,199,107,2,20260327_172946
1774628965.7539103,7144243,1828926208,1828.926208,78,199,107,2,20260327_172946
1774628965.7638946,7144282,1828936192,1828.936192,82,199,107,2,20260327_172946
1774628965.7738786,7144321,1828946176,1828.946176,85,199,107,2,20260327_172946
1774628965.7838626,7144360,1828956160,1828.95616,89,198,107,2,20260327_172946
1774628965.7938466,7144399,1828966144,1828.966144,92,199,107,2,20260327_172946
1774628965.8038306,7144438,1828976128,1828.976128,95,199,106,2,20260327_172946
1774628965.8140705,7144478,1828986368,1828.986368,99,199,106,2,20260327_172946
1774628965.8240545,7144517,1828996352,1828.996352,102,199,106,2,20260327_172946
1774628965.8340385,7144556,1829006336,1829.006336,105,198,106,2,20260327_172946
1774628965.8440225,7144595,1829016320,1829.01632,108,198,106,2,20260327_172946
1774628965.8540063,7144634,1829026304,1829.026304,112,198,107,2,20260327_172946
1774628965.8639903,7144673,1829036288,1829.036288,115,198,106,2,20260327_172946
1774628965.8739746,7144712,1829046272,1829.046272,118,198,108,2,20260327_172946
1774628965.8839586,7144751,1829056256,1829.056256,122,198,108,2,20260327_172946
1774628965.8941984,7144791,1829066496,1829.066496,125,198,108,2,20260327_172946
1774628965.9041824,7144830,1829076480,1829.07648,128,198,109,2,20260327_172946
1774628965.9141665,7144869,1829086464,1829.086464,132,198,109,2,20260327_172946
1774628965.9241505,7144908,1829096448,1829.096448,135,198,110,2,20260327_172946
1774628965.9341345,7144947,1829106432,1829.106432,139,198,110,2,20260327_172946
1774628965.9441185,7144986,1829116416,1829.116416,142,198,111,2,20260327_172946
1774628965.9541025,7145025,1829126400,1829.1264,145,198,112,2,20260327_172946
1774628965.9640863,7145064,1829136384,1829.136384,149,198,113,2,20260327_172946
1774628965.9740703,7145103,1829146368,1829.146368,153,198,115,2,20260327_172946
1774628965.9843106,7145143,1829156608,1829.156608,156,198,117,2,20260327_172946
1774628965.9942944,7145182,1829166592,1829.166592,160,199,120,2,20260327_172946
1774628966.0042784,7145221,1829176576,1829.176576,163,199,124,2,20260327_172946
1774628966.0142624,7145260,1829186560,1829.18656,166,199,126,2,20260327_172946
1774628966.0242465,7145299,1829196544,1829.196544,169,199,127,2,20260327_172946
1774628966.0342305,7145338,1829206528,1829.206528,172,199,129,2,20260327_172946
1774628966.0442145,7145377,1829216512,1829.216512,176,198,135,2,20260327_172946
1774628966.0541985,7145416,1829226496,1829.226496,179,199,138,2,20260327_172946
1774628966.0641823,7145455,1829236480,1829.23648,182,198,139,2,20260327_172946
1774628966.0744226,7145495,1829246720,1829.24672,185,199,139,2,20260327_172946
1774628966.0844066,7145534,1829256704,1829.256704,188,199,139,2,20260327_172946
1774628966.0943906,7145573,1829266688,1829.266688,191,199,139,2,20260327_172946
1774628966.1043744,7145612,1829276672,1829.276672,194,198,141,2,20260327_172946
1774628966.1143584,7145651,1829286656,1829.286656,198,199,142,2,20260327_172946
1774628966.1243424,7145690,1829296640,1829.29664,201,198,143,2,20260327_172946
1774628966.1343265,7145729,1829306624,1829.306624,204,198,143,2,20260327_172946
1774628966.1443105,7145768,1829316608,1829.316608,207,198,143,2,20260327_172946
1774628966.1542945,7145807,1829326592,1829.326592,210,198,144,2,20260327_172946
1774628966.1645346,7145847,1829336832,1829.336832,213,199,144,2,20260327_172946
1774628966.1745186,7145886,1829346816,1829.346816,216,199,144,2,20260327_172946
1774628966.1845026,7145925,1829356800,1829.3568,220,199,144,2,20260327_172946
1774628966.1944866,7145964,1829366784,1829.366784,223,199,144,2,20260327_172946
1774628966.2044706,7146003,1829376768,1829.376768,226,199,145,2,20260327_172946
1774628966.2144544,7146042,1829386752,1829.386752,229,199,145,2,20260327_172946
1774628966.2244384,7146081,1829396736,1829.396736,232,199,145,2,20260327_172946
1774628966.2344224,7146120,1829406720,1829.40672,235,199,145,2,20260327_172946
1774628966.2444065,7146159,1829416704,1829.416704,238,199,145,2,20260327_172946
1774628966.2546463,7146199,1829426944,1829.426944,242,199,145,2,20260327_172946
1774628966.2646306,7146238,1829436928,1829.436928,245,199,146,2,20260327_172946
1774628966.2746146,7146277,1829446912,1829.446912,248,199,144,2,20260327_172946
1774628966.2845986,7146316,1829456896,1829.456896,251,198,144,2,20260327_172946
1774628966.2945826,7146355,1829466880,1829.46688,254,199,144,2,20260327_172946
1774628966.3045666,7146394,1829476864,1829.476864,2,199,143,2,20260327_172946
1774628966.3145506,7146433,1829486848,1829.486848,6,199,143,2,20260327_172946
1774628966.3245344,7146472,1829496832,1829.496832,9,199,143,2,20260327_172946
1774628966.3345184,7146511,1829506816,1829.506816,12,199,141,2,20260327_172946
1774628966.3447585,7146551,1829517056,1829.517056,15,199,141,2,20260327_172946
1774628966.3547423,7146590,1829527040,1829.52704,18,199,140,2,20260327_172946
1774628966.3647263,7146629,1829537024,1829.537024,21,199,139,2,20260327_172946
1774628966.3747106,7146668,1829547008,1829.547008,24,199,138,2,20260327_172946
1774628966.3846946,7146707,1829556992,1829.556992,28,200,137,2,20260327_172946
1774628966.3946786,7146746,1829566976,1829.566976,31,199,135,2,20260327_172946
1774628966.4046626,7146785,1829576960,1829.57696,34,199,130,2,20260327_172946
1774628966.4146466,7146824,1829586944,1829.586944,37,199,127,2,20260327_172946
1774628966.4246304,7146863,1829596928,1829.596928,40,199,123,2,20260327_172946
1774628966.4348705,7146903,1829607168,1829.607168,44,198,116,2,20260327_172946
1774628966.4448545,7146942,1829617152,1829.617152,48,199,114,2,20260327_172946
1774628966.4548385,7146981,1829627136,1829.627136,52,199,111,2,20260327_172946
1774628966.4648223,7147020,1829637120,1829.63712,57,199,109,2,20260327_172946
1774628966.4748063,7147059,1829647104,1829.647104,63,199,107,2,20260327_172946
1774628966.4847906,7147098,1829657088,1829.657088,68,199,106,2,20260327_172946
1774628966.4947746,7147137,1829667072,1829.667072,73,199,106,2,20260327_172946
1774628966.5047586,7147176,1829677056,1829.677056,77,199,106,2,20260327_172946
1774628966.5147426,7147215,1829687040,1829.68704,81,199,106,2,20260327_172946
1774628966.5249825,7147255,1829697280,1829.69728,84,199,106,2,20260327_172946
1774628966.5349665,7147294,1829707264,1829.707264,88,199,106,2,20260327_172946
1774628966.5449505,7147333,1829717248,1829.717248,91,199,106,2,20260327_172946
1774628966.5549345,7147372,1829727232,1829.727232,94,199,105,2,20260327_172946
1774628966.5649185,7147411,1829737216,1829.737216,98,198,106,2,20260327_172946
1774628966.5749023,7147450,1829747200,1829.7472,101,198,106,2,20260327_172946
1774628966.5848866,7147489,1829757184,1829.757184,104,198,106,2,20260327_172946
1774628966.5948706,7147528,1829767168,1829.767168,107,198,106,2,20260327_172946
1774628966.6048546,7147567,1829777152,1829.777152,111,198,107,2,20260327_172946
1774628966.6150944,7147607,1829787392,1829.787392,114,198,106,2,20260327_172946
1774628966.6250784,7147646,1829797376,1829.797376,117,198,107,2,20260327_172946
1774628966.6350625,7147685,1829807360,1829.80736,121,198,107,2,20260327_172946
1774628966.6450465,7147724,1829817344,1829.817344,124,198,107,2,20260327_172946
1774628966.6550305,7147763,1829827328,1829.827328,127,198,106,2,20260327_172946
1774628966.6650145,7147802,1829837312,1829.837312,131,198,106,2,20260327_172946
1774628966.6749983,7147841,1829847296,1829.847296,134,198,106,2,20260327_172946
1774628966.6849823,7147880,1829857280,1829.85728,138,198,106,2,20260327_172946
1774628966.6949666,7147919,1829867264,1829.867264,141,198,106,2,20260327_172946
1774628966.7052066,7147959,1829877504,1829.877504,145,198,107,2,20260327_172946
1774628966.7151904,7147998,1829887488,1829.887488,148,198,107,2,20260327_172946
1774628966.7251744,7148037,1829897472,1829.897472,152,198,108,2,20260327_172946
1774628966.7351584,7148076,1829907456,1829.907456,156,198,108,2,20260327_172946
1774628966.7451425,7148115,1829917440,1829.91744,160,198,108,2,20260327_172946
1774628966.7551265,7148154,1829927424,1829.927424,164,198,108,2,20260327_172946
1774628966.7651105,7148193,1829937408,1829.937408,167,198,109,2,20260327_172946
1774628966.7750945,7148232,1829947392,1829.947392,171,198,110,2,20260327_172946
1774628966.7850783,7148271,1829957376,1829.957376,174,198,112,2,20260327_172946
1774628966.7950623,7148310,1829967360,1829.96736,178,198,114,2,20260327_172946
1774628966.8053026,7148350,1829977600,1829.9776,181,198,116,2,20260327_172946
1774628966.8152866,7148389,1829987584,1829.987584,184,199,121,2,20260327_172946
1774628966.8252704,7148428,1829997568,1829.997568,187,198,124,2,20260327_172946
1774628966.8352544,7148467,1830007552,1830.007552,190,199,127,2,20260327_172946
1774628966.8452384,7148506,1830017536,1830.017536,194,199,128,2,20260327_172946
1774628966.8552225,7148545,1830027520,1830.02752,197,198,133,2,20260327_172946
1774628966.8652065,7148584,1830037504,1830.037504,200,199,137,2,20260327_172946
1774628966.8751905,7148623,1830047488,1830.047488,203,199,138,2,20260327_172946
1774628966.8854306,7148663,1830057728,1830.057728,206,199,138,2,20260327_172946
1774628966.8954146,7148702,1830067712,1830.067712,209,199,139,2,20260327_172946
1774628966.9053986,7148741,1830077696,1830.077696,213,199,140,2,20260327_172946
1774628966.9153826,7148780,1830087680,1830.08768,216,199,141,2,20260327_172946
1774628966.9253666,7148819,1830097664,1830.097664,219,199,142,2,20260327_172946
1774628966.9353504,7148858,1830107648,1830.107648,222,199,142,2,20260327_172946
1774628966.9453344,7148897,1830117632,1830.117632,225,199,142,2,20260327_172946
1774628966.9553185,7148936,1830127616,1830.127616,228,199,143,2,20260327_172946
1774628966.9655583,7148976,1830137856,1830.137856,231,199,142,2,20260327_172946
1774628966.9755423,7149015,1830147840,1830.14784,235,198,143,2,20260327_172946
1774628966.9855266,7149054,1830157824,1830.157824,238,199,143,2,20260327_172946
1774628966.9955106,7149093,1830167808,1830.167808,241,199,143,2,20260327_172946
1774628967.0054946,7149132,1830177792,1830.177792,244,200,146,2,20260327_172946
1774628967.0154786,7149171,1830187776,1830.187776,247,199,143,2,20260327_172946
1774628967.0254626,7149210,1830197760,1830.19776,250,199,144,2,20260327_172946
1774628967.0354464,7149249,1830207744,1830.207744,254,199,144,2,20260327_172946
1774628967.0454304,7149288,1830217728,1830.217728,2,199,143,2,20260327_172946
1774628967.0556705,7149328,1830227968,1830.227968,5,199,143,2,20260327_172946
1774628967.0656545,7149367,1830237952,1830.237952,8,199,143,2,20260327_172946
1774628967.0756383,7149406,1830247936,1830.247936,11,199,143,2,20260327_172946
1774628967.0856223,7149445,1830257920,1830.25792,14,199,143,2,20260327_172946
1774628967.0956066,7149484,1830267904,1830.267904,17,199,142,2,20260327_172946
1774628967.1055906,7149523,1830277888,1830.277888,21,199,142,2,20260327_172946
1774628967.1155746,7149562,1830287872,1830.287872,24,199,143,2,20260327_172946
1774628967.1255586,7149601,1830297856,1830.297856,27,198,141,2,20260327_172946
1774628967.1357985,7149641,1830308096,1830.308096,30,198,141,2,20260327_172946
1774628967.1457825,7149680,1830318080,1830.31808,33,199,138,2,20260327_172946
1774628967.1557665,7149719,1830328064,1830.328064,36,199,136,2,20260327_172946
1774628967.1657505,7149758,1830338048,1830.338048,39,199,132,2,20260327_172946
1774628967.1757343,7149797,1830348032,1830.348032,42,198,127,2,20260327_172946
1774628967.1857183,7149836,1830358016,1830.358016,45,199,121,2,20260327_172946
1774628967.1957026,7149875,1830368000,1830.368,49,199,115,2,20260327_172946
1774628967.2056866,7149914,1830377984,1830.377984,54,199,111,2,20260327_172946
1774628967.2156706,7149953,1830387968,1830.387968,59,199,108,2,20260327_172946
1774628967.2259104,7149993,1830398208,1830.398208,64,199,106,2,20260327_172946
1774628967.2358944,7150032,1830408192,1830.408192,69,199,104,2,20260327_172946
1774628967.2458785,7150071,1830418176,1830.418176,74,199,104,2,20260327_172946
1774628967.2558625,7150110,1830428160,1830.42816,78,200,104,2,20260327_172946
1774628967.2658465,7150149,1830438144,1830.438144,82,199,104,2,20260327_172946
1774628967.2758305,7150188,1830448128,1830.448128,85,200,104,2,20260327_172946
1774628967.2858143,7150227,1830458112,1830.458112,89,200,103,2,20260327_172946
1774628967.2957983,7150266,1830468096,1830.468096,92,196,102,2,20260327_172946
1774628967.3057826,7150305,1830478080,1830.47808,95,192,102,2,20260327_172946
1774628967.3160226,7150345,1830488320,1830.48832,99,195,102,2,20260327_172946
1774628967.3260064,7150384,1830498304,1830.498304,102,184,103,2,20260327_172946
1774628967.3359904,7150423,1830508288,1830.508288,105,196,102,2,20260327_172946
1774628967.3459744,7150462,1830518272,1830.518272,108,197,103,2,20260327_172946
1774628967.3559585,7150501,1830528256,1830.528256,112,197,103,2,20260327_172946
1774628967.3659425,7150540,1830538240,1830.53824,115,197,102,2,20260327_172946
1774628967.3759265,7150579,1830548224,1830.548224,118,198,102,2,20260327_172946
1774628967.3859105,7150618,1830558208,1830.558208,122,198,103,2,20260327_172946
1774628967.3961506,7150658,1830568448,1830.568448,125,198,102,2,20260327_172946
1774628967.4061346,7150697,1830578432,1830.578432,128,198,103,2,20260327_172946
1774628967.4161186,7150736,1830588416,1830.588416,132,198,103,2,20260327_172946
1774628967.4261026,7150775,1830598400,1830.5984,135,199,103,2,20260327_172946
1774628967.4360864,7150814,1830608384,1830.608384,139,199,103,2,20260327_172946
1774628967.4460704,7150853,1830618368,1830.618368,142,199,103,2,20260327_172946
1774628967.4560544,7150892,1830628352,1830.628352,146,199,103,2,20260327_172946
1774628967.4660385,7150931,1830638336,1830.638336,150,199,103,2,20260327_172946
1774628967.4760225,7150970,1830648320,1830.64832,153,199,103,2,20260327_172946
1774628967.4860065,7151009,1830658304,1830.658304,157,199,104,2,20260327_172946
1774628967.4962466,7151049,1830668544,1830.668544,161,200,104,2,20260327_172946
1774628967.5062306,7151088,1830678528,1830.678528,165,200,104,2,20260327_172946
1774628967.5162146,7151127,1830688512,1830.688512,169,200,104,2,20260327_172946
1774628967.5261986,7151166,1830698496,1830.698496,172,200,105,2,20260327_172946
1774628967.5361824,7151205,1830708480,1830.70848,176,200,104,2,20260327_172946
1774628967.5461664,7151244,1830718464,1830.718464,179,200,105,2,20260327_172946
1774628967.5561504,7151283,1830728448,1830.728448,182,200,105,2,20260327_172946
1774628967.5661345,7151322,1830738432,1830.738432,185,200,106,2,20260327_172946
1774628967.5761185,7151361,1830748416,1830.748416,189,201,105,2,20260327_172946
1774628967.5863583,7151401,1830758656,1830.758656,192,200,106,2,20260327_172946
1774628967.5963426,7151440,1830768640,1830.76864,195,200,106,2,20260327_172946
1774628967.6063266,7151479,1830778624,1830.778624,198,200,106,2,20260327_172946
1774628967.6163106,7151518,1830788608,1830.788608,202,201,106,2,20260327_172946
1774628967.6262946,7151557,1830798592,1830.798592,205,200,106,2,20260327_172946
1774628967.6362786,7151596,1830808576,1830.808576,208,200,105,2,20260327_172946
1774628967.6462624,7151635,1830818560,1830.81856,211,200,106,2,20260327_172946
1774628967.6562464,7151674,1830828544,1830.828544,215,200,105,2,20260327_172946
1774628967.6662304,7151713,1830838528,1830.838528,218,200,105,2,20260327_172946
1774628967.6764705,7151753,1830848768,1830.848768,221,200,105,2,20260327_172946
1774628967.6864543,7151792,1830858752,1830.858752,224,200,106,2,20260327_172946
1774628967.6964386,7151831,1830868736,1830.868736,228,199,103,2,20260327_172946
1774628967.7064226,7151870,1830878720,1830.87872,231,200,106,2,20260327_172946
1774628967.7164066,7151909,1830888704,1830.888704,234,200,105,2,20260327_172946
1774628967.7263906,7151948,1830898688,1830.898688,237,200,106,2,20260327_172946
1774628967.7363746,7151987,1830908672,1830.908672,240,201,106,2,20260327_172946
1774628967.7463586,7152026,1830918656,1830.918656,244,201,105,2,20260327_172946
1774628967.7563424,7152065,1830928640,1830.92864,247,200,105,2,20260327_172946
1774628967.7665825,7152105,1830938880,1830.93888,250,200,105,2,20260327_172946
1774628967.7765665,7152144,1830948864,1830.948864,253,200,105,2,20260327_172946
1774628967.7865503,7152183,1830958848,1830.958848,2,200,105,2,20260327_172946
1774628967.7965343,7152222,1830968832,1830.968832,5,199,105,2,20260327_172946
1774628967.8065186,7152261,1830978816,1830.978816,8,200,105,2,20260327_172946
1774628967.8165026,7152300,1830988800,1830.9888,11,199,105,2,20260327_172946
1774628967.8264866,7152339,1830998784,1830.998784,14,199,106,2,20260327_172946
1774628967.8364706,7152378,1831008768,1831.008768,18,199,105,2,20260327_172946
1774628967.8467104,7152418,1831019008,1831.019008,21,200,106,2,20260327_172946
1774628967.8566945,7152457,1831028992,1831.028992,24,200,105,2,20260327_172946
1774628967.8666785,7152496,1831038976,1831.038976,27,200,105,2,20260327_172946
1774628967.8766625,7152535,1831048960,1831.04896,31,201,106,2,20260327_172946
1774628967.8866465,7152574,1831058944,1831.058944,34,201,106,2,20260327_172946
1774628967.8966303,7152613,1831068928,1831.068928,38,201,106,2,20260327_172946
1774628967.9066143,7152652,1831078912,1831.078912,41,201,105,2,20260327_172946
1774628967.9165986,7152691,1831088896,1831.088896,46,201,106,2,20260327_172946
1774628967.9265826,7152730,1831098880,1831.09888,50,200,106,2,20260327_172946
1774628967.9368224,7152770,1831109120,1831.10912,55,199,106,2,20260327_172946
1774628967.9468064,7152809,1831119104,1831.119104,61,200,106,2,20260327_172946
1774628967.9567904,7152848,1831129088,1831.129088,66,201,106,2,20260327_172946
1774628967.9667745,7152887,1831139072,1831.139072,70,201,105,2,20260327_172946
1774628967.9767585,7152926,1831149056,1831.149056,75,201,105,2,20260327_172946
1774628967.9867425,7152965,1831159040,1831.15904,79,201,106,2,20260327_172946
1774628967.9967265,7153004,1831169024,1831.169024,82,201,106,2,20260327_172946
1774628968.0067103,7153043,1831179008,1831.179008,86,201,105,2,20260327_172946
1774628968.0166943,7153082,1831188992,1831.188992,89,201,105,2,20260327_172946
1774628968.0269346,7153122,1831199232,1831.199232,92,200,105,2,20260327_172946
1774628968.0369186,7153161,1831209216,1831.209216,96,201,105,2,20260327_172946
1774628968.0469024,7153200,1831219200,1831.2192,99,200,105,2,20260327_172946
1774628968.0568864,7153239,1831229184,1831.229184,102,200,105,2,20260327_172946
1774628968.0668705,7153278,1831239168,1831.239168,106,200,105,2,20260327_172946
1774628968.0768545,7153317,1831249152,1831.249152,109,200,106,2,20260327_172946
1774628968.0868385,7153356,1831259136,1831.259136,112,200,106,2,20260327_172946
1774628968.0968225,7153395,1831269120,1831.26912,115,200,106,2,20260327_172946
1774628968.1070626,7153435,1831279360,1831.27936,119,200,106,2,20260327_172946
1774628968.1170466,7153474,1831289344,1831.289344,122,200,106,2,20260327_172946
1774628968.1270306,7153513,1831299328,1831.299328,125,201,105,2,20260327_172946
1774628968.1370146,7153552,1831309312,1831.309312,129,201,105,2,20260327_172946
1774628968.1469984,7153591,1831319296,1831.319296,132,200,104,2,20260327_172946
1774628968.1569824,7153630,1831329280,1831.32928,136,201,107,2,20260327_172946
1774628968.1669664,7153669,1831339264,1831.339264,139,200,105,2,20260327_172946
1774628968.1769505,7153708,1831349248,1831.349248,142,201,105,2,20260327_172946
1774628968.1871903,7153748,1831359488,1831.359488,146,201,105,2,20260327_172946
1774628968.1971743,7153787,1831369472,1831.369472,150,200,105,2,20260327_172946
1774628968.2071586,7153826,1831379456,1831.379456,153,200,105,2,20260327_172946
1774628968.2171426,7153865,1831389440,1831.38944,157,200,106,2,20260327_172946
1774628968.2271266,7153904,1831399424,1831.399424,161,201,106,2,20260327_172946
1774628968.2371106,7153943,1831409408,1831.409408,165,200,106,2,20260327_172946
1774628968.2470946,7153982,1831419392,1831.419392,169,200,106,2,20260327_172946
1774628968.2570784,7154021,1831429376,1831.429376,172,200,106,2,20260327_172946
1774628968.2670624,7154060,1831439360,1831.43936,175,199,106,2,20260327_172946
1774628968.2773025,7154100,1831449600,1831.4496,179,199,106,2,20260327_172946
1774628968.2872863,7154139,1831459584,1831.459584,182,199,106,2,20260327_172946
1774628968.2972703,7154178,1831469568,1831.469568,185,199,106,2,20260327_172946
1774628968.3072546,7154217,1831479552,1831.479552,189,200,106,2,20260327_172946
1774628968.3172386,7154256,1831489536,1831.489536,192,200,106,2,20260327_172946
1774628968.3272226,7154295,1831499520,1831.49952,195,200,106,2,20260327_172946
1774628968.3372066,7154334,1831509504,1831.509504,198,200,106,2,20260327_172946
1774628968.3471906,7154373,1831519488,1831.519488,201,200,106,2,20260327_172946
1774628968.3574305,7154413,1831529728,1831.529728,205,200,106,2,20260327_172946
1774628968.3674145,7154452,1831539712,1831.539712,208,200,107,2,20260327_172946
1774628968.3773985,7154491,1831549696,1831.549696,211,200,106,2,20260327_172946
1774628968.3873825,7154530,1831559680,1831.55968,214,200,106,2,20260327_172946
1774628968.3973663,7154569,1831569664,1831.569664,218,200,106,2,20260327_172946
1774628968.4073503,7154608,1831579648,1831.579648,221,200,106,2,20260327_172946
1774628968.4173346,7154647,1831589632,1831.589632,224,201,106,2,20260327_172946
1774628968.4273186,7154686,1831599616,1831.599616,227,200,106,2,20260327_172946
1774628968.4375584,7154726,1831609856,1831.609856,231,201,106,2,20260327_172946
1774628968.4475424,7154765,1831619840,1831.61984,234,201,106,2,20260327_172946
1774628968.4575264,7154804,1831629824,1831.629824,237,201,106,2,20260327_172946
1774628968.4675105,7154843,1831639808,1831.639808,240,200,105,2,20260327_172946
1774628968.4774945,7154882,1831649792,1831.649792,243,200,106,2,20260327_172946
1774628968.4874785,7154921,1831659776,1831.659776,247,201,107,2,20260327_172946
1774628968.4974625,7154960,1831669760,1831.66976,250,200,103,2,20260327_172946
1774628968.5074463,7154999,1831679744,1831.679744,253,200,106,2,20260327_172946
1774628968.5174303,7155038,1831689728,1831.689728,1,200,106,2,20260327_172946
1774628968.5276706,7155078,1831699968,1831.699968,4,200,106,2,20260327_172946
1774628968.5376546,7155117,1831709952,1831.709952,8,199,106,2,20260327_172946
1774628968.5476384,7155156,1831719936,1831.719936,11,199,107,2,20260327_172946
1774628968.5576224,7155195,1831729920,1831.72992,14,199,107,2,20260327_172946
1774628968.5676064,7155234,1831739904,1831.739904,17,199,107,2,20260327_172946
1774628968.5775905,7155273,1831749888,1831.749888,21,198,107,2,20260327_172946
1774628968.5875745,7155312,1831759872,1831.759872,24,199,107,2,20260327_172946
1774628968.5975585,7155351,1831769856,1831.769856,27,199,107,2,20260327_172946
1774628968.6075425,7155390,1831779840,1831.77984,30,200,107,2,20260327_172946
1774628968.6177826,7155430,1831790080,1831.79008,34,200,107,2,20260327_172946
1774628968.6277666,7155469,1831800064,1831.800064,37,201,107,2,20260327_172946
1774628968.6377506,7155508,1831810048,1831.810048,41,201,108,2,20260327_172946
1774628968.6477344,7155547,1831820032,1831.820032,45,200,108,2,20260327_172946
1774628968.6577184,7155586,1831830016,1831.830016,49,201,107,2,20260327_172946
1774628968.6677024,7155625,1831840000,1831.84,54,200,107,2,20260327_172946
1774628903.2667437,6900424,1766508544,1766.508544,19,67,164,4,20260327_172948
1774628903.2759595,6900460,1766517760,1766.51776,22,67,163,4,20260327_172948
1774628903.2859435,6900499,1766527744,1766.527744,24,67,164,4,20260327_172948
1774628903.2961836,6900539,1766537984,1766.537984,27,67,161,4,20260327_172948
1774628903.3061676,6900578,1766547968,1766.547968,30,67,163,4,20260327_172948
1774628903.3161516,6900617,1766557952,1766.557952,33,67,163,4,20260327_172948
1774628903.3261356,6900656,1766567936,1766.567936,36,69,164,4,20260327_172948
1774628903.3361197,6900695,1766577920,1766.57792,39,68,163,4,20260327_172948
1774628903.3461037,6900734,1766587904,1766.587904,42,68,164,4,20260327_172948
1774628903.3560877,6900773,1766597888,1766.597888,45,69,162,4,20260327_172948
1774628903.3660717,6900812,1766607872,1766.607872,47,68,159,4,20260327_172948
1774628903.3760557,6900851,1766617856,1766.617856,50,68,156,4,20260327_172948
1774628903.3862958,6900891,1766628096,1766.628096,53,67,154,4,20260327_172948
1774628903.3962796,6900930,1766638080,1766.63808,56,68,150,4,20260327_172948
1774628903.4062636,6900969,1766648064,1766.648064,59,67,145,4,20260327_172948
1774628903.4162476,6901008,1766658048,1766.658048,62,67,137,4,20260327_172948
1774628903.4262316,6901047,1766668032,1766.668032,65,68,128,4,20260327_172948
1774628903.4362156,6901086,1766678016,1766.678016,68,69,125,4,20260327_172948
1774628903.4461997,6901125,1766688000,1766.688,70,69,121,4,20260327_172948
1774628903.4561837,6901164,1766697984,1766.697984,73,69,118,4,20260327_172948
1774628903.4661677,6901203,1766707968,1766.707968,76,70,118,4,20260327_172948
1774628903.4764078,6901243,1766718208,1766.718208,79,72,118,4,20260327_172948
1774628903.4863918,6901282,1766728192,1766.728192,82,72,119,4,20260327_172948
1774628903.4963758,6901321,1766738176,1766.738176,85,73,120,4,20260327_172948
1774628903.5063596,6901360,1766748160,1766.74816,88,73,120,4,20260327_172948
1774628903.5163436,6901399,1766758144,1766.758144,91,74,122,4,20260327_172948
1774628903.5263276,6901438,1766768128,1766.768128,93,75,122,4,20260327_172948
1774628903.5363116,6901477,1766778112,1766.778112,96,75,122,4,20260327_172948
1774628903.5462956,6901516,1766788096,1766.788096,99,74,123,4,20260327_172948
1774628903.5562797,6901555,1766798080,1766.79808,102,74,124,4,20260327_172948
1774628903.5665195,6901595,1766808320,1766.80832,105,74,124,4,20260327_172948
1774628903.5765038,6901634,1766818304,1766.818304,108,75,125,4,20260327_172948
1774628903.5864878,6901673,1766828288,1766.828288,111,75,126,4,20260327_172948
1774628903.5964718,6901712,1766838272,1766.838272,114,75,126,4,20260327_172948
1774628903.6064558,6901751,1766848256,1766.848256,116,76,126,4,20260327_172948
1774628903.6164396,6901790,1766858240,1766.85824,119,78,127,4,20260327_172948
1774628903.6264236,6901829,1766868224,1766.868224,122,76,127,4,20260327_172948
1774628903.6364076,6901868,1766878208,1766.878208,125,76,127,4,20260327_172948
1774628903.6463916,6901907,1766888192,1766.888192,128,76,127,4,20260327_172948
1774628903.6566317,6901947,1766898432,1766.898432,131,76,127,4,20260327_172948
1774628903.6666155,6901986,1766908416,1766.908416,134,75,128,4,20260327_172948
1774628903.6765995,6902025,1766918400,1766.9184,136,76,129,4,20260327_172948
1774628903.6865838,6902064,1766928384,1766.928384,139,76,130,4,20260327_172948
1774628903.6965678,6902103,1766938368,1766.938368,142,76,132,4,20260327_172948
1774628903.7065518,6902142,1766948352,1766.948352,145,75,134,4,20260327_172948
1774628903.7165358,6902181,1766958336,1766.958336,148,75,136,4,20260327_172948
1774628903.7265196,6902220,1766968320,1766.96832,200,76,137,4,20260327_172948
1774628903.7365036,6902259,1766978304,1766.978304,203,76,138,4,20260327_172948
1774628903.7467437,6902299,1766988544,1766.988544,206,76,139,4,20260327_172948
1774628903.7567277,6902338,1766998528,1766.998528,209,76,140,4,20260327_172948
1774628903.7667117,6902377,1767008512,1767.008512,212,77,143,4,20260327_172948
1774628903.7766955,6902416,1767018496,1767.018496,215,77,146,4,20260327_172948
1774628903.7866795,6902455,1767028480,1767.02848,217,77,151,4,20260327_172948
1774628903.7966638,6902494,1767038464,1767.038464,220,77,152,4,20260327_172948
1774628903.8066478,6902533,1767048448,1767.048448,223,77,153,4,20260327_172948
1774628903.8166318,6902572,1767058432,1767.058432,226,77,153,4,20260327_172948
1774628903.8266158,6902611,1767068416,1767.068416,229,77,154,4,20260327_172948
1774628903.8365996,6902650,1767078400,1767.0784,232,76,154,4,20260327_172948
1774628903.8468397,6902690,1767088640,1767.08864,235,76,153,4,20260327_172948
1774628903.8568237,6902729,1767098624,1767.098624,238,75,152,4,20260327_172948
1774628903.8668077,6902768,1767108608,1767.108608,240,73,153,4,20260327_172948
1774628903.8767917,6902807,1767118592,1767.118592,243,72,152,4,20260327_172948
1774628903.8867755,6902846,1767128576,1767.128576,246,72,150,4,20260327_172948
1774628903.8967595,6902885,1767138560,1767.13856,249,72,150,4,20260327_172948
1774628903.9067438,6902924,1767148544,1767.148544,252,73,150,4,20260327_172948
1774628903.9167278,6902963,1767158528,1767.158528,0,74,149,4,20260327_172948
1774628903.9267118,6903002,1767168512,1767.168512,3,75,149,4,20260327_172948
1774628903.9369516,6903042,1767178752,1767.178752,6,77,148,4,20260327_172948
1774628903.9469357,6903081,1767188736,1767.188736,8,79,147,4,20260327_172948
1774628903.9569197,6903120,1767198720,1767.19872,11,80,144,4,20260327_172948
1774628903.9669037,6903159,1767208704,1767.208704,14,80,148,4,20260327_172948
1774628903.9768877,6903198,1767218688,1767.218688,17,81,150,4,20260327_172948
1774628903.9868715,6903237,1767228672,1767.228672,20,82,151,4,20260327_172948
1774628903.9968555,6903276,1767238656,1767.238656,23,82,154,4,20260327_172948
1774628904.0068398,6903315,1767248640,1767.24864,26,83,155,4,20260327_172948
1774628904.0168238,6903354,1767258624,1767.258624,28,83,156,4,20260327_172948
1774628904.0270636,6903394,1767268864,1767.268864,31,84,157,4,20260327_172948
1774628904.0370476,6903433,1767278848,1767.278848,34,85,157,4,20260327_172948
1774628904.0470316,6903472,1767288832,1767.288832,37,85,158,4,20260327_172948
1774628904.0570157,6903511,1767298816,1767.298816,40,85,156,4,20260327_172948
1774628904.0669997,6903550,1767308800,1767.3088,43,85,157,4,20260327_172948
1774628904.0769837,6903589,1767318784,1767.318784,46,86,157,4,20260327_172948
1774628904.0869677,6903628,1767328768,1767.328768,49,85,157,4,20260327_172948
1774628904.0969515,6903667,1767338752,1767.338752,51,85,156,4,20260327_172948
1774628904.1071918,6903707,1767348992,1767.348992,54,84,157,4,20260327_172948
1774628904.1171756,6903746,1767358976,1767.358976,57,84,156,4,20260327_172948
1774628904.1271596,6903785,1767368960,1767.36896,60,82,156,4,20260327_172948
1774628904.1371436,6903824,1767378944,1767.378944,63,82,157,4,20260327_172948
1774628904.1471276,6903863,1767388928,1767.388928,66,79,156,4,20260327_172948
1774628904.1571116,6903902,1767398912,1767.398912,69,77,158,4,20260327_172948
1774628904.1670957,6903941,1767408896,1767.408896,72,78,158,4,20260327_172948
1774628904.1770797,6903980,1767418880,1767.41888,74,78,158,4,20260327_172948
1774628904.1870637,6904019,1767428864,1767.428864,77,79,158,4,20260327_172948
1774628904.1973038,6904059,1767439104,1767.439104,80,80,159,4,20260327_172948
1774628904.2072878,6904098,1767449088,1767.449088,83,81,156,4,20260327_172948
1774628904.2172718,6904137,1767459072,1767.459072,86,83,155,4,20260327_172948
1774628904.2272556,6904176,1767469056,1767.469056,89,85,156,4,20260327_172948
1774628904.2372396,6904215,1767479040,1767.47904,92,86,155,4,20260327_172948
1774628904.2472236,6904254,1767489024,1767.489024,95,86,156,4,20260327_172948
1774628904.2572076,6904293,1767499008,1767.499008,97,86,157,4,20260327_172948
1774628904.2671916,6904332,1767508992,1767.508992,100,85,157,4,20260327_172948
1774628904.2771757,6904371,1767518976,1767.518976,103,85,157,4,20260327_172948
1774628904.2874155,6904411,1767529216,1767.529216,106,86,157,4,20260327_172948
1774628904.2973998,6904450,1767539200,1767.5392,109,86,157,4,20260327_172948
1774628904.3073838,6904489,1767549184,1767.549184,112,87,157,4,20260327_172948
1774628904.3173678,6904528,1767559168,1767.559168,115,87,157,4,20260327_172948
1774628904.3273518,6904567,1767569152,1767.569152,118,88,154,4,20260327_172948
1774628904.3373356,6904606,1767579136,1767.579136,120,88,156,4,20260327_172948
1774628904.3473196,6904645,1767589120,1767.58912,123,89,155,4,20260327_172948
1774628904.3573036,6904684,1767599104,1767.599104,126,89,156,4,20260327_172948
1774628904.3672876,6904723,1767609088,1767.609088,129,89,157,4,20260327_172948
1774628904.3772717,6904762,1767619072,1767.619072,132,90,155,4,20260327_172948
1774628904.3875115,6904802,1767629312,1767.629312,135,89,156,4,20260327_172948
1774628904.3974955,6904841,1767639296,1767.639296,138,89,156,4,20260327_172948
1774628904.4074798,6904880,1767649280,1767.64928,141,88,156,4,20260327_172948
1774628904.4174638,6904919,1767659264,1767.659264,143,89,156,4,20260327_172948
1774628904.4274478,6904958,1767669248,1767.669248,146,91,158,4,20260327_172948
1774628904.4374316,6904997,1767679232,1767.679232,149,90,156,4,20260327_172948
1774628904.4474156,6905036,1767689216,1767.689216,152,93,157,4,20260327_172948
1774628904.4573996,6905075,1767699200,1767.6992,155,94,158,4,20260327_172948
1774628904.4673836,6905114,1767709184,1767.709184,158,98,158,4,20260327_172948
1774628904.4776237,6905154,1767719424,1767.719424,161,97,157,4,20260327_172948
1774628904.4876077,6905193,1767729408,1767.729408,164,98,158,4,20260327_172948
1774628904.4975915,6905232,1767739392,1767.739392,166,98,160,4,20260327_172948
1774628904.5075758,6905271,1767749376,1767.749376,169,98,160,4,20260327_172948
1774628904.5175598,6905310,1767759360,1767.75936,172,98,161,4,20260327_172948
1774628904.5275438,6905349,1767769344,1767.769344,175,98,160,4,20260327_172948
1774628904.5375278,6905388,1767779328,1767.779328,178,100,160,4,20260327_172948
1774628904.5475116,6905427,1767789312,1767.789312,181,101,161,4,20260327_172948
1774628904.5574956,6905466,1767799296,1767.799296,184,102,162,4,20260327_172948
1774628904.5677357,6905506,1767809536,1767.809536,186,102,162,4,20260327_172948
1774628904.5777197,6905545,1767819520,1767.81952,189,101,162,4,20260327_172948
1774628904.5877037,6905584,1767829504,1767.829504,192,98,161,4,20260327_172948
1774628904.5976875,6905623,1767839488,1767.839488,195,94,161,4,20260327_172948
1774628904.6076715,6905662,1767849472,1767.849472,198,85,161,4,20260327_172948
1774628904.6176558,6905701,1767859456,1767.859456,201,84,161,4,20260327_172948
1774628904.6276398,6905740,1767869440,1767.86944,204,84,161,4,20260327_172948
1774628904.6376238,6905779,1767879424,1767.879424,207,84,162,4,20260327_172948
1774628904.6476078,6905818,1767889408,1767.889408,209,79,162,4,20260327_172948
1774628904.6578476,6905858,1767899648,1767.899648,212,75,162,4,20260327_172948
1774628904.6678317,6905897,1767909632,1767.909632,215,75,162,4,20260327_172948
1774628904.6778157,6905936,1767919616,1767.919616,218,81,164,4,20260327_172948
1774628904.6877997,6905975,1767929600,1767.9296,221,87,162,4,20260327_172948
1774628904.6977837,6906014,1767939584,1767.939584,224,89,161,4,20260327_172948
1774628904.7077675,6906053,1767949568,1767.949568,227,91,162,4,20260327_172948
1774628904.7177515,6906092,1767959552,1767.959552,230,90,161,4,20260327_172948
1774628904.7277358,6906131,1767969536,1767.969536,232,92,159,4,20260327_172948
1774628904.7377198,6906170,1767979520,1767.97952,235,93,159,4,20260327_172948
1774628904.7477038,6906209,1767989504,1767.989504,238,94,158,4,20260327_172948
1774628904.7579436,6906249,1767999744,1767.999744,241,94,156,4,20260327_172948
1774628904.7679276,6906288,1768009728,1768.009728,244,95,154,4,20260327_172948
1774628904.7779117,6906327,1768019712,1768.019712,247,96,152,4,20260327_172948
1774628904.7878957,6906366,1768029696,1768.029696,250,97,150,4,20260327_172948
1774628904.7978797,6906405,1768039680,1768.03968,253,99,148,4,20260327_172948
1774628904.8078637,6906444,1768049664,1768.049664,0,100,147,4,20260327_172948
1774628904.8178475,6906483,1768059648,1768.059648,3,102,142,4,20260327_172948
1774628904.8278315,6906522,1768069632,1768.069632,6,103,139,4,20260327_172948
1774628904.8378158,6906561,1768079616,1768.079616,9,105,135,4,20260327_172948
1774628904.8480556,6906601,1768089856,1768.089856,12,107,134,4,20260327_172948
1774628904.8580396,6906640,1768099840,1768.09984,15,108,134,4,20260327_172948
1774628904.8680236,6906679,1768109824,1768.109824,18,110,134,4,20260327_172948
1774628904.8780077,6906718,1768119808,1768.119808,21,112,134,4,20260327_172948
1774628904.8879917,6906757,1768129792,1768.129792,23,114,135,4,20260327_172948
1774628904.8979757,6906796,1768139776,1768.139776,26,116,135,4,20260327_172948
1774628904.9079597,6906835,1768149760,1768.14976,29,118,135,4,20260327_172948
1774628904.9179437,6906874,1768159744,1768.159744,32,119,135,4,20260327_172948
1774628904.9279275,6906913,1768169728,1768.169728,35,121,136,4,20260327_172948
1774628904.9381678,6906953,1768179968,1768.179968,38,123,136,4,20260327_172948
1774628904.9481516,6906992,1768189952,1768.189952,41,124,136,4,20260327_172948
1774628904.9581356,6907031,1768199936,1768.199936,44,125,137,4,20260327_172948
1774628904.9681196,6907070,1768209920,1768.20992,46,126,140,4,20260327_172948
1774628904.9781036,6907109,1768219904,1768.219904,49,127,137,4,20260327_172948
1774628904.9880877,6907148,1768229888,1768.229888,52,128,138,4,20260327_172948
1774628904.9980717,6907187,1768239872,1768.239872,55,128,138,4,20260327_172948
1774628905.0080557,6907226,1768249856,1768.249856,58,129,139,4,20260327_172948
1774628905.0180397,6907265,1768259840,1768.25984,61,128,139,4,20260327_172948
1774628905.0282798,6907305,1768270080,1768.27008,64,128,138,4,20260327_172948
1774628905.0382638,6907344,1768280064,1768.280064,67,124,141,4,20260327_172948
1774628905.0482476,6907383,1768290048,1768.290048,69,118,140,4,20260327_172948
1774628905.0582316,6907422,1768300032,1768.300032,72,114,140,4,20260327_172948
1774628905.0682156,6907461,1768310016,1768.310016,75,117,142,4,20260327_172948
1774628905.0781996,6907500,1768320000,1768.32,78,123,143,4,20260327_172948
1774628905.0881836,6907539,1768329984,1768.329984,81,128,142,4,20260327_172948
1774628905.0981677,6907578,1768339968,1768.339968,84,126,143,4,20260327_172948
1774628905.1081517,6907617,1768349952,1768.349952,87,124,144,4,20260327_172948
1774628905.1183918,6907657,1768360192,1768.360192,89,137,147,4,20260327_172948
1774628905.1283758,6907696,1768370176,1768.370176,92,143,147,4,20260327_172948
1774628905.1383598,6907735,1768380160,1768.38016,95,143,150,4,20260327_172948
1774628905.1483438,6907774,1768390144,1768.390144,98,146,148,4,20260327_172948
1774628905.1583276,6907813,1768400128,1768.400128,101,149,155,4,20260327_172948
1774628905.1683116,6907852,1768410112,1768.410112,104,149,155,4,20260327_172948
1774628905.1782956,6907891,1768420096,1768.420096,107,151,156,4,20260327_172948
1774628905.1882796,6907930,1768430080,1768.43008,110,151,158,4,20260327_172948
1774628905.1982636,6907969,1768440064,1768.440064,112,147,159,4,20260327_172948
1774628905.2085035,6908009,1768450304,1768.450304,115,142,158,4,20260327_172948
1774628905.2184875,6908048,1768460288,1768.460288,118,134,159,4,20260327_172948
1774628905.2284718,6908087,1768470272,1768.470272,121,129,158,4,20260327_172948
1774628905.2384558,6908126,1768480256,1768.480256,124,127,159,4,20260327_172948
1774628905.2484398,6908165,1768490240,1768.49024,127,127,160,4,20260327_172948
1774628905.2584238,6908204,1768500224,1768.500224,130,126,160,4,20260327_172948
1774628905.2684076,6908243,1768510208,1768.510208,133,125,159,4,20260327_172948
1774628905.2783916,6908282,1768520192,1768.520192,135,124,161,4,20260327_172948
1774628905.2883756,6908321,1768530176,1768.530176,138,123,161,4,20260327_172948
1774628905.2986157,6908361,1768540416,1768.540416,141,121,159,4,20260327_172948
1774628905.3085997,6908400,1768550400,1768.5504,144,121,161,4,20260327_172948
1774628905.3185835,6908439,1768560384,1768.560384,147,119,161,4,20260327_172948
1774628905.3285675,6908478,1768570368,1768.570368,150,118,161,4,20260327_172948
1774628905.3385518,6908517,1768580352,1768.580352,153,123,161,4,20260327_172948
1774628905.3485358,6908556,1768590336,1768.590336,156,134,161,4,20260327_172948
1774628905.3585198,6908595,1768600320,1768.60032,158,142,161,4,20260327_172948
1774628905.3685038,6908634,1768610304,1768.610304,161,138,160,4,20260327_172948
1774628905.3784876,6908673,1768620288,1768.620288,164,142,159,4,20260327_172948
1774628905.3887277,6908713,1768630528,1768.630528,167,150,157,4,20260327_172948
1774628905.3987117,6908752,1768640512,1768.640512,170,177,157,4,20260327_172948
1774628905.4086957,6908791,1768650496,1768.650496,173,190,156,4,20260327_172948
1774628905.4186797,6908830,1768660480,1768.66048,176,190,154,4,20260327_172948
1774628905.4286635,6908869,1768670464,1768.670464,179,190,153,4,20260327_172948
1774628905.4386475,6908908,1768680448,1768.680448,181,189,156,4,20260327_172948
1774628905.4486318,6908947,1768690432,1768.690432,184,186,157,4,20260327_172948
1774628905.4586158,6908986,1768700416,1768.700416,187,188,159,4,20260327_172948
1774628905.4685998,6909025,1768710400,1768.7104,190,189,160,4,20260327_172948
1774628905.4788396,6909065,1768720640,1768.72064,193,191,160,4,20260327_172948
1774628905.4888237,6909104,1768730624,1768.730624,196,191,160,4,20260327_172948
1774628905.4988077,6909143,1768740608,1768.740608,199,195,161,4,20260327_172948
1774628905.5087917,6909182,1768750592,1768.750592,202,194,162,4,20260327_172948
1774628905.5187757,6909221,1768760576,1768.760576,204,194,161,4,20260327_172948
1774628905.5287597,6909260,1768770560,1768.77056,207,195,162,4,20260327_172948
1774628905.5387435,6909299,1768780544,1768.780544,210,196,162,4,20260327_172948
1774628905.5487278,6909338,1768790528,1768.790528,213,195,162,4,20260327_172948
1774628905.5589676,6909378,1768800768,1768.800768,216,195,162,4,20260327_172948
1774628905.5689516,6909417,1768810752,1768.810752,219,195,162,4,20260327_172948
1774628905.5789356,6909456,1768820736,1768.820736,222,196,162,4,20260327_172948
1774628905.5889196,6909495,1768830720,1768.83072,225,195,163,4,20260327_172948
1774628905.5989037,6909534,1768840704,1768.840704,227,196,162,4,20260327_172948
1774628905.6088877,6909573,1768850688,1768.850688,230,196,163,4,20260327_172948
1774628905.6188717,6909612,1768860672,1768.860672,233,196,163,4,20260327_172948
1774628905.6288557,6909651,1768870656,1768.870656,236,197,163,4,20260327_172948
1774628905.6388395,6909690,1768880640,1768.88064,239,196,163,4,20260327_172948
1774628905.6490798,6909730,1768890880,1768.89088,242,197,163,4,20260327_172948
1774628905.6590636,6909769,1768900864,1768.900864,245,197,163,4,20260327_172948
1774628905.6690476,6909808,1768910848,1768.910848,248,196,163,4,20260327_172948
1774628905.6790316,6909847,1768920832,1768.920832,250,197,164,4,20260327_172948
1774628905.6890156,6909886,1768930816,1768.930816,253,197,163,4,20260327_172948
1774628905.6989996,6909925,1768940800,1768.9408,1,196,164,4,20260327_172948
1774628905.7089837,6909964,1768950784,1768.950784,4,196,164,4,20260327_172948
1774628905.7189677,6910003,1768960768,1768.960768,7,196,163,4,20260327_172948
1774628905.7292078,6910043,1768971008,1768.971008,10,196,163,4,20260327_172948
1774628905.7391918,6910082,1768980992,1768.980992,13,196,163,4,20260327_172948
1774628905.7491758,6910121,1768990976,1768.990976,16,196,163,4,20260327_172948
1774628905.7591598,6910160,1769000960,1769.00096,18,195,161,4,20260327_172948
1774628905.7691436,6910199,1769010944,1769.010944,21,196,162,4,20260327_172948
1774628905.7791276,6910238,1769020928,1769.020928,24,196,160,4,20260327_172948
1774628905.7891116,6910277,1769030912,1769.030912,27,196,160,4,20260327_172948
1774628905.7990956,6910316,1769040896,1769.040896,30,196,159,4,20260327_172948
1774628905.8090796,6910355,1769050880,1769.05088,33,196,159,4,20260327_172948
1774628905.8190637,6910394,1769060864,1769.060864,36,196,158,4,20260327_172948
1774628905.8293035,6910434,1769071104,1769.071104,38,196,158,4,20260327_172948
1774628905.8392878,6910473,1769081088,1769.081088,41,195,158,4,20260327_172948
1774628905.8492718,6910512,1769091072,1769.091072,44,195,156,4,20260327_172948
1774628905.8592558,6910551,1769101056,1769.101056,47,195,153,4,20260327_172948
1774628905.8692398,6910590,1769111040,1769.11104,50,195,154,4,20260327_172948
1774628905.8792236,6910629,1769121024,1769.121024,53,195,151,4,20260327_172948
1774628905.8892076,6910668,1769131008,1769.131008,56,195,146,4,20260327_172948
1774628905.8991916,6910707,1769140992,1769.140992,59,195,138,4,20260327_172948
1774628905.9091756,6910746,1769150976,1769.150976,61,194,127,4,20260327_172948
1774628905.9194157,6910786,1769161216,1769.161216,64,194,119,4,20260327_172948
1774628905.9293995,6910825,1769171200,1769.1712,67,194,111,4,20260327_172948
1774628905.9393835,6910864,1769181184,1769.181184,70,194,107,4,20260327_172948
1774628905.9493678,6910903,1769191168,1769.191168,73,193,104,4,20260327_172948
1774628905.9593518,6910942,1769201152,1769.201152,76,193,98,4,20260327_172948
1774628905.9693358,6910981,1769211136,1769.211136,79,192,93,4,20260327_172948
1774628905.9793198,6911020,1769221120,1769.22112,82,191,89,4,20260327_172948
1774628905.9893036,6911059,1769231104,1769.231104,84,191,86,4,20260327_172948
1774628905.9992876,6911098,1769241088,1769.241088,87,189,84,4,20260327_172948
1774628906.0095277,6911138,1769251328,1769.251328,90,188,84,4,20260327_172948
1774628906.0195117,6911177,1769261312,1769.261312,93,186,83,4,20260327_172948
1774628906.0294957,6911216,1769271296,1769.271296,96,185,81,4,20260327_172948
1774628906.0394795,6911255,1769281280,1769.28128,99,185,81,4,20260327_172948
1774628906.0494635,6911294,1769291264,1769.291264,102,183,81,4,20260327_172948
1774628906.0594478,6911333,1769301248,1769.301248,105,181,81,4,20260327_172948
1774628906.0694318,6911372,1769311232,1769.311232,107,181,83,4,20260327_172948
1774628906.0794158,6911411,1769321216,1769.321216,110,180,82,4,20260327_172948
1774628906.0893996,6911450,1769331200,1769.3312,113,181,83,4,20260327_172948
1774628906.0996397,6911490,1769341440,1769.34144,116,181,86,4,20260327_172948
1774628906.1096237,6911529,1769351424,1769.351424,119,180,86,4,20260327_172948
1774628906.1196077,6911568,1769361408,1769.361408,122,180,88,4,20260327_172948
1774628906.1295917,6911607,1769371392,1769.371392,125,181,87,4,20260327_172948
1774628906.1395755,6911646,1769381376,1769.381376,128,179,87,4,20260327_172948
1774628906.1495595,6911685,1769391360,1769.39136,130,179,87,4,20260327_172948
1774628906.1595438,6911724,1769401344,1769.401344,133,179,88,4,20260327_172948
1774628906.1695278,6911763,1769411328,1769.411328,136,180,91,4,20260327_172948
1774628906.1795118,6911802,1769421312,1769.421312,139,179,92,4,20260327_172948
1774628906.1897516,6911842,1769431552,1769.431552,142,180,92,4,20260327_172948
1774628906.1997356,6911881,1769441536,1769.441536,145,181,92,4,20260327_172948
1774628906.2097197,6911920,1769451520,1769.45152,148,182,97,4,20260327_172948
1774628906.2197037,6911959,1769461504,1769.461504,151,183,99,4,20260327_172948
1774628906.2296877,6911998,1769471488,1769.471488,153,183,104,4,20260327_172948
1774628906.2396717,6912037,1769481472,1769.481472,156,184,110,4,20260327_172948
1774628906.2496555,6912076,1769491456,1769.491456,159,185,113,4,20260327_172948
1774628906.2596395,6912115,1769501440,1769.50144,162,186,119,4,20260327_172948
1774628906.2696238,6912154,1769511424,1769.511424,165,187,126,4,20260327_172948
1774628906.2798636,6912194,1769521664,1769.521664,168,187,129,4,20260327_172948
1774628906.2898476,6912233,1769531648,1769.531648,171,187,135,4,20260327_172948
1774628906.2998316,6912272,1769541632,1769.541632,174,188,145,4,20260327_172948
1774628906.3098156,6912311,1769551616,1769.551616,176,188,147,4,20260327_172948
1774628906.3197997,6912350,1769561600,1769.5616,179,188,148,4,20260327_172948
1774628906.3297837,6912389,1769571584,1769.571584,182,189,147,4,20260327_172948
1774628906.3397677,6912428,1769581568,1769.581568,185,190,150,4,20260327_172948
1774628906.3497517,6912467,1769591552,1769.591552,188,188,151,4,20260327_172948
1774628906.3597355,6912506,1769601536,1769.601536,191,187,151,4,20260327_172948
1774628906.3699758,6912546,1769611776,1769.611776,194,187,150,4,20260327_172948
1774628906.3799596,6912585,1769621760,1769.62176,196,188,152,4,20260327_172948
1774628906.3899436,6912624,1769631744,1769.631744,199,188,153,4,20260327_172948
1774628906.3999276,6912663,1769641728,1769.641728,202,188,153,4,20260327_172948
1774628906.4099116,6912702,1769651712,1769.651712,205,189,154,4,20260327_172948
1774628906.4198956,6912741,1769661696,1769.661696,208,190,155,4,20260327_172948
1774628906.4298797,6912780,1769671680,1769.67168,211,190,154,4,20260327_172948
1774628906.4398637,6912819,1769681664,1769.681664,214,191,155,4,20260327_172948
1774628906.4498477,6912858,1769691648,1769.691648,217,192,155,4,20260327_172948
1774628906.4600878,6912898,1769701888,1769.701888,219,192,155,4,20260327_172948
1774628906.4700718,6912937,1769711872,1769.711872,222,193,156,4,20260327_172948
1774628906.4800558,6912976,1769721856,1769.721856,225,194,156,4,20260327_172948
1774628906.4900396,6913015,1769731840,1769.73184,228,194,154,4,20260327_172948
1774628906.5000236,6913054,1769741824,1769.741824,231,194,155,4,20260327_172948
1774628906.5100076,6913093,1769751808,1769.751808,234,195,157,4,20260327_172948
1774628906.5199916,6913132,1769761792,1769.761792,237,194,157,4,20260327_172948
1774628906.5299757,6913171,1769771776,1769.771776,240,195,157,4,20260327_172948
1774628906.5399597,6913210,1769781760,1769.78176,242,196,157,4,20260327_172948
1774628906.5501995,6913250,1769792000,1769.792,245,196,156,4,20260327_172948
1774628906.5601838,6913289,1769801984,1769.801984,248,195,156,4,20260327_172948
1774628906.5701678,6913328,1769811968,1769.811968,251,196,158,4,20260327_172948
1774628906.5801518,6913367,1769821952,1769.821952,254,196,159,4,20260327_172948
1774628906.5901356,6913406,1769831936,1769.831936,2,196,158,4,20260327_172948
1774628906.6001196,6913445,1769841920,1769.84192,5,197,158,4,20260327_172948
1774628906.6101036,6913484,1769851904,1769.851904,8,196,158,4,20260327_172948
1774628906.6200876,6913523,1769861888,1769.861888,10,197,157,4,20260327_172948
1774628906.6300716,6913562,1769871872,1769.871872,13,197,156,4,20260327_172948
1774628906.6403117,6913602,1769882112,1769.882112,16,197,155,4,20260327_172948
1774628906.6502955,6913641,1769892096,1769.892096,19,196,152,4,20260327_172948
1774628906.6602798,6913680,1769902080,1769.90208,22,196,152,4,20260327_172948
1774628906.6702638,6913719,1769912064,1769.912064,25,196,146,4,20260327_172948
1774628906.6802478,6913758,1769922048,1769.922048,28,196,138,4,20260327_172948
1774628906.6902318,6913797,1769932032,1769.932032,31,196,135,4,20260327_172948
1774628906.7002156,6913836,1769942016,1769.942016,33,196,131,4,20260327_172948
1774628906.7101996,6913875,1769952000,1769.952,36,197,128,4,20260327_172948
1774628906.7201836,6913914,1769961984,1769.961984,39,196,126,4,20260327_172948
1774628906.7301676,6913953,1769971968,1769.971968,42,196,117,4,20260327_172948
1774628906.7404077,6913993,1769982208,1769.982208,45,196,105,4,20260327_172948
1774628906.7503915,6914032,1769992192,1769.992192,48,195,97,4,20260327_172948
1774628906.7603755,6914071,1770002176,1770.002176,51,196,92,4,20260327_172948
1774628906.7703598,6914110,1770012160,1770.01216,54,196,89,4,20260327_172948
1774628906.7803438,6914149,1770022144,1770.022144,56,196,82,4,20260327_172948
1774628906.7903278,6914188,1770032128,1770.032128,59,196,82,4,20260327_172948
1774628906.8003118,6914227,1770042112,1770.042112,62,196,80,4,20260327_172948
1774628906.8102956,6914266,1770052096,1770.052096,65,196,79,4,20260327_172948
1774628906.8202796,6914305,1770062080,1770.06208,68,195,79,4,20260327_172948
1774628906.8305197,6914345,1770072320,1770.07232,71,195,82,4,20260327_172948
1774628906.8405037,6914384,1770082304,1770.082304,74,195,82,4,20260327_172948
1774628906.8504877,6914423,1770092288,1770.092288,77,194,83,4,20260327_172948
1774628906.8604715,6914462,1770102272,1770.102272,79,194,85,4,20260327_172948
1774628906.8704555,6914501,1770112256,1770.112256,82,197,84,4,20260327_172948
1774628906.8804398,6914540,1770122240,1770.12224,85,196,81,4,20260327_172948
1774628906.8904238,6914579,1770132224,1770.132224,88,195,80,4,20260327_172948
1774628906.9004078,6914618,1770142208,1770.142208,91,194,81,4,20260327_172948
1774628906.9103918,6914657,1770152192,1770.152192,94,193,81,4,20260327_172948
1774628906.9206316,6914697,1770162432,1770.162432,97,193,81,4,20260327_172948
1774628906.9306157,6914736,1770172416,1770.172416,99,194,82,4,20260327_172948
1774628906.9405997,6914775,1770182400,1770.1824,102,195,83,4,20260327_172948
1774628906.9505837,6914814,1770192384,1770.192384,105,195,83,4,20260327_172948
1774628906.9605677,6914853,1770202368,1770.202368,108,194,84,4,20260327_172948
1774628906.9705515,6914892,1770212352,1770.212352,111,186,84,4,20260327_172948
1774628906.9805355,6914931,1770222336,1770.222336,114,184,85,4,20260327_172948
1774628906.9905198,6914970,1770232320,1770.23232,117,182,84,4,20260327_172948
1774628907.0005038,6915009,1770242304,1770.242304,120,182,86,4,20260327_172948
1774628907.0107436,6915049,1770252544,1770.252544,122,182,86,4,20260327_172948
1774628907.0207276,6915088,1770262528,1770.262528,125,183,87,4,20260327_172948
1774628907.0307117,6915127,1770272512,1770.272512,128,187,89,4,20260327_172948
1774628907.0406957,6915166,1770282496,1770.282496,131,187,91,4,20260327_172948
1774628907.0506797,6915205,1770292480,1770.29248,134,183,94,4,20260327_172948
1774628907.0606637,6915244,1770302464,1770.302464,137,184,100,4,20260327_172948
1774628907.0706477,6915283,1770312448,1770.312448,140,184,105,4,20260327_172948
1774628907.0806315,6915322,1770322432,1770.322432,143,186,110,4,20260327_172948
1774628907.0906155,6915361,1770332416,1770.332416,145,186,113,4,20260327_172948
1774628907.1008556,6915401,1770342656,1770.342656,148,187,118,4,20260327_172948
1774628907.1108396,6915440,1770352640,1770.35264,151,188,122,4,20260327_172948
1774628907.1208236,6915479,1770362624,1770.362624,154,188,127,4,20260327_172948
1774628907.1308076,6915518,1770372608,1770.372608,157,188,131,4,20260327_172948
1774628907.1407917,6915557,1770382592,1770.382592,160,189,137,4,20260327_172948
1774628907.1507757,6915596,1770392576,1770.392576,163,189,141,4,20260327_172948
1774628907.1607597,6915635,1770402560,1770.40256,166,189,142,4,20260327_172948
1774628907.1707437,6915674,1770412544,1770.412544,168,190,143,4,20260327_172948
1774628907.1807275,6915713,1770422528,1770.422528,171,191,143,4,20260327_172948
1774628907.1909678,6915753,1770432768,1770.432768,174,192,144,4,20260327_172948
1774628907.2009516,6915792,1770442752,1770.442752,177,193,147,4,20260327_172948
1774628907.2109356,6915831,1770452736,1770.452736,180,192,148,4,20260327_172948
1774628907.2209196,6915870,1770462720,1770.46272,183,193,148,4,20260327_172948
1774628907.2309036,6915909,1770472704,1770.472704,186,193,149,4,20260327_172948
1774628907.2408876,6915948,1770482688,1770.482688,189,193,149,4,20260327_172948
1774628907.2508717,6915987,1770492672,1770.492672,191,193,149,4,20260327_172948
1774628907.2608557,6916026,1770502656,1770.502656,194,193,150,4,20260327_172948
1774628907.2708397,6916065,1770512640,1770.51264,197,193,149,4,20260327_172948
1774628907.2810798,6916105,1770522880,1770.52288,200,195,151,4,20260327_172948
1774628907.2910638,6916144,1770532864,1770.532864,203,194,151,4,20260327_172948
1774628907.3010478,6916183,1770542848,1770.542848,206,195,151,4,20260327_172948
1774628907.3110316,6916222,1770552832,1770.552832,209,195,150,4,20260327_172948
1774628907.3210156,6916261,1770562816,1770.562816,212,195,151,4,20260327_172948
1774628907.3309996,6916300,1770572800,1770.5728,214,196,152,4,20260327_172948
1774628907.3409836,6916339,1770582784,1770.582784,217,195,152,4,20260327_172948
1774628907.3509676,6916378,1770592768,1770.592768,220,196,151,4,20260327_172948
1774628907.3609517,6916417,1770602752,1770.602752,223,196,152,4,20260327_172948
1774628907.3711915,6916457,1770612992,1770.612992,226,196,151,4,20260327_172948
1774628907.3811758,6916496,1770622976,1770.622976,229,197,152,4,20260327_172948
1774628907.3911598,6916535,1770632960,1770.63296,232,197,152,4,20260327_172948
1774628907.4011438,6916574,1770642944,1770.642944,235,196,152,4,20260327_172948
1774628907.4111278,6916613,1770652928,1770.652928,237,197,151,4,20260327_172948
1774628907.4211116,6916652,1770662912,1770.662912,240,198,151,4,20260327_172948
1774628907.4310956,6916691,1770672896,1770.672896,243,197,149,4,20260327_172948
1774628907.4410796,6916730,1770682880,1770.68288,246,197,149,4,20260327_172948
1774628907.4510636,6916769,1770692864,1770.692864,249,197,148,4,20260327_172948
1774628907.4613037,6916809,1770703104,1770.703104,252,198,149,4,20260327_172948
1774628907.4712875,6916848,1770713088,1770.713088,0,198,150,4,20260327_172948
1774628907.4812715,6916887,1770723072,1770.723072,2,197,148,4,20260327_172948
1774628907.4912558,6916926,1770733056,1770.733056,5,198,147,4,20260327_172948
1774628907.5012398,6916965,1770743040,1770.74304,8,197,147,4,20260327_172948
1774628907.5112238,6917004,1770753024,1770.753024,11,197,145,4,20260327_172948
1774628907.5212078,6917043,1770763008,1770.763008,14,197,141,4,20260327_172948
1774628907.5311916,6917082,1770772992,1770.772992,17,198,142,4,20260327_172948
1774628907.5411756,6917121,1770782976,1770.782976,20,198,141,4,20260327_172948
1774628907.5514157,6917161,1770793216,1770.793216,23,198,138,4,20260327_172948
1774628907.5613997,6917200,1770803200,1770.8032,25,197,136,4,20260327_172948
1774628907.5713837,6917239,1770813184,1770.813184,28,198,134,4,20260327_172948
1774628907.5813675,6917278,1770823168,1770.823168,31,197,130,4,20260327_172948
1774628907.5913515,6917317,1770833152,1770.833152,34,198,127,4,20260327_172948
1774628907.6013358,6917356,1770843136,1770.843136,37,198,117,4,20260327_172948
1774628907.6113198,6917395,1770853120,1770.85312,40,198,111,4,20260327_172948
1774628907.6213038,6917434,1770863104,1770.863104,43,198,104,4,20260327_172948
1774628907.6312876,6917473,1770873088,1770.873088,46,198,99,4,20260327_172948
1774628907.6412716,6917512,1770883072,1770.883072,48,198,93,4,20260327_172948
1774628907.6515117,6917552,1770893312,1770.893312,51,198,89,4,20260327_172948
1774628907.6614957,6917591,1770903296,1770.903296,54,197,85,4,20260327_172948
1774628907.6714797,6917630,1770913280,1770.91328,57,196,82,4,20260327_172948
1774628907.6814637,6917669,1770923264,1770.923264,60,197,82,4,20260327_172948
1774628907.6914475,6917708,1770933248,1770.933248,63,197,79,4,20260327_172948
1774628907.7014318,6917747,1770943232,1770.943232,66,197,82,4,20260327_172948
1774628907.7114158,6917786,1770953216,1770.953216,69,197,81,4,20260327_172948
1774628907.7213998,6917825,1770963200,1770.9632,71,196,81,4,20260327_172948
1774628907.7313838,6917864,1770973184,1770.973184,74,197,82,4,20260327_172948
1774628907.7416236,6917904,1770983424,1770.983424,77,197,81,4,20260327_172948
1774628907.7516077,6917943,1770993408,1770.993408,80,197,82,4,20260327_172948
1774628907.7615917,6917982,1771003392,1771.003392,83,196,82,4,20260327_172948
1774628907.7715757,6918021,1771013376,1771.013376,86,196,82,4,20260327_172948
1774628907.7815597,6918060,1771023360,1771.02336,89,196,82,4,20260327_172948
1774628907.7915435,6918099,1771033344,1771.033344,92,196,81,4,20260327_172948
1774628907.8015275,6918138,1771043328,1771.043328,94,195,82,4,20260327_172948
1774628907.8115118,6918177,1771053312,1771.053312,97,195,82,4,20260327_172948
1774628907.8214958,6918216,1771063296,1771.063296,100,195,81,4,20260327_172948
1774628907.8317356,6918256,1771073536,1771.073536,103,196,83,4,20260327_172948
1774628907.8417196,6918295,1771083520,1771.08352,106,196,83,4,20260327_172948
1774628907.8517036,6918334,1771093504,1771.093504,109,196,83,4,20260327_172948
1774628907.8616877,6918373,1771103488,1771.103488,112,195,84,4,20260327_172948
1774628907.8716717,6918412,1771113472,1771.113472,115,194,84,4,20260327_172948
1774628907.8816557,6918451,1771123456,1771.123456,117,194,84,4,20260327_172948
1774628907.8916397,6918490,1771133440,1771.13344,120,192,86,4,20260327_172948
1774628907.9016235,6918529,1771143424,1771.143424,123,191,84,4,20260327_172948
1774628907.9116075,6918568,1771153408,1771.153408,126,192,85,4,20260327_172948
1774628907.9218476,6918608,1771163648,1771.163648,129,192,86,4,20260327_172948
1774628907.9318316,6918647,1771173632,1771.173632,132,191,87,4,20260327_172948
1774628907.9418156,6918686,1771183616,1771.183616,135,192,86,4,20260327_172948
1774628907.9517996,6918725,1771193600,1771.1936,138,192,89,4,20260327_172948
1774628907.9617836,6918764,1771203584,1771.203584,140,192,90,4,20260327_172948
1774628907.9717677,6918803,1771213568,1771.213568,143,193,92,4,20260327_172948
1774628907.9817517,6918842,1771223552,1771.223552,146,193,97,4,20260327_172948
1774628907.9917357,6918881,1771233536,1771.233536,149,194,102,4,20260327_172948
1774628908.0017197,6918920,1771243520,1771.24352,152,194,107,4,20260327_172948
1774628908.0119598,6918960,1771253760,1771.25376,155,195,110,4,20260327_172948
1774628908.0219438,6918999,1771263744,1771.263744,158,194,114,4,20260327_172948
1774628908.0319276,6919038,1771273728,1771.273728,161,195,119,4,20260327_172948
1774628908.0419116,6919077,1771283712,1771.283712,163,194,122,4,20260327_172948
1774628908.0518956,6919116,1771293696,1771.293696,166,194,127,4,20260327_172948
1774628908.0618796,6919155,1771303680,1771.30368,169,194,134,4,20260327_172948
1774628908.0718637,6919194,1771313664,1771.313664,172,194,139,4,20260327_172948
1774628908.0818477,6919233,1771323648,1771.323648,175,194,140,4,20260327_172948
1774628908.0918317,6919272,1771333632,1771.333632,178,195,140,4,20260327_172948
1774628908.1020718,6919312,1771343872,1771.343872,181,194,139,4,20260327_172948
1774628908.1120558,6919351,1771353856,1771.353856,183,195,140,4,20260327_172948
1774628908.1220398,6919390,1771363840,1771.36384,186,193,141,4,20260327_172948
1774628908.1320236,6919429,1771373824,1771.373824,189,196,143,4,20260327_172948
1774628908.1420076,6919468,1771383808,1771.383808,192,196,144,4,20260327_172948
1774628908.1519916,6919507,1771393792,1771.393792,195,195,146,4,20260327_172948
1774628908.1619756,6919546,1771403776,1771.403776,198,196,146,4,20260327_172948
1774628908.1719596,6919585,1771413760,1771.41376,201,196,147,4,20260327_172948
1774628908.1819437,6919624,1771423744,1771.423744,204,195,146,4,20260327_172948
1774628908.1921835,6919664,1771433984,1771.433984,206,196,147,4,20260327_172948
1774628908.2021675,6919703,1771443968,1771.443968,209,197,148,4,20260327_172948
1774628908.2121518,6919742,1771453952,1771.453952,212,196,148,4,20260327_172948
1774628908.2221358,6919781,1771463936,1771.463936,215,197,148,4,20260327_172948
1774628908.2321198,6919820,1771473920,1771.47392,218,197,149,4,20260327_172948
1774628908.2421036,6919859,1771483904,1771.483904,221,197,148,4,20260327_172948
1774628908.2520876,6919898,1771493888,1771.493888,224,197,148,4,20260327_172948
1774628908.2620716,6919937,1771503872,1771.503872,227,197,148,4,20260327_172948
1774628908.2720556,6919976,1771513856,1771.513856,229,197,148,4,20260327_172948
1774628908.2822957,6920016,1771524096,1771.524096,232,197,150,4,20260327_172948
1774628908.2922795,6920055,1771534080,1771.53408,235,197,150,4,20260327_172948
1774628908.3022635,6920094,1771544064,1771.544064,238,198,149,4,20260327_172948
1774628908.3122478,6920133,1771554048,1771.554048,241,197,151,4,20260327_172948
1774628908.3222318,6920172,1771564032,1771.564032,244,197,150,4,20260327_172948
1774628908.3322158,6920211,1771574016,1771.574016,246,199,151,4,20260327_172948
1774628908.3421998,6920250,1771584000,1771.584,249,199,151,4,20260327_172948
1774628908.3521836,6920289,1771593984,1771.593984,252,198,149,4,20260327_172948
1774628908.3621676,6920328,1771603968,1771.603968,0,198,149,4,20260327_172948
1774628908.3721516,6920367,1771613952,1771.613952,3,198,148,4,20260327_172948
1774628908.3823917,6920407,1771624192,1771.624192,6,198,147,4,20260327_172948
1774628908.3923757,6920446,1771634176,1771.634176,9,198,143,4,20260327_172948
1774628908.4023595,6920485,1771644160,1771.64416,11,197,143,4,20260327_172948
1774628908.4123435,6920524,1771654144,1771.654144,14,198,142,4,20260327_172948
1774628908.4223278,6920563,1771664128,1771.664128,17,198,142,4,20260327_172948
1774628908.4323118,6920602,1771674112,1771.674112,20,198,141,4,20260327_172948
1774628908.4422958,6920641,1771684096,1771.684096,23,198,140,4,20260327_172948
1774628908.4522798,6920680,1771694080,1771.69408,26,199,139,4,20260327_172948
1774628908.4622636,6920719,1771704064,1771.704064,28,198,138,4,20260327_172948
1774628908.4725037,6920759,1771714304,1771.714304,31,197,136,4,20260327_172948
1774628908.4824877,6920798,1771724288,1771.724288,34,198,134,4,20260327_172948
1774628908.4924717,6920837,1771734272,1771.734272,37,198,131,4,20260327_172948
1774628908.5024557,6920876,1771744256,1771.744256,39,198,127,4,20260327_172948
1774628908.5124395,6920915,1771754240,1771.75424,42,198,127,4,20260327_172948
1774628908.5224235,6920954,1771764224,1771.764224,45,198,124,4,20260327_172948
1774628908.5324078,6920993,1771774208,1771.774208,48,199,113,4,20260327_172948
1774628908.5423918,6921032,1771784192,1771.784192,51,198,103,4,20260327_172948
1774628908.5523758,6921071,1771794176,1771.794176,55,198,100,4,20260327_172948
1774628908.5626156,6921111,1771804416,1771.804416,59,197,95,4,20260327_172948
1774628908.5725996,6921150,1771814400,1771.8144,63,197,91,4,20260327_172948
1774628908.5825837,6921189,1771824384,1771.824384,67,198,89,4,20260327_172948
1774628908.5925677,6921228,1771834368,1771.834368,72,197,87,4,20260327_172948
1774628908.6025517,6921267,1771844352,1771.844352,75,197,85,4,20260327_172948
1774628908.6125357,6921306,1771854336,1771.854336,79,197,84,4,20260327_172948
1774628908.6225195,6921345,1771864320,1771.86432,82,197,82,4,20260327_172948
1774628908.6325035,6921384,1771874304,1771.874304,86,197,80,4,20260327_172948
1774628908.6424878,6921423,1771884288,1771.884288,89,196,82,4,20260327_172948
1774628908.6527276,6921463,1771894528,1771.894528,92,196,81,4,20260327_172948
1774628908.6627116,6921502,1771904512,1771.904512,95,196,82,4,20260327_172948
1774628908.6726956,6921541,1771914496,1771.914496,98,195,82,4,20260327_172948
1774628908.6826797,6921580,1771924480,1771.92448,101,196,81,4,20260327_172948
1774628908.6926637,6921619,1771934464,1771.934464,104,196,82,4,20260327_172948
1774628908.7026477,6921658,1771944448,1771.944448,106,195,84,4,20260327_172948
1774628908.7126317,6921697,1771954432,1771.954432,109,196,83,4,20260327_172948
1774628908.7226157,6921736,1771964416,1771.964416,112,195,84,4,20260327_172948
1774628908.7325995,6921775,1771974400,1771.9744,115,194,84,4,20260327_172948
1774628908.7428396,6921815,1771984640,1771.98464,118,193,84,4,20260327_172948
1774628908.7528236,6921854,1771994624,1771.994624,121,194,85,4,20260327_172948
1774628908.7628076,6921893,1772004608,1772.004608,124,193,86,4,20260327_172948
1774628908.7727916,6921932,1772014592,1772.014592,127,193,87,4,20260327_172948
1774628908.7827756,6921971,1772024576,1772.024576,131,194,87,4,20260327_172948
1774628908.7927597,6922010,1772034560,1772.03456,134,194,88,4,20260327_172948
1774628908.8027437,6922049,1772044544,1772.044544,137,193,89,4,20260327_172948
1774628908.8127277,6922088,1772054528,1772.054528,140,194,90,4,20260327_172948
1774628908.8227117,6922127,1772064512,1772.064512,143,194,92,4,20260327_172948
1774628908.8329518,6922167,1772074752,1772.074752,146,193,96,4,20260327_172948
1774628908.8429358,6922206,1772084736,1772.084736,149,194,102,4,20260327_172948
1774628908.8529196,6922245,1772094720,1772.09472,152,194,105,4,20260327_172948
1774628908.8629036,6922284,1772104704,1772.104704,155,195,110,4,20260327_172948
1774628908.8728876,6922323,1772114688,1772.114688,158,195,114,4,20260327_172948
1774628908.8828716,6922362,1772124672,1772.124672,161,194,118,4,20260327_172948
1774628908.8928556,6922401,1772134656,1772.134656,164,194,121,4,20260327_172948
1774628908.9028397,6922440,1772144640,1772.14464,167,195,127,4,20260327_172948
1774628908.9128237,6922479,1772154624,1772.154624,169,195,130,4,20260327_172948
1774628908.9230638,6922519,1772164864,1772.164864,172,195,137,4,20260327_172948
1774628908.9330478,6922558,1772174848,1772.174848,175,195,140,4,20260327_172948
1774628908.9430318,6922597,1772184832,1772.184832,177,195,140,4,20260327_172948
1774628908.9530158,6922636,1772194816,1772.194816,180,195,138,4,20260327_172948
1774628908.9629996,6922675,1772204800,1772.2048,183,195,141,4,20260327_172948
1774628908.9729836,6922714,1772214784,1772.214784,186,195,140,4,20260327_172948
1774628908.9829676,6922753,1772224768,1772.224768,189,194,143,4,20260327_172948
1774628908.9929516,6922792,1772234752,1772.234752,192,195,144,4,20260327_172948
1774628909.0029356,6922831,1772244736,1772.244736,194,195,147,4,20260327_172948
1774628909.0131755,6922871,1772254976,1772.254976,197,195,148,4,20260327_172948
1774628909.0231595,6922910,1772264960,1772.26496,200,196,149,4,20260327_172948
1774628909.0331438,6922949,1772274944,1772.274944,203,196,149,4,20260327_172948
1774628909.0431278,6922988,1772284928,1772.284928,206,196,150,4,20260327_172948
1774628909.0531118,6923027,1772294912,1772.294912,208,196,150,4,20260327_172948
1774628909.0630958,6923066,1772304896,1772.304896,211,196,150,4,20260327_172948
1774628909.0730796,6923105,1772314880,1772.31488,214,196,151,4,20260327_172948
1774628909.0830636,6923144,1772324864,1772.324864,217,197,151,4,20260327_172948
1774628909.0930476,6923183,1772334848,1772.334848,220,197,152,4,20260327_172948
1774628909.1030316,6923222,1772344832,1772.344832,223,196,152,4,20260327_172948
1774628909.1132717,6923262,1772355072,1772.355072,225,197,152,4,20260327_172948
1774628909.1232555,6923301,1772365056,1772.365056,228,197,151,4,20260327_172948
1774628909.1332395,6923340,1772375040,1772.37504,231,197,152,4,20260327_172948
1774628909.1432238,6923379,1772385024,1772.385024,234,197,153,4,20260327_172948
1774628909.1532078,6923418,1772395008,1772.395008,237,197,152,4,20260327_172948
1774628909.1631918,6923457,1772404992,1772.404992,240,197,150,4,20260327_172948
1774628909.1731756,6923496,1772414976,1772.414976,242,197,150,4,20260327_172948
1774628909.1831596,6923535,1772424960,1772.42496,245,197,151,4,20260327_172948
1774628909.1931436,6923574,1772434944,1772.434944,248,198,151,4,20260327_172948
1774628909.2033837,6923614,1772445184,1772.445184,251,197,152,4,20260327_172948
1774628909.2133677,6923653,1772455168,1772.455168,254,198,152,4,20260327_172948
1774628909.2233517,6923692,1772465152,1772.465152,2,197,152,4,20260327_172948
1774628909.2333355,6923731,1772475136,1772.475136,5,197,153,4,20260327_172948
1774628909.2433195,6923770,1772485120,1772.48512,7,197,154,4,20260327_172948
1774628909.2533038,6923809,1772495104,1772.495104,10,198,152,4,20260327_172948
1774628909.2632878,6923848,1772505088,1772.505088,13,197,154,4,20260327_172948
1774628909.2732718,6923887,1772515072,1772.515072,16,198,151,4,20260327_172948
1774628909.2832556,6923926,1772525056,1772.525056,19,198,150,4,20260327_172948
1774628909.2934957,6923966,1772535296,1772.535296,21,197,149,4,20260327_172948
1774628909.3034797,6924005,1772545280,1772.54528,24,197,149,4,20260327_172948
1774628909.3134637,6924044,1772555264,1772.555264,27,198,149,4,20260327_172948
1774628909.3234477,6924083,1772565248,1772.565248,30,197,148,4,20260327_172948
1774628909.3334315,6924122,1772575232,1772.575232,33,197,148,4,20260327_172948
1774628909.3434155,6924161,1772585216,1772.585216,35,198,146,4,20260327_172948
1774628909.3533998,6924200,1772595200,1772.5952,38,197,145,4,20260327_172948
1774628909.3633838,6924239,1772605184,1772.605184,40,198,143,4,20260327_172948
1774628909.3733678,6924278,1772615168,1772.615168,42,197,142,4,20260327_172948
1774628909.3836076,6924318,1772625408,1772.625408,44,197,138,4,20260327_172948
1774628909.3935916,6924357,1772635392,1772.635392,46,197,137,4,20260327_172948
1774628909.4035757,6924396,1772645376,1772.645376,48,196,134,4,20260327_172948
1774628909.4135597,6924435,1772655360,1772.65536,50,197,133,4,20260327_172948
1774628909.4235437,6924474,1772665344,1772.665344,52,196,131,4,20260327_172948
1774628909.4335277,6924513,1772675328,1772.675328,54,197,129,4,20260327_172948
1774628909.4435115,6924552,1772685312,1772.685312,56,197,127,4,20260327_172948
1774628909.4534955,6924591,1772695296,1772.695296,59,197,127,4,20260327_172948
1774628909.4634798,6924630,1772705280,1772.70528,61,196,126,4,20260327_172948
1774628909.4734638,6924669,1772715264,1772.715264,63,196,124,4,20260327_172948
1774628909.4837036,6924709,1772725504,1772.725504,66,195,118,4,20260327_172948
1774628909.4936876,6924748,1772735488,1772.735488,69,196,114,4,20260327_172948
1774628909.5036716,6924787,1772745472,1772.745472,72,195,106,4,20260327_172948
1774628909.5136557,6924826,1772755456,1772.755456,75,196,103,4,20260327_172948
1774628909.5236397,6924865,1772765440,1772.76544,78,195,98,4,20260327_172948
1774628909.5336237,6924904,1772775424,1772.775424,82,195,94,4,20260327_172948
1774628909.5436077,6924943,1772785408,1772.785408,85,194,92,4,20260327_172948
1774628909.5535915,6924982,1772795392,1772.795392,88,194,88,4,20260327_172948
1774628909.5635755,6925021,1772805376,1772.805376,91,194,85,4,20260327_172948
1774628909.5738156,6925061,1772815616,1772.815616,94,194,84,4,20260327_172948
1774628909.5837996,6925100,1772825600,1772.8256,97,194,83,4,20260327_172948
1774628909.5937836,6925139,1772835584,1772.835584,100,193,82,4,20260327_172948
1774628909.6037676,6925178,1772845568,1772.845568,103,193,81,4,20260327_172948
1774628909.6137516,6925217,1772855552,1772.855552,106,193,81,4,20260327_172948
1774628909.6237357,6925256,1772865536,1772.865536,109,193,82,4,20260327_172948
1774628909.6337197,6925295,1772875520,1772.87552,112,192,83,4,20260327_172948
1774628909.6437037,6925334,1772885504,1772.885504,114,192,83,4,20260327_172948
1774628909.6536877,6925373,1772895488,1772.895488,117,191,83,4,20260327_172948
1774628909.6639278,6925413,1772905728,1772.905728,120,192,84,4,20260327_172948
1774628909.6739118,6925452,1772915712,1772.915712,123,192,84,4,20260327_172948
1774628909.6838956,6925491,1772925696,1772.925696,127,192,85,4,20260327_172948
1774628909.6938796,6925530,1772935680,1772.93568,130,192,85,4,20260327_172948
1774628909.7038636,6925569,1772945664,1772.945664,133,192,86,4,20260327_172948
1774628909.7138476,6925608,1772955648,1772.955648,136,192,84,4,20260327_172948
1774628909.7238317,6925647,1772965632,1772.965632,139,192,86,4,20260327_172948
1774628909.7338157,6925686,1772975616,1772.975616,142,193,86,4,20260327_172948
1774628909.7437997,6925725,1772985600,1772.9856,145,193,86,4,20260327_172948
1774628909.7540398,6925765,1772995840,1772.99584,149,192,86,4,20260327_172948
1774628909.7640238,6925804,1773005824,1773.005824,152,193,86,4,20260327_172948
1774628909.7740078,6925843,1773015808,1773.015808,156,192,86,4,20260327_172948
1774628909.7839916,6925882,1773025792,1773.025792,159,193,88,4,20260327_172948
1774628909.7939756,6925921,1773035776,1773.035776,163,193,89,4,20260327_172948
1774628909.8039596,6925960,1773045760,1773.04576,166,193,90,4,20260327_172948
1774628909.8139436,6925999,1773055744,1773.055744,169,193,92,4,20260327_172948
1774628909.8239276,6926038,1773065728,1773.065728,172,193,94,4,20260327_172948
1774628909.8339117,6926077,1773075712,1773.075712,175,194,100,4,20260327_172948
1774628909.8441515,6926117,1773085952,1773.085952,178,193,106,4,20260327_172948
1774628909.8541358,6926156,1773095936,1773.095936,181,193,110,4,20260327_172948
1774628909.8641198,6926195,1773105920,1773.10592,184,194,116,4,20260327_172948
1774628909.8741038,6926234,1773115904,1773.115904,187,195,122,4,20260327_172948
1774628909.8840878,6926273,1773125888,1773.125888,190,194,127,4,20260327_172948
1774628909.8940716,6926312,1773135872,1773.135872,193,195,135,4,20260327_172948
1774628909.9040556,6926351,1773145856,1773.145856,195,194,140,4,20260327_172948
1774628909.9140396,6926390,1773155840,1773.15584,198,195,139,4,20260327_172948
1774628909.9240236,6926429,1773165824,1773.165824,201,195,140,4,20260327_172948
1774628909.9340076,6926468,1773175808,1773.175808,204,195,140,4,20260327_172948
1774628909.9442475,6926508,1773186048,1773.186048,207,195,142,4,20260327_172948
1774628909.9542315,6926547,1773196032,1773.196032,210,195,144,4,20260327_172948
1774628909.9642158,6926586,1773206016,1773.206016,212,194,146,4,20260327_172948
1774628909.9741998,6926625,1773216000,1773.216,215,196,146,4,20260327_172948
1774628909.9841838,6926664,1773225984,1773.225984,218,195,147,4,20260327_172948
1774628909.9941678,6926703,1773235968,1773.235968,221,196,148,4,20260327_172948
1774628910.0041516,6926742,1773245952,1773.245952,224,196,150,4,20260327_172948
1774628910.0141356,6926781,1773255936,1773.255936,227,196,149,4,20260327_172948
1774628910.0241196,6926820,1773265920,1773.26592,229,196,147,4,20260327_172948
1774628910.0343597,6926860,1773276160,1773.27616,232,196,150,4,20260327_172948
1774628910.0443437,6926899,1773286144,1773.286144,235,197,150,4,20260327_172948
1774628910.0543275,6926938,1773296128,1773.296128,238,197,151,4,20260327_172948
1774628910.0643115,6926977,1773306112,1773.306112,241,197,151,4,20260327_172948
1774628910.0742958,6927016,1773316096,1773.316096,244,197,150,4,20260327_172948
1774628910.0842798,6927055,1773326080,1773.32608,246,197,151,4,20260327_172948
1774628910.0942638,6927094,1773336064,1773.336064,249,197,149,4,20260327_172948
1774628910.1042478,6927133,1773346048,1773.346048,252,197,151,4,20260327_172948
1774628910.1142316,6927172,1773356032,1773.356032,0,197,151,4,20260327_172948
1774628910.1244717,6927212,1773366272,1773.366272,3,197,152,4,20260327_172948
1774628910.1344557,6927251,1773376256,1773.376256,6,197,151,4,20260327_172948
1774628910.1444397,6927290,1773386240,1773.38624,9,197,152,4,20260327_172948
1774628910.1544237,6927329,1773396224,1773.396224,11,197,152,4,20260327_172948
1774628910.1644075,6927368,1773406208,1773.406208,14,197,151,4,20260327_172948
1774628910.1743915,6927407,1773416192,1773.416192,17,197,148,4,20260327_172948
1774628910.1843758,6927446,1773426176,1773.426176,20,197,149,4,20260327_172948
1774628910.1943598,6927485,1773436160,1773.43616,23,198,148,4,20260327_172948
1774628910.2043438,6927524,1773446144,1773.446144,25,197,148,4,20260327_172948
1774628910.2145836,6927564,1773456384,1773.456384,28,197,147,4,20260327_172948
1774628910.2245677,6927603,1773466368,1773.466368,31,197,145,4,20260327_172948
1774628910.2345517,6927642,1773476352,1773.476352,34,198,142,4,20260327_172948
1774628910.2445357,6927681,1773486336,1773.486336,36,197,140,4,20260327_172948
1774628910.2545197,6927720,1773496320,1773.49632,39,197,136,4,20260327_172948
1774628910.2645037,6927759,1773506304,1773.506304,41,196,134,4,20260327_172948
1774628910.2744875,6927798,1773516288,1773.516288,44,197,131,4,20260327_172948
1774628910.2844718,6927837,1773526272,1773.526272,46,197,127,4,20260327_172948
1774628910.2944558,6927876,1773536256,1773.536256,49,197,126,4,20260327_172948
1774628910.3046956,6927916,1773546496,1773.546496,51,197,117,4,20260327_172948
1774628910.3146796,6927955,1773556480,1773.55648,55,196,105,4,20260327_172948
1774628910.3246636,6927994,1773566464,1773.566464,59,197,98,4,20260327_172948
1774628910.3346477,6928033,1773576448,1773.576448,63,197,93,4,20260327_172948
1774628910.3446317,6928072,1773586432,1773.586432,67,196,87,4,20260327_172948
1774628910.3546157,6928111,1773596416,1773.596416,72,196,86,4,20260327_172948
1774628910.3645997,6928150,1773606400,1773.6064,76,196,83,4,20260327_172948
1774628910.3745835,6928189,1773616384,1773.616384,79,196,81,4,20260327_172948
1774628910.3845675,6928228,1773626368,1773.626368,83,196,82,4,20260327_172948
1774628910.3948076,6928268,1773636608,1773.636608,86,195,83,4,20260327_172948
1774628910.4047916,6928307,1773646592,1773.646592,89,194,83,4,20260327_172948
1774628910.4147756,6928346,1773656576,1773.656576,92,195,82,4,20260327_172948
1774628910.4247596,6928385,1773666560,1773.66656,95,194,82,4,20260327_172948
1774628910.4347436,6928424,1773676544,1773.676544,98,193,82,4,20260327_172948
1774628910.4447277,6928463,1773686528,1773.686528,101,193,82,4,20260327_172948
1774628910.4547117,6928502,1773696512,1773.696512,104,193,81,4,20260327_172948
1774628910.4646957,6928541,1773706496,1773.706496,107,192,81,4,20260327_172948
1774628910.4746797,6928580,1773716480,1773.71648,110,192,81,4,20260327_172948
1774628910.4849198,6928620,1773726720,1773.72672,113,192,81,4,20260327_172948
1774628910.4949038,6928659,1773736704,1773.736704,116,191,82,4,20260327_172948
1774628910.5048876,6928698,1773746688,1773.746688,119,192,82,4,20260327_172948
1774628910.5148716,6928737,1773756672,1773.756672,122,192,82,4,20260327_172948
1774628910.5248556,6928776,1773766656,1773.766656,125,192,83,4,20260327_172948
1774628910.5348396,6928815,1773776640,1773.77664,128,192,83,4,20260327_172948
1774628910.5448236,6928854,1773786624,1773.786624,131,192,83,4,20260327_172948
1774628910.5548077,6928893,1773796608,1773.796608,134,192,82,4,20260327_172948
1774628910.5647917,6928932,1773806592,1773.806592,137,192,82,4,20260327_172948
1774628910.5750318,6928972,1773816832,1773.816832,140,192,84,4,20260327_172948
1774628910.5850158,6929011,1773826816,1773.826816,144,192,84,4,20260327_172948
1774628910.5949998,6929050,1773836800,1773.8368,147,193,84,4,20260327_172948
1774628910.6049838,6929089,1773846784,1773.846784,150,192,84,4,20260327_172948
1774628910.6149676,6929128,1773856768,1773.856768,154,193,85,4,20260327_172948
1774628910.6249516,6929167,1773866752,1773.866752,157,193,86,4,20260327_172948
1774628910.6349356,6929206,1773876736,1773.876736,161,193,87,4,20260327_172948
1774628910.6449196,6929245,1773886720,1773.88672,164,193,86,4,20260327_172948
1774628910.6549037,6929284,1773896704,1773.896704,168,193,88,4,20260327_172948
1774628910.6651435,6929324,1773906944,1773.906944,171,193,90,4,20260327_172948
1774628910.6751275,6929363,1773916928,1773.916928,174,193,94,4,20260327_172948
1774628910.6851118,6929402,1773926912,1773.926912,177,194,101,4,20260327_172948
1774628910.6950958,6929441,1773936896,1773.936896,180,194,106,4,20260327_172948
1774628910.7050798,6929480,1773946880,1773.94688,183,194,113,4,20260327_172948
1774628910.7150638,6929519,1773956864,1773.956864,185,194,120,4,20260327_172948
1774628910.7250476,6929558,1773966848,1773.966848,188,194,126,4,20260327_172948
1774628910.7350316,6929597,1773976832,1773.976832,191,194,136,4,20260327_172948
1774628910.7450156,6929636,1773986816,1773.986816,194,194,139,4,20260327_172948
1774628910.7552557,6929676,1773997056,1773.997056,197,194,138,4,20260327_172948
1774628910.7652397,6929715,1774007040,1774.00704,200,194,139,4,20260327_172948
1774628910.7752235,6929754,1774017024,1774.017024,203,195,140,4,20260327_172948
1774628910.7852075,6929793,1774027008,1774.027008,205,195,142,4,20260327_172948
1774628910.7951918,6929832,1774036992,1774.036992,208,195,147,4,20260327_172948
1774628910.8051758,6929871,1774046976,1774.046976,211,195,148,4,20260327_172948
1774628910.8151598,6929910,1774056960,1774.05696,214,195,148,4,20260327_172948
1774628910.8251436,6929949,1774066944,1774.066944,217,196,150,4,20260327_172948
1774628910.8351276,6929988,1774076928,1774.076928,219,195,150,4,20260327_172948
1774628910.8453677,6930028,1774087168,1774.087168,222,197,150,4,20260327_172948
1774628910.8553517,6930067,1774097152,1774.097152,225,196,152,4,20260327_172948
1774628910.8653357,6930106,1774107136,1774.107136,228,197,152,4,20260327_172948
1774628910.8753195,6930145,1774117120,1774.11712,231,197,153,4,20260327_172948
1774628910.8853035,6930184,1774127104,1774.127104,234,197,152,4,20260327_172948
1774628910.8952878,6930223,1774137088,1774.137088,237,197,152,4,20260327_172948
1774628910.9052718,6930262,1774147072,1774.147072,239,197,153,4,20260327_172948
1774628910.9152558,6930301,1774157056,1774.157056,242,197,154,4,20260327_172948
1774628910.9252398,6930340,1774167040,1774.16704,245,197,153,4,20260327_172948
1774628910.9354796,6930380,1774177280,1774.17728,248,197,153,4,20260327_172948
1774628910.9454637,6930419,1774187264,1774.187264,251,197,153,4,20260327_172948
1774628910.9554477,6930458,1774197248,1774.197248,254,197,154,4,20260327_172948
1774628910.9654317,6930497,1774207232,1774.207232,1,197,154,4,20260327_172948
1774628910.9754157,6930536,1774217216,1774.217216,4,198,154,4,20260327_172948
1774628910.9853995,6930575,1774227200,1774.2272,7,198,154,4,20260327_172948
1774628910.9953835,6930614,1774237184,1774.237184,10,198,152,4,20260327_172948
1774628911.0053678,6930653,1774247168,1774.247168,13,197,153,4,20260327_172948
1774628911.0156076,6930693,1774257408,1774.257408,16,198,150,4,20260327_172948
1774628911.0255916,6930732,1774267392,1774.267392,18,197,149,4,20260327_172948
1774628911.0355756,6930771,1774277376,1774.277376,21,198,146,4,20260327_172948
1774628911.0455596,6930810,1774287360,1774.28736,24,197,143,4,20260327_172948
1774628911.0555437,6930849,1774297344,1774.297344,27,197,142,4,20260327_172948
1774628911.0655277,6930888,1774307328,1774.307328,30,197,138,4,20260327_172948
1774628911.0755117,6930927,1774317312,1774.317312,32,197,138,4,20260327_172948
1774628911.0854957,6930966,1774327296,1774.327296,35,197,135,4,20260327_172948
1774628911.0957358,6931006,1774337536,1774.337536,38,197,131,4,20260327_172948
1774628911.1057198,6931045,1774347520,1774.34752,41,197,127,4,20260327_172948
1774628911.1157036,6931084,1774357504,1774.357504,43,198,112,4,20260327_172948
1774628911.1256876,6931123,1774367488,1774.367488,47,197,101,4,20260327_172948
1774628911.1356716,6931162,1774377472,1774.377472,51,197,95,4,20260327_172948
1774628911.1456556,6931201,1774387456,1774.387456,55,197,89,4,20260327_172948
1774628911.1556396,6931240,1774397440,1774.39744,60,197,87,4,20260327_172948
1774628911.1656237,6931279,1774407424,1774.407424,65,196,82,4,20260327_172948
1774628911.1758635,6931319,1774417664,1774.417664,70,196,80,4,20260327_172948
1774628911.1858478,6931358,1774427648,1774.427648,74,196,81,4,20260327_172948
1774628911.1958318,6931397,1774437632,1774.437632,78,197,82,4,20260327_172948
1774628911.2058158,6931436,1774447616,1774.447616,81,196,80,4,20260327_172948
1774628911.2157998,6931475,1774457600,1774.4576,84,195,80,4,20260327_172948
1774628911.2257836,6931514,1774467584,1774.467584,88,195,81,4,20260327_172948
1774628911.2357676,6931553,1774477568,1774.477568,91,195,82,4,20260327_172948
1774628911.2457516,6931592,1774487552,1774.487552,93,195,81,4,20260327_172948
1774628911.2557356,6931631,1774497536,1774.497536,96,194,82,4,20260327_172948
1774628911.2659757,6931671,1774507776,1774.507776,99,194,82,4,20260327_172948
1774628911.2759595,6931710,1774517760,1774.51776,102,194,82,4,20260327_172948
1774628911.2859435,6931749,1774527744,1774.527744,105,192,84,4,20260327_172948
1774628911.2959278,6931788,1774537728,1774.537728,108,193,82,4,20260327_172948
1774628911.3059118,6931827,1774547712,1774.547712,111,192,82,4,20260327_172948
1774628911.3158958,6931866,1774557696,1774.557696,114,192,82,4,20260327_172948
1774628911.3258796,6931905,1774567680,1774.56768,117,192,81,4,20260327_172948
1774628911.3361197,6931945,1774577920,1774.57792,120,192,82,4,20260327_172948
1774628911.3461037,6931984,1774587904,1774.587904,123,192,82,4,20260327_172948
1774628911.3560877,6932023,1774597888,1774.597888,126,192,83,4,20260327_172948
1774628911.3660717,6932062,1774607872,1774.607872,129,192,83,4,20260327_172948
1774628911.3760557,6932101,1774617856,1774.617856,133,192,82,4,20260327_172948
1774628911.3860395,6932140,1774627840,1774.62784,136,192,83,4,20260327_172948
1774628911.3960238,6932179,1774637824,1774.637824,139,192,83,4,20260327_172948
1774628911.4060078,6932218,1774647808,1774.647808,142,192,83,4,20260327_172948
1774628911.4162476,6932258,1774658048,1774.658048,145,192,83,4,20260327_172948
1774628911.4262316,6932297,1774668032,1774.668032,148,192,85,4,20260327_172948
1774628911.4362156,6932336,1774678016,1774.678016,152,193,84,4,20260327_172948
1774628911.4461997,6932375,1774688000,1774.688,155,192,84,4,20260327_172948
1774628911.4561837,6932414,1774697984,1774.697984,159,193,84,4,20260327_172948
1774628911.4661677,6932453,1774707968,1774.707968,163,193,85,4,20260327_172948
1774628911.4761517,6932492,1774717952,1774.717952,166,193,87,4,20260327_172948
1774628911.4861355,6932531,1774727936,1774.727936,169,193,90,4,20260327_172948
1774628911.4961195,6932570,1774737920,1774.73792,172,194,92,4,20260327_172948
1774628911.5063596,6932610,1774748160,1774.74816,175,194,100,4,20260327_172948
1774628911.5163436,6932649,1774758144,1774.758144,178,194,106,4,20260327_172948
1774628911.5263276,6932688,1774768128,1774.768128,181,194,113,4,20260327_172948
1774628911.5363116,6932727,1774778112,1774.778112,184,194,116,4,20260327_172948
1774628911.5462956,6932766,1774788096,1774.788096,187,195,127,4,20260327_172948
1774628911.5562797,6932805,1774798080,1774.79808,190,195,135,4,20260327_172948
1774628911.5662637,6932844,1774808064,1774.808064,193,195,139,4,20260327_172948
1774628911.5762477,6932883,1774818048,1774.818048,195,195,137,4,20260327_172948
1774628911.5862317,6932922,1774828032,1774.828032,198,195,140,4,20260327_172948
1774628911.5964718,6932962,1774838272,1774.838272,201,195,143,4,20260327_172948
1774628911.6064558,6933001,1774848256,1774.848256,204,195,144,4,20260327_172948
1774628911.6164396,6933040,1774858240,1774.85824,207,195,145,4,20260327_172948
1774628911.6264236,6933079,1774868224,1774.868224,210,194,145,4,20260327_172948
1774628911.6364076,6933118,1774878208,1774.878208,212,195,146,4,20260327_172948
1774628911.6463916,6933157,1774888192,1774.888192,215,195,146,4,20260327_172948
1774628911.6563756,6933196,1774898176,1774.898176,218,195,147,4,20260327_172948
1774628911.6663597,6933235,1774908160,1774.90816,221,196,147,4,20260327_172948
1774628911.6765995,6933275,1774918400,1774.9184,224,196,148,4,20260327_172948
1774628911.6865838,6933314,1774928384,1774.928384,227,196,149,4,20260327_172948
1774628911.6965678,6933353,1774938368,1774.938368,229,196,149,4,20260327_172948
1774628911.7065518,6933392,1774948352,1774.948352,232,196,149,4,20260327_172948
1774628911.7165358,6933431,1774958336,1774.958336,235,196,148,4,20260327_172948
1774628911.7265196,6933470,1774968320,1774.96832,238,196,151,4,20260327_172948
1774628911.7365036,6933509,1774978304,1774.978304,241,197,151,4,20260327_172948
1774628911.7464876,6933548,1774988288,1774.988288,244,196,150,4,20260327_172948
1774628911.7564716,6933587,1774998272,1774.998272,246,197,150,4,20260327_172948
1774628911.7667117,6933627,1775008512,1775.008512,249,197,149,4,20260327_172948
1774628911.7766955,6933666,1775018496,1775.018496,252,197,150,4,20260327_172948
1774628911.7866795,6933705,1775028480,1775.02848,0,197,150,4,20260327_172948
1774628911.7966638,6933744,1775038464,1775.038464,3,197,150,4,20260327_172948
1774628911.8066478,6933783,1775048448,1775.048448,6,197,149,4,20260327_172948
1774628911.8166318,6933822,1775058432,1775.058432,9,197,149,4,20260327_172948
1774628911.8266158,6933861,1775068416,1775.068416,11,197,149,4,20260327_172948
1774628911.8365996,6933900,1775078400,1775.0784,14,197,146,4,20260327_172948
1774628911.8465836,6933939,1775088384,1775.088384,17,197,142,4,20260327_172948
1774628911.8568237,6933979,1775098624,1775.098624,20,197,140,4,20260327_172948
1774628911.8668077,6934018,1775108608,1775.108608,23,197,138,4,20260327_172948
1774628911.8767917,6934057,1775118592,1775.118592,26,197,139,4,20260327_172948
1774628911.8867755,6934096,1775128576,1775.128576,28,197,139,4,20260327_172948
1774628911.8967595,6934135,1775138560,1775.13856,31,197,135,4,20260327_172948
1774628911.9067438,6934174,1775148544,1775.148544,34,196,129,4,20260327_172948
1774628911.9167278,6934213,1775158528,1775.158528,37,197,127,4,20260327_172948
1774628911.9267118,6934252,1775168512,1775.168512,40,197,114,4,20260327_172948
1774628911.9369516,6934292,1775178752,1775.178752,43,198,105,4,20260327_172948
1774628911.9469357,6934331,1775188736,1775.188736,46,197,98,4,20260327_172948
1774628911.9569197,6934370,1775198720,1775.19872,50,197,91,4,20260327_172948
1774628911.9669037,6934409,1775208704,1775.208704,55,197,87,4,20260327_172948
1774628911.9768877,6934448,1775218688,1775.218688,60,197,83,4,20260327_172948
1774628911.9868715,6934487,1775228672,1775.228672,65,197,81,4,20260327_172948
1774628911.9968555,6934526,1775238656,1775.238656,69,197,79,4,20260327_172948
1774628912.0068398,6934565,1775248640,1775.24864,74,196,80,4,20260327_172948
1774628912.0168238,6934604,1775258624,1775.258624,78,196,80,4,20260327_172948
1774628912.0270636,6934644,1775268864,1775.268864,81,196,81,4,20260327_172948
1774628912.0370476,6934683,1775278848,1775.278848,84,195,81,4,20260327_172948
1774628912.0470316,6934722,1775288832,1775.288832,87,196,81,4,20260327_172948
1774628912.0570157,6934761,1775298816,1775.298816,90,195,82,4,20260327_172948
1774628912.0669997,6934800,1775308800,1775.3088,93,194,81,4,20260327_172948
1774628912.0769837,6934839,1775318784,1775.318784,96,194,81,4,20260327_172948
1774628912.0869677,6934878,1775328768,1775.328768,99,193,81,4,20260327_172948
1774628912.0969515,6934917,1775338752,1775.338752,102,193,82,4,20260327_172948
1774628912.1069355,6934956,1775348736,1775.348736,105,193,82,4,20260327_172948
1774628912.1171756,6934996,1775358976,1775.358976,108,192,81,4,20260327_172948
1774628912.1271596,6935035,1775368960,1775.36896,111,192,81,4,20260327_172948
1774628912.1371436,6935074,1775378944,1775.378944,114,192,82,4,20260327_172948
1774628912.1471276,6935113,1775388928,1775.388928,117,192,81,4,20260327_172948
1774628912.1571116,6935152,1775398912,1775.398912,120,191,81,4,20260327_172948
1774628912.1670957,6935191,1775408896,1775.408896,123,192,82,4,20260327_172948
1774628912.1770797,6935230,1775418880,1775.41888,126,192,82,4,20260327_172948
1774628912.1870637,6935269,1775428864,1775.428864,129,191,82,4,20260327_172948
1774628912.1973038,6935309,1775439104,1775.439104,132,192,83,4,20260327_172948
1774628912.2072878,6935348,1775449088,1775.449088,136,192,83,4,20260327_172948
1774628912.2172718,6935387,1775459072,1775.459072,139,192,83,4,20260327_172948
1774628912.2272556,6935426,1775469056,1775.469056,142,191,82,4,20260327_172948
1774628912.2372396,6935465,1775479040,1775.47904,145,192,84,4,20260327_172948
1774628912.2472236,6935504,1775489024,1775.489024,148,192,83,4,20260327_172948
1774628912.2572076,6935543,1775499008,1775.499008,152,192,84,4,20260327_172948
1774628912.2671916,6935582,1775508992,1775.508992,155,193,85,4,20260327_172948
1774628912.2771757,6935621,1775518976,1775.518976,159,193,85,4,20260327_172948
1774628912.2874155,6935661,1775529216,1775.529216,162,193,88,4,20260327_172948
1774628912.2973998,6935700,1775539200,1775.5392,166,193,89,4,20260327_172948
1774628912.3073838,6935739,1775549184,1775.549184,169,193,90,4,20260327_172948
1774628912.3173678,6935778,1775559168,1775.559168,172,194,96,4,20260327_172948
1774628912.3273518,6935817,1775569152,1775.569152,175,194,104,4,20260327_172948
1774628912.3373356,6935856,1775579136,1775.579136,178,194,110,4,20260327_172948
1774628912.3473196,6935895,1775589120,1775.58912,181,195,118,4,20260327_172948
1774628912.3573036,6935934,1775599104,1775.599104,184,195,127,4,20260327_172948
1774628912.3675437,6935974,1775609344,1775.609344,186,194,137,4,20260327_172948
1774628912.3775277,6936013,1775619328,1775.619328,189,194,141,4,20260327_172948
1774628912.3875115,6936052,1775629312,1775.629312,192,194,140,4,20260327_172948
1774628912.3974955,6936091,1775639296,1775.639296,195,194,140,4,20260327_172948
1774628912.4074798,6936130,1775649280,1775.64928,198,194,143,4,20260327_172948
1774628912.4174638,6936169,1775659264,1775.659264,201,195,146,4,20260327_172948
1774628912.4274478,6936208,1775669248,1775.669248,203,195,145,4,20260327_172948
1774628912.4374316,6936247,1775679232,1775.679232,206,193,145,4,20260327_172948
1774628912.4474156,6936286,1775689216,1775.689216,209,195,147,4,20260327_172948
1774628912.4576557,6936326,1775699456,1775.699456,212,196,147,4,20260327_172948
1774628912.4676397,6936365,1775709440,1775.70944,215,196,147,4,20260327_172948
1774628912.4776237,6936404,1775719424,1775.719424,218,196,148,4,20260327_172948
1774628912.4876077,6936443,1775729408,1775.729408,220,195,148,4,20260327_172948
1774628912.4975915,6936482,1775739392,1775.739392,223,196,147,4,20260327_172948
1774628912.5075758,6936521,1775749376,1775.749376,226,196,148,4,20260327_172948
1774628912.5175598,6936560,1775759360,1775.75936,229,197,149,4,20260327_172948
1774628912.5275438,6936599,1775769344,1775.769344,232,196,149,4,20260327_172948
1774628912.5375278,6936638,1775779328,1775.779328,235,197,149,4,20260327_172948
1774628912.5477676,6936678,1775789568,1775.789568,237,197,149,4,20260327_172948
1774628912.5577517,6936717,1775799552,1775.799552,240,197,150,4,20260327_172948
1774628912.5677357,6936756,1775809536,1775.809536,243,197,150,4,20260327_172948
1774628912.5777197,6936795,1775819520,1775.81952,246,197,150,4,20260327_172948
1774628912.5877037,6936834,1775829504,1775.829504,249,197,149,4,20260327_172948
1774628912.5976875,6936873,1775839488,1775.839488,252,197,150,4,20260327_172948
1774628912.6076715,6936912,1775849472,1775.849472,0,197,149,4,20260327_172948
1774628912.6176558,6936951,1775859456,1775.859456,2,197,146,4,20260327_172948
1774628912.6276398,6936990,1775869440,1775.86944,5,197,144,4,20260327_172948
1774628912.6378796,6937030,1775879680,1775.87968,8,197,143,4,20260327_172948
1774628912.6478636,6937069,1775889664,1775.889664,11,197,140,4,20260327_172948
1774628912.6578476,6937108,1775899648,1775.899648,14,197,139,4,20260327_172948
1774628912.6678317,6937147,1775909632,1775.909632,17,197,138,4,20260327_172948
1774628912.6778157,6937186,1775919616,1775.919616,19,197,136,4,20260327_172948
1774628912.6877997,6937225,1775929600,1775.9296,22,197,135,4,20260327_172948
1774628912.6977837,6937264,1775939584,1775.939584,25,197,134,4,20260327_172948
1774628912.7077675,6937303,1775949568,1775.949568,28,197,134,4,20260327_172948
1774628912.7180078,6937343,1775959808,1775.959808,31,198,130,4,20260327_172948
1774628912.7279916,6937382,1775969792,1775.969792,34,197,127,4,20260327_172948
1774628912.7379756,6937421,1775979776,1775.979776,36,197,117,4,20260327_172948
1774628912.7479596,6937460,1775989760,1775.98976,39,197,107,4,20260327_172948
1774628912.7579436,6937499,1775999744,1775.999744,43,197,100,4,20260327_172948
1774628912.7679276,6937538,1776009728,1776.009728,46,197,93,4,20260327_172948
1774628912.7779117,6937577,1776019712,1776.019712,50,197,87,4,20260327_172948
1774628912.7878957,6937616,1776029696,1776.029696,55,196,82,4,20260327_172948
1774628912.7978797,6937655,1776039680,1776.03968,60,197,80,4,20260327_172948
1774628912.8081198,6937695,1776049920,1776.04992,65,197,80,4,20260327_172948
1774628912.8181038,6937734,1776059904,1776.059904,70,196,80,4,20260327_172948
1774628912.8280878,6937773,1776069888,1776.069888,74,196,80,4,20260327_172948
1774628912.8380716,6937812,1776079872,1776.079872,78,197,81,4,20260327_172948
1774628912.8480556,6937851,1776089856,1776.089856,81,196,81,4,20260327_172948
1774628912.8580396,6937890,1776099840,1776.09984,85,195,82,4,20260327_172948
1774628912.8680236,6937929,1776109824,1776.109824,88,196,83,4,20260327_172948
1774628912.8780077,6937968,1776119808,1776.119808,91,195,83,4,20260327_172948
1774628912.8882475,6938008,1776130048,1776.130048,94,195,82,4,20260327_172948
1774628912.8982315,6938047,1776140032,1776.140032,97,195,83,4,20260327_172948
1774628912.9082158,6938086,1776150016,1776.150016,100,194,82,4,20260327_172948
1774628912.9181998,6938125,1776160000,1776.16,103,194,81,4,20260327_172948
1774628912.9281838,6938164,1776169984,1776.169984,106,194,82,4,20260327_172948
1774628912.9381678,6938203,1776179968,1776.179968,109,194,83,4,20260327_172948
1774628912.9481516,6938242,1776189952,1776.189952,111,194,82,4,20260327_172948
1774628912.9581356,6938281,1776199936,1776.199936,114,194,82,4,20260327_172948
1774628912.9681196,6938320,1776209920,1776.20992,117,193,81,4,20260327_172948
1774628912.9783597,6938360,1776220160,1776.22016,120,193,81,4,20260327_172948
1774628912.9883437,6938399,1776230144,1776.230144,123,192,82,4,20260327_172948
1774628912.9983275,6938438,1776240128,1776.240128,126,193,83,4,20260327_172948
1774628913.0083115,6938477,1776250112,1776.250112,130,193,82,4,20260327_172948
1774628913.0182958,6938516,1776260096,1776.260096,133,192,83,4,20260327_172948
1774628913.0282798,6938555,1776270080,1776.27008,136,192,82,4,20260327_172948
1774628913.0382638,6938594,1776280064,1776.280064,139,192,84,4,20260327_172948
1774628913.0482476,6938633,1776290048,1776.290048,142,193,84,4,20260327_172948
1774628913.0582316,6938672,1776300032,1776.300032,145,192,85,4,20260327_172948
1774628913.0682156,6938711,1776310016,1776.310016,149,193,86,4,20260327_172948
1774628913.0784557,6938751,1776320256,1776.320256,152,192,86,4,20260327_172948
1774628913.0884397,6938790,1776330240,1776.33024,156,193,85,4,20260327_172948
1774628913.0984235,6938829,1776340224,1776.340224,159,193,87,4,20260327_172948
1774628913.1084075,6938868,1776350208,1776.350208,163,193,88,4,20260327_172948
1774628913.1183918,6938907,1776360192,1776.360192,166,193,90,4,20260327_172948
1774628913.1283758,6938946,1776370176,1776.370176,169,194,94,4,20260327_172948
1774628913.1383598,6938985,1776380160,1776.38016,172,194,100,4,20260327_172948
1774628913.1483438,6939024,1776390144,1776.390144,175,195,105,4,20260327_172948
1774628913.1585836,6939064,1776400384,1776.400384,178,195,112,4,20260327_172948
1774628913.1685677,6939103,1776410368,1776.410368,181,195,119,4,20260327_172948
1774628913.1785517,6939142,1776420352,1776.420352,184,195,130,4,20260327_172948
1774628913.1885357,6939181,1776430336,1776.430336,187,195,135,4,20260327_172948
1774628913.1985197,6939220,1776440320,1776.44032,189,195,136,4,20260327_172948
1774628913.2085035,6939259,1776450304,1776.450304,192,195,136,4,20260327_172948
1774628913.2184875,6939298,1776460288,1776.460288,195,195,139,4,20260327_172948
1774628913.2284718,6939337,1776470272,1776.470272,198,195,140,4,20260327_172948
1774628913.2384558,6939376,1776480256,1776.480256,201,195,141,4,20260327_172948
1774628913.2486956,6939416,1776490496,1776.490496,204,195,141,4,20260327_172948
1774628913.2586796,6939455,1776500480,1776.50048,206,195,141,4,20260327_172948
1774628913.2686636,6939494,1776510464,1776.510464,209,196,142,4,20260327_172948
1774628913.2786477,6939533,1776520448,1776.520448,212,195,142,4,20260327_172948
1774628913.2886317,6939572,1776530432,1776.530432,215,195,143,4,20260327_172948
1774628913.2986157,6939611,1776540416,1776.540416,218,196,143,4,20260327_172948
1774628913.3085997,6939650,1776550400,1776.5504,221,196,142,4,20260327_172948
1774628913.3185835,6939689,1776560384,1776.560384,223,197,144,4,20260327_172948
1774628913.3288238,6939729,1776570624,1776.570624,226,196,144,4,20260327_172948
1774628913.3388076,6939768,1776580608,1776.580608,229,197,146,4,20260327_172948
1774628913.3487916,6939807,1776590592,1776.590592,232,196,144,4,20260327_172948
1774628913.3587756,6939846,1776600576,1776.600576,235,197,145,4,20260327_172948
1774628913.3687596,6939885,1776610560,1776.61056,238,197,145,4,20260327_172948
1774628913.3787436,6939924,1776620544,1776.620544,240,197,146,4,20260327_172948
1774628913.3887277,6939963,1776630528,1776.630528,243,197,146,4,20260327_172948
1774628913.3987117,6940002,1776640512,1776.640512,246,197,145,4,20260327_172948
1774628913.4089518,6940042,1776650752,1776.650752,249,197,145,4,20260327_172948
1774628913.4189358,6940081,1776660736,1776.660736,252,197,146,4,20260327_172948
1774628913.4289198,6940120,1776670720,1776.67072,0,197,144,4,20260327_172948
1774628913.4389038,6940159,1776680704,1776.680704,3,198,144,4,20260327_172948
1774628913.4488876,6940198,1776690688,1776.690688,5,197,143,4,20260327_172948
1774628913.4588716,6940237,1776700672,1776.700672,8,198,142,4,20260327_172948
1774628913.4688556,6940276,1776710656,1776.710656,11,197,141,4,20260327_172948
1774628913.4788396,6940315,1776720640,1776.72064,14,198,139,4,20260327_172948
1774628913.4888237,6940354,1776730624,1776.730624,17,197,136,4,20260327_172948
1774628913.4990635,6940394,1776740864,1776.740864,20,197,136,4,20260327_172948
1774628913.5090475,6940433,1776750848,1776.750848,22,198,135,4,20260327_172948
1774628913.5190318,6940472,1776760832,1776.760832,25,198,132,4,20260327_172948
1774628913.5290158,6940511,1776770816,1776.770816,28,197,128,4,20260327_172948
1774628913.5389998,6940550,1776780800,1776.7808,31,197,127,4,20260327_172948
1774628913.5489836,6940589,1776790784,1776.790784,34,198,125,4,20260327_172948
1774628913.5589676,6940628,1776800768,1776.800768,37,198,116,4,20260327_172948
1774628913.5689516,6940667,1776810752,1776.810752,40,198,106,4,20260327_172948
1774628913.5789356,6940706,1776820736,1776.820736,43,197,95,4,20260327_172948
1774628913.5891757,6940746,1776830976,1776.830976,47,197,91,4,20260327_172948
1774628913.5991597,6940785,1776840960,1776.84096,51,198,86,4,20260327_172948
1774628913.6091435,6940824,1776850944,1776.850944,56,197,82,4,20260327_172948
1774628913.6191278,6940863,1776860928,1776.860928,61,197,82,4,20260327_172948
1774628913.6291118,6940902,1776870912,1776.870912,66,197,82,4,20260327_172948
1774628913.6390958,6940941,1776880896,1776.880896,70,197,83,4,20260327_172948
1774628913.6490798,6940980,1776890880,1776.89088,74,197,82,4,20260327_172948
1774628913.6590636,6941019,1776900864,1776.900864,78,196,82,4,20260327_172948
1774628913.6690476,6941058,1776910848,1776.910848,82,197,82,4,20260327_172948
1774628913.6792877,6941098,1776921088,1776.921088,85,197,82,4,20260327_172948
1774628913.6892717,6941137,1776931072,1776.931072,88,197,83,4,20260327_172948
1774628913.6992557,6941176,1776941056,1776.941056,91,197,82,4,20260327_172948
1774628913.7092395,6941215,1776951040,1776.95104,94,196,83,4,20260327_172948
1774628913.7192235,6941254,1776961024,1776.961024,97,196,83,4,20260327_172948
1774628913.7292078,6941293,1776971008,1776.971008,100,196,83,4,20260327_172948
1774628913.7391918,6941332,1776980992,1776.980992,103,196,83,4,20260327_172948
1774628913.7491758,6941371,1776990976,1776.990976,106,196,82,4,20260327_172948
1774628913.7594156,6941411,1777001216,1777.001216,109,196,83,4,20260327_172948
1774628913.7693996,6941450,1777011200,1777.0112,112,195,81,4,20260327_172948
1774628913.7793837,6941489,1777021184,1777.021184,115,195,81,4,20260327_172948
1774628913.7893677,6941528,1777031168,1777.031168,118,194,82,4,20260327_172948
1774628913.7993517,6941567,1777041152,1777.041152,121,194,81,4,20260327_172948
1774628913.8093357,6941606,1777051136,1777.051136,124,193,83,4,20260327_172948
1774628913.8193195,6941645,1777061120,1777.06112,127,194,81,4,20260327_172948
1774628913.8293035,6941684,1777071104,1777.071104,130,193,82,4,20260327_172948
1774628913.8392878,6941723,1777081088,1777.081088,133,194,82,4,20260327_172948
1774628913.8495276,6941763,1777091328,1777.091328,136,194,84,4,20260327_172948
1774628913.8595116,6941802,1777101312,1777.101312,139,194,83,4,20260327_172948
1774628913.8694956,6941841,1777111296,1777.111296,142,194,84,4,20260327_172948
1774628913.8794796,6941880,1777121280,1777.12128,146,194,84,4,20260327_172948
1774628913.8894637,6941919,1777131264,1777.131264,149,194,85,4,20260327_172948
1774628913.8994477,6941958,1777141248,1777.141248,152,194,84,4,20260327_172948
1774628913.9094317,6941997,1777151232,1777.151232,156,194,85,4,20260327_172948
1774628913.9194157,6942036,1777161216,1777.161216,159,194,87,4,20260327_172948
1774628913.9296558,6942076,1777171456,1777.171456,163,195,88,4,20260327_172948
1774628913.9396398,6942115,1777181440,1777.18144,166,194,91,4,20260327_172948
1774628913.9496236,6942154,1777191424,1777.191424,169,195,96,4,20260327_172948
1774628913.9596076,6942193,1777201408,1777.201408,172,194,104,4,20260327_172948
1774628913.9695916,6942232,1777211392,1777.211392,175,195,109,4,20260327_172948
1774628913.9795756,6942271,1777221376,1777.221376,178,196,115,4,20260327_172948
1774628913.9895597,6942310,1777231360,1777.23136,181,196,121,4,20260327_172948
1774628913.9995437,6942349,1777241344,1777.241344,184,196,132,4,20260327_172948
1774628914.0095277,6942388,1777251328,1777.251328,187,196,135,4,20260327_172948
1774628914.0197678,6942428,1777261568,1777.261568,189,196,135,4,20260327_172948
1774628914.0297518,6942467,1777271552,1777.271552,192,195,135,4,20260327_172948
1774628914.0397358,6942506,1777281536,1777.281536,195,196,138,4,20260327_172948
1774628914.0497198,6942545,1777291520,1777.29152,198,195,139,4,20260327_172948
1774628914.0597036,6942584,1777301504,1777.301504,201,196,139,4,20260327_172948
1774628914.0696876,6942623,1777311488,1777.311488,204,196,141,4,20260327_172948
1774628914.0796716,6942662,1777321472,1777.321472,206,196,142,4,20260327_172948
1774628914.0896556,6942701,1777331456,1777.331456,209,196,142,4,20260327_172948
1774628914.0996397,6942740,1777341440,1777.34144,212,196,142,4,20260327_172948
1774628914.1098795,6942780,1777351680,1777.35168,215,196,142,4,20260327_172948
1774628914.1198635,6942819,1777361664,1777.361664,218,197,143,4,20260327_172948
1774628914.1298478,6942858,1777371648,1777.371648,221,197,144,4,20260327_172948
1774628914.1398318,6942897,1777381632,1777.381632,223,197,143,4,20260327_172948
1774628914.1498158,6942936,1777391616,1777.391616,226,197,143,4,20260327_172948
1774628914.1597996,6942975,1777401600,1777.4016,229,197,144,4,20260327_172948
1774628914.1697836,6943014,1777411584,1777.411584,232,198,145,4,20260327_172948
1774628914.1797676,6943053,1777421568,1777.421568,235,197,144,4,20260327_172948
1774628914.1900077,6943093,1777431808,1777.431808,238,197,144,4,20260327_172948
1774628914.1999917,6943132,1777441792,1777.441792,241,197,145,4,20260327_172948
1774628914.2099755,6943171,1777451776,1777.451776,243,198,147,4,20260327_172948
1774628914.2199595,6943210,1777461760,1777.46176,246,198,146,4,20260327_172948
1774628914.2299438,6943249,1777471744,1777.471744,249,198,145,4,20260327_172948
1774628914.2399278,6943288,1777481728,1777.481728,252,198,145,4,20260327_172948
1774628914.2499118,6943327,1777491712,1777.491712,0,198,144,4,20260327_172948
1774628914.2598958,6943366,1777501696,1777.501696,3,198,143,4,20260327_172948
1774628914.2698796,6943405,1777511680,1777.51168,5,198,143,4,20260327_172948
1774628914.2801197,6943445,1777521920,1777.52192,8,198,141,4,20260327_172948
1774628914.2901037,6943484,1777531904,1777.531904,11,198,139,4,20260327_172948
1774628914.3000877,6943523,1777541888,1777.541888,14,197,136,4,20260327_172948
1774628914.3100717,6943562,1777551872,1777.551872,17,198,134,4,20260327_172948
1774628914.3200555,6943601,1777561856,1777.561856,20,199,133,4,20260327_172948
1774628914.3300395,6943640,1777571840,1777.57184,22,198,130,4,20260327_172948
1774628914.3400238,6943679,1777581824,1777.581824,25,198,128,4,20260327_172948
1774628914.3500078,6943718,1777591808,1777.591808,28,198,127,4,20260327_172948
1774628914.3602476,6943758,1777602048,1777.602048,31,198,127,4,20260327_172948
1774628914.3702316,6943797,1777612032,1777.612032,34,197,123,4,20260327_172948
1774628914.3802156,6943836,1777622016,1777.622016,37,198,112,4,20260327_172948
1774628914.3901997,6943875,1777632000,1777.632,40,198,100,4,20260327_172948
1774628914.4001837,6943914,1777641984,1777.641984,43,198,95,4,20260327_172948
1774628914.4101677,6943953,1777651968,1777.651968,47,198,89,4,20260327_172948
1774628914.4201517,6943992,1777661952,1777.661952,51,197,85,4,20260327_172948
1774628914.4301355,6944031,1777671936,1777.671936,56,198,84,4,20260327_172948
1774628914.4401195,6944070,1777681920,1777.68192,61,198,82,4,20260327_172948
1774628914.4503596,6944110,1777692160,1777.69216,66,197,81,4,20260327_172948
1774628914.4603436,6944149,1777702144,1777.702144,71,197,82,4,20260327_172948
1774628914.4703276,6944188,1777712128,1777.712128,75,198,80,4,20260327_172948
1774628914.4803116,6944227,1777722112,1777.722112,79,198,81,4,20260327_172948
1774628914.4902956,6944266,1777732096,1777.732096,82,197,81,4,20260327_172948
1774628914.5002797,6944305,1777742080,1777.74208,85,197,82,4,20260327_172948
1774628914.5102637,6944344,1777752064,1777.752064,88,197,81,4,20260327_172948
1774628914.5202477,6944383,1777762048,1777.762048,91,197,83,4,20260327_172948
1774628914.5302317,6944422,1777772032,1777.772032,94,197,82,4,20260327_172948
1774628914.5404718,6944462,1777782272,1777.782272,97,197,82,4,20260327_172948
1774628914.5504558,6944501,1777792256,1777.792256,100,197,82,4,20260327_172948
1774628914.5604396,6944540,1777802240,1777.80224,103,197,82,4,20260327_172948
1774628914.5704236,6944579,1777812224,1777.812224,106,196,82,4,20260327_172948
1774628914.5804076,6944618,1777822208,1777.822208,109,196,82,4,20260327_172948
1774628914.5903916,6944657,1777832192,1777.832192,112,195,82,4,20260327_172948
1774628914.6003757,6944696,1777842176,1777.842176,115,195,82,4,20260327_172948
1774628914.6103597,6944735,1777852160,1777.85216,118,195,81,4,20260327_172948
1774628914.6205995,6944775,1777862400,1777.8624,121,195,82,4,20260327_172948
1774628914.6305838,6944814,1777872384,1777.872384,124,194,83,4,20260327_172948
1774628914.6405678,6944853,1777882368,1777.882368,127,193,83,4,20260327_172948
1774628914.6505518,6944892,1777892352,1777.892352,130,194,82,4,20260327_172948
1774628914.6605356,6944931,1777902336,1777.902336,133,194,83,4,20260327_172948
1774628914.6705196,6944970,1777912320,1777.91232,137,194,82,4,20260327_172948
1774628914.6805036,6945009,1777922304,1777.922304,140,193,83,4,20260327_172948
1774628914.6904876,6945048,1777932288,1777.932288,143,193,85,4,20260327_172948
1774628914.7004716,6945087,1777942272,1777.942272,146,193,84,4,20260327_172948
1774628914.7107117,6945127,1777952512,1777.952512,149,194,86,4,20260327_172948
1774628914.7206955,6945166,1777962496,1777.962496,153,195,87,4,20260327_172948
1774628914.7306798,6945205,1777972480,1777.97248,156,194,88,4,20260327_172948
1774628914.7406638,6945244,1777982464,1777.982464,160,195,89,4,20260327_172948
1774628914.7506478,6945283,1777992448,1777.992448,163,195,97,4,20260327_172948
1774628914.7606318,6945322,1778002432,1778.002432,166,195,101,4,20260327_172948
1774628914.7706156,6945361,1778012416,1778.012416,169,195,106,4,20260327_172948
1774628914.7805996,6945400,1778022400,1778.0224,172,196,112,4,20260327_172948
1774628914.7905836,6945439,1778032384,1778.032384,175,196,118,4,20260327_172948
1774628914.8008237,6945479,1778042624,1778.042624,178,196,128,4,20260327_172948
1774628914.8108077,6945518,1778052608,1778.052608,181,195,134,4,20260327_172948
1774628914.8207915,6945557,1778062592,1778.062592,183,196,136,4,20260327_172948
1774628914.8307755,6945596,1778072576,1778.072576,186,196,136,4,20260327_172948
1774628914.8407598,6945635,1778082560,1778.08256,189,197,138,4,20260327_172948
1774628914.8507438,6945674,1778092544,1778.092544,192,196,139,4,20260327_172948
1774628914.8607278,6945713,1778102528,1778.102528,195,197,141,4,20260327_172948
1774628914.8707118,6945752,1778112512,1778.112512,198,197,140,4,20260327_172948
1774628914.8806956,6945791,1778122496,1778.122496,200,197,142,4,20260327_172948
1774628914.8909357,6945831,1778132736,1778.132736,203,197,142,4,20260327_172948
1774628914.9009197,6945870,1778142720,1778.14272,206,197,143,4,20260327_172948
1774628914.9109037,6945909,1778152704,1778.152704,209,197,143,4,20260327_172948
1774628914.9208877,6945948,1778162688,1778.162688,212,197,144,4,20260327_172948
1774628914.9308715,6945987,1778172672,1778.172672,214,198,144,4,20260327_172948
1774628914.9408555,6946026,1778182656,1778.182656,217,197,144,4,20260327_172948
1774628914.9508398,6946065,1778192640,1778.19264,220,197,143,4,20260327_172948
1774628914.9608238,6946104,1778202624,1778.202624,223,197,145,4,20260327_172948
1774628914.9710636,6946144,1778212864,1778.212864,226,197,144,4,20260327_172948
1774628914.9810476,6946183,1778222848,1778.222848,229,197,145,4,20260327_172948
1774628914.9910316,6946222,1778232832,1778.232832,231,198,145,4,20260327_172948
1774628915.0010157,6946261,1778242816,1778.242816,234,198,146,4,20260327_172948
1774628915.0109997,6946300,1778252800,1778.2528,237,197,147,4,20260327_172948
1774628915.0209837,6946339,1778262784,1778.262784,240,198,146,4,20260327_172948
1774628915.0309677,6946378,1778272768,1778.272768,243,198,146,4,20260327_172948
1774628915.0409515,6946417,1778282752,1778.282752,246,198,146,4,20260327_172948
1774628915.0509355,6946456,1778292736,1778.292736,248,198,145,4,20260327_172948
1774628915.0611756,6946496,1778302976,1778.302976,251,198,144,4,20260327_172948
1774628915.0711596,6946535,1778312960,1778.31296,254,198,144,4,20260327_172948
1774628915.0811436,6946574,1778322944,1778.322944,2,198,142,4,20260327_172948
1774628915.0911276,6946613,1778332928,1778.332928,5,198,140,4,20260327_172948
1774628915.1011117,6946652,1778342912,1778.342912,8,198,140,4,20260327_172948
1774628915.1110957,6946691,1778352896,1778.352896,11,198,138,4,20260327_172948
1774628915.1210797,6946730,1778362880,1778.36288,13,198,136,4,20260327_172948
1774628915.1310637,6946769,1778372864,1778.372864,16,198,134,4,20260327_172948
1774628915.1413038,6946809,1778383104,1778.383104,19,198,132,4,20260327_172948
1774628915.1512878,6946848,1778393088,1778.393088,22,198,128,4,20260327_172948
1774628915.1612718,6946887,1778403072,1778.403072,25,198,127,4,20260327_172948
1774628915.1712556,6946926,1778413056,1778.413056,28,198,125,4,20260327_172948
1774628915.1812396,6946965,1778423040,1778.42304,30,198,123,4,20260327_172948
1774628915.1912236,6947004,1778433024,1778.433024,33,198,119,4,20260327_172948
1774628915.2012076,6947043,1778443008,1778.443008,36,198,108,4,20260327_172948
1774628915.2111917,6947082,1778452992,1778.452992,39,199,100,4,20260327_172948
1774628915.2211757,6947121,1778462976,1778.462976,43,198,92,4,20260327_172948
1774628915.2314155,6947161,1778473216,1778.473216,46,198,89,4,20260327_172948
1774628915.2413998,6947200,1778483200,1778.4832,51,198,86,4,20260327_172948
1774628915.2513838,6947239,1778493184,1778.493184,56,198,83,4,20260327_172948
1774628915.2613678,6947278,1778503168,1778.503168,61,198,80,4,20260327_172948
1774628915.2713516,6947317,1778513152,1778.513152,66,198,79,4,20260327_172948
1774628915.2813356,6947356,1778523136,1778.523136,70,198,81,4,20260327_172948
1774628915.2913196,6947395,1778533120,1778.53312,74,198,81,4,20260327_172948
1774628915.3013036,6947434,1778543104,1778.543104,78,198,80,4,20260327_172948
1774628915.3112876,6947473,1778553088,1778.553088,82,198,81,4,20260327_172948
1774628915.3215275,6947513,1778563328,1778.563328,85,198,81,4,20260327_172948
1774628915.3315115,6947552,1778573312,1778.573312,88,198,80,4,20260327_172948
1774628915.3414958,6947591,1778583296,1778.583296,91,197,81,4,20260327_172948
1774628915.3514798,6947630,1778593280,1778.59328,94,197,80,4,20260327_172948
1774628915.3614638,6947669,1778603264,1778.603264,97,197,83,4,20260327_172948
1774628915.3714478,6947708,1778613248,1778.613248,100,197,81,4,20260327_172948
1774628915.3814316,6947747,1778623232,1778.623232,103,197,82,4,20260327_172948
1774628915.3916717,6947787,1778633472,1778.633472,106,196,82,4,20260327_172948
1774628915.4016557,6947826,1778643456,1778.643456,109,195,82,4,20260327_172948
1774628915.4116397,6947865,1778653440,1778.65344,112,195,81,4,20260327_172948
1774628915.4216237,6947904,1778663424,1778.663424,115,194,82,4,20260327_172948
1774628915.4316075,6947943,1778673408,1778.673408,118,195,82,4,20260327_172948
1774628915.4415915,6947982,1778683392,1778.683392,121,194,82,4,20260327_172948
1774628915.4515758,6948021,1778693376,1778.693376,124,194,83,4,20260327_172948
1774628915.4615598,6948060,1778703360,1778.70336,127,194,82,4,20260327_172948
1774628915.4715438,6948099,1778713344,1778.713344,130,194,82,4,20260327_172948
1774628915.4817836,6948139,1778723584,1778.723584,133,193,83,4,20260327_172948
1774628915.4917676,6948178,1778733568,1778.733568,136,194,84,4,20260327_172948
1774628915.5017517,6948217,1778743552,1778.743552,139,195,84,4,20260327_172948
1774628915.5117357,6948256,1778753536,1778.753536,142,193,85,4,20260327_172948
1774628915.5217197,6948295,1778763520,1778.76352,146,194,88,4,20260327_172948
1774628915.5317037,6948334,1778773504,1778.773504,149,194,89,4,20260327_172948
1774628915.5416875,6948373,1778783488,1778.783488,152,195,90,4,20260327_172948
1774628915.5516715,6948412,1778793472,1778.793472,156,195,92,4,20260327_172948
1774628915.5616558,6948451,1778803456,1778.803456,159,195,97,4,20260327_172948
1774628915.5718956,6948491,1778813696,1778.813696,162,194,103,4,20260327_172948
1774628915.5818796,6948530,1778823680,1778.82368,165,195,107,4,20260327_172948
1774628915.5918636,6948569,1778833664,1778.833664,168,195,112,4,20260327_172948
1774628915.6018476,6948608,1778843648,1778.843648,171,195,118,4,20260327_172948
1774628915.6118317,6948647,1778853632,1778.853632,174,195,127,4,20260327_172948
1774628915.6218157,6948686,1778863616,1778.863616,176,195,135,4,20260327_172948
1774628915.6317997,6948725,1778873600,1778.8736,179,196,135,4,20260327_172948
1774628915.6417837,6948764,1778883584,1778.883584,182,196,135,4,20260327_172948
1774628915.6517675,6948803,1778893568,1778.893568,185,196,137,4,20260327_172948
1774628915.6620078,6948843,1778903808,1778.903808,188,197,138,4,20260327_172948
1774628915.6719916,6948882,1778913792,1778.913792,190,197,141,4,20260327_172948
1774628915.6819756,6948921,1778923776,1778.923776,193,197,142,4,20260327_172948
1774628915.6919596,6948960,1778933760,1778.93376,196,197,142,4,20260327_172948
1774628915.7019436,6948999,1778943744,1778.943744,199,197,143,4,20260327_172948
1774628915.7119277,6949038,1778953728,1778.953728,202,197,142,4,20260327_172948
1774628915.7219117,6949077,1778963712,1778.963712,205,197,144,4,20260327_172948
1774628915.7318957,6949116,1778973696,1778.973696,207,197,142,4,20260327_172948
1774628915.7418797,6949155,1778983680,1778.98368,210,197,144,4,20260327_172948
1774628915.7521198,6949195,1778993920,1778.99392,213,197,143,4,20260327_172948
1774628915.7621038,6949234,1779003904,1779.003904,216,198,144,4,20260327_172948
1774628915.7720876,6949273,1779013888,1779.013888,219,197,145,4,20260327_172948
1774628915.7820716,6949312,1779023872,1779.023872,221,199,146,4,20260327_172948
1774628915.7920556,6949351,1779033856,1779.033856,224,198,145,4,20260327_172948
1774628915.8020396,6949390,1779043840,1779.04384,227,197,145,4,20260327_172948
1774628915.8120236,6949429,1779053824,1779.053824,230,198,146,4,20260327_172948
1774628915.8220077,6949468,1779063808,1779.063808,233,198,146,4,20260327_172948
1774628915.8319917,6949507,1779073792,1779.073792,236,198,145,4,20260327_172948
1774628915.8422318,6949547,1779084032,1779.084032,238,198,143,4,20260327_172948
1774628915.8522158,6949586,1779094016,1779.094016,241,198,142,4,20260327_172948
1774628915.8621998,6949625,1779104000,1779.104,244,198,145,4,20260327_172948
1774628915.8721838,6949664,1779113984,1779.113984,247,198,143,4,20260327_172948
1774628915.8821676,6949703,1779123968,1779.123968,250,198,142,4,20260327_172948
1774628915.8921516,6949742,1779133952,1779.133952,253,198,142,4,20260327_172948
1774628915.9021356,6949781,1779143936,1779.143936,1,198,142,4,20260327_172948
1774628915.9121196,6949820,1779153920,1779.15392,3,198,141,4,20260327_172948
1774628915.9221036,6949859,1779163904,1779.163904,6,198,140,4,20260327_172948
1774628915.9323435,6949899,1779174144,1779.174144,9,198,138,4,20260327_172948
1774628915.9423275,6949938,1779184128,1779.184128,12,198,136,4,20260327_172948
1774628915.9523118,6949977,1779194112,1779.194112,15,198,134,4,20260327_172948
1774628915.9622958,6950016,1779204096,1779.204096,18,198,131,4,20260327_172948
1774628915.9722798,6950055,1779214080,1779.21408,20,198,129,4,20260327_172948
1774628915.9822638,6950094,1779224064,1779.224064,23,199,127,4,20260327_172948
1774628915.9922476,6950133,1779234048,1779.234048,26,199,126,4,20260327_172948
1774628916.0022316,6950172,1779244032,1779.244032,29,198,121,4,20260327_172948
1774628916.0122156,6950211,1779254016,1779.254016,32,199,119,4,20260327_172948
1774628916.0224557,6950251,1779264256,1779.264256,35,199,107,4,20260327_172948
1774628916.0324397,6950290,1779274240,1779.27424,38,199,101,4,20260327_172948
1774628916.0424235,6950329,1779284224,1779.284224,41,198,94,4,20260327_172948
1774628916.0524075,6950368,1779294208,1779.294208,45,198,89,4,20260327_172948
1774628916.0623918,6950407,1779304192,1779.304192,49,198,85,4,20260327_172948
1774628916.0723758,6950446,1779314176,1779.314176,53,198,82,4,20260327_172948
1774628916.0823598,6950485,1779324160,1779.32416,59,197,80,4,20260327_172948
1774628916.0923438,6950524,1779334144,1779.334144,64,198,80,4,20260327_172948
1774628916.1025836,6950564,1779344384,1779.344384,68,198,82,4,20260327_172948
1774628916.1125677,6950603,1779354368,1779.354368,73,199,81,4,20260327_172948
1774628916.1225517,6950642,1779364352,1779.364352,77,199,81,4,20260327_172948
1774628916.1325357,6950681,1779374336,1779.374336,80,198,82,4,20260327_172948
1774628916.1425197,6950720,1779384320,1779.38432,84,198,81,4,20260327_172948
1774628916.1525035,6950759,1779394304,1779.394304,87,199,82,4,20260327_172948
1774628916.1624875,6950798,1779404288,1779.404288,90,198,81,4,20260327_172948
1774628916.1724718,6950837,1779414272,1779.414272,93,197,81,4,20260327_172948
1774628916.1824558,6950876,1779424256,1779.424256,96,198,82,4,20260327_172948
1774628916.1926956,6950916,1779434496,1779.434496,99,196,81,4,20260327_172948
1774628916.2026796,6950955,1779444480,1779.44448,102,196,81,4,20260327_172948
1774628916.2126637,6950994,1779454464,1779.454464,104,196,82,4,20260327_172948
1774628916.2226477,6951033,1779464448,1779.464448,107,196,82,4,20260327_172948
1774628916.2326317,6951072,1779474432,1779.474432,110,195,81,4,20260327_172948
1774628916.2426157,6951111,1779484416,1779.484416,113,195,82,4,20260327_172948
1774628916.2525997,6951150,1779494400,1779.4944,116,195,81,4,20260327_172948
1774628916.2625835,6951189,1779504384,1779.504384,119,195,81,4,20260327_172948
1774628916.2728238,6951229,1779514624,1779.514624,122,195,84,4,20260327_172948
1774628916.2828076,6951268,1779524608,1779.524608,125,194,85,4,20260327_172948
1774628916.2927916,6951307,1779534592,1779.534592,128,195,84,4,20260327_172948
1774628916.3027756,6951346,1779544576,1779.544576,132,195,85,4,20260327_172948
1774628916.3127596,6951385,1779554560,1779.55456,135,195,86,4,20260327_172948
1774628916.3227437,6951424,1779564544,1779.564544,138,194,87,4,20260327_172948
1774628916.3327277,6951463,1779574528,1779.574528,141,195,88,4,20260327_172948
1774628916.3427117,6951502,1779584512,1779.584512,144,195,88,4,20260327_172948
1774628916.3526957,6951541,1779594496,1779.594496,147,195,91,4,20260327_172948
1774628916.3629358,6951581,1779604736,1779.604736,150,195,93,4,20260327_172948
1774628916.3729198,6951620,1779614720,1779.61472,154,195,99,4,20260327_172948
1774628916.3829036,6951659,1779624704,1779.624704,157,195,103,4,20260327_172948
1774628916.3928876,6951698,1779634688,1779.634688,160,196,109,4,20260327_172948
1774628916.4028716,6951737,1779644672,1779.644672,163,195,113,4,20260327_172948
1774628916.4128556,6951776,1779654656,1779.654656,165,196,118,4,20260327_172948
1774628916.4228396,6951815,1779664640,1779.66464,168,196,123,4,20260327_172948
1774628916.4328237,6951854,1779674624,1779.674624,171,195,128,4,20260327_172948
1774628916.4428077,6951893,1779684608,1779.684608,174,196,134,4,20260327_172948
1774628916.4530478,6951933,1779694848,1779.694848,176,195,135,4,20260327_172948
1774628916.4630318,6951972,1779704832,1779.704832,179,195,135,4,20260327_172948
1774628916.4730158,6952011,1779714816,1779.714816,182,196,135,4,20260327_172948
1774628916.4829998,6952050,1779724800,1779.7248,185,196,137,4,20260327_172948
1774628916.4929836,6952089,1779734784,1779.734784,188,196,138,4,20260327_172948
1774628916.5029676,6952128,1779744768,1779.744768,190,196,138,4,20260327_172948
1774628916.5129516,6952167,1779754752,1779.754752,193,196,140,4,20260327_172948
1774628916.5229356,6952206,1779764736,1779.764736,196,196,140,4,20260327_172948
1774628916.5331757,6952246,1779774976,1779.774976,199,197,140,4,20260327_172948
1774628916.5431595,6952285,1779784960,1779.78496,202,197,142,4,20260327_172948
1774628916.5531435,6952324,1779794944,1779.794944,205,197,141,4,20260327_172948
1774628916.5631278,6952363,1779804928,1779.804928,207,197,141,4,20260327_172948
1774628916.5731118,6952402,1779814912,1779.814912,210,197,144,4,20260327_172948
1774628916.5830958,6952441,1779824896,1779.824896,213,198,143,4,20260327_172948
1774628916.5930798,6952480,1779834880,1779.83488,216,198,144,4,20260327_172948
1774628916.6030636,6952519,1779844864,1779.844864,219,198,144,4,20260327_172948
1774628916.6130476,6952558,1779854848,1779.854848,221,198,144,4,20260327_172948
1774628916.6232877,6952598,1779865088,1779.865088,224,198,143,4,20260327_172948
1774628916.6332717,6952637,1779875072,1779.875072,227,198,146,4,20260327_172948
1774628916.6432557,6952676,1779885056,1779.885056,230,198,144,4,20260327_172948
1774628916.6532395,6952715,1779895040,1779.89504,233,198,145,4,20260327_172948
1774628916.6632235,6952754,1779905024,1779.905024,236,198,145,4,20260327_172948
1774628916.6732078,6952793,1779915008,1779.915008,239,198,145,4,20260327_172948
1774628916.6831918,6952832,1779924992,1779.924992,241,198,145,4,20260327_172948
1774628916.6931758,6952871,1779934976,1779.934976,244,199,145,4,20260327_172948
1774628916.7034156,6952911,1779945216,1779.945216,247,198,145,4,20260327_172948
1774628916.7133996,6952950,1779955200,1779.9552,250,198,144,4,20260327_172948
1774628916.7233837,6952989,1779965184,1779.965184,253,198,143,4,20260327_172948
1774628916.7333677,6953028,1779975168,1779.975168,1,200,143,4,20260327_172948
1774628916.7433517,6953067,1779985152,1779.985152,3,199,142,4,20260327_172948
1774628916.7533357,6953106,1779995136,1779.995136,6,199,139,4,20260327_172948
1774628916.7633195,6953145,1780005120,1780.00512,9,198,138,4,20260327_172948
1774628916.7733035,6953184,1780015104,1780.015104,12,198,136,4,20260327_172948
1774628916.7832878,6953223,1780025088,1780.025088,15,199,134,4,20260327_172948
1774628916.7932718,6953262,1780035072,1780.035072,18,198,131,4,20260327_172948
1774628916.8035116,6953302,1780045312,1780.045312,20,199,128,4,20260327_172948
1774628916.8134956,6953341,1780055296,1780.055296,23,199,127,4,20260327_172948
1774628916.8234797,6953380,1780065280,1780.06528,26,198,124,4,20260327_172948
1774628916.8334637,6953419,1780075264,1780.075264,29,199,122,4,20260327_172948
1774628916.8434477,6953458,1780085248,1780.085248,32,198,115,4,20260327_172948
1774628916.8534317,6953497,1780095232,1780.095232,35,199,107,4,20260327_172948
1774628916.8634157,6953536,1780105216,1780.105216,38,199,97,4,20260327_172948
1774628916.8733995,6953575,1780115200,1780.1152,41,199,93,4,20260327_172948
1774628916.8833838,6953614,1780125184,1780.125184,45,198,73,4,20260327_172948
1774628916.8936236,6953654,1780135424,1780.135424,49,199,85,4,20260327_172948
1774628916.9036076,6953693,1780145408,1780.145408,54,199,82,4,20260327_172948
1774628916.9135916,6953732,1780155392,1780.155392,59,199,81,4,20260327_172948
1774628916.9235756,6953771,1780165376,1780.165376,64,199,81,4,20260327_172948
1774628916.9335597,6953810,1780175360,1780.17536,68,198,82,4,20260327_172948
1774628916.9435437,6953849,1780185344,1780.185344,73,199,82,4,20260327_172948
1774628916.9535277,6953888,1780195328,1780.195328,77,198,82,4,20260327_172948
1774628916.9635117,6953927,1780205312,1780.205312,80,198,81,4,20260327_172948
1774628916.9737518,6953967,1780215552,1780.215552,84,199,82,4,20260327_172948
1774628916.9837358,6954006,1780225536,1780.225536,87,198,82,4,20260327_172948
1774628916.9937196,6954045,1780235520,1780.23552,90,198,82,4,20260327_172948
1774628917.0037036,6954084,1780245504,1780.245504,93,197,82,4,20260327_172948
1774628917.0136876,6954123,1780255488,1780.255488,96,196,82,4,20260327_172948
1774628917.0236716,6954162,1780265472,1780.265472,99,197,83,4,20260327_172948
1774628917.0336556,6954201,1780275456,1780.275456,102,197,82,4,20260327_172948
1774628917.0436397,6954240,1780285440,1780.28544,105,196,82,4,20260327_172948
1774628917.0536237,6954279,1780295424,1780.295424,108,196,81,4,20260327_172948
1774628917.0638638,6954319,1780305664,1780.305664,110,196,82,4,20260327_172948
1774628917.0738478,6954358,1780315648,1780.315648,113,196,83,4,20260327_172948
1774628917.0838318,6954397,1780325632,1780.325632,116,195,83,4,20260327_172948
1774628917.0938158,6954436,1780335616,1780.335616,119,195,84,4,20260327_172948
1774628917.1037996,6954475,1780345600,1780.3456,122,195,85,4,20260327_172948
1774628917.1137836,6954514,1780355584,1780.355584,125,195,86,4,20260327_172948
1774628917.1237676,6954553,1780365568,1780.365568,128,194,86,4,20260327_172948
1774628917.1337516,6954592,1780375552,1780.375552,132,195,87,4,20260327_172948
1774628917.1437356,6954631,1780385536,1780.385536,135,195,89,4,20260327_172948
1774628917.1539755,6954671,1780395776,1780.395776,138,195,92,4,20260327_172948
1774628917.1639595,6954710,1780405760,1780.40576,141,195,96,4,20260327_172948
1774628917.1739438,6954749,1780415744,1780.415744,144,195,101,4,20260327_172948
1774628917.1839278,6954788,1780425728,1780.425728,147,196,105,4,20260327_172948
1774628917.1939118,6954827,1780435712,1780.435712,150,196,109,4,20260327_172948
1774628917.2038958,6954866,1780445696,1780.445696,153,195,113,4,20260327_172948
1774628917.2138796,6954905,1780455680,1780.45568,155,196,117,4,20260327_172948
1774628917.2238636,6954944,1780465664,1780.465664,158,196,124,4,20260327_172948
1774628917.2341037,6954984,1780475904,1780.475904,161,196,130,4,20260327_172948
1774628917.2440877,6955023,1780485888,1780.485888,163,195,135,4,20260327_172948
1774628917.2540717,6955062,1780495872,1780.495872,165,196,137,4,20260327_172948
1774628917.2640555,6955101,1780505856,1780.505856,168,196,138,4,20260327_172948
1774628917.2740395,6955140,1780515840,1780.51584,170,196,139,4,20260327_172948
1774628917.2840238,6955179,1780525824,1780.525824,173,196,140,4,20260327_172948
1774628917.2940078,6955218,1780535808,1780.535808,176,196,142,4,20260327_172948
1774628917.3039918,6955257,1780545792,1780.545792,178,196,143,4,20260327_172948
1774628917.3139756,6955296,1780555776,1780.555776,181,196,143,4,20260327_172948
1774628917.3242157,6955336,1780566016,1780.566016,184,197,144,4,20260327_172948
1774628917.3341997,6955375,1780576000,1780.576,187,197,144,4,20260327_172948
1774628917.3441837,6955414,1780585984,1780.585984,190,196,144,4,20260327_172948
1774628917.3541677,6955453,1780595968,1780.595968,192,197,145,4,20260327_172948
1774628917.3641517,6955492,1780605952,1780.605952,195,197,146,4,20260327_172948
1774628917.3741355,6955531,1780615936,1780.615936,198,196,146,4,20260327_172948
1774628917.3841195,6955570,1780625920,1780.62592,201,197,146,4,20260327_172948
1774628917.3943596,6955610,1780636160,1780.63616,204,198,147,4,20260327_172948
1774628917.4043436,6955649,1780646144,1780.646144,207,198,147,4,20260327_172948
1774628917.4143276,6955688,1780656128,1780.656128,209,197,145,4,20260327_172948
1774628917.4243116,6955727,1780666112,1780.666112,212,198,147,4,20260327_172948
1774628917.4342957,6955766,1780676096,1780.676096,215,198,148,4,20260327_172948
1774628917.4442797,6955805,1780686080,1780.68608,218,198,148,4,20260327_172948
1774628917.4542637,6955844,1780696064,1780.696064,221,199,148,4,20260327_172948
1774628917.4642477,6955883,1780706048,1780.706048,223,198,147,4,20260327_172948
1774628917.4742315,6955922,1780716032,1780.716032,226,198,147,4,20260327_172948
1774628917.4844718,6955962,1780726272,1780.726272,229,198,148,4,20260327_172948
1774628917.4944556,6956001,1780736256,1780.736256,232,198,148,4,20260327_172948
1774628917.5044396,6956040,1780746240,1780.74624,235,198,148,4,20260327_172948
1774628917.5144236,6956079,1780756224,1780.756224,238,198,147,4,20260327_172948
1774628917.5244076,6956118,1780766208,1780.766208,241,199,146,4,20260327_172948
1774628917.5343916,6956157,1780776192,1780.776192,243,199,145,4,20260327_172948
1774628917.5443757,6956196,1780786176,1780.786176,246,199,144,4,20260327_172948
1774628917.5543597,6956235,1780796160,1780.79616,249,198,142,4,20260327_172948
1774628917.5645998,6956275,1780806400,1780.8064,252,199,142,4,20260327_172948
1774628917.5745838,6956314,1780816384,1780.816384,0,199,140,4,20260327_172948
1774628917.5845678,6956353,1780826368,1780.826368,3,198,138,4,20260327_172948
1774628917.5945518,6956392,1780836352,1780.836352,5,198,136,4,20260327_172948
1774628917.6045356,6956431,1780846336,1780.846336,8,198,135,4,20260327_172948
1774628917.6145196,6956470,1780856320,1780.85632,11,198,134,4,20260327_172948
1774628917.6245036,6956509,1780866304,1780.866304,14,199,132,4,20260327_172948
1774628917.6344876,6956548,1780876288,1780.876288,17,199,130,4,20260327_172948
1774628917.6444716,6956587,1780886272,1780.886272,20,199,128,4,20260327_172948
1774628917.6544557,6956626,1780896256,1780.896256,22,199,127,4,20260327_172948
1774628917.6646955,6956666,1780906496,1780.906496,25,198,125,4,20260327_172948
1774628917.6746798,6956705,1780916480,1780.91648,28,199,123,4,20260327_172948
1774628917.6846638,6956744,1780926464,1780.926464,31,198,120,4,20260327_172948
1774628917.6946478,6956783,1780936448,1780.936448,34,199,109,4,20260327_172948
1774628917.7046318,6956822,1780946432,1780.946432,37,199,102,4,20260327_172948
1774628917.7146156,6956861,1780956416,1780.956416,40,199,96,4,20260327_172948
1774628917.7245996,6956900,1780966400,1780.9664,44,198,92,4,20260327_172948
1774628917.7345836,6956939,1780976384,1780.976384,48,199,87,4,20260327_172948
1774628917.7445676,6956978,1780986368,1780.986368,52,198,84,4,20260327_172948
1774628917.7548077,6957018,1780996608,1780.996608,57,198,82,4,20260327_172948
1774628917.7647915,6957057,1781006592,1781.006592,62,199,80,4,20260327_172948
1774628917.7747755,6957096,1781016576,1781.016576,67,198,81,4,20260327_172948
1774628917.7847598,6957135,1781026560,1781.02656,71,198,81,4,20260327_172948
1774628917.7947438,6957174,1781036544,1781.036544,76,199,82,4,20260327_172948
1774628917.8047278,6957213,1781046528,1781.046528,79,198,81,4,20260327_172948
1774628917.8147118,6957252,1781056512,1781.056512,83,197,80,4,20260327_172948
1774628917.8246956,6957291,1781066496,1781.066496,86,197,82,4,20260327_172948
1774628917.8349357,6957331,1781076736,1781.076736,89,197,82,4,20260327_172948
1774628917.8449197,6957370,1781086720,1781.08672,92,196,82,4,20260327_172948
1774628917.8549037,6957409,1781096704,1781.096704,95,197,82,4,20260327_172948
1774628917.8648877,6957448,1781106688,1781.106688,98,197,82,4,20260327_172948
1774628917.8748715,6957487,1781116672,1781.116672,101,197,82,4,20260327_172948
1774628917.8848555,6957526,1781126656,1781.126656,104,196,81,4,20260327_172948
1774628917.8948398,6957565,1781136640,1781.13664,107,196,82,4,20260327_172948
1774628917.9048238,6957604,1781146624,1781.146624,110,196,83,4,20260327_172948
1774628917.9148078,6957643,1781156608,1781.156608,113,196,83,4,20260327_172948
1774628917.9250476,6957683,1781166848,1781.166848,115,195,83,4,20260327_172948
1774628917.9350317,6957722,1781176832,1781.176832,118,195,85,4,20260327_172948
1774628917.9450157,6957761,1781186816,1781.186816,121,194,85,4,20260327_172948
1774628917.9549997,6957800,1781196800,1781.1968,124,195,86,4,20260327_172948
1774628917.9649837,6957839,1781206784,1781.206784,128,196,89,4,20260327_172948
1774628917.9749677,6957878,1781216768,1781.216768,131,195,87,4,20260327_172948
1774628917.9849515,6957917,1781226752,1781.226752,134,195,90,4,20260327_172948
1774628917.9949358,6957956,1781236736,1781.236736,137,195,91,4,20260327_172948
1774628918.0051756,6957996,1781246976,1781.246976,140,195,94,4,20260327_172948
1774628918.0151596,6958035,1781256960,1781.25696,143,195,99,4,20260327_172948
1774628918.0251436,6958074,1781266944,1781.266944,146,195,103,4,20260327_172948
1774628918.0351276,6958113,1781276928,1781.276928,149,195,106,4,20260327_172948
1774628918.0451117,6958152,1781286912,1781.286912,152,195,110,4,20260327_172948
1774628918.0550957,6958191,1781296896,1781.296896,155,195,113,4,20260327_172948
1774628918.0650797,6958230,1781306880,1781.30688,157,195,118,4,20260327_172948
1774628918.0750637,6958269,1781316864,1781.316864,160,196,123,4,20260327_172948
1774628918.0850475,6958308,1781326848,1781.326848,163,196,129,4,20260327_172948
1774628918.0952878,6958348,1781337088,1781.337088,165,196,135,4,20260327_172948
1774628918.1052716,6958387,1781347072,1781.347072,168,196,137,4,20260327_172948
1774628918.1152556,6958426,1781357056,1781.357056,170,196,136,4,20260327_172948
1774628918.1252396,6958465,1781367040,1781.36704,173,196,136,4,20260327_172948
1774628918.1352236,6958504,1781377024,1781.377024,176,196,139,4,20260327_172948
1774628918.1452076,6958543,1781387008,1781.387008,178,196,139,4,20260327_172948
1774628918.1551917,6958582,1781396992,1781.396992,181,196,141,4,20260327_172948
1774628918.1651757,6958621,1781406976,1781.406976,184,196,142,4,20260327_172948
1774628918.1754158,6958661,1781417216,1781.417216,187,196,143,4,20260327_172948
1774628918.1853998,6958700,1781427200,1781.4272,190,198,144,4,20260327_172948
1774628918.1953838,6958739,1781437184,1781.437184,193,197,144,4,20260327_172948
1774628918.2053678,6958778,1781447168,1781.447168,195,197,144,4,20260327_172948
1774628918.2153516,6958817,1781457152,1781.457152,198,197,145,4,20260327_172948
1774628918.2253356,6958856,1781467136,1781.467136,201,196,145,4,20260327_172948
1774628918.2353196,6958895,1781477120,1781.47712,204,197,146,4,20260327_172948
1774628918.2453036,6958934,1781487104,1781.487104,207,198,146,4,20260327_172948
1774628918.2552876,6958973,1781497088,1781.497088,209,197,145,4,20260327_172948
1774628918.2652717,6959012,1781507072,1781.507072,212,198,146,4,20260327_172948
1774628918.2755115,6959052,1781517312,1781.517312,215,199,147,4,20260327_172948
1774628918.2854958,6959091,1781527296,1781.527296,218,198,147,4,20260327_172948
1774628918.2954798,6959130,1781537280,1781.53728,221,198,146,4,20260327_172948
1774628918.3054638,6959169,1781547264,1781.547264,224,199,147,4,20260327_172948
1774628918.3154478,6959208,1781557248,1781.557248,226,199,146,4,20260327_172948
1774628918.3254316,6959247,1781567232,1781.567232,229,198,146,4,20260327_172948
1774628918.3354156,6959286,1781577216,1781.577216,232,198,146,4,20260327_172948
1774628918.3453996,6959325,1781587200,1781.5872,235,198,146,4,20260327_172948
1774628918.3556397,6959365,1781597440,1781.59744,238,199,148,4,20260327_172948
1774628918.3656237,6959404,1781607424,1781.607424,241,198,147,4,20260327_172948
1774628918.3756075,6959443,1781617408,1781.617408,243,198,148,4,20260327_172948
1774628918.3855915,6959482,1781627392,1781.627392,246,198,147,4,20260327_172948
1774628918.3955758,6959521,1781637376,1781.637376,249,200,146,4,20260327_172948
1774628918.4055598,6959560,1781647360,1781.64736,252,199,145,4,20260327_172948
1774628918.4155438,6959599,1781657344,1781.657344,0,199,144,4,20260327_172948
1774628918.4255276,6959638,1781667328,1781.667328,3,198,142,4,20260327_172948
1774628918.4357677,6959678,1781677568,1781.677568,6,199,142,4,20260327_172948
1774628918.4457517,6959717,1781687552,1781.687552,8,199,141,4,20260327_172948
1774628918.4557357,6959756,1781697536,1781.697536,11,198,137,4,20260327_172948
1774628918.4657197,6959795,1781707520,1781.70752,14,199,137,4,20260327_172948
1774628918.4757037,6959834,1781717504,1781.717504,17,199,136,4,20260327_172948
1774628918.4856875,6959873,1781727488,1781.727488,20,198,133,4,20260327_172948
1774628918.4956715,6959912,1781737472,1781.737472,23,199,133,4,20260327_172948
1774628918.5056558,6959951,1781747456,1781.747456,25,199,131,4,20260327_172948
1774628918.5156398,6959990,1781757440,1781.75744,28,199,128,4,20260327_172948
1774628918.5258796,6960030,1781767680,1781.76768,31,199,128,4,20260327_172948
1774628918.5358636,6960069,1781777664,1781.777664,34,198,127,4,20260327_172948
1774628918.5458477,6960108,1781787648,1781.787648,37,199,126,4,20260327_172948
1774628918.5558317,6960147,1781797632,1781.797632,39,199,122,4,20260327_172948
1774628918.5658157,6960186,1781807616,1781.807616,42,199,119,4,20260327_172948
1774628918.5757997,6960225,1781817600,1781.8176,45,199,114,4,20260327_172948
1774628918.5857835,6960264,1781827584,1781.827584,48,198,106,4,20260327_172948
1774628918.5957675,6960303,1781837568,1781.837568,52,198,100,4,20260327_172948
1774628918.6060076,6960343,1781847808,1781.847808,56,198,94,4,20260327_172948
1774628918.6159916,6960382,1781857792,1781.857792,60,199,91,4,20260327_172948
1774628918.6259756,6960421,1781867776,1781.867776,64,198,88,4,20260327_172948
1774628918.6359596,6960460,1781877760,1781.87776,69,199,86,4,20260327_172948
1774628918.6459436,6960499,1781887744,1781.887744,73,199,84,4,20260327_172948
1774628918.6559277,6960538,1781897728,1781.897728,77,199,82,4,20260327_172948
1774628918.6659117,6960577,1781907712,1781.907712,81,198,81,4,20260327_172948
1774628918.6758957,6960616,1781917696,1781.917696,84,198,80,4,20260327_172948
1774628918.6858797,6960655,1781927680,1781.92768,87,197,81,4,20260327_172948
1774628918.6961198,6960695,1781937920,1781.93792,90,197,82,4,20260327_172948
1774628918.7061038,6960734,1781947904,1781.947904,93,196,83,4,20260327_172948
1774628918.7160876,6960773,1781957888,1781.957888,96,197,81,4,20260327_172948
1774628918.7260716,6960812,1781967872,1781.967872,99,196,80,4,20260327_172948
1774628918.7360556,6960851,1781977856,1781.977856,102,196,82,4,20260327_172948
1774628918.7460396,6960890,1781987840,1781.98784,105,196,81,4,20260327_172948
1774628918.7560236,6960929,1781997824,1781.997824,108,196,82,4,20260327_172948
1774628918.7660077,6960968,1782007808,1782.007808,111,196,83,4,20260327_172948
1774628918.7759917,6961007,1782017792,1782.017792,114,196,83,4,20260327_172948
1774628918.7862318,6961047,1782028032,1782.028032,117,196,84,4,20260327_172948
1774628918.7962158,6961086,1782038016,1782.038016,120,195,85,4,20260327_172948
1774628918.8061998,6961125,1782048000,1782.048,123,194,86,4,20260327_172948
1774628918.8161838,6961164,1782057984,1782.057984,126,195,85,4,20260327_172948
1774628918.8261676,6961203,1782067968,1782.067968,129,196,87,4,20260327_172948
1774628918.8361516,6961242,1782077952,1782.077952,132,194,87,4,20260327_172948
1774628918.8461356,6961281,1782087936,1782.087936,135,195,88,4,20260327_172948
1774628918.8561196,6961320,1782097920,1782.09792,138,195,90,4,20260327_172948
1774628918.8661036,6961359,1782107904,1782.107904,141,195,90,4,20260327_172948
1774628918.8763435,6961399,1782118144,1782.118144,144,195,94,4,20260327_172948
1774628918.8863275,6961438,1782128128,1782.128128,147,195,98,4,20260327_172948
1774628918.8963118,6961477,1782138112,1782.138112,150,195,102,4,20260327_172948
1774628918.9062958,6961516,1782148096,1782.148096,153,195,106,4,20260327_172948
1774628918.9162798,6961555,1782158080,1782.15808,157,195,108,4,20260327_172948
1774628918.9262638,6961594,1782168064,1782.168064,159,195,114,4,20260327_172948
1774628918.9362476,6961633,1782178048,1782.178048,162,195,118,4,20260327_172948
1774628918.9462316,6961672,1782188032,1782.188032,165,196,124,4,20260327_172948
1774628918.9564717,6961712,1782198272,1782.198272,168,196,128,4,20260327_172948
1774628918.9664557,6961751,1782208256,1782.208256,170,195,135,4,20260327_172948
1774628918.9764397,6961790,1782218240,1782.21824,173,195,138,4,20260327_172948
1774628918.9864235,6961829,1782228224,1782.228224,176,196,138,4,20260327_172948
1774628918.9964075,6961868,1782238208,1782.238208,178,195,138,4,20260327_172948
1774628919.0063918,6961907,1782248192,1782.248192,181,196,139,4,20260327_172948
1774628919.0163758,6961946,1782258176,1782.258176,184,196,140,4,20260327_172948
1774628919.0263598,6961985,1782268160,1782.26816,187,196,140,4,20260327_172948
1774628919.0365996,6962025,1782278400,1782.2784,190,196,143,4,20260327_172948
1774628919.0465837,6962064,1782288384,1782.288384,193,197,145,4,20260327_172948
1774628919.0565677,6962103,1782298368,1782.298368,195,197,146,4,20260327_172948
1774628919.0665517,6962142,1782308352,1782.308352,198,197,147,4,20260327_172948
1774628919.0765357,6962181,1782318336,1782.318336,201,197,148,4,20260327_172948
1774628919.0865197,6962220,1782328320,1782.32832,204,197,147,4,20260327_172948
1774628919.0965035,6962259,1782338304,1782.338304,207,198,147,4,20260327_172948
1774628919.1064878,6962298,1782348288,1782.348288,209,197,147,4,20260327_172948
1774628919.1164718,6962337,1782358272,1782.358272,212,198,148,4,20260327_172948
1774628919.1267116,6962377,1782368512,1782.368512,215,198,148,4,20260327_172948
1774628919.1366956,6962416,1782378496,1782.378496,218,198,149,4,20260327_172948
1774628919.1466796,6962455,1782388480,1782.38848,221,198,149,4,20260327_172948
1774628919.1566637,6962494,1782398464,1782.398464,224,199,149,4,20260327_172948
1774628919.1666477,6962533,1782408448,1782.408448,226,198,147,4,20260327_172948
1774628919.1766317,6962572,1782418432,1782.418432,229,198,148,4,20260327_172948
1774628919.1866157,6962611,1782428416,1782.428416,232,198,150,4,20260327_172948
1774628919.1965995,6962650,1782438400,1782.4384,235,198,150,4,20260327_172948
1774628919.2065835,6962689,1782448384,1782.448384,238,198,149,4,20260327_172948
1774628919.2165678,6962728,1782458368,1782.458368,241,199,149,4,20260327_172948
1774628919.2268076,6962768,1782468608,1782.468608,243,198,149,4,20260327_172948
1774628919.2367916,6962807,1782478592,1782.478592,246,198,148,4,20260327_172948
1774628919.2467756,6962846,1782488576,1782.488576,249,199,148,4,20260327_172948
1774628919.2567596,6962885,1782498560,1782.49856,252,199,147,4,20260327_172948
1774628919.2667437,6962924,1782508544,1782.508544,0,199,147,4,20260327_172948
1774628919.2767277,6962963,1782518528,1782.518528,3,199,147,4,20260327_172948
1774628919.2867117,6963002,1782528512,1782.528512,6,199,146,4,20260327_172948
1774628919.2966957,6963041,1782538496,1782.538496,8,199,146,4,20260327_172948
1774628919.3066795,6963080,1782548480,1782.54848,11,199,146,4,20260327_172948
1774628919.3169198,6963120,1782558720,1782.55872,14,199,146,4,20260327_172948
1774628919.3269036,6963159,1782568704,1782.568704,17,199,144,4,20260327_172948
1774628919.3368876,6963198,1782578688,1782.578688,20,199,145,4,20260327_172948
1774628919.3468716,6963237,1782588672,1782.588672,22,198,145,4,20260327_172948
1774628919.3568556,6963276,1782598656,1782.598656,25,199,142,4,20260327_172948
1774628919.3668396,6963315,1782608640,1782.60864,28,199,141,4,20260327_172948
1774628919.3768237,6963354,1782618624,1782.618624,31,198,141,4,20260327_172948
1774628919.3868077,6963393,1782628608,1782.628608,34,198,140,4,20260327_172948
1774628919.3970478,6963433,1782638848,1782.638848,36,198,138,4,20260327_172948
1774628919.4070318,6963472,1782648832,1782.648832,39,198,136,4,20260327_172948
1774628919.4170158,6963511,1782658816,1782.658816,41,199,136,4,20260327_172948
1774628919.4269998,6963550,1782668800,1782.6688,43,199,133,4,20260327_172948
1774628919.4369836,6963589,1782678784,1782.678784,46,198,133,4,20260327_172948
1774628919.4469676,6963628,1782688768,1782.688768,48,198,131,4,20260327_172948
1774628919.4569516,6963667,1782698752,1782.698752,50,199,128,4,20260327_172948
1774628919.4669356,6963706,1782708736,1782.708736,52,199,127,4,20260327_172948
1774628919.4771757,6963746,1782718976,1782.718976,54,199,127,4,20260327_172948
1774628919.4871595,6963785,1782728960,1782.72896,56,198,125,4,20260327_172948
1774628919.4971435,6963824,1782738944,1782.738944,58,198,121,4,20260327_172948
1774628919.5071278,6963863,1782748928,1782.748928,61,198,121,4,20260327_172948
1774628919.5171118,6963902,1782758912,1782.758912,64,198,114,4,20260327_172948
1774628919.5270958,6963941,1782768896,1782.768896,67,198,110,4,20260327_172948
1774628919.5370796,6963980,1782778880,1782.77888,70,197,104,4,20260327_172948
1774628919.5470636,6964019,1782788864,1782.788864,73,197,103,4,20260327_172948
1774628919.5570476,6964058,1782798848,1782.798848,76,197,98,4,20260327_172948
1774628919.5672877,6964098,1782809088,1782.809088,80,198,94,4,20260327_172948
1774628919.5772717,6964137,1782819072,1782.819072,83,198,91,4,20260327_172948
1774628919.5872557,6964176,1782829056,1782.829056,86,197,88,4,20260327_172948
1774628919.5972395,6964215,1782839040,1782.83904,89,197,86,4,20260327_172948
1774628919.6072235,6964254,1782849024,1782.849024,92,196,83,4,20260327_172948
1774628919.6172078,6964293,1782859008,1782.859008,95,197,80,4,20260327_172948
1774628919.6271918,6964332,1782868992,1782.868992,98,196,81,4,20260327_172948
1774628919.6371758,6964371,1782878976,1782.878976,101,195,79,4,20260327_172948
1774628919.6471596,6964410,1782888960,1782.88896,104,195,82,4,20260327_172948
1774628919.6573997,6964450,1782899200,1782.8992,107,194,82,4,20260327_172948
1774628919.6673837,6964489,1782909184,1782.909184,110,195,81,4,20260327_172948
1774628919.6773677,6964528,1782919168,1782.919168,113,194,84,4,20260327_172948
1774628919.6873517,6964567,1782929152,1782.929152,116,194,83,4,20260327_172948
1774628919.6973355,6964606,1782939136,1782.939136,119,193,83,4,20260327_172948
1774628919.7073195,6964645,1782949120,1782.94912,122,194,82,4,20260327_172948
1774628919.7173038,6964684,1782959104,1782.959104,125,193,83,4,20260327_172948
1774628919.7272878,6964723,1782969088,1782.969088,128,194,84,4,20260327_172948
1774628919.7375276,6964763,1782979328,1782.979328,131,193,83,4,20260327_172948
1774628919.7475116,6964802,1782989312,1782.989312,134,193,85,4,20260327_172948
1774628919.7574956,6964841,1782999296,1782.999296,137,193,84,4,20260327_172948
1774628919.7674797,6964880,1783009280,1783.00928,140,194,86,4,20260327_172948
1774628919.7774637,6964919,1783019264,1783.019264,143,194,86,4,20260327_172948
1774628919.7874477,6964958,1783029248,1783.029248,147,194,87,4,20260327_172948
1774628919.7974317,6964997,1783039232,1783.039232,150,194,87,4,20260327_172948
1774628919.8074155,6965036,1783049216,1783.049216,153,194,88,4,20260327_172948
1774628919.8173995,6965075,1783059200,1783.0592,157,193,89,4,20260327_172948
1774628919.8276396,6965115,1783069440,1783.06944,160,194,91,4,20260327_172948
1774628919.8376236,6965154,1783079424,1783.079424,164,194,92,4,20260327_172948
1774628919.8476076,6965193,1783089408,1783.089408,167,194,94,4,20260327_172948
1774628919.8575916,6965232,1783099392,1783.099392,170,195,98,4,20260327_172948
1774628919.8675756,6965271,1783109376,1783.109376,173,195,102,4,20260327_172948
1774628919.8775597,6965310,1783119360,1783.11936,176,195,108,4,20260327_172948
1774628919.8875437,6965349,1783129344,1783.129344,179,195,112,4,20260327_172948
1774628919.8975277,6965388,1783139328,1783.139328,182,195,115,4,20260327_172948
1774628919.9077678,6965428,1783149568,1783.149568,185,196,122,4,20260327_172948
1774628919.9177518,6965467,1783159552,1783.159552,188,196,127,4,20260327_172948
1774628919.9277358,6965506,1783169536,1783.169536,190,196,133,4,20260327_172948
1774628919.9377196,6965545,1783179520,1783.17952,193,196,138,4,20260327_172948
1774628919.9477036,6965584,1783189504,1783.189504,196,196,137,4,20260327_172948
1774628919.9576876,6965623,1783199488,1783.199488,199,197,137,4,20260327_172948
1774628919.9676716,6965662,1783209472,1783.209472,202,198,138,4,20260327_172948
1774628919.9776556,6965701,1783219456,1783.219456,205,197,139,4,20260327_172948
1774628919.9876397,6965740,1783229440,1783.22944,207,197,142,4,20260327_172948
1774628919.9978795,6965780,1783239680,1783.23968,210,198,144,4,20260327_172948
1774628920.0078638,6965819,1783249664,1783.249664,213,197,146,4,20260327_172948
1774628920.0178478,6965858,1783259648,1783.259648,216,197,145,4,20260327_172948
1774628920.0278318,6965897,1783269632,1783.269632,219,198,146,4,20260327_172948
1774628920.0378158,6965936,1783279616,1783.279616,221,198,146,4,20260327_172948
1774628920.0477996,6965975,1783289600,1783.2896,224,197,146,4,20260327_172948
1774628920.0577836,6966014,1783299584,1783.299584,227,198,147,4,20260327_172948
1774628920.0677676,6966053,1783309568,1783.309568,230,198,147,4,20260327_172948
1774628920.0777516,6966092,1783319552,1783.319552,233,199,149,4,20260327_172948
1774628920.0879917,6966132,1783329792,1783.329792,236,198,149,4,20260327_172948
1774628920.0979755,6966171,1783339776,1783.339776,239,199,149,4,20260327_172948
1774628920.1079595,6966210,1783349760,1783.34976,241,198,150,4,20260327_172948
1774628920.1179438,6966249,1783359744,1783.359744,244,198,149,4,20260327_172948
1774628920.1279278,6966288,1783369728,1783.369728,247,198,149,4,20260327_172948
1774628920.1379118,6966327,1783379712,1783.379712,250,198,150,4,20260327_172948
1774628920.1478956,6966366,1783389696,1783.389696,253,198,149,4,20260327_172948
1774628920.1578796,6966405,1783399680,1783.39968,1,198,150,4,20260327_172948
1774628920.1681197,6966445,1783409920,1783.40992,3,198,150,4,20260327_172948
1774628920.1781037,6966484,1783419904,1783.419904,6,198,150,4,20260327_172948
1774628920.1880877,6966523,1783429888,1783.429888,9,199,150,4,20260327_172948
1774628920.1980717,6966562,1783439872,1783.439872,12,198,149,4,20260327_172948
1774628920.2080555,6966601,1783449856,1783.449856,15,198,150,4,20260327_172948
1774628920.2180398,6966640,1783459840,1783.45984,18,198,148,4,20260327_172948
1774628920.2280238,6966679,1783469824,1783.469824,20,198,148,4,20260327_172948
1774628920.2380078,6966718,1783479808,1783.479808,23,198,145,4,20260327_172948
1774628920.2482476,6966758,1783490048,1783.490048,26,198,148,4,20260327_172948
1774628920.2582316,6966797,1783500032,1783.500032,29,198,145,4,20260327_172948
1774628920.2682157,6966836,1783510016,1783.510016,32,198,143,4,20260327_172948
1774628920.2781997,6966875,1783520000,1783.52,34,198,141,4,20260327_172948
1774628920.2881837,6966914,1783529984,1783.529984,37,198,139,4,20260327_172948
1774628920.2981677,6966953,1783539968,1783.539968,39,198,136,4,20260327_172948
1774628920.3081515,6966992,1783549952,1783.549952,42,198,135,4,20260327_172948
1774628920.3181355,6967031,1783559936,1783.559936,44,198,132,4,20260327_172948
1774628920.3281198,6967070,1783569920,1783.56992,46,198,128,4,20260327_172948
1774628920.3383596,6967110,1783580160,1783.58016,49,198,127,4,20260327_172948
1774628920.3483436,6967149,1783590144,1783.590144,51,198,124,4,20260327_172948
1774628920.3583276,6967188,1783600128,1783.600128,53,198,121,4,20260327_172948
1774628920.3683116,6967227,1783610112,1783.610112,56,198,113,4,20260327_172948
1774628920.3782957,6967266,1783620096,1783.620096,60,198,104,4,20260327_172948
1774628920.3882797,6967305,1783630080,1783.63008,64,198,99,4,20260327_172948
1774628920.3982637,6967344,1783640064,1783.640064,68,197,93,4,20260327_172948
1774628920.4082477,6967383,1783650048,1783.650048,72,197,89,4,20260327_172948
1774628920.4184878,6967423,1783660288,1783.660288,76,198,87,4,20260327_172948
1774628920.4284718,6967462,1783670272,1783.670272,79,198,83,4,20260327_172948
1774628920.4384556,6967501,1783680256,1783.680256,83,197,82,4,20260327_172948
1774628920.4484396,6967540,1783690240,1783.69024,86,198,82,4,20260327_172948
1774628920.4584236,6967579,1783700224,1783.700224,89,197,83,4,20260327_172948
1774628920.4684076,6967618,1783710208,1783.710208,92,197,82,4,20260327_172948
1774628920.4783916,6967657,1783720192,1783.720192,95,198,82,4,20260327_172948
1774628920.4883757,6967696,1783730176,1783.730176,98,196,82,4,20260327_172948
1774628920.4983597,6967735,1783740160,1783.74016,101,197,83,4,20260327_172948
1774628920.5085998,6967775,1783750400,1783.7504,104,196,83,4,20260327_172948
1774628920.5185838,6967814,1783760384,1783.760384,107,196,81,4,20260327_172948
1774628920.5285678,6967853,1783770368,1783.770368,110,195,82,4,20260327_172948
1774628920.5385518,6967892,1783780352,1783.780352,113,195,81,4,20260327_172948
1774628920.5485356,6967931,1783790336,1783.790336,115,194,81,4,20260327_172948
1774628920.5585196,6967970,1783800320,1783.80032,118,194,81,4,20260327_172948
1774628920.5685036,6968009,1783810304,1783.810304,121,194,82,4,20260327_172948
1774628920.5784876,6968048,1783820288,1783.820288,125,193,83,4,20260327_172948
1774628920.5887277,6968088,1783830528,1783.830528,128,195,84,4,20260327_172948
1774628920.5987115,6968127,1783840512,1783.840512,131,193,82,4,20260327_172948
1774628920.6086955,6968166,1783850496,1783.850496,134,193,83,4,20260327_172948
1774628920.6186798,6968205,1783860480,1783.86048,137,193,82,4,20260327_172948
1774628920.6286638,6968244,1783870464,1783.870464,140,193,83,4,20260327_172948
1774628920.6386478,6968283,1783880448,1783.880448,143,193,83,4,20260327_172948
1774628920.6486316,6968322,1783890432,1783.890432,147,193,83,4,20260327_172948
1774628920.6586156,6968361,1783900416,1783.900416,150,193,85,4,20260327_172948
1774628920.6688557,6968401,1783910656,1783.910656,153,193,85,4,20260327_172948
1774628920.6788397,6968440,1783920640,1783.92064,157,193,86,4,20260327_172948
1774628920.6888237,6968479,1783930624,1783.930624,161,193,86,4,20260327_172948
1774628920.6988077,6968518,1783940608,1783.940608,164,194,87,4,20260327_172948
1774628920.7087915,6968557,1783950592,1783.950592,167,194,89,4,20260327_172948
1774628920.7187755,6968596,1783960576,1783.960576,171,194,90,4,20260327_172948
1774628920.7287598,6968635,1783970560,1783.97056,174,194,92,4,20260327_172948
1774628920.7387438,6968674,1783980544,1783.980544,177,194,99,4,20260327_172948
1774628920.7487278,6968713,1783990528,1783.990528,179,195,103,4,20260327_172948
1774628920.7589676,6968753,1784000768,1784.000768,182,195,109,4,20260327_172948
1774628920.7689517,6968792,1784010752,1784.010752,185,196,114,4,20260327_172948
1774628920.7789357,6968831,1784020736,1784.020736,188,196,121,4,20260327_172948
1774628920.7889197,6968870,1784030720,1784.03072,191,196,127,4,20260327_172948
1774628920.7989037,6968909,1784040704,1784.040704,194,197,136,4,20260327_172948
1774628920.8088875,6968948,1784050688,1784.050688,197,197,136,4,20260327_172948
1774628920.8188715,6968987,1784060672,1784.060672,200,197,135,4,20260327_172948
1774628920.8288558,6969026,1784070656,1784.070656,202,198,137,4,20260327_172948
1774628920.8388398,6969065,1784080640,1784.08064,205,197,139,4,20260327_172948
1774628920.8488238,6969104,1784090624,1784.090624,208,198,142,4,20260327_172948
1774628920.8590636,6969144,1784100864,1784.100864,211,198,143,4,20260327_172948
1774628920.8690476,6969183,1784110848,1784.110848,214,197,143,4,20260327_172948
1774628920.8790317,6969222,1784120832,1784.120832,216,198,144,4,20260327_172948
1774628920.8890157,6969261,1784130816,1784.130816,219,198,143,4,20260327_172948
1774628920.8989997,6969300,1784140800,1784.1408,222,197,144,4,20260327_172948
1774628920.9089837,6969339,1784150784,1784.150784,225,197,145,4,20260327_172948
1774628920.9189675,6969378,1784160768,1784.160768,228,198,146,4,20260327_172948
1774628920.9289515,6969417,1784170752,1784.170752,231,198,147,4,20260327_172948
1774628920.9389358,6969456,1784180736,1784.180736,234,198,146,4,20260327_172948
1774628920.9491756,6969496,1784190976,1784.190976,236,198,146,4,20260327_172948
1774628920.9591596,6969535,1784200960,1784.20096,239,198,148,4,20260327_172948
1774628920.9691436,6969574,1784210944,1784.210944,242,198,147,4,20260327_172948
1774628920.9791276,6969613,1784220928,1784.220928,245,198,146,4,20260327_172948
1774628920.9891117,6969652,1784230912,1784.230912,248,198,148,4,20260327_172948
1774628920.9990957,6969691,1784240896,1784.240896,251,198,149,4,20260327_172948
1774628921.0090797,6969730,1784250880,1784.25088,253,198,149,4,20260327_172948
1774628921.0190637,6969769,1784260864,1784.260864,1,198,148,4,20260327_172948
1774628921.0293038,6969809,1784271104,1784.271104,4,198,149,4,20260327_172948
1774628921.0392878,6969848,1784281088,1784.281088,7,198,148,4,20260327_172948
1774628921.0492716,6969887,1784291072,1784.291072,10,198,149,4,20260327_172948
1774628921.0592556,6969926,1784301056,1784.301056,13,198,146,4,20260327_172948
1774628921.0692396,6969965,1784311040,1784.31104,15,198,146,4,20260327_172948
1774628921.0792236,6970004,1784321024,1784.321024,18,198,144,4,20260327_172948
1774628921.0892076,6970043,1784331008,1784.331008,21,198,143,4,20260327_172948
1774628921.0991917,6970082,1784340992,1784.340992,24,198,141,4,20260327_172948
1774628921.1091757,6970121,1784350976,1784.350976,27,198,138,4,20260327_172948
1774628921.1194158,6970161,1784361216,1784.361216,30,198,136,4,20260327_172948
1774628921.1293998,6970200,1784371200,1784.3712,32,198,134,4,20260327_172948
1774628921.1393838,6970239,1784381184,1784.381184,35,199,130,4,20260327_172948
1774628921.1493678,6970278,1784391168,1784.391168,38,198,129,4,20260327_172948
1774628921.1593516,6970317,1784401152,1784.401152,40,198,127,4,20260327_172948
1774628921.1693356,6970356,1784411136,1784.411136,43,198,121,4,20260327_172948
1774628921.1793196,6970395,1784421120,1784.42112,46,199,108,4,20260327_172948
1774628921.1893036,6970434,1784431104,1784.431104,50,198,99,4,20260327_172948
1774628921.1995437,6970474,1784441344,1784.441344,54,198,91,4,20260327_172948
1774628921.2095275,6970513,1784451328,1784.451328,59,198,87,4,20260327_172948
1774628921.2195115,6970552,1784461312,1784.461312,63,198,84,4,20260327_172948
1774628921.2294958,6970591,1784471296,1784.471296,68,198,82,4,20260327_172948
1774628921.2394798,6970630,1784481280,1784.48128,73,197,81,4,20260327_172948
1774628921.2494638,6970669,1784491264,1784.491264,76,197,82,4,20260327_172948
1774628921.2594476,6970708,1784501248,1784.501248,80,198,80,4,20260327_172948
1774628921.2694316,6970747,1784511232,1784.511232,83,198,82,4,20260327_172948
1774628921.2796717,6970787,1784521472,1784.521472,87,198,82,4,20260327_172948
1774628921.2896557,6970826,1784531456,1784.531456,90,197,81,4,20260327_172948
1774628921.2996397,6970865,1784541440,1784.54144,93,197,81,4,20260327_172948
1774628921.3096237,6970904,1784551424,1784.551424,96,197,81,4,20260327_172948
1774628921.3196075,6970943,1784561408,1784.561408,98,198,82,4,20260327_172948
1774628921.3295918,6970982,1784571392,1784.571392,101,196,83,4,20260327_172948
1774628921.3395758,6971021,1784581376,1784.581376,104,196,83,4,20260327_172948
1774628921.3495598,6971060,1784591360,1784.59136,107,196,82,4,20260327_172948
1774628921.3595438,6971099,1784601344,1784.601344,110,195,83,4,20260327_172948
1774628921.3697836,6971139,1784611584,1784.611584,113,195,83,4,20260327_172948
1774628921.3797677,6971178,1784621568,1784.621568,116,195,82,4,20260327_172948
1774628921.3897517,6971217,1784631552,1784.631552,119,194,82,4,20260327_172948
1774628921.3997357,6971256,1784641536,1784.641536,122,194,80,4,20260327_172948
1774628921.4097197,6971295,1784651520,1784.65152,125,193,82,4,20260327_172948
1774628921.4197035,6971334,1784661504,1784.661504,128,193,83,4,20260327_172948
1774628921.4296875,6971373,1784671488,1784.671488,132,193,83,4,20260327_172948
1774628921.4396718,6971412,1784681472,1784.681472,135,193,83,4,20260327_172948
1774628921.4496558,6971451,1784691456,1784.691456,138,193,83,4,20260327_172948
1774628921.4598956,6971491,1784701696,1784.701696,141,193,83,4,20260327_172948
1774628921.4698796,6971530,1784711680,1784.71168,144,193,83,4,20260327_172948
1774628921.4798636,6971569,1784721664,1784.721664,147,193,83,4,20260327_172948
1774628921.4898477,6971608,1784731648,1784.731648,151,193,83,4,20260327_172948
1774628921.4998317,6971647,1784741632,1784.741632,154,193,83,4,20260327_172948
1774628921.5098157,6971686,1784751616,1784.751616,158,193,84,4,20260327_172948
1774628921.5197997,6971725,1784761600,1784.7616,162,194,84,4,20260327_172948
1774628921.5297835,6971764,1784771584,1784.771584,165,194,87,4,20260327_172948
1774628921.5397675,6971803,1784781568,1784.781568,168,194,88,4,20260327_172948
1774628921.5500076,6971843,1784791808,1784.791808,171,194,91,4,20260327_172948
1774628921.5599916,6971882,1784801792,1784.801792,174,194,95,4,20260327_172948
1774628921.5699756,6971921,1784811776,1784.811776,177,195,102,4,20260327_172948
1774628921.5799596,6971960,1784821760,1784.82176,180,195,107,4,20260327_172948
1774628921.5899436,6971999,1784831744,1784.831744,183,196,113,4,20260327_172948
1774628921.5999277,6972038,1784841728,1784.841728,186,196,118,4,20260327_172948
1774628921.6099117,6972077,1784851712,1784.851712,189,196,127,4,20260327_172948
1774628921.6198957,6972116,1784861696,1784.861696,192,196,132,4,20260327_172948
1774628921.6301358,6972156,1784871936,1784.871936,195,197,132,4,20260327_172948
1774628921.6401198,6972195,1784881920,1784.88192,197,197,132,4,20260327_172948
1774628921.6501038,6972234,1784891904,1784.891904,200,197,133,4,20260327_172948
1774628921.6600876,6972273,1784901888,1784.901888,203,197,136,4,20260327_172948
1774628921.6700716,6972312,1784911872,1784.911872,206,198,138,4,20260327_172948
1774628921.6800556,6972351,1784921856,1784.921856,209,197,139,4,20260327_172948
1774628921.6900396,6972390,1784931840,1784.93184,212,197,140,4,20260327_172948
1774628921.7000237,6972429,1784941824,1784.941824,214,198,140,4,20260327_172948
1774628921.7100077,6972468,1784951808,1784.951808,217,197,141,4,20260327_172948
1774628921.7202475,6972508,1784962048,1784.962048,220,198,142,4,20260327_172948
1774628921.7302318,6972547,1784972032,1784.972032,223,197,142,4,20260327_172948
1774628921.7402158,6972586,1784982016,1784.982016,226,198,142,4,20260327_172948
1774628921.7501998,6972625,1784992000,1784.992,229,198,142,4,20260327_172948
1774628921.7601836,6972664,1785001984,1785.001984,232,198,143,4,20260327_172948
1774628921.7701676,6972703,1785011968,1785.011968,234,197,142,4,20260327_172948
1774628921.7801516,6972742,1785021952,1785.021952,237,198,143,4,20260327_172948
1774628921.7901356,6972781,1785031936,1785.031936,240,198,144,4,20260327_172948
1774628921.8003757,6972821,1785042176,1785.042176,243,198,144,4,20260327_172948
1774628921.8103597,6972860,1785052160,1785.05216,246,198,144,4,20260327_172948
1774628921.8203435,6972899,1785062144,1785.062144,249,198,144,4,20260327_172948
1774628921.8303275,6972938,1785072128,1785.072128,251,198,144,4,20260327_172948
1774628921.8403118,6972977,1785082112,1785.082112,254,198,145,4,20260327_172948
1774628921.8502958,6973016,1785092096,1785.092096,2,198,144,4,20260327_172948
1774628921.8602798,6973055,1785102080,1785.10208,5,198,144,4,20260327_172948
1774628921.8702636,6973094,1785112064,1785.112064,8,198,144,4,20260327_172948
1774628921.8802476,6973133,1785122048,1785.122048,11,198,142,4,20260327_172948
1774628921.8904877,6973173,1785132288,1785.132288,14,198,141,4,20260327_172948
1774628921.9004717,6973212,1785142272,1785.142272,16,198,138,4,20260327_172948
1774628921.9104557,6973251,1785152256,1785.152256,19,198,138,4,20260327_172948
1774628921.9204395,6973290,1785162240,1785.16224,22,198,135,4,20260327_172948
1774628921.9304235,6973329,1785172224,1785.172224,25,198,134,4,20260327_172948
1774628921.9404078,6973368,1785182208,1785.182208,28,198,131,4,20260327_172948
1774628921.9503918,6973407,1785192192,1785.192192,31,199,130,4,20260327_172948
1774628921.9603758,6973446,1785202176,1785.202176,33,198,128,4,20260327_172948
1774628921.9706156,6973486,1785212416,1785.212416,36,198,125,4,20260327_172948
1774628921.9805996,6973525,1785222400,1785.2224,39,198,120,4,20260327_172948
1774628921.9905837,6973564,1785232384,1785.232384,42,198,109,4,20260327_172948
1774628922.0005677,6973603,1785242368,1785.242368,45,198,97,4,20260327_172948
1774628922.0105517,6973642,1785252352,1785.252352,49,198,91,4,20260327_172948
1774628922.0205357,6973681,1785262336,1785.262336,54,198,88,4,20260327_172948
1774628922.0305195,6973720,1785272320,1785.27232,58,198,84,4,20260327_172948
1774628922.0405035,6973759,1785282304,1785.282304,63,198,81,4,20260327_172948
1774628922.0504878,6973798,1785292288,1785.292288,68,198,80,4,20260327_172948
1774628922.0607276,6973838,1785302528,1785.302528,73,198,81,4,20260327_172948
1774628922.0707116,6973877,1785312512,1785.312512,77,198,81,4,20260327_172948
1774628922.0806956,6973916,1785322496,1785.322496,80,197,81,4,20260327_172948
1774628922.0906796,6973955,1785332480,1785.33248,83,198,80,4,20260327_172948
1774628922.1006637,6973994,1785342464,1785.342464,87,197,82,4,20260327_172948
1774628922.1106477,6974033,1785352448,1785.352448,90,197,80,4,20260327_172948
1774628922.1206317,6974072,1785362432,1785.362432,93,197,80,4,20260327_172948
1774628922.1306157,6974111,1785372416,1785.372416,96,197,81,4,20260327_172948
1774628922.1405995,6974150,1785382400,1785.3824,98,197,82,4,20260327_172948
1774628922.1508398,6974190,1785392640,1785.39264,101,196,82,4,20260327_172948
1774628922.1608236,6974229,1785402624,1785.402624,104,197,82,4,20260327_172948
1774628922.1708076,6974268,1785412608,1785.412608,107,196,81,4,20260327_172948
1774628922.1807916,6974307,1785422592,1785.422592,110,195,83,4,20260327_172948
1774628922.1907756,6974346,1785432576,1785.432576,113,195,82,4,20260327_172948
1774628922.2007596,6974385,1785442560,1785.44256,116,194,82,4,20260327_172948
1774628922.2107437,6974424,1785452544,1785.452544,119,194,82,4,20260327_172948
1774628922.2207277,6974463,1785462528,1785.462528,122,193,80,4,20260327_172948
1774628922.2307117,6974502,1785472512,1785.472512,125,194,81,4,20260327_172948
1774628922.2409518,6974542,1785482752,1785.482752,128,193,81,4,20260327_172948
1774628922.2509358,6974581,1785492736,1785.492736,132,193,83,4,20260327_172948
1774628922.2609198,6974620,1785502720,1785.50272,135,193,83,4,20260327_172948
1774628922.2709036,6974659,1785512704,1785.512704,138,193,83,4,20260327_172948
1774628922.2808876,6974698,1785522688,1785.522688,141,193,83,4,20260327_172948
1774628922.2908716,6974737,1785532672,1785.532672,144,193,82,4,20260327_172948
1774628922.3008556,6974776,1785542656,1785.542656,147,193,83,4,20260327_172948
1774628922.3108397,6974815,1785552640,1785.55264,151,195,84,4,20260327_172948
1774628922.3210795,6974855,1785562880,1785.56288,154,194,85,4,20260327_172948
1774628922.3310635,6974894,1785572864,1785.572864,158,194,85,4,20260327_172948
1774628922.3410478,6974933,1785582848,1785.582848,161,194,85,4,20260327_172948
1774628922.3510318,6974972,1785592832,1785.592832,165,194,88,4,20260327_172948
1774628922.3610158,6975011,1785602816,1785.602816,168,194,89,4,20260327_172948
1774628922.3709996,6975050,1785612800,1785.6128,171,196,92,4,20260327_172948
1774628922.3809836,6975089,1785622784,1785.622784,174,196,98,4,20260327_172948
1774628922.3909676,6975128,1785632768,1785.632768,177,195,105,4,20260327_172948
1774628922.4009516,6975167,1785642752,1785.642752,180,195,111,4,20260327_172948
1774628922.4111917,6975207,1785652992,1785.652992,183,196,120,4,20260327_172948
1774628922.4211757,6975246,1785662976,1785.662976,186,196,127,4,20260327_172948
1774628922.4311595,6975285,1785672960,1785.67296,189,195,138,4,20260327_172948
1774628922.4411438,6975324,1785682944,1785.682944,191,197,140,4,20260327_172948
1774628922.4511278,6975363,1785692928,1785.692928,194,196,140,4,20260327_172948
1774628922.4611118,6975402,1785702912,1785.702912,197,197,141,4,20260327_172948
1774628922.4710958,6975441,1785712896,1785.712896,200,198,144,4,20260327_172948
1774628922.4810796,6975480,1785722880,1785.72288,203,198,144,4,20260327_172948
1774628922.4910636,6975519,1785732864,1785.732864,206,198,145,4,20260327_172948
1774628922.5010476,6975558,1785742848,1785.742848,208,198,146,4,20260327_172948
1774628922.5112877,6975598,1785753088,1785.753088,211,197,145,4,20260327_172948
1774628922.5212717,6975637,1785763072,1785.763072,214,197,147,4,20260327_172948
1774628922.5312555,6975676,1785773056,1785.773056,217,197,147,4,20260327_172948
1774628922.5412395,6975715,1785783040,1785.78304,220,197,148,4,20260327_172948
1774628922.5512238,6975754,1785793024,1785.793024,222,198,145,4,20260327_172948
1774628922.5612078,6975793,1785803008,1785.803008,225,197,147,4,20260327_172948
1774628922.5711918,6975832,1785812992,1785.812992,228,198,148,4,20260327_172948
1774628922.5811758,6975871,1785822976,1785.822976,231,198,148,4,20260327_172948
1774628922.5911596,6975910,1785832960,1785.83296,234,198,148,4,20260327_172948
1774628922.6013997,6975950,1785843200,1785.8432,237,198,148,4,20260327_172948
1774628922.6113837,6975989,1785853184,1785.853184,240,198,148,4,20260327_172948
1774628922.6213677,6976028,1785863168,1785.863168,242,198,149,4,20260327_172948
1774628922.6313517,6976067,1785873152,1785.873152,245,198,149,4,20260327_172948
1774628922.6413355,6976106,1785883136,1785.883136,248,199,148,4,20260327_172948
1774628922.6513195,6976145,1785893120,1785.89312,251,198,147,4,20260327_172948
1774628922.6613038,6976184,1785903104,1785.903104,254,198,147,4,20260327_172948
1774628922.6712878,6976223,1785913088,1785.913088,2,199,146,4,20260327_172948
1774628922.6815276,6976263,1785923328,1785.923328,4,198,144,4,20260327_172948
1774628922.6915116,6976302,1785933312,1785.933312,7,198,143,4,20260327_172948
1774628922.7014956,6976341,1785943296,1785.943296,10,198,139,4,20260327_172948
1774628922.7114797,6976380,1785953280,1785.95328,13,197,137,4,20260327_172948
1774628922.7214637,6976419,1785963264,1785.963264,16,198,135,4,20260327_172948
1774628922.7314477,6976458,1785973248,1785.973248,19,199,133,4,20260327_172948
1774628922.7414317,6976497,1785983232,1785.983232,21,198,130,4,20260327_172948
1774628922.7514155,6976536,1785993216,1785.993216,24,198,128,4,20260327_172948
1774628922.7613995,6976575,1786003200,1786.0032,27,198,127,4,20260327_172948
1774628922.7716396,6976615,1786013440,1786.01344,30,198,127,4,20260327_172948
1774628922.7816236,6976654,1786023424,1786.023424,33,198,124,4,20260327_172948
1774628922.7916076,6976693,1786033408,1786.033408,36,198,120,4,20260327_172948
1774628922.8015916,6976732,1786043392,1786.043392,39,199,109,4,20260327_172948
1774628922.8115757,6976771,1786053376,1786.053376,42,199,101,4,20260327_172948
1774628922.8215597,6976810,1786063360,1786.06336,45,198,93,4,20260327_172948
1774628922.8315437,6976849,1786073344,1786.073344,49,198,90,4,20260327_172948
1774628922.8415277,6976888,1786083328,1786.083328,54,198,85,4,20260327_172948
1774628922.8515117,6976927,1786093312,1786.093312,59,198,81,4,20260327_172948
1774628922.8617518,6976967,1786103552,1786.103552,64,198,80,4,20260327_172948
1774628922.8717356,6977006,1786113536,1786.113536,69,198,80,4,20260327_172948
1774628922.8817196,6977045,1786123520,1786.12352,73,198,82,4,20260327_172948
1774628922.8917036,6977084,1786133504,1786.133504,77,198,80,4,20260327_172948
1774628922.9016876,6977123,1786143488,1786.143488,80,198,81,4,20260327_172948
1774628922.9116716,6977162,1786153472,1786.153472,84,197,82,4,20260327_172948
1774628922.9216557,6977201,1786163456,1786.163456,87,198,82,4,20260327_172948
1774628922.9316397,6977240,1786173440,1786.17344,90,197,82,4,20260327_172948
1774628922.9418795,6977280,1786183680,1786.18368,93,198,80,4,20260327_172948
1774628922.9518638,6977319,1786193664,1786.193664,96,197,81,4,20260327_172948
1774628922.9618478,6977358,1786203648,1786.203648,99,197,82,4,20260327_172948
1774628922.9718318,6977397,1786213632,1786.213632,102,196,81,4,20260327_172948
1774628922.9818156,6977436,1786223616,1786.223616,105,196,82,4,20260327_172948
1774628922.9917996,6977475,1786233600,1786.2336,108,195,81,4,20260327_172948
1774628923.0017836,6977514,1786243584,1786.243584,111,195,82,4,20260327_172948
1774628923.0117676,6977553,1786253568,1786.253568,114,195,82,4,20260327_172948
1774628923.0220077,6977593,1786263808,1786.263808,117,194,80,4,20260327_172948
1774628923.0319915,6977632,1786273792,1786.273792,120,194,79,4,20260327_172948
1774628923.0419755,6977671,1786283776,1786.283776,123,194,81,4,20260327_172948
1774628923.0519598,6977710,1786293760,1786.29376,126,194,81,4,20260327_172948
1774628923.0619438,6977749,1786303744,1786.303744,129,194,82,4,20260327_172948
1774628923.0719278,6977788,1786313728,1786.313728,132,193,83,4,20260327_172948
1774628923.0819118,6977827,1786323712,1786.323712,135,194,83,4,20260327_172948
1774628923.0918956,6977866,1786333696,1786.333696,138,194,82,4,20260327_172948
1774628923.1018796,6977905,1786343680,1786.34368,141,193,82,4,20260327_172948
1774628923.1118636,6977944,1786353664,1786.353664,144,194,82,4,20260327_172948
1774628923.1221037,6977984,1786363904,1786.363904,148,194,84,4,20260327_172948
1774628923.1320877,6978023,1786373888,1786.373888,151,194,84,4,20260327_172948
1774628923.1420715,6978062,1786383872,1786.383872,155,193,85,4,20260327_172948
1774628923.1520555,6978101,1786393856,1786.393856,158,194,85,4,20260327_172948
1774628923.1620398,6978140,1786403840,1786.40384,162,194,86,4,20260327_172948
1774628923.1720238,6978179,1786413824,1786.413824,165,194,88,4,20260327_172948
1774628923.1820078,6978218,1786423808,1786.423808,168,195,89,4,20260327_172948
1774628923.1919918,6978257,1786433792,1786.433792,172,194,93,4,20260327_172948
1774628923.2022316,6978297,1786444032,1786.444032,175,195,100,4,20260327_172948
1774628923.2122157,6978336,1786454016,1786.454016,177,195,105,4,20260327_172948
1774628923.2221997,6978375,1786464000,1786.464,180,196,110,4,20260327_172948
1774628923.2321837,6978414,1786473984,1786.473984,183,195,118,4,20260327_172948
1774628923.2421677,6978453,1786483968,1786.483968,186,196,128,4,20260327_172948
1774628923.2521515,6978492,1786493952,1786.493952,189,196,133,4,20260327_172948
1774628923.2621355,6978531,1786503936,1786.503936,192,196,134,4,20260327_172948
1774628923.2721198,6978570,1786513920,1786.51392,195,196,135,4,20260327_172948
1774628923.2821038,6978609,1786523904,1786.523904,197,197,136,4,20260327_172948
1774628923.2923436,6978649,1786534144,1786.534144,200,197,139,4,20260327_172948
1774628923.3023276,6978688,1786544128,1786.544128,203,197,139,4,20260327_172948
1774628923.3123116,6978727,1786554112,1786.554112,206,198,139,4,20260327_172948
1774628923.3222957,6978766,1786564096,1786.564096,209,198,139,4,20260327_172948
1774628923.3322797,6978805,1786574080,1786.57408,212,198,140,4,20260327_172948
1774628923.3422637,6978844,1786584064,1786.584064,214,198,142,4,20260327_172948
1774628923.3522477,6978883,1786594048,1786.594048,217,197,141,4,20260327_172948
1774628923.3622315,6978922,1786604032,1786.604032,220,198,142,4,20260327_172948
1774628923.3722155,6978961,1786614016,1786.614016,223,198,142,4,20260327_172948
1774628923.3824556,6979001,1786624256,1786.624256,226,198,143,4,20260327_172948
1774628923.3924396,6979040,1786634240,1786.63424,229,198,142,4,20260327_172948
1774628923.4024236,6979079,1786644224,1786.644224,231,199,144,4,20260327_172948
1774628923.4124076,6979118,1786654208,1786.654208,234,198,144,4,20260327_172948
1774628923.4223917,6979157,1786664192,1786.664192,237,199,144,4,20260327_172948
1774628923.4323757,6979196,1786674176,1786.674176,240,198,143,4,20260327_172948
1774628923.4423597,6979235,1786684160,1786.68416,243,198,144,4,20260327_172948
1774628923.4523437,6979274,1786694144,1786.694144,246,198,145,4,20260327_172948
1774628923.4625838,6979314,1786704384,1786.704384,248,198,145,4,20260327_172948
1774628923.4725678,6979353,1786714368,1786.714368,251,198,144,4,20260327_172948
1774628923.4825516,6979392,1786724352,1786.724352,254,198,143,4,20260327_172948
1774628923.4925356,6979431,1786734336,1786.734336,2,198,142,4,20260327_172948
1774628923.5025196,6979470,1786744320,1786.74432,5,198,141,4,20260327_172948
1774628923.5125036,6979509,1786754304,1786.754304,8,198,139,4,20260327_172948
1774628923.5224876,6979548,1786764288,1786.764288,11,198,137,4,20260327_172948
1774628923.5324717,6979587,1786774272,1786.774272,13,198,134,4,20260327_172948
1774628923.5424557,6979626,1786784256,1786.784256,16,199,132,4,20260327_172948
1774628923.5526958,6979666,1786794496,1786.794496,19,198,130,4,20260327_172948
1774628923.5626798,6979705,1786804480,1786.80448,22,198,128,4,20260327_172948
1774628923.5726638,6979744,1786814464,1786.814464,25,198,126,4,20260327_172948
1774628923.5826478,6979783,1786824448,1786.824448,28,199,125,4,20260327_172948
1774628923.5926316,6979822,1786834432,1786.834432,30,198,121,4,20260327_172948
1774628923.6026156,6979861,1786844416,1786.844416,33,198,120,4,20260327_172948
1774628923.6125996,6979900,1786854400,1786.8544,36,198,110,4,20260327_172948
1774628923.6225836,6979939,1786864384,1786.864384,39,198,102,4,20260327_172948
1774628923.6325676,6979978,1786874368,1786.874368,42,199,94,4,20260327_172948
1774628923.6428075,6980018,1786884608,1786.884608,46,199,87,4,20260327_172948
1774628923.6527915,6980057,1786894592,1786.894592,51,198,84,4,20260327_172948
1774628923.6627758,6980096,1786904576,1786.904576,56,198,81,4,20260327_172948
1774628923.6727598,6980135,1786914560,1786.91456,61,198,80,4,20260327_172948
1774628923.6827438,6980174,1786924544,1786.924544,66,198,80,4,20260327_172948
1774628923.6927278,6980213,1786934528,1786.934528,70,198,83,4,20260327_172948
1774628923.7027116,6980252,1786944512,1786.944512,74,198,82,4,20260327_172948
1774628923.7126956,6980291,1786954496,1786.954496,78,198,80,4,20260327_172948
1774628923.7226796,6980330,1786964480,1786.96448,82,198,81,4,20260327_172948
1774628923.7329197,6980370,1786974720,1786.97472,85,198,80,4,20260327_172948
1774628923.7429037,6980409,1786984704,1786.984704,88,198,81,4,20260327_172948
1774628923.7528875,6980448,1786994688,1786.994688,91,198,82,4,20260327_172948
1774628923.7628715,6980487,1787004672,1787.004672,94,197,82,4,20260327_172948
1774628923.7728558,6980526,1787014656,1787.014656,97,197,82,4,20260327_172948
1774628923.7828398,6980565,1787024640,1787.02464,100,196,82,4,20260327_172948
1774628923.7928238,6980604,1787034624,1787.034624,103,196,83,4,20260327_172948
1774628923.8028078,6980643,1787044608,1787.044608,106,196,84,4,20260327_172948
1774628923.8127916,6980682,1787054592,1787.054592,109,195,82,4,20260327_172948
1774628923.8230317,6980722,1787064832,1787.064832,112,195,81,4,20260327_172948
1774628923.8330157,6980761,1787074816,1787.074816,115,196,81,4,20260327_172948
1774628923.8429997,6980800,1787084800,1787.0848,118,195,82,4,20260327_172948
1774628923.8529837,6980839,1787094784,1787.094784,120,195,82,4,20260327_172948
1774628923.8629675,6980878,1787104768,1787.104768,124,195,82,4,20260327_172948
1774628923.8729515,6980917,1787114752,1787.114752,127,194,83,4,20260327_172948
1774628923.8829358,6980956,1787124736,1787.124736,130,195,82,4,20260327_172948
1774628923.8929198,6980995,1787134720,1787.13472,133,195,83,4,20260327_172948
1774628923.9029038,6981034,1787144704,1787.144704,136,194,82,4,20260327_172948
1774628923.9131436,6981074,1787154944,1787.154944,139,194,82,4,20260327_172948
1774628923.9231277,6981113,1787164928,1787.164928,142,194,83,4,20260327_172948
1774628923.9331117,6981152,1787174912,1787.174912,145,194,83,4,20260327_172948
1774628923.9430957,6981191,1787184896,1787.184896,149,195,84,4,20260327_172948
1774628923.9530797,6981230,1787194880,1787.19488,152,195,84,4,20260327_172948
1774628923.9630637,6981269,1787204864,1787.204864,156,194,85,4,20260327_172948
1774628923.9730475,6981308,1787214848,1787.214848,159,195,86,4,20260327_172948
1774628923.9830315,6981347,1787224832,1787.224832,163,195,87,4,20260327_172948
1774628923.9930158,6981386,1787234816,1787.234816,166,195,88,4,20260327_172948
1774628924.0032556,6981426,1787245056,1787.245056,169,195,93,4,20260327_172948
1774628924.0132396,6981465,1787255040,1787.25504,172,196,99,4,20260327_172948
1774628924.0232236,6981504,1787265024,1787.265024,175,196,105,4,20260327_172948
1774628924.0332077,6981543,1787275008,1787.275008,178,196,110,4,20260327_172948
1774628924.0431917,6981582,1787284992,1787.284992,181,196,118,4,20260327_172948
1774628924.0531757,6981621,1787294976,1787.294976,184,196,127,4,20260327_172948
1774628924.0631597,6981660,1787304960,1787.30496,187,196,132,4,20260327_172948
1774628924.0731435,6981699,1787314944,1787.314944,190,196,132,4,20260327_172948
1774628924.0833838,6981739,1787325184,1787.325184,192,197,133,4,20260327_172948
1774628924.0933676,6981778,1787335168,1787.335168,195,196,134,4,20260327_172948
1774628924.1033516,6981817,1787345152,1787.345152,198,197,137,4,20260327_172948
1774628924.1133356,6981856,1787355136,1787.355136,201,197,138,4,20260327_172948
1774628924.1233196,6981895,1787365120,1787.36512,204,197,137,4,20260327_172948
1774628924.1333036,6981934,1787375104,1787.375104,207,198,140,4,20260327_172948
1774628924.1432877,6981973,1787385088,1787.385088,209,198,140,4,20260327_172948
1774628924.1532717,6982012,1787395072,1787.395072,212,198,141,4,20260327_172948
1774628924.1632557,6982051,1787405056,1787.405056,215,198,142,4,20260327_172948
1774628924.1734958,6982091,1787415296,1787.415296,218,198,141,4,20260327_172948
1774628924.1834798,6982130,1787425280,1787.42528,221,198,142,4,20260327_172948
1774628924.1934638,6982169,1787435264,1787.435264,223,198,142,4,20260327_172948
1774628924.2034476,6982208,1787445248,1787.445248,226,198,144,4,20260327_172948
1774628924.2134316,6982247,1787455232,1787.455232,229,199,144,4,20260327_172948
1774628924.2234156,6982286,1787465216,1787.465216,232,199,144,4,20260327_172948
1774628924.2333996,6982325,1787475200,1787.4752,235,198,142,4,20260327_172948
1774628924.2433836,6982364,1787485184,1787.485184,238,199,142,4,20260327_172948
1774628924.2533677,6982403,1787495168,1787.495168,241,198,143,4,20260327_172948
1774628924.2636075,6982443,1787505408,1787.505408,243,199,144,4,20260327_172948
1774628924.2735918,6982482,1787515392,1787.515392,246,199,145,4,20260327_172948
1774628924.2835758,6982521,1787525376,1787.525376,249,199,145,4,20260327_172948
1774628924.2935598,6982560,1787535360,1787.53536,252,198,143,4,20260327_172948
1774628924.3035438,6982599,1787545344,1787.545344,0,199,144,4,20260327_172948
1774628924.3135276,6982638,1787555328,1787.555328,3,199,141,4,20260327_172948
1774628924.3235116,6982677,1787565312,1787.565312,5,198,140,4,20260327_172948
1774628924.3334956,6982716,1787575296,1787.575296,8,198,139,4,20260327_172948
1774628924.3434796,6982755,1787585280,1787.58528,11,198,137,4,20260327_172948
1774628924.3537197,6982795,1787595520,1787.59552,14,199,135,4,20260327_172948
1774628924.3637035,6982834,1787605504,1787.605504,17,198,131,4,20260327_172948
1774628924.3736875,6982873,1787615488,1787.615488,20,199,131,4,20260327_172948
1774628924.3836718,6982912,1787625472,1787.625472,22,198,130,4,20260327_172948
1774628924.3936558,6982951,1787635456,1787.635456,25,199,127,4,20260327_172948
1774628924.4036398,6982990,1787645440,1787.64544,28,199,127,4,20260327_172948
1774628924.4136238,6983029,1787655424,1787.655424,31,199,124,4,20260327_172948
1774628924.4236076,6983068,1787665408,1787.665408,34,199,119,4,20260327_172948
1774628924.4338477,6983108,1787675648,1787.675648,37,199,111,4,20260327_172948
1774628924.4438317,6983147,1787685632,1787.685632,40,198,101,4,20260327_172948
1774628924.4538157,6983186,1787695616,1787.695616,43,198,93,4,20260327_172948
1774628924.4637997,6983225,1787705600,1787.7056,47,198,87,4,20260327_172948
1774628924.4737835,6983264,1787715584,1787.715584,51,199,84,4,20260327_172948
1774628924.4837675,6983303,1787725568,1787.725568,56,198,82,4,20260327_172948
1774628924.4937518,6983342,1787735552,1787.735552,61,199,81,4,20260327_172948
1774628924.5037358,6983381,1787745536,1787.745536,66,199,82,4,20260327_172948
1774628924.5139756,6983421,1787755776,1787.755776,71,198,80,4,20260327_172948
1774628924.5239596,6983460,1787765760,1787.76576,75,198,81,4,20260327_172948
1774628924.5339437,6983499,1787775744,1787.775744,79,198,82,4,20260327_172948
1774628924.5439277,6983538,1787785728,1787.785728,82,198,81,4,20260327_172948
1774628924.5539117,6983577,1787795712,1787.795712,85,199,82,4,20260327_172948
1774628924.5638957,6983616,1787805696,1787.805696,88,198,82,4,20260327_172948
1774628924.5738797,6983655,1787815680,1787.81568,91,197,82,4,20260327_172948
1774628924.5838635,6983694,1787825664,1787.825664,94,197,82,4,20260327_172948
1774628924.5938478,6983733,1787835648,1787.835648,97,196,82,4,20260327_172948
1774628924.6040876,6983773,1787845888,1787.845888,100,197,80,4,20260327_172948
1774628924.6140716,6983812,1787855872,1787.855872,103,197,82,4,20260327_172948
1774628924.6240556,6983851,1787865856,1787.865856,106,196,83,4,20260327_172948
1774628924.6340396,6983890,1787875840,1787.87584,109,196,82,4,20260327_172948
1774628924.6440237,6983929,1787885824,1787.885824,112,196,82,4,20260327_172948
1774628924.6540077,6983968,1787895808,1787.895808,115,195,82,4,20260327_172948
1774628924.6639917,6984007,1787905792,1787.905792,118,195,80,4,20260327_172948
1774628924.6739757,6984046,1787915776,1787.915776,121,195,81,4,20260327_172948
1774628924.6839595,6984085,1787925760,1787.92576,124,195,81,4,20260327_172948
1774628924.6941998,6984125,1787936000,1787.936,127,194,81,4,20260327_172948
1774628924.7041836,6984164,1787945984,1787.945984,130,194,82,4,20260327_172948
1774628924.7141676,6984203,1787955968,1787.955968,133,194,82,4,20260327_172948
1774628924.7241516,6984242,1787965952,1787.965952,137,195,84,4,20260327_172948
1774628924.7341356,6984281,1787975936,1787.975936,140,194,84,4,20260327_172948
1774628924.7441196,6984320,1787985920,1787.98592,143,195,84,4,20260327_172948
1774628924.7541037,6984359,1787995904,1787.995904,146,194,84,4,20260327_172948
1774628924.7640877,6984398,1788005888,1788.005888,149,195,86,4,20260327_172948
1774628924.7743278,6984438,1788016128,1788.016128,153,195,86,4,20260327_172948
1774628924.7843118,6984477,1788026112,1788.026112,156,195,88,4,20260327_172948
1774628924.7942958,6984516,1788036096,1788.036096,160,195,88,4,20260327_172948
1774628924.8042798,6984555,1788046080,1788.04608,163,195,93,4,20260327_172948
1774628924.8142636,6984594,1788056064,1788.056064,166,195,99,4,20260327_172948
1774628924.8242476,6984633,1788066048,1788.066048,169,195,104,4,20260327_172948
1774628924.8342316,6984672,1788076032,1788.076032,172,195,108,4,20260327_172948
1774628924.8442156,6984711,1788086016,1788.086016,175,195,114,4,20260327_172948
1774628924.8541996,6984750,1788096000,1788.096,178,196,124,4,20260327_172948
1774628924.8644395,6984790,1788106240,1788.10624,181,196,131,4,20260327_172948
1774628924.8744235,6984829,1788116224,1788.116224,184,197,133,4,20260327_172948
1774628924.8844078,6984868,1788126208,1788.126208,186,196,134,4,20260327_172948
1774628924.8943918,6984907,1788136192,1788.136192,189,196,134,4,20260327_172948
1774628924.9043758,6984946,1788146176,1788.146176,192,196,137,4,20260327_172948
1774628924.9143598,6984985,1788156160,1788.15616,195,197,138,4,20260327_172948
1774628924.9243436,6985024,1788166144,1788.166144,198,197,136,4,20260327_172948
1774628924.9343276,6985063,1788176128,1788.176128,201,197,139,4,20260327_172948
1774628924.9443116,6985102,1788186112,1788.186112,203,197,140,4,20260327_172948
1774628924.9545517,6985142,1788196352,1788.196352,206,197,139,4,20260327_172948
1774628924.9645357,6985181,1788206336,1788.206336,209,198,140,4,20260327_172948
1774628924.9745195,6985220,1788216320,1788.21632,212,197,140,4,20260327_172948
1774628924.9845035,6985259,1788226304,1788.226304,215,197,140,4,20260327_172948
1774628924.9944878,6985298,1788236288,1788.236288,217,198,140,4,20260327_172948
1774628925.0044718,6985337,1788246272,1788.246272,220,199,142,4,20260327_172948
1774628925.0144558,6985376,1788256256,1788.256256,223,198,141,4,20260327_172948
1774628925.0244396,6985415,1788266240,1788.26624,226,198,142,4,20260327_172948
1774628925.0344236,6985454,1788276224,1788.276224,229,198,143,4,20260327_172948
1774628925.0444076,6985493,1788286208,1788.286208,232,199,143,4,20260327_172948
1774628925.0546477,6985533,1788296448,1788.296448,235,198,142,4,20260327_172948
1774628925.0646317,6985572,1788306432,1788.306432,237,199,142,4,20260327_172948
1774628925.0746157,6985611,1788316416,1788.316416,240,199,140,4,20260327_172948
1774628925.0845995,6985650,1788326400,1788.3264,243,198,142,4,20260327_172948
1774628925.0945835,6985689,1788336384,1788.336384,246,198,142,4,20260327_172948
1774628925.1045678,6985728,1788346368,1788.346368,249,198,143,4,20260327_172948
1774628925.1145518,6985767,1788356352,1788.356352,252,199,141,4,20260327_172948
1774628925.1245358,6985806,1788366336,1788.366336,254,199,141,4,20260327_172948
1774628925.1347756,6985846,1788376576,1788.376576,2,199,140,4,20260327_172948
1774628925.1447597,6985885,1788386560,1788.38656,5,199,140,4,20260327_172948
1774628925.1547437,6985924,1788396544,1788.396544,8,199,138,4,20260327_172948
1774628925.1647277,6985963,1788406528,1788.406528,11,199,136,4,20260327_172948
1774628925.1747117,6986002,1788416512,1788.416512,14,199,135,4,20260327_172948
1774628925.1846955,6986041,1788426496,1788.426496,16,199,132,4,20260327_172948
1774628925.1946795,6986080,1788436480,1788.43648,19,199,130,4,20260327_172948
1774628925.2046638,6986119,1788446464,1788.446464,22,199,127,4,20260327_172948
1774628925.2146478,6986158,1788456448,1788.456448,25,199,127,4,20260327_172948
1774628925.2248876,6986198,1788466688,1788.466688,28,199,125,4,20260327_172948
1774628925.2348716,6986237,1788476672,1788.476672,31,199,122,4,20260327_172948
1774628925.2448556,6986276,1788486656,1788.486656,33,199,118,4,20260327_172948
1774628925.2548397,6986315,1788496640,1788.49664,36,199,111,4,20260327_172948
1774628925.2648237,6986354,1788506624,1788.506624,39,199,100,4,20260327_172948
1774628925.2748077,6986393,1788516608,1788.516608,43,198,94,4,20260327_172948
1774628925.2847917,6986432,1788526592,1788.526592,46,199,89,4,20260327_172948
1774628925.2947755,6986471,1788536576,1788.536576,51,199,86,4,20260327_172948
1774628925.3050158,6986511,1788546816,1788.546816,56,198,83,4,20260327_172948
1774628925.3149996,6986550,1788556800,1788.5568,61,198,80,4,20260327_172948
1774628925.3249836,6986589,1788566784,1788.566784,66,199,81,4,20260327_172948
1774628925.3349676,6986628,1788576768,1788.576768,70,199,81,4,20260327_172948
1774628925.3449516,6986667,1788586752,1788.586752,74,198,81,4,20260327_172948
1774628925.3549356,6986706,1788596736,1788.596736,78,198,80,4,20260327_172948
1774628925.3649197,6986745,1788606720,1788.60672,82,198,81,4,20260327_172948
1774628925.3749037,6986784,1788616704,1788.616704,85,198,81,4,20260327_172948
1774628925.3848877,6986823,1788626688,1788.626688,88,197,82,4,20260327_172948
1774628925.3951278,6986863,1788636928,1788.636928,91,197,82,4,20260327_172948
1774628925.4051118,6986902,1788646912,1788.646912,94,197,82,4,20260327_172948
1774628925.4150958,6986941,1788656896,1788.656896,97,197,82,4,20260327_172948
1774628925.4250796,6986980,1788666880,1788.66688,100,197,82,4,20260327_172948
1774628925.4350636,6987019,1788676864,1788.676864,103,197,82,4,20260327_172948
1774628925.4450476,6987058,1788686848,1788.686848,106,196,82,4,20260327_172948
1774628925.4550316,6987097,1788696832,1788.696832,109,196,82,4,20260327_172948
1774628925.4650156,6987136,1788706816,1788.706816,112,195,82,4,20260327_172948
1774628925.4749997,6987175,1788716800,1788.7168,115,195,82,4,20260327_172948
1774628925.4852395,6987215,1788727040,1788.72704,118,195,83,4,20260327_172948
1774628925.4952238,6987254,1788737024,1788.737024,121,195,82,4,20260327_172948
1774628925.5052078,6987293,1788747008,1788.747008,124,194,83,4,20260327_172948
1774628925.5151918,6987332,1788756992,1788.756992,127,195,82,4,20260327_172948
1774628925.5251758,6987371,1788766976,1788.766976,130,195,82,4,20260327_172948
1774628925.5351596,6987410,1788776960,1788.77696,133,195,82,4,20260327_172948
1774628925.5451436,6987449,1788786944,1788.786944,136,195,83,4,20260327_172948
1774628925.5551276,6987488,1788796928,1788.796928,139,195,83,4,20260327_172948
1774628925.5653677,6987528,1788807168,1788.807168,142,195,84,4,20260327_172948
1774628925.5753517,6987567,1788817152,1788.817152,146,195,85,4,20260327_172948
1774628925.5853355,6987606,1788827136,1788.827136,149,195,87,4,20260327_172948
1774628925.5953195,6987645,1788837120,1788.83712,152,195,86,4,20260327_172948
1774628925.6053038,6987684,1788847104,1788.847104,156,195,88,4,20260327_172948
1774628925.6152878,6987723,1788857088,1788.857088,159,196,90,4,20260327_172948
1774628925.6252718,6987762,1788867072,1788.867072,163,195,93,4,20260327_172948
1774628925.6352556,6987801,1788877056,1788.877056,166,196,99,4,20260327_172948
1774628925.6454957,6987841,1788887296,1788.887296,169,196,104,4,20260327_172948
1774628925.6554797,6987880,1788897280,1788.89728,172,196,110,4,20260327_172948
1774628925.6654637,6987919,1788907264,1788.907264,175,196,116,4,20260327_172948
1774628925.6754477,6987958,1788917248,1788.917248,177,196,125,4,20260327_172948
1774628925.6854317,6987997,1788927232,1788.927232,180,196,133,4,20260327_172948
1774628925.6954155,6988036,1788937216,1788.937216,183,196,136,4,20260327_172948
1774628925.7053998,6988075,1788947200,1788.9472,186,196,136,4,20260327_172948
1774628925.7153838,6988114,1788957184,1788.957184,189,197,138,4,20260327_172948
1774628925.7253678,6988153,1788967168,1788.967168,191,196,141,4,20260327_172948
1774628925.7356076,6988193,1788977408,1788.977408,194,197,141,4,20260327_172948
1774628925.7455916,6988232,1788987392,1788.987392,197,197,142,4,20260327_172948
1774628925.7555757,6988271,1788997376,1788.997376,200,197,142,4,20260327_172948
1774628925.7655597,6988310,1789007360,1789.00736,203,198,143,4,20260327_172948
1774628925.7755437,6988349,1789017344,1789.017344,206,197,144,4,20260327_172948
1774628925.7855277,6988388,1789027328,1789.027328,208,197,143,4,20260327_172948
1774628925.7955115,6988427,1789037312,1789.037312,211,197,144,4,20260327_172948
1774628925.8054955,6988466,1789047296,1789.047296,214,197,144,4,20260327_172948
1774628925.8154798,6988505,1789057280,1789.05728,217,197,145,4,20260327_172948
1774628925.8257196,6988545,1789067520,1789.06752,220,198,146,4,20260327_172948
1774628925.8357036,6988584,1789077504,1789.077504,222,198,145,4,20260327_172948
1774628925.8456876,6988623,1789087488,1789.087488,225,198,145,4,20260327_172948
1774628925.8556716,6988662,1789097472,1789.097472,228,198,146,4,20260327_172948
1774628925.8656557,6988701,1789107456,1789.107456,231,199,146,4,20260327_172948
1774628925.8756397,6988740,1789117440,1789.11744,234,198,146,4,20260327_172948
1774628925.8856237,6988779,1789127424,1789.127424,237,198,145,4,20260327_172948
1774628925.8956077,6988818,1789137408,1789.137408,240,198,144,4,20260327_172948
1774628925.9058478,6988858,1789147648,1789.147648,242,199,144,4,20260327_172948
1774628925.9158318,6988897,1789157632,1789.157632,245,199,146,4,20260327_172948
1774628925.9258156,6988936,1789167616,1789.167616,248,199,145,4,20260327_172948
1774628925.9357996,6988975,1789177600,1789.1776,251,199,145,4,20260327_172948
1774628925.9457836,6989014,1789187584,1789.187584,254,199,144,4,20260327_172948
1774628925.9557676,6989053,1789197568,1789.197568,2,198,142,4,20260327_172948
1774628925.9657516,6989092,1789207552,1789.207552,4,199,141,4,20260327_172948
1774628925.9757357,6989131,1789217536,1789.217536,7,199,139,4,20260327_172948
1774628925.9859755,6989171,1789227776,1789.227776,10,198,137,4,20260327_172948
1774628925.9959598,6989210,1789237760,1789.23776,13,199,134,4,20260327_172948
1774628926.0059438,6989249,1789247744,1789.247744,16,198,132,4,20260327_172948
1774628926.0159278,6989288,1789257728,1789.257728,19,199,131,4,20260327_172948
1774628926.0259118,6989327,1789267712,1789.267712,21,199,128,4,20260327_172948
1774628926.0358956,6989366,1789277696,1789.277696,24,199,127,4,20260327_172948
1774628926.0458796,6989405,1789287680,1789.28768,27,199,127,4,20260327_172948
1774628926.0558636,6989444,1789297664,1789.297664,30,198,125,4,20260327_172948
1774628926.0658476,6989483,1789307648,1789.307648,33,199,120,4,20260327_172948
1774628926.0760877,6989523,1789317888,1789.317888,36,199,110,4,20260327_172948
1774628926.0860715,6989562,1789327872,1789.327872,39,198,99,4,20260327_172948
1774628926.0960555,6989601,1789337856,1789.337856,42,199,94,4,20260327_172948
1774628926.1060398,6989640,1789347840,1789.34784,46,199,89,4,20260327_172948
1774628926.1160238,6989679,1789357824,1789.357824,50,199,86,4,20260327_172948
1774628926.1260078,6989718,1789367808,1789.367808,55,199,82,4,20260327_172948
1774628926.1359916,6989757,1789377792,1789.377792,60,198,81,4,20260327_172948
1774628926.1459756,6989796,1789387776,1789.387776,65,199,80,4,20260327_172948
1774628926.1562157,6989836,1789398016,1789.398016,70,198,81,4,20260327_172948
1774628926.1661997,6989875,1789408000,1789.408,74,198,81,4,20260327_172948
1774628926.1761837,6989914,1789417984,1789.417984,78,198,81,4,20260327_172948
1774628926.1861677,6989953,1789427968,1789.427968,81,198,81,4,20260327_172948
1774628926.1961515,6989992,1789437952,1789.437952,84,198,81,4,20260327_172948
1774628926.2061355,6990031,1789447936,1789.447936,88,197,82,4,20260327_172948
1774628926.2161198,6990070,1789457920,1789.45792,91,197,80,4,20260327_172948
1774628926.2261038,6990109,1789467904,1789.467904,94,197,81,4,20260327_172948
1774628926.2360878,6990148,1789477888,1789.477888,96,197,81,4,20260327_172948
1774628926.2463276,6990188,1789488128,1789.488128,99,197,81,4,20260327_172948
1774628926.2563117,6990227,1789498112,1789.498112,102,196,82,4,20260327_172948
1774628926.2662957,6990266,1789508096,1789.508096,105,196,82,4,20260327_172948
1774628926.2762797,6990305,1789518080,1789.51808,108,196,82,4,20260327_172948
1774628926.2862637,6990344,1789528064,1789.528064,111,196,83,4,20260327_172948
1774628926.2962475,6990383,1789538048,1789.538048,114,196,84,4,20260327_172948
1774628926.3062315,6990422,1789548032,1789.548032,117,196,83,4,20260327_172948
1774628926.3162158,6990461,1789558016,1789.558016,120,195,82,4,20260327_172948
1774628926.3264556,6990501,1789568256,1789.568256,123,195,84,4,20260327_172948
1774628926.3364396,6990540,1789578240,1789.57824,126,196,83,4,20260327_172948
1774628926.3464236,6990579,1789588224,1789.588224,129,196,85,4,20260327_172948
1774628926.3564076,6990618,1789598208,1789.598208,132,196,84,4,20260327_172948
1774628926.3663917,6990657,1789608192,1789.608192,136,196,85,4,20260327_172948
1774628926.3763757,6990696,1789618176,1789.618176,139,197,85,4,20260327_172948
1774628926.3863597,6990735,1789628160,1789.62816,142,196,86,4,20260327_172948
1774628926.3963437,6990774,1789638144,1789.638144,145,196,87,4,20260327_172948
1774628926.4063275,6990813,1789648128,1789.648128,148,196,88,4,20260327_172948
1774628926.4165678,6990853,1789658368,1789.658368,152,197,91,4,20260327_172948
1774628926.4265516,6990892,1789668352,1789.668352,155,196,94,4,20260327_172948
1774628926.4365356,6990931,1789678336,1789.678336,158,196,99,4,20260327_172948
1774628926.4465196,6990970,1789688320,1789.68832,161,197,103,4,20260327_172948
1774628926.4565036,6991009,1789698304,1789.698304,164,197,107,4,20260327_172948
1774628926.4664876,6991048,1789708288,1789.708288,167,197,112,4,20260327_172948
1774628926.4764717,6991087,1789718272,1789.718272,170,196,118,4,20260327_172948
1774628926.4864557,6991126,1789728256,1789.728256,173,196,127,4,20260327_172948
1774628926.4964397,6991165,1789738240,1789.73824,176,196,134,4,20260327_172948
1774628926.5066798,6991205,1789748480,1789.74848,178,196,135,4,20260327_172948
1774628926.5166638,6991244,1789758464,1789.758464,181,196,134,4,20260327_172948
1774628926.5266478,6991283,1789768448,1789.768448,184,196,136,4,20260327_172948
1774628926.5366316,6991322,1789778432,1789.778432,187,196,138,4,20260327_172948
1774628926.5466156,6991361,1789788416,1789.788416,190,196,142,4,20260327_172948
1774628926.5565996,6991400,1789798400,1789.7984,192,197,143,4,20260327_172948
1774628926.5665836,6991439,1789808384,1789.808384,195,197,142,4,20260327_172948
1774628926.5765676,6991478,1789818368,1789.818368,198,197,145,4,20260327_172948
1774628926.5868075,6991518,1789828608,1789.828608,201,197,144,4,20260327_172948
1774628926.5967915,6991557,1789838592,1789.838592,204,197,146,4,20260327_172948
1774628926.6067758,6991596,1789848576,1789.848576,207,198,146,4,20260327_172948
1774628926.6167598,6991635,1789858560,1789.85856,209,197,146,4,20260327_172948
1774628926.6267438,6991674,1789868544,1789.868544,212,198,146,4,20260327_172948
1774628926.6367278,6991713,1789878528,1789.878528,215,197,147,4,20260327_172948
1774628926.6467116,6991752,1789888512,1789.888512,218,198,147,4,20260327_172948
1774628926.6566956,6991791,1789898496,1789.898496,221,198,146,4,20260327_172948
1774628926.6666796,6991830,1789908480,1789.90848,223,198,147,4,20260327_172948
1774628926.6769197,6991870,1789918720,1789.91872,226,198,148,4,20260327_172948
1774628926.6869037,6991909,1789928704,1789.928704,229,198,148,4,20260327_172948
1774628926.6968875,6991948,1789938688,1789.938688,232,198,147,4,20260327_172948
1774628926.7068715,6991987,1789948672,1789.948672,235,198,147,4,20260327_172948
1774628926.7168558,6992026,1789958656,1789.958656,238,198,146,4,20260327_172948
1774628926.7268398,6992065,1789968640,1789.96864,241,198,146,4,20260327_172948
1774628926.7368238,6992104,1789978624,1789.978624,243,198,147,4,20260327_172948
1774628926.7468076,6992143,1789988608,1789.988608,246,198,146,4,20260327_172948
1774628926.7570477,6992183,1789998848,1789.998848,249,199,147,4,20260327_172948
1774628926.7670317,6992222,1790008832,1790.008832,252,198,145,4,20260327_172948
1774628926.7770157,6992261,1790018816,1790.018816,0,198,143,4,20260327_172948
1774628926.7869997,6992300,1790028800,1790.0288,3,199,143,4,20260327_172948
1774628926.7969837,6992339,1790038784,1790.038784,5,199,142,4,20260327_172948
1774628926.8069675,6992378,1790048768,1790.048768,8,199,140,4,20260327_172948
1774628926.8169518,6992417,1790058752,1790.058752,11,199,136,4,20260327_172948
1774628926.8269358,6992456,1790068736,1790.068736,14,199,134,4,20260327_172948
1774628926.8369198,6992495,1790078720,1790.07872,17,198,131,4,20260327_172948
1774628926.8469038,6992534,1790088704,1790.088704,20,198,128,4,20260327_172948
1774628926.8571436,6992574,1790098944,1790.098944,22,199,127,4,20260327_172948
1774628926.8671277,6992613,1790108928,1790.108928,25,198,125,4,20260327_172948
1774628926.8771117,6992652,1790118912,1790.118912,28,198,123,4,20260327_172948
1774628926.8870957,6992691,1790128896,1790.128896,31,199,120,4,20260327_172948
1774628926.8970797,6992730,1790138880,1790.13888,34,199,113,4,20260327_172948
1774628926.9070635,6992769,1790148864,1790.148864,37,199,104,4,20260327_172948
1774628926.9170475,6992808,1790158848,1790.158848,40,199,97,4,20260327_172948
1774628926.9270318,6992847,1790168832,1790.168832,43,199,92,4,20260327_172948
1774628926.9370158,6992886,1790178816,1790.178816,47,199,86,4,20260327_172948
1774628926.9472556,6992926,1790189056,1790.189056,52,199,84,4,20260327_172948
1774628926.9572396,6992965,1790199040,1790.19904,57,198,80,4,20260327_172948
1774628926.9672236,6993004,1790209024,1790.209024,62,198,80,4,20260327_172948
1774628926.9772077,6993043,1790219008,1790.219008,67,199,81,4,20260327_172948
1774628926.9871917,6993082,1790228992,1790.228992,71,198,82,4,20260327_172948
1774628926.9971757,6993121,1790238976,1790.238976,76,198,82,4,20260327_172948
1774628927.0071597,6993160,1790248960,1790.24896,79,198,81,4,20260327_172948
1774628927.0173998,6993200,1790259200,1790.2592,83,198,81,4,20260327_172948
1774628927.0273838,6993239,1790269184,1790.269184,86,198,80,4,20260327_172948
1774628927.0373676,6993278,1790279168,1790.279168,89,198,82,4,20260327_172948
1774628927.0473516,6993317,1790289152,1790.289152,92,198,82,4,20260327_172948
1774628927.0573356,6993356,1790299136,1790.299136,95,197,82,4,20260327_172948
1774628927.0673196,6993395,1790309120,1790.30912,98,196,82,4,20260327_172948
1774628927.0773036,6993434,1790319104,1790.319104,101,196,82,4,20260327_172948
1774628927.0872877,6993473,1790329088,1790.329088,104,196,81,4,20260327_172948
1774628927.0972717,6993512,1790339072,1790.339072,107,196,81,4,20260327_172948
1774628927.1075118,6993552,1790349312,1790.349312,110,196,83,4,20260327_172948
1774628927.1174958,6993591,1790359296,1790.359296,113,197,82,4,20260327_172948
1774628927.1274798,6993630,1790369280,1790.36928,115,195,84,4,20260327_172948
1774628927.1374638,6993669,1790379264,1790.379264,118,196,83,4,20260327_172948
1774628927.1474476,6993708,1790389248,1790.389248,121,196,83,4,20260327_172948
1774628927.1574316,6993747,1790399232,1790.399232,124,196,84,4,20260327_172948
1774628927.1674156,6993786,1790409216,1790.409216,128,196,84,4,20260327_172948
1774628927.1773996,6993825,1790419200,1790.4192,131,196,85,4,20260327_172948
1774628927.1873837,6993864,1790429184,1790.429184,134,196,87,4,20260327_172948
1774628927.1976235,6993904,1790439424,1790.439424,137,197,87,4,20260327_172948
1774628927.2076075,6993943,1790449408,1790.449408,140,197,88,4,20260327_172948
1774628927.2175918,6993982,1790459392,1790.459392,143,197,92,4,20260327_172948
1774628927.2275758,6994021,1790469376,1790.469376,146,197,94,4,20260327_172948
1774628927.2375598,6994060,1790479360,1790.47936,149,197,97,4,20260327_172948
1774628927.2475436,6994099,1790489344,1790.489344,152,198,103,4,20260327_172948
1774628927.2575276,6994138,1790499328,1790.499328,155,197,107,4,20260327_172948
1774628927.2675116,6994177,1790509312,1790.509312,158,197,110,4,20260327_172948
1774628927.2774956,6994216,1790519296,1790.519296,161,197,114,4,20260327_172948
1774628927.2877357,6994256,1790529536,1790.529536,164,197,119,4,20260327_172948
1774628927.2977197,6994295,1790539520,1790.53952,167,196,126,4,20260327_172948
1774628927.3077035,6994334,1790549504,1790.549504,170,197,131,4,20260327_172948
1774628927.3176875,6994373,1790559488,1790.559488,172,196,132,4,20260327_172948
1774628927.3276718,6994412,1790569472,1790.569472,175,197,133,4,20260327_172948
1774628927.3376558,6994451,1790579456,1790.579456,178,196,133,4,20260327_172948
1774628927.3476398,6994490,1790589440,1790.58944,181,196,135,4,20260327_172948
1774628927.3576236,6994529,1790599424,1790.599424,183,196,137,4,20260327_172948
1774628927.3678637,6994569,1790609664,1790.609664,186,196,139,4,20260327_172948
1774628927.3778477,6994608,1790619648,1790.619648,189,197,139,4,20260327_172948
1774628927.3878317,6994647,1790629632,1790.629632,192,197,140,4,20260327_172948
1774628927.3978157,6994686,1790639616,1790.639616,195,196,141,4,20260327_172948
1774628927.4077995,6994725,1790649600,1790.6496,198,197,142,4,20260327_172948
1774628927.4177835,6994764,1790659584,1790.659584,200,197,142,4,20260327_172948
1774628927.4277678,6994803,1790669568,1790.669568,203,197,142,4,20260327_172948
1774628927.4377518,6994842,1790679552,1790.679552,206,197,142,4,20260327_172948
1774628927.4477358,6994881,1790689536,1790.689536,209,197,143,4,20260327_172948
1774628927.4579756,6994921,1790699776,1790.699776,212,198,143,4,20260327_172948
1774628927.4679596,6994960,1790709760,1790.70976,214,198,144,4,20260327_172948
1774628927.4779437,6994999,1790719744,1790.719744,217,198,143,4,20260327_172948
1774628927.4879277,6995038,1790729728,1790.729728,220,199,144,4,20260327_172948
1774628927.4979117,6995077,1790739712,1790.739712,223,198,143,4,20260327_172948
1774628927.5078957,6995116,1790749696,1790.749696,226,198,144,4,20260327_172948
1774628927.5178795,6995155,1790759680,1790.75968,229,198,144,4,20260327_172948
1774628927.5278635,6995194,1790769664,1790.769664,231,198,144,4,20260327_172948
1774628927.5378478,6995233,1790779648,1790.779648,234,199,145,4,20260327_172948
1774628927.5480876,6995273,1790789888,1790.789888,237,198,144,4,20260327_172948
1774628927.5580716,6995312,1790799872,1790.799872,240,199,144,4,20260327_172948
1774628927.5680556,6995351,1790809856,1790.809856,243,198,143,4,20260327_172948
1774628927.5780396,6995390,1790819840,1790.81984,246,198,145,4,20260327_172948
1774628927.5880237,6995429,1790829824,1790.829824,248,198,142,4,20260327_172948
1774628927.5980077,6995468,1790839808,1790.839808,251,198,141,4,20260327_172948
1774628927.6079917,6995507,1790849792,1790.849792,254,198,140,4,20260327_172948
1774628927.6179757,6995546,1790859776,1790.859776,2,198,140,4,20260327_172948
1774628927.6282158,6995586,1790870016,1790.870016,5,198,138,4,20260327_172948
1774628927.6381998,6995625,1790880000,1790.88,8,199,135,4,20260327_172948
1774628927.6481836,6995664,1790889984,1790.889984,11,199,134,4,20260327_172948
1774628927.6581676,6995703,1790899968,1790.899968,13,199,132,4,20260327_172948
1774628927.6681516,6995742,1790909952,1790.909952,16,199,130,4,20260327_172948
1774628927.6781356,6995781,1790919936,1790.919936,19,198,128,4,20260327_172948
1774628927.6881196,6995820,1790929920,1790.92992,22,198,127,4,20260327_172948
1774628927.6981037,6995859,1790939904,1790.939904,25,198,124,4,20260327_172948
1774628927.7080877,6995898,1790949888,1790.949888,28,198,122,4,20260327_172948
1774628927.7183278,6995938,1790960128,1790.960128,31,198,118,4,20260327_172948
1774628927.7283118,6995977,1790970112,1790.970112,33,198,114,4,20260327_172948
1774628927.7382958,6996016,1790980096,1790.980096,36,198,102,4,20260327_172948
1774628927.7482798,6996055,1790990080,1790.99008,40,198,96,4,20260327_172948
1774628927.7582636,6996094,1791000064,1791.000064,43,198,89,4,20260327_172948
1774628927.7682476,6996133,1791010048,1791.010048,47,199,86,4,20260327_172948
1774628927.7782316,6996172,1791020032,1791.020032,52,199,83,4,20260327_172948
1774628927.7882156,6996211,1791030016,1791.030016,57,198,82,4,20260327_172948
1774628927.7984557,6996251,1791040256,1791.040256,62,198,81,4,20260327_172948
1774628927.8084395,6996290,1791050240,1791.05024,67,198,81,4,20260327_172948
1774628927.8184235,6996329,1791060224,1791.060224,71,198,82,4,20260327_172948
1774628927.8284078,6996368,1791070208,1791.070208,75,199,80,4,20260327_172948
1774628927.8383918,6996407,1791080192,1791.080192,79,198,80,4,20260327_172948
1774628927.8483758,6996446,1791090176,1791.090176,82,198,81,4,20260327_172948
1774628927.8583596,6996485,1791100160,1791.10016,85,198,82,4,20260327_172948
1774628927.8683436,6996524,1791110144,1791.110144,89,197,83,4,20260327_172948
1774628927.8783276,6996563,1791120128,1791.120128,92,197,83,4,20260327_172948
1774628927.8885677,6996603,1791130368,1791.130368,94,196,82,4,20260327_172948
1774628927.8985517,6996642,1791140352,1791.140352,97,197,83,4,20260327_172948
1774628927.9085357,6996681,1791150336,1791.150336,100,197,83,4,20260327_172948
1774628927.9185195,6996720,1791160320,1791.16032,103,196,83,4,20260327_172948
1774628927.9285038,6996759,1791170304,1791.170304,106,196,83,4,20260327_172948
1774628927.9384878,6996798,1791180288,1791.180288,109,196,82,4,20260327_172948
1774628927.9484718,6996837,1791190272,1791.190272,112,197,83,4,20260327_172948
1774628927.9584558,6996876,1791200256,1791.200256,115,196,84,4,20260327_172948
1774628927.9684396,6996915,1791210240,1791.21024,118,196,84,4,20260327_172948
1774628927.9786797,6996955,1791220480,1791.22048,121,196,85,4,20260327_172948
1774628927.9886637,6996994,1791230464,1791.230464,124,197,86,4,20260327_172948
1774628927.9986477,6997033,1791240448,1791.240448,127,196,86,4,20260327_172948
1774628928.0086317,6997072,1791250432,1791.250432,130,196,87,4,20260327_172948
1774628928.0186155,6997111,1791260416,1791.260416,133,196,89,4,20260327_172948
1774628928.0285995,6997150,1791270400,1791.2704,136,196,90,4,20260327_172948
1774628928.0385838,6997189,1791280384,1791.280384,139,197,95,4,20260327_172948
1774628928.0485678,6997228,1791290368,1791.290368,142,197,100,4,20260327_172948
1774628928.0588076,6997268,1791300608,1791.300608,145,197,104,4,20260327_172948
1774628928.0687916,6997307,1791310592,1791.310592,148,197,108,4,20260327_172948
1774628928.0787756,6997346,1791320576,1791.320576,151,197,112,4,20260327_172948
1774628928.0887597,6997385,1791330560,1791.33056,154,197,115,4,20260327_172948
1774628928.0987437,6997424,1791340544,1791.340544,157,197,123,4,20260327_172948
1774628928.1087277,6997463,1791350528,1791.350528,159,197,127,4,20260327_172948
1774628928.1187117,6997502,1791360512,1791.360512,162,197,135,4,20260327_172948
1774628928.1286955,6997541,1791370496,1791.370496,164,197,138,4,20260327_172948
1774628928.1389358,6997581,1791380736,1791.380736,167,196,139,4,20260327_172948
1774628928.1489196,6997620,1791390720,1791.39072,169,197,139,4,20260327_172948
1774628928.1589036,6997659,1791400704,1791.400704,172,197,140,4,20260327_172948
1774628928.1688876,6997698,1791410688,1791.410688,174,197,142,4,20260327_172948
1774628928.1788716,6997737,1791420672,1791.420672,177,196,144,4,20260327_172948
1774628928.1888556,6997776,1791430656,1791.430656,180,197,145,4,20260327_172948
1774628928.1988397,6997815,1791440640,1791.44064,183,196,146,4,20260327_172948
1774628928.2088237,6997854,1791450624,1791.450624,186,196,145,4,20260327_172948
1774628928.2188077,6997893,1791460608,1791.460608,188,197,147,4,20260327_172948
1774628928.2290478,6997933,1791470848,1791.470848,191,196,145,4,20260327_172948
1774628928.2390318,6997972,1791480832,1791.480832,194,197,147,4,20260327_172948
1774628928.2490158,6998011,1791490816,1791.490816,197,197,148,4,20260327_172948
1774628928.2589996,6998050,1791500800,1791.5008,200,197,147,4,20260327_172948
1774628928.2689836,6998089,1791510784,1791.510784,202,197,147,4,20260327_172948
1774628928.2789676,6998128,1791520768,1791.520768,205,197,148,4,20260327_172948
1774628928.2889516,6998167,1791530752,1791.530752,208,197,147,4,20260327_172948
1774628928.2989357,6998206,1791540736,1791.540736,211,197,148,4,20260327_172948
1774628928.3089197,6998245,1791550720,1791.55072,214,198,147,4,20260327_172948
1774628928.3191595,6998285,1791560960,1791.56096,216,197,149,4,20260327_172948
1774628928.3291438,6998324,1791570944,1791.570944,219,198,149,4,20260327_172948
1774628928.3391278,6998363,1791580928,1791.580928,222,199,149,4,20260327_172948
1774628928.3491118,6998402,1791590912,1791.590912,225,198,147,4,20260327_172948
1774628928.3590956,6998441,1791600896,1791.600896,228,198,148,4,20260327_172948
1774628928.3690796,6998480,1791610880,1791.61088,231,198,148,4,20260327_172948
1774628928.3790636,6998519,1791620864,1791.620864,234,198,148,4,20260327_172948
1774628928.3890476,6998558,1791630848,1791.630848,236,198,150,4,20260327_172948
1774628928.3992877,6998598,1791641088,1791.641088,239,198,148,4,20260327_172948
1774628928.4092717,6998637,1791651072,1791.651072,242,198,148,4,20260327_172948
1774628928.4192555,6998676,1791661056,1791.661056,245,199,146,4,20260327_172948
1774628928.4292395,6998715,1791671040,1791.67104,248,198,143,4,20260327_172948
1774628928.4392238,6998754,1791681024,1791.681024,251,199,143,4,20260327_172948
1774628928.4492078,6998793,1791691008,1791.691008,253,199,142,4,20260327_172948
1774628928.4591918,6998832,1791700992,1791.700992,1,198,140,4,20260327_172948
1774628928.4691756,6998871,1791710976,1791.710976,4,198,138,4,20260327_172948
1774628928.4791596,6998910,1791720960,1791.72096,7,199,137,4,20260327_172948
1774628928.4893997,6998950,1791731200,1791.7312,10,198,136,4,20260327_172948
1774628928.4993837,6998989,1791741184,1791.741184,13,198,132,4,20260327_172948
1774628928.5093677,6999028,1791751168,1791.751168,15,199,131,4,20260327_172948
1774628928.5193515,6999067,1791761152,1791.761152,18,198,129,4,20260327_172948
1774628928.5293355,6999106,1791771136,1791.771136,21,198,127,4,20260327_172948
1774628928.5393198,6999145,1791781120,1791.78112,24,198,126,4,20260327_172948
1774628928.5493038,6999184,1791791104,1791.791104,27,199,124,4,20260327_172948
1774628928.5592878,6999223,1791801088,1791.801088,30,198,121,4,20260327_172948
1774628928.5692718,6999262,1791811072,1791.811072,33,199,116,4,20260327_172948
1774628928.5795116,6999302,1791821312,1791.821312,36,199,106,4,20260327_172948
1774628928.5894957,6999341,1791831296,1791.831296,39,198,101,4,20260327_172948
1774628928.5994797,6999380,1791841280,1791.84128,42,199,96,4,20260327_172948
1774628928.6094637,6999419,1791851264,1791.851264,45,198,91,4,20260327_172948
1774628928.6194477,6999458,1791861248,1791.861248,50,199,86,4,20260327_172948
1774628928.6294315,6999497,1791871232,1791.871232,54,199,84,4,20260327_172948
1774628928.6394155,6999536,1791881216,1791.881216,60,199,80,4,20260327_172948
1774628928.6493998,6999575,1791891200,1791.8912,65,199,80,4,20260327_172948
1774628928.6596396,6999615,1791901440,1791.90144,69,199,80,4,20260327_172948
1774628928.6696236,6999654,1791911424,1791.911424,73,198,82,4,20260327_172948
1774628928.6796076,6999693,1791921408,1791.921408,77,198,82,4,20260327_172948
1774628928.6895916,6999732,1791931392,1791.931392,81,198,81,4,20260327_172948
1774628928.6995757,6999771,1791941376,1791.941376,84,198,81,4,20260327_172948
1774628928.7095597,6999810,1791951360,1791.95136,87,198,81,4,20260327_172948
1774628928.7195437,6999849,1791961344,1791.961344,90,197,81,4,20260327_172948
1774628928.7295277,6999888,1791971328,1791.971328,93,197,82,4,20260327_172948
1774628928.7395115,6999927,1791981312,1791.981312,96,197,83,4,20260327_172948
1774628928.7497518,6999967,1791991552,1791.991552,99,197,82,4,20260327_172948
1774628928.7597356,7000006,1792001536,1792.001536,102,196,82,4,20260327_172948
1774628928.7697196,7000045,1792011520,1792.01152,105,197,84,4,20260327_172948
1774628928.7797036,7000084,1792021504,1792.021504,108,196,82,4,20260327_172948
1774628928.7896876,7000123,1792031488,1792.031488,111,197,83,4,20260327_172948
1774628928.7996716,7000162,1792041472,1792.041472,114,197,83,4,20260327_172948
1774628928.8096557,7000201,1792051456,1792.051456,117,196,85,4,20260327_172948
1774628928.8196397,7000240,1792061440,1792.06144,120,197,85,4,20260327_172948
1774628928.8298798,7000280,1792071680,1792.07168,123,196,85,4,20260327_172948
1774628928.8398638,7000319,1792081664,1792.081664,126,197,87,4,20260327_172948
1774628928.8498478,7000358,1792091648,1792.091648,129,197,87,4,20260327_172948
1774628928.8598318,7000397,1792101632,1792.101632,132,197,89,4,20260327_172948
1774628928.8698156,7000436,1792111616,1792.111616,135,197,90,4,20260327_172948
1774628928.8797996,7000475,1792121600,1792.1216,138,197,94,4,20260327_172948
1774628928.8897836,7000514,1792131584,1792.131584,141,197,98,4,20260327_172948
1774628928.8997676,7000553,1792141568,1792.141568,144,197,102,4,20260327_172948
1774628928.9097517,7000592,1792151552,1792.151552,147,197,105,4,20260327_172948
1774628928.9199915,7000632,1792161792,1792.161792,150,197,108,4,20260327_172948
1774628928.9299755,7000671,1792171776,1792.171776,153,197,112,4,20260327_172948
1774628928.9399598,7000710,1792181760,1792.18176,156,198,117,4,20260327_172948
1774628928.9499438,7000749,1792191744,1792.191744,159,197,124,4,20260327_172948
1774628928.9599278,7000788,1792201728,1792.201728,161,197,127,4,20260327_172948
1774628928.9699116,7000827,1792211712,1792.211712,164,197,132,4,20260327_172948
1774628928.9798956,7000866,1792221696,1792.221696,166,197,135,4,20260327_172948
1774628928.9898796,7000905,1792231680,1792.23168,169,197,135,4,20260327_172948
1774628928.9998636,7000944,1792241664,1792.241664,172,197,137,4,20260327_172948
1774628929.0101037,7000984,1792251904,1792.251904,174,197,138,4,20260327_172948
1774628929.0200877,7001023,1792261888,1792.261888,177,198,141,4,20260327_172948
1774628929.0300715,7001062,1792271872,1792.271872,180,196,141,4,20260327_172948
1774628929.0400558,7001101,1792281856,1792.281856,183,197,141,4,20260327_172948
1774628929.0500398,7001140,1792291840,1792.29184,185,197,144,4,20260327_172948
1774628929.0600238,7001179,1792301824,1792.301824,188,196,144,4,20260327_172948
1774628929.0700078,7001218,1792311808,1792.311808,191,197,144,4,20260327_172948
1774628929.0799916,7001257,1792321792,1792.321792,194,197,144,4,20260327_172948
1774628929.0899756,7001296,1792331776,1792.331776,197,197,145,4,20260327_172948
1774628929.1002157,7001336,1792342016,1792.342016,200,197,146,4,20260327_172948
1774628929.1101997,7001375,1792352000,1792.352,202,197,146,4,20260327_172948
1774628929.1201837,7001414,1792361984,1792.361984,205,196,144,4,20260327_172948
1774628929.1301675,7001453,1792371968,1792.371968,208,196,146,4,20260327_172948
1774628929.1401515,7001492,1792381952,1792.381952,211,197,146,4,20260327_172948
1774628929.1501358,7001531,1792391936,1792.391936,214,198,146,4,20260327_172948
1774628929.1601198,7001570,1792401920,1792.40192,216,197,147,4,20260327_172948
1774628929.1701038,7001609,1792411904,1792.411904,219,197,146,4,20260327_172948
1774628929.1803436,7001649,1792422144,1792.422144,222,198,147,4,20260327_172948
1774628929.1903276,7001688,1792432128,1792.432128,225,198,146,4,20260327_172948
1774628929.2003117,7001727,1792442112,1792.442112,228,198,148,4,20260327_172948
1774628929.2102957,7001766,1792452096,1792.452096,231,198,147,4,20260327_172948
1774628929.2202797,7001805,1792462080,1792.46208,233,199,148,4,20260327_172948
1774628929.2302637,7001844,1792472064,1792.472064,236,198,146,4,20260327_172948
1774628929.2402475,7001883,1792482048,1792.482048,239,198,148,4,20260327_172948
1774628929.2502315,7001922,1792492032,1792.492032,242,198,147,4,20260327_172948
1774628929.2602158,7001961,1792502016,1792.502016,245,198,146,4,20260327_172948
1774628929.2704556,7002001,1792512256,1792.512256,248,199,144,4,20260327_172948
1774628929.2804396,7002040,1792522240,1792.52224,250,198,144,4,20260327_172948
1774628929.2904236,7002079,1792532224,1792.532224,253,199,143,4,20260327_172948
1774628929.3004076,7002118,1792542208,1792.542208,1,198,142,4,20260327_172948
1774628929.3103917,7002157,1792552192,1792.552192,4,198,141,4,20260327_172948
1774628929.3203757,7002196,1792562176,1792.562176,7,199,140,4,20260327_172948
1774628929.3303597,7002235,1792572160,1792.57216,10,198,138,4,20260327_172948
1774628929.3403437,7002274,1792582144,1792.582144,13,198,136,4,20260327_172948
1774628929.3505838,7002314,1792592384,1792.592384,15,199,135,4,20260327_172948
1774628929.3605678,7002353,1792602368,1792.602368,18,199,133,4,20260327_172948
1774628929.3705516,7002392,1792612352,1792.612352,21,199,132,4,20260327_172948
1774628929.3805356,7002431,1792622336,1792.622336,24,198,130,4,20260327_172948
1774628929.3905196,7002470,1792632320,1792.63232,27,199,129,4,20260327_172948
1774628929.4005036,7002509,1792642304,1792.642304,30,199,127,4,20260327_172948
1774628929.4104877,7002548,1792652288,1792.652288,32,198,127,4,20260327_172948
1774628929.4204717,7002587,1792662272,1792.662272,35,198,127,4,20260327_172948
1774628929.4304557,7002626,1792672256,1792.672256,38,198,125,4,20260327_172948
1774628929.4406958,7002666,1792682496,1792.682496,41,199,122,4,20260327_172948
1774628929.4506798,7002705,1792692480,1792.69248,43,198,120,4,20260327_172948
1774628929.4606638,7002744,1792702464,1792.702464,46,198,113,4,20260327_172948
1774628929.4706476,7002783,1792712448,1792.712448,49,199,104,4,20260327_172948
1774628929.4806316,7002822,1792722432,1792.722432,53,198,98,4,20260327_172948
1774628929.4906156,7002861,1792732416,1792.732416,57,198,93,4,20260327_172948
1774628929.5005996,7002900,1792742400,1792.7424,62,198,89,4,20260327_172948
1774628929.5105836,7002939,1792752384,1792.752384,66,198,87,4,20260327_172948
1774628929.5205677,7002978,1792762368,1792.762368,71,198,87,4,20260327_172948
1774628929.5308075,7003018,1792772608,1792.772608,75,198,83,4,20260327_172948
1774628929.5407915,7003057,1792782592,1792.782592,79,197,82,4,20260327_172948
1774628929.5507758,7003096,1792792576,1792.792576,82,197,81,4,20260327_172948
1774628929.5607598,7003135,1792802560,1792.80256,85,198,81,4,20260327_172948
1774628929.5707438,7003174,1792812544,1792.812544,88,197,82,4,20260327_172948
1774628929.5807276,7003213,1792822528,1792.822528,91,197,82,4,20260327_172948
1774628929.5907116,7003252,1792832512,1792.832512,94,197,81,4,20260327_172948
1774628929.6006956,7003291,1792842496,1792.842496,97,197,82,4,20260327_172948
1774628929.6106796,7003330,1792852480,1792.85248,100,197,82,4,20260327_172948
1774628929.6209197,7003370,1792862720,1792.86272,103,197,82,4,20260327_172948
1774628929.6309035,7003409,1792872704,1792.872704,106,196,82,4,20260327_172948
1774628929.6408875,7003448,1792882688,1792.882688,109,196,83,4,20260327_172948
1774628929.6508718,7003487,1792892672,1792.892672,112,196,82,4,20260327_172948
1774628929.6608558,7003526,1792902656,1792.902656,115,196,83,4,20260327_172948
1774628929.6708398,7003565,1792912640,1792.91264,118,196,83,4,20260327_172948
1774628929.6808238,7003604,1792922624,1792.922624,121,195,84,4,20260327_172948
1774628929.6908076,7003643,1792932608,1792.932608,124,196,85,4,20260327_172948
1774628929.7010477,7003683,1792942848,1792.942848,127,197,85,4,20260327_172948
1774628929.7110317,7003722,1792952832,1792.952832,130,196,85,4,20260327_172948
1774628929.7210157,7003761,1792962816,1792.962816,133,196,88,4,20260327_172948
1774628929.7309997,7003800,1792972800,1792.9728,136,196,88,4,20260327_172948
1774628929.7409835,7003839,1792982784,1792.982784,139,197,88,4,20260327_172948
1774628929.7509675,7003878,1792992768,1792.992768,142,197,91,4,20260327_172948
1774628929.7609518,7003917,1793002752,1793.002752,146,197,93,4,20260327_172948
1774628929.7709358,7003956,1793012736,1793.012736,149,197,97,4,20260327_172948
1774628929.7809198,7003995,1793022720,1793.02272,152,197,102,4,20260327_172948
1774628929.7911596,7004035,1793032960,1793.03296,155,197,106,4,20260327_172948
1774628929.8011436,7004074,1793042944,1793.042944,158,197,110,4,20260327_172948
1774628929.8111277,7004113,1793052928,1793.052928,161,197,113,4,20260327_172948
1774628929.8211117,7004152,1793062912,1793.062912,164,197,118,4,20260327_172948
1774628929.8310957,7004191,1793072896,1793.072896,167,197,124,4,20260327_172948
1774628929.8410797,7004230,1793082880,1793.08288,169,197,128,4,20260327_172948
1774628929.8510635,7004269,1793092864,1793.092864,172,196,136,4,20260327_172948
1774628929.8610475,7004308,1793102848,1793.102848,175,196,137,4,20260327_172948
1774628929.8712876,7004348,1793113088,1793.113088,177,197,135,4,20260327_172948
1774628929.8812716,7004387,1793123072,1793.123072,180,197,136,4,20260327_172948
1774628929.8912556,7004426,1793133056,1793.133056,183,196,136,4,20260327_172948
1774628929.9012396,7004465,1793143040,1793.14304,186,197,138,4,20260327_172948
1774628929.9112236,7004504,1793153024,1793.153024,189,196,138,4,20260327_172948
1774628929.9212077,7004543,1793163008,1793.163008,192,196,142,4,20260327_172948
1774628929.9311917,7004582,1793172992,1793.172992,194,196,144,4,20260327_172948
1774628929.9411757,7004621,1793182976,1793.182976,197,196,144,4,20260327_172948
1774628929.9511597,7004660,1793192960,1793.19296,200,197,144,4,20260327_172948
1774628929.9613998,7004700,1793203200,1793.2032,203,197,146,4,20260327_172948
1774628929.9713838,7004739,1793213184,1793.213184,206,197,146,4,20260327_172948
1774628929.9813676,7004778,1793223168,1793.223168,209,198,147,4,20260327_172948
1774628929.9913516,7004817,1793233152,1793.233152,211,198,146,4,20260327_172948
1774628930.0013356,7004856,1793243136,1793.243136,214,198,147,4,20260327_172948
1774628930.0113196,7004895,1793253120,1793.25312,217,198,148,4,20260327_172948
1774628930.0213037,7004934,1793263104,1793.263104,220,198,148,4,20260327_172948
1774628930.0312877,7004973,1793273088,1793.273088,223,198,145,4,20260327_172948
1774628930.0412717,7005012,1793283072,1793.283072,225,198,146,4,20260327_172948
1774628930.0515118,7005052,1793293312,1793.293312,228,198,144,4,20260327_172948
1774628930.0614958,7005091,1793303296,1793.303296,231,198,146,4,20260327_172948
1774628930.0714798,7005130,1793313280,1793.31328,234,198,147,4,20260327_172948
1774628930.0814636,7005169,1793323264,1793.323264,237,198,148,4,20260327_172948
1774628930.0914476,7005208,1793333248,1793.333248,240,198,148,4,20260327_172948
1774628930.1014316,7005247,1793343232,1793.343232,242,198,148,4,20260327_172948
1774628930.1114156,7005286,1793353216,1793.353216,245,199,148,4,20260327_172948
1774628930.1213996,7005325,1793363200,1793.3632,248,199,148,4,20260327_172948
1774628930.1313837,7005364,1793373184,1793.373184,251,199,147,4,20260327_172948
1774628930.1416235,7005404,1793383424,1793.383424,254,198,148,4,20260327_172948
1774628930.1516078,7005443,1793393408,1793.393408,2,198,149,4,20260327_172948
1774628930.1615918,7005482,1793403392,1793.403392,5,199,149,4,20260327_172948
1774628930.1715758,7005521,1793413376,1793.413376,7,198,149,4,20260327_172948
1774628930.1815598,7005560,1793423360,1793.42336,10,198,149,4,20260327_172948
1774628930.1915436,7005599,1793433344,1793.433344,13,199,148,4,20260327_172948
1774628930.2015276,7005638,1793443328,1793.443328,16,199,147,4,20260327_172948
1774628930.2115116,7005677,1793453312,1793.453312,19,199,145,4,20260327_172948
1774628930.2217517,7005717,1793463552,1793.463552,21,199,145,4,20260327_172948
1774628930.2317357,7005756,1793473536,1793.473536,24,199,143,4,20260327_172948
1774628930.2417195,7005795,1793483520,1793.48352,27,199,143,4,20260327_172948
1774628930.2517035,7005834,1793493504,1793.493504,30,198,140,4,20260327_172948
1774628930.2616878,7005873,1793503488,1793.503488,33,198,139,4,20260327_172948
1774628930.2716718,7005912,1793513472,1793.513472,35,199,138,4,20260327_172948
1774628930.2816558,7005951,1793523456,1793.523456,38,198,135,4,20260327_172948
1774628930.2916398,7005990,1793533440,1793.53344,40,199,135,4,20260327_172948
1774628930.3016236,7006029,1793543424,1793.543424,43,198,134,4,20260327_172948
1774628930.3118637,7006069,1793553664,1793.553664,45,199,132,4,20260327_172948
1774628930.3218477,7006108,1793563648,1793.563648,47,198,130,4,20260327_172948
1774628930.3318317,7006147,1793573632,1793.573632,49,199,128,4,20260327_172948
1774628930.3418157,7006186,1793583616,1793.583616,51,198,127,4,20260327_172948
1774628930.3517995,7006225,1793593600,1793.5936,53,198,127,4,20260327_172948
1774628930.3617835,7006264,1793603584,1793.603584,55,198,126,4,20260327_172948
1774628930.3717678,7006303,1793613568,1793.613568,58,198,125,4,20260327_172948
1774628930.3817518,7006342,1793623552,1793.623552,60,199,122,4,20260327_172948
1774628930.3919916,7006382,1793633792,1793.633792,62,197,120,4,20260327_172948
1774628930.4019756,7006421,1793643776,1793.643776,65,198,117,4,20260327_172948
1774628930.4119596,7006460,1793653760,1793.65376,68,197,113,4,20260327_172948
1774628930.4219437,7006499,1793663744,1793.663744,71,198,108,4,20260327_172948
1774628930.4319277,7006538,1793673728,1793.673728,74,198,105,4,20260327_172948
1774628930.4419117,7006577,1793683712,1793.683712,78,197,100,4,20260327_172948
1774628930.4518957,7006616,1793693696,1793.693696,81,197,96,4,20260327_172948
1774628930.4618795,7006655,1793703680,1793.70368,84,198,93,4,20260327_172948
1774628930.4718635,7006694,1793713664,1793.713664,87,197,87,4,20260327_172948
1774628930.4821036,7006734,1793723904,1793.723904,90,198,86,4,20260327_172948
1774628930.4920876,7006773,1793733888,1793.733888,93,197,84,4,20260327_172948
1774628930.5020716,7006812,1793743872,1793.743872,96,197,83,4,20260327_172948
1774628930.5120556,7006851,1793753856,1793.753856,99,195,82,4,20260327_172948
1774628930.5220397,7006890,1793763840,1793.76384,102,195,81,4,20260327_172948
1774628930.5320237,7006929,1793773824,1793.773824,105,196,81,4,20260327_172948
1774628930.5420077,7006968,1793783808,1793.783808,108,195,80,4,20260327_172948
1774628930.5519917,7007007,1793793792,1793.793792,111,195,82,4,20260327_172948
1774628930.5619757,7007046,1793803776,1793.803776,114,195,80,4,20260327_172948
1774628930.5722158,7007086,1793814016,1793.814016,117,196,82,4,20260327_172948
1774628930.5821996,7007125,1793824000,1793.824,120,195,83,4,20260327_172948
1774628930.5921836,7007164,1793833984,1793.833984,123,195,83,4,20260327_172948
1774628930.6021676,7007203,1793843968,1793.843968,126,196,83,4,20260327_172948
1774628930.6121516,7007242,1793853952,1793.853952,129,196,82,4,20260327_172948
1774628930.6221356,7007281,1793863936,1793.863936,132,196,84,4,20260327_172948
1774628930.6321197,7007320,1793873920,1793.87392,135,196,84,4,20260327_172948
1774628930.6421037,7007359,1793883904,1793.883904,138,196,83,4,20260327_172948
1774628930.6520877,7007398,1793893888,1793.893888,141,196,85,4,20260327_172948
1774628930.6623278,7007438,1793904128,1793.904128,144,197,85,4,20260327_172948
1774628930.6723118,7007477,1793914112,1793.914112,148,196,86,4,20260327_172948
1774628930.6822958,7007516,1793924096,1793.924096,151,197,86,4,20260327_172948
1774628930.6922796,7007555,1793934080,1793.93408,155,196,87,4,20260327_172948
1774628930.7022636,7007594,1793944064,1793.944064,158,196,87,4,20260327_172948
1774628930.7122476,7007633,1793954048,1793.954048,162,196,88,4,20260327_172948
1774628930.7222316,7007672,1793964032,1793.964032,165,196,88,4,20260327_172948
1774628930.7322156,7007711,1793974016,1793.974016,168,196,90,4,20260327_172948
1774628930.7424555,7007751,1793984256,1793.984256,171,196,91,4,20260327_172948
1774628930.7524395,7007790,1793994240,1793.99424,174,196,95,4,20260327_172948
1774628930.7624238,7007829,1794004224,1794.004224,177,196,101,4,20260327_172948
1774628930.7724078,7007868,1794014208,1794.014208,180,196,106,4,20260327_172948
1774628930.7823918,7007907,1794024192,1794.024192,183,196,111,4,20260327_172948
1774628930.7923758,7007946,1794034176,1794.034176,186,196,115,4,20260327_172948
1774628930.8023596,7007985,1794044160,1794.04416,189,196,121,4,20260327_172948
1774628930.8123436,7008024,1794054144,1794.054144,192,197,127,4,20260327_172948
1774628930.8223276,7008063,1794064128,1794.064128,195,196,134,4,20260327_172948
1774628930.8325677,7008103,1794074368,1794.074368,197,197,137,4,20260327_172948
1774628930.8425517,7008142,1794084352,1794.084352,200,197,138,4,20260327_172948
1774628930.8525355,7008181,1794094336,1794.094336,203,197,137,4,20260327_172948
1774628930.8625195,7008220,1794104320,1794.10432,206,198,139,4,20260327_172948
1774628930.8725038,7008259,1794114304,1794.114304,209,198,140,4,20260327_172948
1774628930.8824878,7008298,1794124288,1794.124288,212,197,139,4,20260327_172948
1774628930.8924718,7008337,1794134272,1794.134272,214,197,139,4,20260327_172948
1774628930.9024558,7008376,1794144256,1794.144256,217,197,141,4,20260327_172948
1774628930.9126956,7008416,1794154496,1794.154496,220,198,142,4,20260327_172948
1774628930.9226797,7008455,1794164480,1794.16448,223,198,140,4,20260327_172948
1774628930.9326637,7008494,1794174464,1794.174464,226,198,139,4,20260327_172948
1774628930.9426477,7008533,1794184448,1794.184448,229,198,140,4,20260327_172948
1774628930.9526317,7008572,1794194432,1794.194432,232,198,143,4,20260327_172948
1774628930.9626155,7008611,1794204416,1794.204416,234,198,146,4,20260327_172948
1774628930.9725995,7008650,1794214400,1794.2144,237,198,146,4,20260327_172948
1774628930.9825838,7008689,1794224384,1794.224384,240,198,146,4,20260327_172948
1774628930.9925678,7008728,1794234368,1794.234368,243,198,146,4,20260327_172948
1774628931.0028076,7008768,1794244608,1794.244608,246,198,146,4,20260327_172948
1774628931.0127916,7008807,1794254592,1794.254592,249,198,148,4,20260327_172948
1774628931.0227757,7008846,1794264576,1794.264576,251,199,148,4,20260327_172948
1774628931.0327597,7008885,1794274560,1794.27456,254,198,146,4,20260327_172948
1774628931.0427437,7008924,1794284544,1794.284544,2,199,148,4,20260327_172948
1774628931.0527277,7008963,1794294528,1794.294528,5,199,147,4,20260327_172948
1774628931.0627117,7009002,1794304512,1794.304512,8,199,148,4,20260327_172948
1774628931.0726955,7009041,1794314496,1794.314496,11,199,148,4,20260327_172948
1774628931.0829358,7009081,1794324736,1794.324736,13,199,146,4,20260327_172948
1774628931.0929196,7009120,1794334720,1794.33472,16,199,147,4,20260327_172948
1774628931.1029036,7009159,1794344704,1794.344704,19,199,144,4,20260327_172948
1774628931.1128876,7009198,1794354688,1794.354688,22,199,144,4,20260327_172948
1774628931.1228716,7009237,1794364672,1794.364672,25,198,144,4,20260327_172948
1774628931.1328557,7009276,1794374656,1794.374656,27,198,144,4,20260327_172948
1774628931.1428397,7009315,1794384640,1794.38464,30,199,142,4,20260327_172948
1774628931.1528237,7009354,1794394624,1794.394624,33,199,140,4,20260327_172948
1774628931.1628077,7009393,1794404608,1794.404608,36,199,136,4,20260327_172948
1774628931.1730478,7009433,1794414848,1794.414848,38,198,135,4,20260327_172948
1774628931.1830318,7009472,1794424832,1794.424832,41,199,132,4,20260327_172948
1774628931.1930156,7009511,1794434816,1794.434816,43,199,129,4,20260327_172948
1774628931.2029996,7009550,1794444800,1794.4448,46,199,127,4,20260327_172948
1774628931.2129836,7009589,1794454784,1794.454784,48,199,125,4,20260327_172948
1774628931.2229676,7009628,1794464768,1794.464768,50,199,123,4,20260327_172948
1774628931.2329516,7009667,1794474752,1794.474752,53,199,118,4,20260327_172948
1774628931.2429357,7009706,1794484736,1794.484736,56,199,109,4,20260327_172948
1774628931.2529197,7009745,1794494720,1794.49472,59,198,101,4,20260327_172948
1774628931.2631598,7009785,1794504960,1794.50496,63,199,96,4,20260327_172948
1774628931.2731438,7009824,1794514944,1794.514944,68,198,91,4,20260327_172948
1774628931.2831278,7009863,1794524928,1794.524928,72,197,85,4,20260327_172948
1774628931.2931118,7009902,1794534912,1794.534912,76,198,82,4,20260327_172948
1774628931.3030956,7009941,1794544896,1794.544896,79,198,81,4,20260327_172948
1774628931.3130796,7009980,1794554880,1794.55488,83,198,81,4,20260327_172948
1774628931.3230636,7010019,1794564864,1794.564864,86,197,81,4,20260327_172948
1774628931.3330476,7010058,1794574848,1794.574848,89,197,82,4,20260327_172948
1774628931.3430316,7010097,1794584832,1794.584832,92,197,81,4,20260327_172948
1774628931.3532715,7010137,1794595072,1794.595072,95,197,80,4,20260327_172948
1774628931.3632555,7010176,1794605056,1794.605056,98,197,82,4,20260327_172948
1774628931.3732398,7010215,1794615040,1794.61504,101,196,82,4,20260327_172948
1774628931.3832238,7010254,1794625024,1794.625024,104,196,82,4,20260327_172948
1774628931.3932078,7010293,1794635008,1794.635008,107,195,82,4,20260327_172948
1774628931.4031918,7010332,1794644992,1794.644992,110,196,83,4,20260327_172948
1774628931.4131756,7010371,1794654976,1794.654976,113,195,82,4,20260327_172948
1774628931.4231596,7010410,1794664960,1794.66496,116,195,82,4,20260327_172948
1774628931.4331436,7010449,1794674944,1794.674944,119,195,83,4,20260327_172948
1774628931.4433837,7010489,1794685184,1794.685184,122,194,83,4,20260327_172948
1774628931.4533677,7010528,1794695168,1794.695168,125,195,82,4,20260327_172948
1774628931.4633515,7010567,1794705152,1794.705152,128,195,82,4,20260327_172948
1774628931.4733355,7010606,1794715136,1794.715136,131,194,82,4,20260327_172948
1774628931.4833198,7010645,1794725120,1794.72512,134,195,84,4,20260327_172948
1774628931.4933038,7010684,1794735104,1794.735104,137,195,83,4,20260327_172948
1774628931.5032878,7010723,1794745088,1794.745088,140,195,84,4,20260327_172948
1774628931.5135276,7010763,1794755328,1794.755328,143,196,84,4,20260327_172948
1774628931.5235116,7010802,1794765312,1794.765312,147,195,84,4,20260327_172948
1774628931.5334957,7010841,1794775296,1794.775296,150,195,85,4,20260327_172948
1774628931.5434797,7010880,1794785280,1794.78528,154,196,86,4,20260327_172948
1774628931.5534637,7010919,1794795264,1794.795264,157,195,85,4,20260327_172948
1774628931.5634477,7010958,1794805248,1794.805248,161,196,87,4,20260327_172948
1774628931.5734315,7010997,1794815232,1794.815232,164,196,88,4,20260327_172948
1774628931.5834155,7011036,1794825216,1794.825216,167,196,87,4,20260327_172948
1774628931.5933998,7011075,1794835200,1794.8352,171,196,90,4,20260327_172948
1774628931.6036396,7011115,1794845440,1794.84544,174,196,92,4,20260327_172948
1774628931.6136236,7011154,1794855424,1794.855424,177,196,100,4,20260327_172948
1774628931.6236076,7011193,1794865408,1794.865408,180,195,107,4,20260327_172948
1774628931.6335917,7011232,1794875392,1794.875392,182,195,110,4,20260327_172948
1774628931.6435757,7011271,1794885376,1794.885376,185,196,116,4,20260327_172948
1774628931.6535597,7011310,1794895360,1794.89536,188,196,123,4,20260327_172948
1774628931.6635437,7011349,1794905344,1794.905344,191,196,131,4,20260327_172948
1774628931.6735277,7011388,1794915328,1794.915328,194,196,136,4,20260327_172948
1774628931.6835115,7011427,1794925312,1794.925312,197,197,138,4,20260327_172948
1774628931.6937516,7011467,1794935552,1794.935552,200,197,139,4,20260327_172948
1774628931.7037356,7011506,1794945536,1794.945536,202,197,139,4,20260327_172948
1774628931.7137196,7011545,1794955520,1794.95552,205,197,140,4,20260327_172948
1774628931.7237036,7011584,1794965504,1794.965504,208,198,142,4,20260327_172948
1774628931.7336876,7011623,1794975488,1794.975488,211,197,143,4,20260327_172948
1774628931.7436717,7011662,1794985472,1794.985472,214,198,144,4,20260327_172948
1774628931.7536557,7011701,1794995456,1794.995456,216,198,144,4,20260327_172948
1774628931.7636397,7011740,1795005440,1795.00544,219,198,144,4,20260327_172948
1774628931.7738798,7011780,1795015680,1795.01568,222,197,143,4,20260327_172948
1774628931.7838638,7011819,1795025664,1795.025664,225,198,144,4,20260327_172948
1774628931.7938478,7011858,1795035648,1795.035648,228,198,145,4,20260327_172948
1774628931.8038316,7011897,1795045632,1795.045632,231,198,145,4,20260327_172948
1774628931.8138156,7011936,1795055616,1795.055616,234,198,144,4,20260327_172948
1774628931.8237996,7011975,1795065600,1795.0656,236,199,145,4,20260327_172948
1774628931.8337836,7012014,1795075584,1795.075584,239,199,146,4,20260327_172948
1774628931.8437676,7012053,1795085568,1795.085568,242,199,146,4,20260327_172948
1774628931.8537517,7012092,1795095552,1795.095552,245,199,146,4,20260327_172948
1774628931.8639915,7012132,1795105792,1795.105792,248,199,146,4,20260327_172948
1774628931.8739758,7012171,1795115776,1795.115776,251,199,147,4,20260327_172948
1774628931.8839598,7012210,1795125760,1795.12576,253,199,147,4,20260327_172948
1774628931.8939438,7012249,1795135744,1795.135744,1,198,146,4,20260327_172948
1774628931.9039278,7012288,1795145728,1795.145728,4,199,146,4,20260327_172948
1774628931.9139116,7012327,1795155712,1795.155712,7,200,146,4,20260327_172948
1774628931.9238956,7012366,1795165696,1795.165696,10,199,146,4,20260327_172948
1774628931.9338796,7012405,1795175680,1795.17568,13,199,145,4,20260327_172948
1774628931.9441197,7012445,1795185920,1795.18592,15,199,142,4,20260327_172948
1774628931.9541037,7012484,1795195904,1795.195904,18,198,142,4,20260327_172948
1774628931.9640875,7012523,1795205888,1795.205888,21,198,138,4,20260327_172948
1774628931.9740715,7012562,1795215872,1795.215872,24,199,137,4,20260327_172948
1774628931.9840558,7012601,1795225856,1795.225856,27,199,133,4,20260327_172948
1774628931.9940398,7012640,1795235840,1795.23584,30,198,133,4,20260327_172948
1774628932.0040238,7012679,1795245824,1795.245824,32,199,129,4,20260327_172948
1774628932.0140078,7012718,1795255808,1795.255808,35,199,127,4,20260327_172948
1774628932.0239916,7012757,1795265792,1795.265792,38,198,125,4,20260327_172948
1774628932.0342317,7012797,1795276032,1795.276032,41,199,121,4,20260327_172948
1774628932.0442157,7012836,1795286016,1795.286016,43,199,115,4,20260327_172948
1774628932.0541997,7012875,1795296000,1795.296,47,199,105,4,20260327_172948
1774628932.0641837,7012914,1795305984,1795.305984,50,198,96,4,20260327_172948
1774628932.0741675,7012953,1795315968,1795.315968,55,199,89,4,20260327_172948
1774628932.0841515,7012992,1795325952,1795.325952,59,198,83,4,20260327_172948
1774628932.0941358,7013031,1795335936,1795.335936,64,198,84,4,20260327_172948
1774628932.1041198,7013070,1795345920,1795.34592,69,198,81,4,20260327_172948
1774628932.1141038,7013109,1795355904,1795.355904,73,198,81,4,20260327_172948
1774628932.1243436,7013149,1795366144,1795.366144,77,198,82,4,20260327_172948
1774628932.1343277,7013188,1795376128,1795.376128,81,198,82,4,20260327_172948
1774628932.1443117,7013227,1795386112,1795.386112,84,197,80,4,20260327_172948
1774628932.1542957,7013266,1795396096,1795.396096,87,198,82,4,20260327_172948
1774628932.1642797,7013305,1795406080,1795.40608,90,197,82,4,20260327_172948
1774628932.1742637,7013344,1795416064,1795.416064,93,197,82,4,20260327_172948
1774628932.1842475,7013383,1795426048,1795.426048,96,197,82,4,20260327_172948
1774628932.1942315,7013422,1795436032,1795.436032,99,197,82,4,20260327_172948
1774628932.2044716,7013462,1795446272,1795.446272,102,197,82,4,20260327_172948
1774628932.2144556,7013501,1795456256,1795.456256,105,196,82,4,20260327_172948
1774628932.2244396,7013540,1795466240,1795.46624,108,196,83,4,20260327_172948
1774628932.2344236,7013579,1795476224,1795.476224,111,195,82,4,20260327_172948
1774628932.2444077,7013618,1795486208,1795.486208,114,195,84,4,20260327_172948
1774628932.2543917,7013657,1795496192,1795.496192,117,195,82,4,20260327_172948
1774628932.2643757,7013696,1795506176,1795.506176,120,195,83,4,20260327_172948
1774628932.2743597,7013735,1795516160,1795.51616,123,195,82,4,20260327_172948
1774628932.2843435,7013774,1795526144,1795.526144,126,195,83,4,20260327_172948
1774628932.2945838,7013814,1795536384,1795.536384,129,195,82,4,20260327_172948
1774628932.3045676,7013853,1795546368,1795.546368,132,194,83,4,20260327_172948
1774628932.3145516,7013892,1795556352,1795.556352,135,195,82,4,20260327_172948
1774628932.3245356,7013931,1795566336,1795.566336,138,195,83,4,20260327_172948
1774628932.3345196,7013970,1795576320,1795.57632,142,195,83,4,20260327_172948
1774628932.3445036,7014009,1795586304,1795.586304,145,195,84,4,20260327_172948
1774628932.3544877,7014048,1795596288,1795.596288,148,195,84,4,20260327_172948
1774628932.3644717,7014087,1795606272,1795.606272,152,198,86,4,20260327_172948
1774628932.3744557,7014126,1795616256,1795.616256,155,195,85,4,20260327_172948
1774628932.3846958,7014166,1795626496,1795.626496,159,198,87,4,20260327_172948
1774628932.3946798,7014205,1795636480,1795.63648,162,195,86,4,20260327_172948
1774628932.4046638,7014244,1795646464,1795.646464,166,195,88,4,20260327_172948
1774628932.4146476,7014283,1795656448,1795.656448,169,195,89,4,20260327_172948
1774628932.4246316,7014322,1795666432,1795.666432,172,196,91,4,20260327_172948
1774628932.4346156,7014361,1795676416,1795.676416,175,196,99,4,20260327_172948
1774628932.4445996,7014400,1795686400,1795.6864,178,195,103,4,20260327_172948
1774628932.4545836,7014439,1795696384,1795.696384,181,196,109,4,20260327_172948
1774628932.4645677,7014478,1795706368,1795.706368,184,196,115,4,20260327_172948
1774628932.4748075,7014518,1795716608,1795.716608,187,196,122,4,20260327_172948
1774628932.4847918,7014557,1795726592,1795.726592,189,197,131,4,20260327_172948
1774628932.4947758,7014596,1795736576,1795.736576,192,196,132,4,20260327_172948
1774628932.5047598,7014635,1795746560,1795.74656,195,197,133,4,20260327_172948
1774628932.5147438,7014674,1795756544,1795.756544,198,197,136,4,20260327_172948
1774628932.5247276,7014713,1795766528,1795.766528,201,197,137,4,20260327_172948
1774628932.5347116,7014752,1795776512,1795.776512,204,197,137,4,20260327_172948
1774628932.5446956,7014791,1795786496,1795.786496,206,197,138,4,20260327_172948
1774628932.5546796,7014830,1795796480,1795.79648,209,197,139,4,20260327_172948
1774628932.5649197,7014870,1795806720,1795.80672,212,197,139,4,20260327_172948
1774628932.5749035,7014909,1795816704,1795.816704,215,198,140,4,20260327_172948
1774628932.5848875,7014948,1795826688,1795.826688,218,198,140,4,20260327_172948
1774628932.5948718,7014987,1795836672,1795.836672,220,198,141,4,20260327_172948
1774628932.6048558,7015026,1795846656,1795.846656,223,198,141,4,20260327_172948
1774628932.6148398,7015065,1795856640,1795.85664,226,198,142,4,20260327_172948
1774628932.6248238,7015104,1795866624,1795.866624,229,198,142,4,20260327_172948
1774628932.6348076,7015143,1795876608,1795.876608,232,199,142,4,20260327_172948
1774628932.6450477,7015183,1795886848,1795.886848,235,199,142,4,20260327_172948
1774628932.6550317,7015222,1795896832,1795.896832,238,199,142,4,20260327_172948
1774628932.6650157,7015261,1795906816,1795.906816,240,199,142,4,20260327_172948
1774628932.6749997,7015300,1795916800,1795.9168,243,198,142,4,20260327_172948
1774628932.6849835,7015339,1795926784,1795.926784,246,199,141,4,20260327_172948
1774628932.6949675,7015378,1795936768,1795.936768,249,199,143,4,20260327_172948
1774628932.7049518,7015417,1795946752,1795.946752,252,199,144,4,20260327_172948
1774628932.7149358,7015456,1795956736,1795.956736,0,199,144,4,20260327_172948
1774628932.7249198,7015495,1795966720,1795.96672,3,198,142,4,20260327_172948
1774628932.7351596,7015535,1795976960,1795.97696,5,199,142,4,20260327_172948
1774628932.7451437,7015574,1795986944,1795.986944,8,198,141,4,20260327_172948
1774628932.7551277,7015613,1795996928,1795.996928,11,199,140,4,20260327_172948
1774628932.7651117,7015652,1796006912,1796.006912,14,198,138,4,20260327_172948
1774628932.7750957,7015691,1796016896,1796.016896,17,199,136,4,20260327_172948
1774628932.7850797,7015730,1796026880,1796.02688,20,198,135,4,20260327_172948
1774628932.7950635,7015769,1796036864,1796.036864,22,199,133,4,20260327_172948
1774628932.8050478,7015808,1796046848,1796.046848,25,198,129,4,20260327_172948
1774628932.8150318,7015847,1796056832,1796.056832,28,199,127,4,20260327_172948
1774628932.8252716,7015887,1796067072,1796.067072,31,198,126,4,20260327_172948
1774628932.8352556,7015926,1796077056,1796.077056,34,199,124,4,20260327_172948
1774628932.8452396,7015965,1796087040,1796.08704,36,199,121,4,20260327_172948
1774628932.8552237,7016004,1796097024,1796.097024,39,199,116,4,20260327_172948
1774628932.8652077,7016043,1796107008,1796.107008,42,199,107,4,20260327_172948
1774628932.8751917,7016082,1796116992,1796.116992,46,199,97,4,20260327_172948
1774628932.8851757,7016121,1796126976,1796.126976,50,199,91,4,20260327_172948
1774628932.8951595,7016160,1796136960,1796.13696,54,199,89,4,20260327_172948
1774628932.9053998,7016200,1796147200,1796.1472,59,199,83,4,20260327_172948
1774628932.9153836,7016239,1796157184,1796.157184,64,198,80,4,20260327_172948
1774628932.9253676,7016278,1796167168,1796.167168,69,199,80,4,20260327_172948
1774628932.9353516,7016317,1796177152,1796.177152,73,198,82,4,20260327_172948
1774628932.9453356,7016356,1796187136,1796.187136,77,198,82,4,20260327_172948
1774628932.9553196,7016395,1796197120,1796.19712,81,198,81,4,20260327_172948
1774628932.9653037,7016434,1796207104,1796.207104,84,198,82,4,20260327_172948
1774628932.9752877,7016473,1796217088,1796.217088,87,197,82,4,20260327_172948
1774628932.9852717,7016512,1796227072,1796.227072,90,197,82,4,20260327_172948
1774628932.9955118,7016552,1796237312,1796.237312,93,197,82,4,20260327_172948
1774628933.0054958,7016591,1796247296,1796.247296,96,196,82,4,20260327_172948
1774628933.0154798,7016630,1796257280,1796.25728,99,196,81,4,20260327_172948
1774628933.0254636,7016669,1796267264,1796.267264,102,196,83,4,20260327_172948
1774628933.0354476,7016708,1796277248,1796.277248,105,197,83,4,20260327_172948
1774628933.0454316,7016747,1796287232,1796.287232,108,196,83,4,20260327_172948
1774628933.0554156,7016786,1796297216,1796.297216,111,195,81,4,20260327_172948
1774628933.0653996,7016825,1796307200,1796.3072,114,195,83,4,20260327_172948
1774628933.0753837,7016864,1796317184,1796.317184,117,195,82,4,20260327_172948
1774628933.0856235,7016904,1796327424,1796.327424,120,195,80,4,20260327_172948
1774628933.0956078,7016943,1796337408,1796.337408,123,196,83,4,20260327_172948
1774628933.1055918,7016982,1796347392,1796.347392,126,195,83,4,20260327_172948
1774628933.1155758,7017021,1796357376,1796.357376,129,195,82,4,20260327_172948
1774628933.1255598,7017060,1796367360,1796.36736,132,194,82,4,20260327_172948
1774628933.1355436,7017099,1796377344,1796.377344,135,195,82,4,20260327_172948
1774628933.1455276,7017138,1796387328,1796.387328,138,196,83,4,20260327_172948
1774628933.1555116,7017177,1796397312,1796.397312,141,196,83,4,20260327_172948
1774628933.1654956,7017216,1796407296,1796.407296,145,196,84,4,20260327_172948
1774628933.1757357,7017256,1796417536,1796.417536,148,195,85,4,20260327_172948
1774628933.1857195,7017295,1796427520,1796.42752,151,196,84,4,20260327_172948
1774628933.1957035,7017334,1796437504,1796.437504,155,196,85,4,20260327_172948
1774628933.2056878,7017373,1796447488,1796.447488,158,196,84,4,20260327_172948
1774628933.2156718,7017412,1796457472,1796.457472,162,196,85,4,20260327_172948
1774628933.2256558,7017451,1796467456,1796.467456,165,196,87,4,20260327_172948
1774628933.2356398,7017490,1796477440,1796.47744,169,196,90,4,20260327_172948
1774628933.2456236,7017529,1796487424,1796.487424,172,196,91,4,20260327_172948
1774628933.2558637,7017569,1796497664,1796.497664,175,195,96,4,20260327_172948
1774628933.2658477,7017608,1796507648,1796.507648,178,196,103,4,20260327_172948
1774628933.2758317,7017647,1796517632,1796.517632,181,196,108,4,20260327_172948
1774628933.2858157,7017686,1796527616,1796.527616,183,195,116,4,20260327_172948
1774628933.2957995,7017725,1796537600,1796.5376,186,196,124,4,20260327_172948
1774628933.3057835,7017764,1796547584,1796.547584,189,196,136,4,20260327_172948
1774628933.3157678,7017803,1796557568,1796.557568,192,196,138,4,20260327_172948
1774628933.3257518,7017842,1796567552,1796.567552,195,197,138,4,20260327_172948
1774628933.3357358,7017881,1796577536,1796.577536,198,197,140,4,20260327_172948
1774628933.3459756,7017921,1796587776,1796.587776,200,196,141,4,20260327_172948
1774628933.3559597,7017960,1796597760,1796.59776,203,197,142,4,20260327_172948
1774628933.3659437,7017999,1796607744,1796.607744,206,198,143,4,20260327_172948
1774628933.3759277,7018038,1796617728,1796.617728,209,197,143,4,20260327_172948
1774628933.3859117,7018077,1796627712,1796.627712,212,197,144,4,20260327_172948
1774628933.3958955,7018116,1796637696,1796.637696,214,198,145,4,20260327_172948
1774628933.4058795,7018155,1796647680,1796.64768,217,197,144,4,20260327_172948
1774628933.4158638,7018194,1796657664,1796.657664,220,197,145,4,20260327_172948
1774628933.4258478,7018233,1796667648,1796.667648,223,198,146,4,20260327_172948
1774628933.4360876,7018273,1796677888,1796.677888,226,198,146,4,20260327_172948
1774628933.4460716,7018312,1796687872,1796.687872,229,198,146,4,20260327_172948
1774628933.4560556,7018351,1796697856,1796.697856,231,199,147,4,20260327_172948
1774628933.4660397,7018390,1796707840,1796.70784,234,198,146,4,20260327_172948
1774628933.4760237,7018429,1796717824,1796.717824,237,198,147,4,20260327_172948
1774628933.4860077,7018468,1796727808,1796.727808,240,199,147,4,20260327_172948
1774628933.4959917,7018507,1796737792,1796.737792,243,199,147,4,20260327_172948
1774628933.5059755,7018546,1796747776,1796.747776,246,198,146,4,20260327_172948
1774628933.5162158,7018586,1796758016,1796.758016,248,198,145,4,20260327_172948
1774628933.5261996,7018625,1796768000,1796.768,251,198,144,4,20260327_172948
1774628933.5361836,7018664,1796777984,1796.777984,254,199,141,4,20260327_172948
1774628933.5461676,7018703,1796787968,1796.787968,2,199,138,4,20260327_172948
1774628933.5561516,7018742,1796797952,1796.797952,5,199,139,4,20260327_172948
1774628933.5661356,7018781,1796807936,1796.807936,8,199,137,4,20260327_172948
1774628933.5761197,7018820,1796817920,1796.81792,11,199,134,4,20260327_172948
1774628933.5861037,7018859,1796827904,1796.827904,13,199,131,4,20260327_172948
1774628933.5960877,7018898,1796837888,1796.837888,16,199,130,4,20260327_172948
1774628933.6063278,7018938,1796848128,1796.848128,19,199,127,4,20260327_172948
1774628933.6163118,7018977,1796858112,1796.858112,22,199,127,4,20260327_172948
1774628933.6262958,7019016,1796868096,1796.868096,25,198,127,4,20260327_172948
1774628933.6362796,7019055,1796878080,1796.87808,28,198,127,4,20260327_172948
1774628933.6462636,7019094,1796888064,1796.888064,31,199,124,4,20260327_172948
1774628933.6562476,7019133,1796898048,1796.898048,33,199,117,4,20260327_172948
1774628933.6662316,7019172,1796908032,1796.908032,36,199,107,4,20260327_172948
1774628933.6762156,7019211,1796918016,1796.918016,39,198,100,4,20260327_172948
1774628933.6861997,7019250,1796928000,1796.928,43,199,94,4,20260327_172948
1774628933.6964395,7019290,1796938240,1796.93824,46,199,90,4,20260327_172948
1774628933.7064238,7019329,1796948224,1796.948224,51,199,86,4,20260327_172948
1774628933.7164078,7019368,1796958208,1796.958208,56,198,82,4,20260327_172948
1774628933.7263918,7019407,1796968192,1796.968192,61,199,80,4,20260327_172948
1774628933.7363758,7019446,1796978176,1796.978176,66,198,80,4,20260327_172948
1774628933.7463596,7019485,1796988160,1796.98816,70,198,80,4,20260327_172948
1774628933.7563436,7019524,1796998144,1796.998144,74,198,81,4,20260327_172948
1774628933.7663276,7019563,1797008128,1797.008128,78,197,80,4,20260327_172948
1774628933.7763116,7019602,1797018112,1797.018112,82,197,80,4,20260327_172948
1774628933.7865517,7019642,1797028352,1797.028352,85,197,82,4,20260327_172948
1774628933.7965355,7019681,1797038336,1797.038336,88,197,82,4,20260327_172948
1774628933.8065195,7019720,1797048320,1797.04832,91,198,82,4,20260327_172948
1774628933.8165038,7019759,1797058304,1797.058304,94,197,82,4,20260327_172948
1774628933.8264878,7019798,1797068288,1797.068288,97,197,81,4,20260327_172948
1774628933.8364718,7019837,1797078272,1797.078272,100,197,82,4,20260327_172948
1774628933.8464556,7019876,1797088256,1797.088256,103,196,82,4,20260327_172948
1774628933.8564396,7019915,1797098240,1797.09824,106,196,81,4,20260327_172948
1774628933.8666797,7019955,1797108480,1797.10848,109,195,82,4,20260327_172948
1774628933.8766637,7019994,1797118464,1797.118464,112,195,80,4,20260327_172948
1774628933.8866477,7020033,1797128448,1797.128448,115,195,83,4,20260327_172948
1774628933.8966317,7020072,1797138432,1797.138432,118,195,81,4,20260327_172948
1774628933.9066155,7020111,1797148416,1797.148416,121,195,83,4,20260327_172948
1774628933.9165998,7020150,1797158400,1797.1584,124,196,82,4,20260327_172948
1774628933.9265838,7020189,1797168384,1797.168384,127,196,83,4,20260327_172948
1774628933.9365678,7020228,1797178368,1797.178368,130,196,82,4,20260327_172948
1774628933.9465518,7020267,1797188352,1797.188352,133,196,82,4,20260327_172948
1774628933.9567916,7020307,1797198592,1797.198592,136,197,83,4,20260327_172948
1774628933.9667757,7020346,1797208576,1797.208576,139,196,84,4,20260327_172948
1774628933.9767597,7020385,1797218560,1797.21856,142,196,84,4,20260327_172948
1774628933.9867437,7020424,1797228544,1797.228544,146,197,84,4,20260327_172948
1774628933.9967277,7020463,1797238528,1797.238528,149,196,84,4,20260327_172948
1774628934.0067115,7020502,1797248512,1797.248512,152,196,82,4,20260327_172948
1774628934.0166955,7020541,1797258496,1797.258496,156,197,83,4,20260327_172948
1774628934.0266798,7020580,1797268480,1797.26848,160,197,86,4,20260327_172948
1774628934.0366638,7020619,1797278464,1797.278464,163,196,88,4,20260327_172948
1774628934.0469036,7020659,1797288704,1797.288704,166,196,88,4,20260327_172948
1774628934.0568876,7020698,1797298688,1797.298688,170,197,91,4,20260327_172948
1774628934.0668716,7020737,1797308672,1797.308672,173,196,96,4,20260327_172948
1774628934.0768557,7020776,1797318656,1797.318656,176,196,102,4,20260327_172948
1774628934.0868397,7020815,1797328640,1797.32864,179,196,108,4,20260327_172948
1774628934.0968237,7020854,1797338624,1797.338624,181,196,114,4,20260327_172948
1774628934.1068077,7020893,1797348608,1797.348608,184,196,122,4,20260327_172948
1774628934.1167915,7020932,1797358592,1797.358592,187,196,132,4,20260327_172948
1774628934.1270318,7020972,1797368832,1797.368832,190,196,133,4,20260327_172948
1774628934.1370156,7021011,1797378816,1797.378816,193,196,134,4,20260327_172948
1774628934.1469996,7021050,1797388800,1797.3888,196,197,134,4,20260327_172948
1774628934.1569836,7021089,1797398784,1797.398784,198,197,136,4,20260327_172948
1774628934.1669676,7021128,1797408768,1797.408768,201,197,137,4,20260327_172948
1774628934.1769516,7021167,1797418752,1797.418752,204,197,138,4,20260327_172948
1774628934.1869357,7021206,1797428736,1797.428736,207,197,139,4,20260327_172948
1774628934.1969197,7021245,1797438720,1797.43872,210,198,140,4,20260327_172948
1774628934.2069037,7021284,1797448704,1797.448704,213,197,141,4,20260327_172948
1774628934.2171438,7021324,1797458944,1797.458944,215,197,142,4,20260327_172948
1774628934.2271278,7021363,1797468928,1797.468928,218,198,142,4,20260327_172948
1774628934.2371118,7021402,1797478912,1797.478912,221,198,141,4,20260327_172948
1774628934.2470956,7021441,1797488896,1797.488896,224,198,142,4,20260327_172948
1774628934.2570796,7021480,1797498880,1797.49888,227,198,142,4,20260327_172948
1774628934.2670636,7021519,1797508864,1797.508864,230,198,144,4,20260327_172948
1774628934.2770476,7021558,1797518848,1797.518848,232,198,143,4,20260327_172948
1774628934.2870317,7021597,1797528832,1797.528832,235,198,142,4,20260327_172948
1774628934.2970157,7021636,1797538816,1797.538816,238,199,143,4,20260327_172948
1774628934.3069997,7021675,1797548800,1797.5488,241,199,143,4,20260327_172948
1774628934.3172398,7021715,1797559040,1797.55904,244,198,144,4,20260327_172948
1774628934.3272238,7021754,1797569024,1797.569024,247,199,144,4,20260327_172948
1774628934.3372078,7021793,1797579008,1797.579008,249,198,144,4,20260327_172948
1774628934.3471918,7021832,1797588992,1797.588992,252,199,143,4,20260327_172948
1774628934.3571756,7021871,1797598976,1797.598976,0,199,142,4,20260327_172948
1774628934.3671596,7021910,1797608960,1797.60896,3,198,140,4,20260327_172948
1774628934.3771436,7021949,1797618944,1797.618944,6,199,138,4,20260327_172948
1774628934.3871276,7021988,1797628928,1797.628928,9,198,137,4,20260327_172948
1774628934.3973677,7022028,1797639168,1797.639168,12,199,135,4,20260327_172948
1774628934.4073515,7022067,1797649152,1797.649152,14,199,132,4,20260327_172948
1774628934.4173355,7022106,1797659136,1797.659136,17,199,129,4,20260327_172948
1774628934.4273198,7022145,1797669120,1797.66912,20,199,128,4,20260327_172948
1774628934.4373038,7022184,1797679104,1797.679104,23,198,127,4,20260327_172948
1774628934.4472878,7022223,1797689088,1797.689088,26,199,126,4,20260327_172948
1774628934.4572716,7022262,1797699072,1797.699072,29,198,123,4,20260327_172948
1774628934.4672556,7022301,1797709056,1797.709056,31,198,119,4,20260327_172948
1774628934.4774957,7022341,1797719296,1797.719296,34,198,118,4,20260327_172948
1774628934.4874797,7022380,1797729280,1797.72928,37,199,108,4,20260327_172948
1774628934.4974637,7022419,1797739264,1797.739264,40,199,101,4,20260327_172948
1774628934.5074475,7022458,1797749248,1797.749248,44,199,94,4,20260327_172948
1774628934.5174315,7022497,1797759232,1797.759232,47,198,87,4,20260327_172948
1774628934.5274158,7022536,1797769216,1797.769216,52,198,82,4,20260327_172948
1774628934.5373998,7022575,1797779200,1797.7792,57,198,80,4,20260327_172948
1774628934.5473838,7022614,1797789184,1797.789184,62,198,80,4,20260327_172948
1774628934.5573678,7022653,1797799168,1797.799168,67,198,80,4,20260327_172948
1774628934.5676076,7022693,1797809408,1797.809408,72,197,80,4,20260327_172948
1774628934.5775917,7022732,1797819392,1797.819392,76,198,81,4,20260327_172948
1774628934.5875757,7022771,1797829376,1797.829376,79,197,81,4,20260327_172948
1774628934.5975597,7022810,1797839360,1797.83936,83,198,81,4,20260327_172948
1774628934.6075437,7022849,1797849344,1797.849344,86,198,80,4,20260327_172948
1774628934.6175275,7022888,1797859328,1797.859328,89,198,82,4,20260327_172948
1774628934.6275115,7022927,1797869312,1797.869312,92,198,82,4,20260327_172948
1774628934.6374958,7022966,1797879296,1797.879296,95,196,81,4,20260327_172948
1774628934.6477356,7023006,1797889536,1797.889536,98,196,82,4,20260327_172948
1774628934.6577196,7023045,1797899520,1797.89952,101,197,82,4,20260327_172948
1774628934.6677036,7023084,1797909504,1797.909504,104,196,82,4,20260327_172948
1774628934.6776876,7023123,1797919488,1797.919488,107,196,82,4,20260327_172948
1774628934.6876717,7023162,1797929472,1797.929472,110,196,82,4,20260327_172948
1774628934.6976557,7023201,1797939456,1797.939456,113,196,83,4,20260327_172948
1774628934.7076397,7023240,1797949440,1797.94944,116,196,81,4,20260327_172948
1774628934.7176237,7023279,1797959424,1797.959424,118,196,81,4,20260327_172948
1774628934.7276075,7023318,1797969408,1797.969408,121,196,82,4,20260327_172948
1774628934.7378478,7023358,1797979648,1797.979648,125,196,81,4,20260327_172948
1774628934.7478316,7023397,1797989632,1797.989632,128,196,83,4,20260327_172948
1774628934.7578156,7023436,1797999616,1797.999616,131,196,81,4,20260327_172948
1774628934.7677996,7023475,1798009600,1798.0096,134,196,82,4,20260327_172948
1774628934.7777836,7023514,1798019584,1798.019584,137,196,84,4,20260327_172948
1774628934.7877676,7023553,1798029568,1798.029568,140,196,84,4,20260327_172948
1774628934.7977517,7023592,1798039552,1798.039552,143,197,84,4,20260327_172948
1774628934.8077357,7023631,1798049536,1798.049536,147,196,83,4,20260327_172948
1774628934.8179758,7023671,1798059776,1798.059776,150,196,84,4,20260327_172948
1774628934.8279598,7023710,1798069760,1798.06976,153,196,84,4,20260327_172948
1774628934.8379438,7023749,1798079744,1798.079744,157,196,86,4,20260327_172948
1774628934.8479278,7023788,1798089728,1798.089728,160,197,86,4,20260327_172948
1774628934.8579116,7023827,1798099712,1798.099712,164,196,87,4,20260327_172948
1774628934.8678956,7023866,1798109696,1798.109696,167,197,90,4,20260327_172948
1774628934.8778796,7023905,1798119680,1798.11968,170,197,94,4,20260327_172948
1774628934.8878636,7023944,1798129664,1798.129664,173,196,99,4,20260327_172948
1774628934.8981037,7023984,1798139904,1798.139904,176,197,105,4,20260327_172948
1774628934.9080875,7024023,1798149888,1798.149888,179,196,111,4,20260327_172948
1774628934.9180715,7024062,1798159872,1798.159872,182,196,119,4,20260327_172948
1774628934.9280558,7024101,1798169856,1798.169856,185,197,129,4,20260327_172948
1774628934.9380398,7024140,1798179840,1798.17984,188,196,131,4,20260327_172948
1774628934.9480238,7024179,1798189824,1798.189824,191,197,132,4,20260327_172948
1774628934.9580076,7024218,1798199808,1798.199808,193,197,133,4,20260327_172948
1774628934.9679916,7024257,1798209792,1798.209792,196,196,135,4,20260327_172948
1774628934.9779756,7024296,1798219776,1798.219776,199,196,136,4,20260327_172948
1774628934.9882157,7024336,1798230016,1798.230016,202,197,137,4,20260327_172948
1774628934.9981997,7024375,1798240000,1798.24,205,197,137,4,20260327_172948
1774628935.0081837,7024414,1798249984,1798.249984,208,197,138,4,20260327_172948
1774628935.0181675,7024453,1798259968,1798.259968,210,197,138,4,20260327_172948
1774628935.0281518,7024492,1798269952,1798.269952,213,198,139,4,20260327_172948
1774628935.0381358,7024531,1798279936,1798.279936,216,197,140,4,20260327_172948
1774628935.0481198,7024570,1798289920,1798.28992,219,197,140,4,20260327_172948
1774628935.0581038,7024609,1798299904,1798.299904,222,198,140,4,20260327_172948
1774628935.0680876,7024648,1798309888,1798.309888,224,198,140,4,20260327_172948
1774628935.0783277,7024688,1798320128,1798.320128,227,198,141,4,20260327_172948
1774628935.0883117,7024727,1798330112,1798.330112,230,198,141,4,20260327_172948
1774628935.0982957,7024766,1798340096,1798.340096,233,199,142,4,20260327_172948
1774628935.1082797,7024805,1798350080,1798.35008,236,199,142,4,20260327_172948
1774628935.1182635,7024844,1798360064,1798.360064,239,198,141,4,20260327_172948
1774628935.1282475,7024883,1798370048,1798.370048,242,198,142,4,20260327_172948
1774628935.1382318,7024922,1798380032,1798.380032,244,198,142,4,20260327_172948
1774628935.1482158,7024961,1798390016,1798.390016,247,198,142,4,20260327_172948
1774628935.1584556,7025001,1798400256,1798.400256,250,199,142,4,20260327_172948
1774628935.1684396,7025040,1798410240,1798.41024,253,198,142,4,20260327_172948
1774628935.1784236,7025079,1798420224,1798.420224,1,198,139,4,20260327_172948
1774628935.1884077,7025118,1798430208,1798.430208,4,199,140,4,20260327_172948
1774628935.1983917,7025157,1798440192,1798.440192,7,199,138,4,20260327_172948
1774628935.2083757,7025196,1798450176,1798.450176,9,199,136,4,20260327_172948
1774628935.2183597,7025235,1798460160,1798.46016,12,199,134,4,20260327_172948
1774628935.2283435,7025274,1798470144,1798.470144,15,199,131,4,20260327_172948
1774628935.2383275,7025313,1798480128,1798.480128,18,198,130,4,20260327_172948
1774628935.2485676,7025353,1798490368,1798.490368,21,198,128,4,20260327_172948
1774628935.2585516,7025392,1798500352,1798.500352,24,198,127,4,20260327_172948
1774628935.2685356,7025431,1798510336,1798.510336,26,198,127,4,20260327_172948
1774628935.2785196,7025470,1798520320,1798.52032,29,199,123,4,20260327_172948
1774628935.2885036,7025509,1798530304,1798.530304,32,198,123,4,20260327_172948
1774628935.2984877,7025548,1798540288,1798.540288,35,198,117,4,20260327_172948
1774628935.3084717,7025587,1798550272,1798.550272,38,199,108,4,20260327_172948
1774628935.3184557,7025626,1798560256,1798.560256,41,199,100,4,20260327_172948
1774628935.3286958,7025666,1798570496,1798.570496,44,199,93,4,20260327_172948
1774628935.3386798,7025705,1798580480,1798.58048,48,199,87,4,20260327_172948
1774628935.3486638,7025744,1798590464,1798.590464,53,198,84,4,20260327_172948
1774628935.3586476,7025783,1798600448,1798.600448,58,198,81,4,20260327_172948
1774628935.3686316,7025822,1798610432,1798.610432,63,198,80,4,20260327_172948
1774628935.3786156,7025861,1798620416,1798.620416,68,198,82,4,20260327_172948
1774628935.3885996,7025900,1798630400,1798.6304,72,198,81,4,20260327_172948
1774628935.3985837,7025939,1798640384,1798.640384,76,198,82,4,20260327_172948
1774628935.4085677,7025978,1798650368,1798.650368,80,198,82,4,20260327_172948
1774628935.4188075,7026018,1798660608,1798.660608,83,197,82,4,20260327_172948
1774628935.4287918,7026057,1798670592,1798.670592,86,198,82,4,20260327_172948
1774628935.4387758,7026096,1798680576,1798.680576,89,198,83,4,20260327_172948
1774628935.4487598,7026135,1798690560,1798.69056,92,197,82,4,20260327_172948
1774628935.4587438,7026174,1798700544,1798.700544,95,197,83,4,20260327_172948
1774628935.4687276,7026213,1798710528,1798.710528,98,196,82,4,20260327_172948
1774628935.4787116,7026252,1798720512,1798.720512,101,197,82,4,20260327_172948
1774628935.4886956,7026291,1798730496,1798.730496,104,197,82,4,20260327_172948
1774628935.4986796,7026330,1798740480,1798.74048,107,196,82,4,20260327_172948
1774628935.5089197,7026370,1798750720,1798.75072,110,196,81,4,20260327_172948
1774628935.5189035,7026409,1798760704,1798.760704,113,197,83,4,20260327_172948
1774628935.5288875,7026448,1798770688,1798.770688,116,197,82,4,20260327_172948
1774628935.5388718,7026487,1798780672,1798.780672,119,197,82,4,20260327_172948
1774628935.5488558,7026526,1798790656,1798.790656,122,196,81,4,20260327_172948
1774628935.5588398,7026565,1798800640,1798.80064,125,196,82,4,20260327_172948
1774628935.5688236,7026604,1798810624,1798.810624,128,196,82,4,20260327_172948
1774628935.5788076,7026643,1798820608,1798.820608,131,196,82,4,20260327_172948
1774628935.5887916,7026682,1798830592,1798.830592,134,196,83,4,20260327_172948
1774628935.5990317,7026722,1798840832,1798.840832,137,196,83,4,20260327_172948
1774628935.6090157,7026761,1798850816,1798.850816,141,196,83,4,20260327_172948
1774628935.6189995,7026800,1798860800,1798.8608,144,196,83,4,20260327_172948
1774628935.6289835,7026839,1798870784,1798.870784,147,197,84,4,20260327_172948
1774628935.6389678,7026878,1798880768,1798.880768,150,196,86,4,20260327_172948
1774628935.6489518,7026917,1798890752,1798.890752,154,196,86,4,20260327_172948
1774628935.6589358,7026956,1798900736,1798.900736,157,197,86,4,20260327_172948
1774628935.6689198,7026995,1798910720,1798.91072,161,196,85,4,20260327_172948
1774628935.6791596,7027035,1798920960,1798.92096,164,197,89,4,20260327_172948
1774628935.6891437,7027074,1798930944,1798.930944,167,197,94,4,20260327_172948
1774628935.6991277,7027113,1798940928,1798.940928,171,196,100,4,20260327_172948
1774628935.7091117,7027152,1798950912,1798.950912,173,197,104,4,20260327_172948
1774628935.7190957,7027191,1798960896,1798.960896,176,196,113,4,20260327_172948
1774628935.7290795,7027230,1798970880,1798.97088,179,197,118,4,20260327_172948
1774628935.7390635,7027269,1798980864,1798.980864,182,197,129,4,20260327_172948
1774628935.7490478,7027308,1798990848,1798.990848,185,197,131,4,20260327_172948
1774628935.7590318,7027347,1799000832,1799.000832,188,197,132,4,20260327_172948
1774628935.7692716,7027387,1799011072,1799.011072,191,197,130,4,20260327_172948
1774628935.7792556,7027426,1799021056,1799.021056,193,197,133,4,20260327_172948
1774628935.7892396,7027465,1799031040,1799.03104,196,197,134,4,20260327_172948
1774628935.7992237,7027504,1799041024,1799.041024,199,197,136,4,20260327_172948
1774628935.8092077,7027543,1799051008,1799.051008,202,197,136,4,20260327_172948
1774628935.8191917,7027582,1799060992,1799.060992,205,197,137,4,20260327_172948
1774628935.8291757,7027621,1799070976,1799.070976,208,197,138,4,20260327_172948
1774628935.8391595,7027660,1799080960,1799.08096,210,197,138,4,20260327_172948
1774628935.8493998,7027700,1799091200,1799.0912,213,197,138,4,20260327_172948
1774628935.8593836,7027739,1799101184,1799.101184,216,197,139,4,20260327_172948
1774628935.8693676,7027778,1799111168,1799.111168,219,198,139,4,20260327_172948
1774628935.8793516,7027817,1799121152,1799.121152,222,198,139,4,20260327_172948
1774628935.8893356,7027856,1799131136,1799.131136,224,198,140,4,20260327_172948
1774628935.8993196,7027895,1799141120,1799.14112,227,198,140,4,20260327_172948
1774628935.9093037,7027934,1799151104,1799.151104,230,198,140,4,20260327_172948
1774628935.9192877,7027973,1799161088,1799.161088,233,199,141,4,20260327_172948
1774628935.9292717,7028012,1799171072,1799.171072,236,198,140,4,20260327_172948
1774628935.9395118,7028052,1799181312,1799.181312,239,198,140,4,20260327_172948
1774628935.9494958,7028091,1799191296,1799.191296,242,199,140,4,20260327_172948
1774628935.9594798,7028130,1799201280,1799.20128,244,199,140,4,20260327_172948
1774628935.9694636,7028169,1799211264,1799.211264,247,199,141,4,20260327_172948
1774628935.9794476,7028208,1799221248,1799.221248,250,199,141,4,20260327_172948
1774628935.9894316,7028247,1799231232,1799.231232,253,199,140,4,20260327_172948
1774628935.9994156,7028286,1799241216,1799.241216,1,199,140,4,20260327_172948
1774628936.0093997,7028325,1799251200,1799.2512,4,199,139,4,20260327_172948
1774628936.0196395,7028365,1799261440,1799.26144,7,198,137,4,20260327_172948
1774628936.0296235,7028404,1799271424,1799.271424,9,199,136,4,20260327_172948
1774628936.0396078,7028443,1799281408,1799.281408,12,199,134,4,20260327_172948
1774628936.0495918,7028482,1799291392,1799.291392,15,199,132,4,20260327_172948
1774628936.0595758,7028521,1799301376,1799.301376,18,199,130,4,20260327_172948
1774628936.0695596,7028560,1799311360,1799.31136,21,199,128,4,20260327_172948
1774628936.0795436,7028599,1799321344,1799.321344,23,198,127,4,20260327_172948
1774628936.0895276,7028638,1799331328,1799.331328,26,198,125,4,20260327_172948
1774628936.0997677,7028678,1799341568,1799.341568,29,198,123,4,20260327_172948
1774628936.1097517,7028717,1799351552,1799.351552,32,198,119,4,20260327_172948
1774628936.1197357,7028756,1799361536,1799.361536,35,199,117,4,20260327_172948
1774628936.1297195,7028795,1799371520,1799.37152,38,199,107,4,20260327_172948
1774628936.1397038,7028834,1799381504,1799.381504,41,198,99,4,20260327_172948
1774628936.1496878,7028873,1799391488,1799.391488,44,199,90,4,20260327_172948
1774628936.1596718,7028912,1799401472,1799.401472,48,199,85,4,20260327_172948
1774628936.1696558,7028951,1799411456,1799.411456,53,198,82,4,20260327_172948
1774628936.1796396,7028990,1799421440,1799.42144,58,199,82,4,20260327_172948
1774628936.1898797,7029030,1799431680,1799.43168,63,199,80,4,20260327_172948
1774628936.1998637,7029069,1799441664,1799.441664,68,199,82,4,20260327_172948
1774628936.2098477,7029108,1799451648,1799.451648,72,199,82,4,20260327_172948
1774628936.2198317,7029147,1799461632,1799.461632,76,198,82,4,20260327_172948
1774628936.2298155,7029186,1799471616,1799.471616,80,198,82,4,20260327_172948
1774628936.2397995,7029225,1799481600,1799.4816,83,197,84,4,20260327_172948
1774628936.2497838,7029264,1799491584,1799.491584,87,198,83,4,20260327_172948
1774628936.2597678,7029303,1799501568,1799.501568,90,198,82,4,20260327_172948
1774628936.2697518,7029342,1799511552,1799.511552,93,197,83,4,20260327_172948
1774628936.2799916,7029382,1799521792,1799.521792,95,197,84,4,20260327_172948
1774628936.2899756,7029421,1799531776,1799.531776,98,198,84,4,20260327_172948
1774628936.2999597,7029460,1799541760,1799.54176,101,198,83,4,20260327_172948
1774628936.3099437,7029499,1799551744,1799.551744,104,198,83,4,20260327_172948
1774628936.3199277,7029538,1799561728,1799.561728,107,197,83,4,20260327_172948
1774628936.3299117,7029577,1799571712,1799.571712,110,197,82,4,20260327_172948
1774628936.3398955,7029616,1799581696,1799.581696,113,197,83,4,20260327_172948
1774628936.3498795,7029655,1799591680,1799.59168,116,197,83,4,20260327_172948
1774628936.3601196,7029695,1799601920,1799.60192,119,197,80,4,20260327_172948
1774628936.3701036,7029734,1799611904,1799.611904,122,196,81,4,20260327_172948
1774628936.3800876,7029773,1799621888,1799.621888,125,197,82,4,20260327_172948
1774628936.3900716,7029812,1799631872,1799.631872,128,197,82,4,20260327_172948
1774628936.4000556,7029851,1799641856,1799.641856,131,196,83,4,20260327_172948
1774628936.4100397,7029890,1799651840,1799.65184,135,196,83,4,20260327_172948
1774628936.4200237,7029929,1799661824,1799.661824,138,197,84,4,20260327_172948
1774628936.4300077,7029968,1799671808,1799.671808,141,196,84,4,20260327_172948
1774628936.4399917,7030007,1799681792,1799.681792,144,197,85,4,20260327_172948
1774628936.4502318,7030047,1799692032,1799.692032,147,196,86,4,20260327_172948
1774628936.4602158,7030086,1799702016,1799.702016,151,197,86,4,20260327_172948
1774628936.4701996,7030125,1799712000,1799.712,154,197,86,4,20260327_172948
1774628936.4801836,7030164,1799721984,1799.721984,158,197,87,4,20260327_172948
1774628936.4901676,7030203,1799731968,1799.731968,161,197,89,4,20260327_172948
1774628936.5001516,7030242,1799741952,1799.741952,164,197,91,4,20260327_172948
1774628936.5101357,7030281,1799751936,1799.751936,168,197,97,4,20260327_172948
1774628936.5201197,7030320,1799761920,1799.76192,171,199,103,4,20260327_172948
1774628936.5303595,7030360,1799772160,1799.77216,174,197,108,4,20260327_172948
1774628936.5403438,7030399,1799782144,1799.782144,176,197,114,4,20260327_172948
1774628936.5503278,7030438,1799792128,1799.792128,179,197,120,4,20260327_172948
1774628936.5603118,7030477,1799802112,1799.802112,182,198,130,4,20260327_172948
1774628936.5702958,7030516,1799812096,1799.812096,185,198,131,4,20260327_172948
1774628936.5802796,7030555,1799822080,1799.82208,188,197,131,4,20260327_172948
1774628936.5902636,7030594,1799832064,1799.832064,191,198,133,4,20260327_172948
1774628936.6002476,7030633,1799842048,1799.842048,193,197,134,4,20260327_172948
1774628936.6102316,7030672,1799852032,1799.852032,196,198,135,4,20260327_172948
1774628936.6204717,7030712,1799862272,1799.862272,199,198,136,4,20260327_172948
1774628936.6304555,7030751,1799872256,1799.872256,202,197,136,4,20260327_172948
1774628936.6404395,7030790,1799882240,1799.88224,205,198,138,4,20260327_172948
1774628936.6504238,7030829,1799892224,1799.892224,208,198,138,4,20260327_172948
1774628936.6604078,7030868,1799902208,1799.902208,210,197,139,4,20260327_172948
1774628936.6703918,7030907,1799912192,1799.912192,213,198,139,4,20260327_172948
1774628936.6803756,7030946,1799922176,1799.922176,216,197,141,4,20260327_172948
1774628936.6903596,7030985,1799932160,1799.93216,219,198,137,4,20260327_172948
1774628936.7005997,7031025,1799942400,1799.9424,222,198,140,4,20260327_172948
1774628936.7105837,7031064,1799952384,1799.952384,225,198,139,4,20260327_172948
1774628936.7205677,7031103,1799962368,1799.962368,227,198,141,4,20260327_172948
1774628936.7305515,7031142,1799972352,1799.972352,230,199,141,4,20260327_172948
1774628936.7405355,7031181,1799982336,1799.982336,233,198,141,4,20260327_172948
1774628936.7505198,7031220,1799992320,1799.99232,236,198,141,4,20260327_172948
1774628936.7605038,7031259,1800002304,1800.002304,239,199,140,4,20260327_172948
1774628936.7704878,7031298,1800012288,1800.012288,242,199,141,4,20260327_172948
1774628936.7807276,7031338,1800022528,1800.022528,244,198,141,4,20260327_172948
1774628936.7907116,7031377,1800032512,1800.032512,247,198,142,4,20260327_172948
1774628936.8006957,7031416,1800042496,1800.042496,250,198,141,4,20260327_172948
1774628936.8106797,7031455,1800052480,1800.05248,253,199,141,4,20260327_172948
1774628936.8206637,7031494,1800062464,1800.062464,1,198,139,4,20260327_172948
1774628936.8306477,7031533,1800072448,1800.072448,4,199,138,4,20260327_172948
1774628936.8406315,7031572,1800082432,1800.082432,7,198,138,4,20260327_172948
1774628936.8506155,7031611,1800092416,1800.092416,9,198,136,4,20260327_172948
1774628936.8605998,7031650,1800102400,1800.1024,12,200,136,4,20260327_172948
1774628936.8708396,7031690,1800112640,1800.11264,15,199,133,4,20260327_172948
1774628936.8808236,7031729,1800122624,1800.122624,18,199,131,4,20260327_172948
1774628936.8908076,7031768,1800132608,1800.132608,21,199,128,4,20260327_172948
1774628936.9007916,7031807,1800142592,1800.142592,23,198,127,4,20260327_172948
1774628936.9107757,7031846,1800152576,1800.152576,26,199,126,4,20260327_172948
1774628936.9207597,7031885,1800162560,1800.16256,29,199,124,4,20260327_172948
1774628936.9307437,7031924,1800172544,1800.172544,32,199,119,4,20260327_172948
1774628936.9407277,7031963,1800182528,1800.182528,35,199,118,4,20260327_172948
1774628936.9507115,7032002,1800192512,1800.192512,38,200,109,4,20260327_172948
1774628936.9609518,7032042,1800202752,1800.202752,41,199,101,4,20260327_172948
1774628936.9709356,7032081,1800212736,1800.212736,44,199,94,4,20260327_172948
1774628936.9809196,7032120,1800222720,1800.22272,48,198,88,4,20260327_172948
1774628936.9909036,7032159,1800232704,1800.232704,53,199,84,4,20260327_172948
1774628937.0008876,7032198,1800242688,1800.242688,58,199,83,4,20260327_172948
1774628937.0108716,7032237,1800252672,1800.252672,63,199,82,4,20260327_172948
1774628937.0208557,7032276,1800262656,1800.262656,68,199,81,4,20260327_172948
1774628937.0308397,7032315,1800272640,1800.27264,72,198,82,4,20260327_172948
1774628937.0410798,7032355,1800282880,1800.28288,76,198,82,4,20260327_172948
1774628937.0510638,7032394,1800292864,1800.292864,80,198,82,4,20260327_172948
1774628937.0610478,7032433,1800302848,1800.302848,83,198,81,4,20260327_172948
1774628937.0710318,7032472,1800312832,1800.312832,86,198,80,4,20260327_172948
1774628937.0810156,7032511,1800322816,1800.322816,89,198,83,4,20260327_172948
1774628937.0909996,7032550,1800332800,1800.3328,92,198,83,4,20260327_172948
1774628937.1009836,7032589,1800342784,1800.342784,95,197,82,4,20260327_172948
1774628937.1109676,7032628,1800352768,1800.352768,98,198,83,4,20260327_172948
1774628937.1212077,7032668,1800363008,1800.363008,101,198,82,4,20260327_172948
1774628937.1311915,7032707,1800372992,1800.372992,104,198,81,4,20260327_172948
1774628937.1411755,7032746,1800382976,1800.382976,107,200,83,4,20260327_172948
1774628937.1511598,7032785,1800392960,1800.39296,110,197,82,4,20260327_172948
1774628937.1611438,7032824,1800402944,1800.402944,113,197,83,4,20260327_172948
1774628937.1711278,7032863,1800412928,1800.412928,116,197,82,4,20260327_172948
1774628937.1811116,7032902,1800422912,1800.422912,119,196,81,4,20260327_172948
1774628937.1910956,7032941,1800432896,1800.432896,122,198,82,4,20260327_172948
1774628937.2010796,7032980,1800442880,1800.44288,125,197,82,4,20260327_172948
1774628937.2113197,7033020,1800453120,1800.45312,128,197,82,4,20260327_172948
1774628937.2213037,7033059,1800463104,1800.463104,131,197,81,4,20260327_172948
1774628937.2312877,7033098,1800473088,1800.473088,134,197,82,4,20260327_172948
1774628937.2412715,7033137,1800483072,1800.483072,137,197,83,4,20260327_172948
1774628937.2512558,7033176,1800493056,1800.493056,141,197,83,4,20260327_172948
1774628937.2612398,7033215,1800503040,1800.50304,144,197,84,4,20260327_172948
1774628937.2712238,7033254,1800513024,1800.513024,147,198,84,4,20260327_172948
1774628937.2812078,7033293,1800523008,1800.523008,150,197,84,4,20260327_172948
1774628937.2914476,7033333,1800533248,1800.533248,154,197,85,4,20260327_172948
1774628937.3014317,7033372,1800543232,1800.543232,157,197,86,4,20260327_172948
1774628937.3114157,7033411,1800553216,1800.553216,161,197,89,4,20260327_172948
1774628937.3213997,7033450,1800563200,1800.5632,164,197,91,4,20260327_172948
1774628937.3313837,7033489,1800573184,1800.573184,167,198,98,4,20260327_172948
1774628937.3413675,7033528,1800583168,1800.583168,170,197,102,4,20260327_172948
1774628937.3513515,7033567,1800593152,1800.593152,173,197,107,4,20260327_172948
1774628937.3613358,7033606,1800603136,1800.603136,176,197,112,4,20260327_172948
1774628937.3713198,7033645,1800613120,1800.61312,179,198,121,4,20260327_172948
1774628937.3815596,7033685,1800623360,1800.62336,182,197,131,4,20260327_172948
1774628937.3915436,7033724,1800633344,1800.633344,185,197,133,4,20260327_172948
1774628937.4015276,7033763,1800643328,1800.643328,188,197,135,4,20260327_172948
1774628937.4115117,7033802,1800653312,1800.653312,190,198,134,4,20260327_172948
1774628937.4214957,7033841,1800663296,1800.663296,193,198,136,4,20260327_172948
1774628937.4314797,7033880,1800673280,1800.67328,196,198,138,4,20260327_172948
1774628937.4414637,7033919,1800683264,1800.683264,199,198,140,4,20260327_172948
1774628937.4514475,7033958,1800693248,1800.693248,202,198,139,4,20260327_172948
1774628937.4614315,7033997,1800703232,1800.703232,204,198,142,4,20260327_172948
1774628937.4716716,7034037,1800713472,1800.713472,207,199,141,4,20260327_172948
1774628937.4816556,7034076,1800723456,1800.723456,210,198,141,4,20260327_172948
1774628937.4916396,7034115,1800733440,1800.73344,213,197,141,4,20260327_172948
1774628937.5016236,7034154,1800743424,1800.743424,216,198,142,4,20260327_172948
1774628937.5116076,7034193,1800753408,1800.753408,219,198,142,4,20260327_172948
1774628937.5215917,7034232,1800763392,1800.763392,221,198,144,4,20260327_172948
1774628937.5315757,7034271,1800773376,1800.773376,224,200,144,4,20260327_172948
1774628937.5415597,7034310,1800783360,1800.78336,227,198,145,4,20260327_172948
1774628937.5515437,7034349,1800793344,1800.793344,230,198,143,4,20260327_172948
1774628937.5617838,7034389,1800803584,1800.803584,233,199,145,4,20260327_172948
1774628937.5717678,7034428,1800813568,1800.813568,236,198,144,4,20260327_172948
1774628937.5817516,7034467,1800823552,1800.823552,238,198,144,4,20260327_172948
1774628937.5917356,7034506,1800833536,1800.833536,241,198,143,4,20260327_172948
1774628937.6017196,7034545,1800843520,1800.84352,244,199,144,4,20260327_172948
1774628937.6117036,7034584,1800853504,1800.853504,247,199,145,4,20260327_172948
1774628937.6216877,7034623,1800863488,1800.863488,250,199,144,4,20260327_172948
1774628937.6316717,7034662,1800873472,1800.873472,253,199,144,4,20260327_172948
1774628937.6416557,7034701,1800883456,1800.883456,0,199,142,4,20260327_172948
1774628937.6518958,7034741,1800893696,1800.893696,3,199,140,4,20260327_172948
1774628937.6618798,7034780,1800903680,1800.90368,6,199,140,4,20260327_172948
1774628937.6718638,7034819,1800913664,1800.913664,9,199,138,4,20260327_172948
1774628937.6818478,7034858,1800923648,1800.923648,12,199,136,4,20260327_172948
1774628937.6918316,7034897,1800933632,1800.933632,15,199,133,4,20260327_172948
1774628937.7018156,7034936,1800943616,1800.943616,18,199,132,4,20260327_172948
1774628937.7117996,7034975,1800953600,1800.9536,20,199,130,4,20260327_172948
1774628937.7217836,7035014,1800963584,1800.963584,23,199,127,4,20260327_172948
1774628937.7320237,7035054,1800973824,1800.973824,26,199,127,4,20260327_172948
1774628937.7420075,7035093,1800983808,1800.983808,29,199,124,4,20260327_172948
1774628937.7519915,7035132,1800993792,1800.993792,32,199,121,4,20260327_172948
1774628937.7619758,7035171,1801003776,1801.003776,35,199,118,4,20260327_172948
1774628937.7719598,7035210,1801013760,1801.01376,37,199,111,4,20260327_172948
1774628937.7819438,7035249,1801023744,1801.023744,40,199,102,4,20260327_172948
1774628937.7919276,7035288,1801033728,1801.033728,44,199,95,4,20260327_172948
1774628937.8019116,7035327,1801043712,1801.043712,48,199,89,4,20260327_172948
1774628937.8118956,7035366,1801053696,1801.053696,52,198,84,4,20260327_172948
1774628937.8221357,7035406,1801063936,1801.063936,57,198,82,4,20260327_172948
1774628937.8321197,7035445,1801073920,1801.07392,62,199,82,4,20260327_172948
1774628937.8421035,7035484,1801083904,1801.083904,67,199,81,4,20260327_172948
1774628937.8520875,7035523,1801093888,1801.093888,71,199,82,4,20260327_172948
1774628937.8620718,7035562,1801103872,1801.103872,76,199,81,4,20260327_172948
1774628937.8720558,7035601,1801113856,1801.113856,79,198,80,4,20260327_172948
1774628937.8820398,7035640,1801123840,1801.12384,83,199,81,4,20260327_172948
1774628937.8920238,7035679,1801133824,1801.133824,86,198,82,4,20260327_172948
1774628937.9020076,7035718,1801143808,1801.143808,89,198,81,4,20260327_172948
1774628937.9122477,7035758,1801154048,1801.154048,92,198,81,4,20260327_172948
1774628937.9222317,7035797,1801164032,1801.164032,95,198,81,4,20260327_172948
1774628937.9322157,7035836,1801174016,1801.174016,98,198,82,4,20260327_172948
1774628937.9421997,7035875,1801184000,1801.184,101,198,82,4,20260327_172948
1774628937.9521835,7035914,1801193984,1801.193984,104,198,82,4,20260327_172948
1774628937.9621675,7035953,1801203968,1801.203968,107,198,82,4,20260327_172948
1774628937.9721518,7035992,1801213952,1801.213952,110,197,81,4,20260327_172948
1774628937.9821358,7036031,1801223936,1801.223936,113,197,82,4,20260327_172948
1774628937.9923756,7036071,1801234176,1801.234176,116,197,81,4,20260327_172948
1774628938.0023596,7036110,1801244160,1801.24416,118,197,82,4,20260327_172948
1774628938.0123436,7036149,1801254144,1801.254144,121,198,82,4,20260327_172948
1774628938.0223277,7036188,1801264128,1801.264128,125,197,82,4,20260327_172948
1774628938.0323117,7036227,1801274112,1801.274112,128,197,83,4,20260327_172948
1774628938.0422957,7036266,1801284096,1801.284096,131,197,83,4,20260327_172948
1774628938.0522797,7036305,1801294080,1801.29408,134,197,82,4,20260327_172948
1774628938.0622635,7036344,1801304064,1801.304064,137,197,83,4,20260327_172948
1774628938.0722475,7036383,1801314048,1801.314048,140,197,84,4,20260327_172948
1774628938.0824876,7036423,1801324288,1801.324288,143,196,83,4,20260327_172948
1774628938.0924716,7036462,1801334272,1801.334272,147,197,83,4,20260327_172948
1774628938.1024556,7036501,1801344256,1801.344256,150,197,84,4,20260327_172948
1774628938.1124396,7036540,1801354240,1801.35424,153,197,84,4,20260327_172948
1774628938.1224236,7036579,1801364224,1801.364224,157,198,88,4,20260327_172948
1774628938.1324077,7036618,1801374208,1801.374208,160,197,90,4,20260327_172948
1774628938.1423917,7036657,1801384192,1801.384192,164,198,93,4,20260327_172948
1774628938.1523757,7036696,1801394176,1801.394176,167,197,99,4,20260327_172948
1774628938.1623597,7036735,1801404160,1801.40416,170,197,103,4,20260327_172948
1774628938.1725998,7036775,1801414400,1801.4144,173,197,109,4,20260327_172948
1774628938.1825838,7036814,1801424384,1801.424384,176,197,115,4,20260327_172948
1774628938.1925676,7036853,1801434368,1801.434368,178,197,127,4,20260327_172948
1774628938.2025516,7036892,1801444352,1801.444352,181,197,133,4,20260327_172948
1774628938.2125356,7036931,1801454336,1801.454336,184,197,134,4,20260327_172948
1774628938.2225196,7036970,1801464320,1801.46432,187,197,135,4,20260327_172948
1774628938.2325037,7037009,1801474304,1801.474304,190,198,136,4,20260327_172948
1774628938.2424877,7037048,1801484288,1801.484288,193,198,139,4,20260327_172948
1774628938.2524717,7037087,1801494272,1801.494272,195,198,140,4,20260327_172948
1774628938.2627118,7037127,1801504512,1801.504512,198,198,141,4,20260327_172948
1774628938.2726958,7037166,1801514496,1801.514496,201,198,142,4,20260327_172948
1774628938.2826798,7037205,1801524480,1801.52448,204,198,142,4,20260327_172948
1774628938.2926636,7037244,1801534464,1801.534464,207,198,143,4,20260327_172948
1774628938.3026476,7037283,1801544448,1801.544448,210,198,143,4,20260327_172948
1774628938.3126316,7037322,1801554432,1801.554432,212,198,143,4,20260327_172948
1774628938.3226156,7037361,1801564416,1801.564416,215,198,144,4,20260327_172948
1774628938.3325996,7037400,1801574400,1801.5744,218,198,145,4,20260327_172948
1774628938.3428397,7037440,1801584640,1801.58464,221,198,144,4,20260327_172948
1774628938.3528235,7037479,1801594624,1801.594624,224,198,145,4,20260327_172948
1774628938.3628078,7037518,1801604608,1801.604608,226,198,144,4,20260327_172948
1774628938.3727918,7037557,1801614592,1801.614592,229,198,144,4,20260327_172948
1774628938.3827758,7037596,1801624576,1801.624576,232,198,145,4,20260327_172948
1774628938.3927598,7037635,1801634560,1801.63456,235,199,145,4,20260327_172948
1774628938.4027436,7037674,1801644544,1801.644544,238,199,146,4,20260327_172948
1774628938.4127276,7037713,1801654528,1801.654528,241,199,145,4,20260327_172948
1774628938.4229677,7037753,1801664768,1801.664768,244,199,146,4,20260327_172948
1774628938.4329517,7037792,1801674752,1801.674752,246,199,144,4,20260327_172948
1774628938.4429357,7037831,1801684736,1801.684736,249,199,145,4,20260327_172948
1774628938.4529195,7037870,1801694720,1801.69472,252,199,144,4,20260327_172948
1774628938.4629035,7037909,1801704704,1801.704704,0,199,142,4,20260327_172948
1774628938.4728878,7037948,1801714688,1801.714688,3,199,140,4,20260327_172948
1774628938.4828718,7037987,1801724672,1801.724672,6,199,140,4,20260327_172948
1774628938.4928558,7038026,1801734656,1801.734656,8,198,137,4,20260327_172948
1774628938.5028398,7038065,1801744640,1801.74464,11,198,134,4,20260327_172948
1774628938.5130796,7038105,1801754880,1801.75488,14,199,132,4,20260327_172948
1774628938.5230637,7038144,1801764864,1801.764864,17,199,131,4,20260327_172948
1774628938.5330477,7038183,1801774848,1801.774848,20,198,128,4,20260327_172948
1774628938.5430317,7038222,1801784832,1801.784832,23,199,127,4,20260327_172948
1774628938.5530157,7038261,1801794816,1801.794816,25,199,127,4,20260327_172948
1774628938.5629995,7038300,1801804800,1801.8048,28,198,124,4,20260327_172948
1774628938.5729835,7038339,1801814784,1801.814784,31,198,121,4,20260327_172948
1774628938.5829678,7038378,1801824768,1801.824768,34,199,117,4,20260327_172948
1774628938.5929518,7038417,1801834752,1801.834752,37,198,111,4,20260327_172948
1774628938.6031916,7038457,1801844992,1801.844992,40,199,101,4,20260327_172948
1774628938.6131756,7038496,1801854976,1801.854976,43,199,93,4,20260327_172948
1774628938.6231596,7038535,1801864960,1801.86496,47,199,88,4,20260327_172948
1774628938.6331437,7038574,1801874944,1801.874944,52,198,83,4,20260327_172948
1774628938.6431277,7038613,1801884928,1801.884928,57,199,82,4,20260327_172948
1774628938.6531117,7038652,1801894912,1801.894912,62,199,80,4,20260327_172948
1774628938.6630957,7038691,1801904896,1801.904896,67,199,81,4,20260327_172948
1774628938.6730795,7038730,1801914880,1801.91488,71,199,81,4,20260327_172948
1774628938.6830635,7038769,1801924864,1801.924864,75,199,81,4,20260327_172948
1774628938.6933036,7038809,1801935104,1801.935104,79,199,81,4,20260327_172948
1774628938.7032876,7038848,1801945088,1801.945088,82,199,82,4,20260327_172948
1774628938.7132716,7038887,1801955072,1801.955072,86,198,82,4,20260327_172948
1774628938.7232556,7038926,1801965056,1801.965056,89,198,82,4,20260327_172948
1774628938.7332397,7038965,1801975040,1801.97504,92,198,82,4,20260327_172948
1774628938.7432237,7039004,1801985024,1801.985024,95,198,81,4,20260327_172948
1774628938.7532077,7039043,1801995008,1801.995008,98,197,80,4,20260327_172948
1774628938.7631917,7039082,1802004992,1802.004992,101,197,83,4,20260327_172948
1774628938.7731757,7039121,1802014976,1802.014976,103,197,82,4,20260327_172948
1774628938.7834158,7039161,1802025216,1802.025216,106,197,80,4,20260327_172948
1774628938.7933998,7039200,1802035200,1802.0352,109,197,82,4,20260327_172948
1774628938.8033836,7039239,1802045184,1802.045184,112,197,82,4,20260327_172948
1774628938.8133676,7039278,1802055168,1802.055168,115,197,83,4,20260327_172948
1774628938.8233516,7039317,1802065152,1802.065152,118,197,81,4,20260327_172948
1774628938.8333356,7039356,1802075136,1802.075136,121,197,82,4,20260327_172948
1774628938.8433197,7039395,1802085120,1802.08512,124,197,82,4,20260327_172948
1774628938.8533037,7039434,1802095104,1802.095104,127,197,83,4,20260327_172948
1774628938.8635435,7039474,1802105344,1802.105344,131,197,82,4,20260327_172948
1774628938.8735278,7039513,1802115328,1802.115328,134,196,83,4,20260327_172948
1774628938.8835118,7039552,1802125312,1802.125312,137,197,85,4,20260327_172948
1774628938.8934958,7039591,1802135296,1802.135296,140,197,86,4,20260327_172948
1774628938.9034796,7039630,1802145280,1802.14528,143,197,86,4,20260327_172948
1774628938.9134636,7039669,1802155264,1802.155264,146,197,87,4,20260327_172948
1774628938.9234476,7039708,1802165248,1802.165248,150,197,87,4,20260327_172948
1774628938.9334316,7039747,1802175232,1802.175232,153,197,88,4,20260327_172948
1774628938.9434156,7039786,1802185216,1802.185216,156,197,92,4,20260327_172948
1774628938.9536555,7039826,1802195456,1802.195456,160,197,100,4,20260327_172948
1774628938.9636395,7039865,1802205440,1802.20544,163,197,103,4,20260327_172948
1774628938.9736238,7039904,1802215424,1802.215424,166,197,108,4,20260327_172948
1774628938.9836078,7039943,1802225408,1802.225408,169,197,113,4,20260327_172948
1774628938.9935918,7039982,1802235392,1802.235392,171,197,119,4,20260327_172948
1774628939.0035758,7040021,1802245376,1802.245376,174,197,128,4,20260327_172948
1774628939.0135596,7040060,1802255360,1802.25536,177,197,132,4,20260327_172948
1774628939.0235436,7040099,1802265344,1802.265344,180,197,131,4,20260327_172948
1774628939.0335276,7040138,1802275328,1802.275328,183,197,131,4,20260327_172948
1774628939.0437677,7040178,1802285568,1802.285568,185,197,132,4,20260327_172948
1774628939.0537517,7040217,1802295552,1802.295552,188,197,137,4,20260327_172948
1774628939.0637355,7040256,1802305536,1802.305536,191,197,137,4,20260327_172948
1774628939.0737195,7040295,1802315520,1802.31552,194,197,138,4,20260327_172948
1774628939.0837038,7040334,1802325504,1802.325504,197,197,139,4,20260327_172948
1774628939.0936878,7040373,1802335488,1802.335488,200,198,141,4,20260327_172948
1774628939.1036718,7040412,1802345472,1802.345472,202,198,141,4,20260327_172948
1774628939.1136558,7040451,1802355456,1802.355456,205,198,141,4,20260327_172948
1774628939.1236396,7040490,1802365440,1802.36544,208,198,141,4,20260327_172948
1774628939.1338797,7040530,1802375680,1802.37568,211,199,142,4,20260327_172948
1774628939.1438637,7040569,1802385664,1802.385664,214,199,143,4,20260327_172948
1774628939.1538477,7040608,1802395648,1802.395648,216,198,142,4,20260327_172948
1774628939.1638317,7040647,1802405632,1802.405632,219,198,143,4,20260327_172948
1774628939.1738155,7040686,1802415616,1802.415616,222,198,142,4,20260327_172948
1774628939.1837995,7040725,1802425600,1802.4256,225,199,144,4,20260327_172948
1774628939.1937838,7040764,1802435584,1802.435584,228,198,144,4,20260327_172948
1774628939.2037678,7040803,1802445568,1802.445568,231,199,144,4,20260327_172948
1774628939.2137518,7040842,1802455552,1802.455552,234,198,144,4,20260327_172948
1774628939.2239916,7040882,1802465792,1802.465792,236,199,143,4,20260327_172948
1774628939.2339756,7040921,1802475776,1802.475776,239,199,142,4,20260327_172948
1774628939.2439597,7040960,1802485760,1802.48576,242,199,142,4,20260327_172948
1774628939.2539437,7040999,1802495744,1802.495744,245,199,142,4,20260327_172948
1774628939.2639277,7041038,1802505728,1802.505728,248,198,144,4,20260327_172948
1774628939.2739117,7041077,1802515712,1802.515712,251,198,144,4,20260327_172948
1774628939.2838955,7041116,1802525696,1802.525696,253,199,142,4,20260327_172948
1774628939.2941358,7041156,1802535936,1802.535936,1,199,141,4,20260327_172948
1774628939.3041196,7041195,1802545920,1802.54592,4,200,139,4,20260327_172948
1774628939.3141036,7041234,1802555904,1802.555904,7,199,138,4,20260327_172948
1774628939.3240876,7041273,1802565888,1802.565888,10,199,137,4,20260327_172948
1774628939.3340716,7041312,1802575872,1802.575872,13,199,134,4,20260327_172948
1774628939.3440557,7041351,1802585856,1802.585856,15,199,133,4,20260327_172948
1774628939.3540397,7041390,1802595840,1802.59584,18,199,129,4,20260327_172948
1774628939.3640237,7041429,1802605824,1802.605824,21,199,127,4,20260327_172948
1774628939.3740077,7041468,1802615808,1802.615808,24,198,127,4,20260327_172948
1774628939.3839917,7041507,1802625792,1802.625792,27,199,124,4,20260327_172948
1774628939.3942318,7041547,1802636032,1802.636032,30,199,122,4,20260327_172948
1774628939.4042156,7041586,1802646016,1802.646016,33,198,118,4,20260327_172948
1774628939.4141996,7041625,1802656000,1802.656,35,198,115,4,20260327_172948
1774628939.4241836,7041664,1802665984,1802.665984,38,199,103,4,20260327_172948
1774628939.4341676,7041703,1802675968,1802.675968,42,199,97,4,20260327_172948
1774628939.4441516,7041742,1802685952,1802.685952,45,199,92,4,20260327_172948
1774628939.4541357,7041781,1802695936,1802.695936,49,199,87,4,20260327_172948
1774628939.4641197,7041820,1802705920,1802.70592,54,198,84,4,20260327_172948
1774628939.4741037,7041859,1802715904,1802.715904,59,198,81,4,20260327_172948
1774628939.4843438,7041899,1802726144,1802.726144,64,200,81,4,20260327_172948
1774628939.4943278,7041938,1802736128,1802.736128,69,198,81,4,20260327_172948
1774628939.5043118,7041977,1802746112,1802.746112,73,198,82,4,20260327_172948
1774628939.5142956,7042016,1802756096,1802.756096,77,198,80,4,20260327_172948
1774628939.5242796,7042055,1802766080,1802.76608,81,198,81,4,20260327_172948
1774628939.5342636,7042094,1802776064,1802.776064,84,198,81,4,20260327_172948
1774628939.5442476,7042133,1802786048,1802.786048,87,198,82,4,20260327_172948
1774628939.5542316,7042172,1802796032,1802.796032,90,197,82,4,20260327_172948
1774628939.5644715,7042212,1802806272,1802.806272,93,198,81,4,20260327_172948
1774628939.5744555,7042251,1802816256,1802.816256,96,198,82,4,20260327_172948
1774628939.5844398,7042290,1802826240,1802.82624,99,197,81,4,20260327_172948
1774628939.5944238,7042329,1802836224,1802.836224,102,197,82,4,20260327_172948
1774628939.6044078,7042368,1802846208,1802.846208,105,197,80,4,20260327_172948
1774628939.6143918,7042407,1802856192,1802.856192,108,197,81,4,20260327_172948
1774628939.6243756,7042446,1802866176,1802.866176,111,198,81,4,20260327_172948
1774628939.6343596,7042485,1802876160,1802.87616,114,196,84,4,20260327_172948
1774628939.6443436,7042524,1802886144,1802.886144,117,198,83,4,20260327_172948
1774628939.6545837,7042564,1802896384,1802.896384,120,197,83,4,20260327_172948
1774628939.6645677,7042603,1802906368,1802.906368,123,196,83,4,20260327_172948
1774628939.6745515,7042642,1802916352,1802.916352,126,197,84,4,20260327_172948
1774628939.6845355,7042681,1802926336,1802.926336,129,196,84,4,20260327_172948
1774628939.6945198,7042720,1802936320,1802.93632,132,197,85,4,20260327_172948
1774628939.7045038,7042759,1802946304,1802.946304,135,196,85,4,20260327_172948
1774628939.7144878,7042798,1802956288,1802.956288,138,196,86,4,20260327_172948
1774628939.7244718,7042837,1802966272,1802.966272,141,197,88,4,20260327_172948
1774628939.7347116,7042877,1802976512,1802.976512,144,197,88,4,20260327_172948
1774628939.7446957,7042916,1802986496,1802.986496,147,196,90,4,20260327_172948
1774628939.7546797,7042955,1802996480,1802.99648,151,196,92,4,20260327_172948
1774628939.7646637,7042994,1803006464,1803.006464,154,197,99,4,20260327_172948
1774628939.7746477,7043033,1803016448,1803.016448,157,197,103,4,20260327_172948
1774628939.7846315,7043072,1803026432,1803.026432,160,197,107,4,20260327_172948
1774628939.7946155,7043111,1803036416,1803.036416,163,197,111,4,20260327_172948
1774628939.8048556,7043151,1803046656,1803.046656,166,197,116,4,20260327_172948
1774628939.8148396,7043190,1803056640,1803.05664,169,198,123,4,20260327_172948
1774628939.8248236,7043229,1803066624,1803.066624,171,197,130,4,20260327_172948
1774628939.8348076,7043268,1803076608,1803.076608,174,197,132,4,20260327_172948
1774628939.8447917,7043307,1803086592,1803.086592,177,197,132,4,20260327_172948
1774628939.8547757,7043346,1803096576,1803.096576,180,197,131,4,20260327_172948
1774628939.8647597,7043385,1803106560,1803.10656,183,197,135,4,20260327_172948
1774628939.8747437,7043424,1803116544,1803.116544,185,197,137,4,20260327_172948
1774628939.8847277,7043463,1803126528,1803.126528,188,197,138,4,20260327_172948
1774628939.8949678,7043503,1803136768,1803.136768,191,197,139,4,20260327_172948
1774628939.9049518,7043542,1803146752,1803.146752,194,197,139,4,20260327_172948
1774628939.9149356,7043581,1803156736,1803.156736,197,197,141,4,20260327_172948
1774628939.9249196,7043620,1803166720,1803.16672,199,197,141,4,20260327_172948
1774628939.9349036,7043659,1803176704,1803.176704,202,198,142,4,20260327_172948
1774628939.9448876,7043698,1803186688,1803.186688,205,198,142,4,20260327_172948
1774628939.9548717,7043737,1803196672,1803.196672,208,198,143,4,20260327_172948
1774628939.9648557,7043776,1803206656,1803.206656,211,198,144,4,20260327_172948
1774628939.9748397,7043815,1803216640,1803.21664,214,198,143,4,20260327_172948
1774628939.9850798,7043855,1803226880,1803.22688,216,198,143,4,20260327_172948
1774628939.9950638,7043894,1803236864,1803.236864,219,198,144,4,20260327_172948
1774628940.0050478,7043933,1803246848,1803.246848,222,199,144,4,20260327_172948
1774628940.0150316,7043972,1803256832,1803.256832,225,200,144,4,20260327_172948
1774628940.0250156,7044011,1803266816,1803.266816,228,198,143,4,20260327_172948
1774628940.0349996,7044050,1803276800,1803.2768,231,199,144,4,20260327_172948
1774628940.0449836,7044089,1803286784,1803.286784,233,198,144,4,20260327_172948
1774628940.0549676,7044128,1803296768,1803.296768,236,199,144,4,20260327_172948
1774628940.0649517,7044167,1803306752,1803.306752,239,199,144,4,20260327_172948
1774628940.0751915,7044207,1803316992,1803.316992,242,199,144,4,20260327_172948
1774628940.0851758,7044246,1803326976,1803.326976,245,198,144,4,20260327_172948
1774628940.0951598,7044285,1803336960,1803.33696,248,198,144,4,20260327_172948
1774628940.1051438,7044324,1803346944,1803.346944,250,198,142,4,20260327_172948
1774628940.1151278,7044363,1803356928,1803.356928,253,199,141,4,20260327_172948
1774628940.1251116,7044402,1803366912,1803.366912,1,199,140,4,20260327_172948
1774628940.1350956,7044441,1803376896,1803.376896,4,198,140,4,20260327_172948
1774628940.1450796,7044480,1803386880,1803.38688,7,199,137,4,20260327_172948
1774628940.1550636,7044519,1803396864,1803.396864,10,199,135,4,20260327_172948
1774628940.1653037,7044559,1803407104,1803.407104,13,199,133,4,20260327_172948
1774628940.1752875,7044598,1803417088,1803.417088,15,198,130,4,20260327_172948
1774628940.1852715,7044637,1803427072,1803.427072,18,199,128,4,20260327_172948
1774628940.1952558,7044676,1803437056,1803.437056,21,199,127,4,20260327_172948
1774628940.2052398,7044715,1803447040,1803.44704,24,199,126,4,20260327_172948
1774628940.2152238,7044754,1803457024,1803.457024,27,198,124,4,20260327_172948
1774628940.2252078,7044793,1803467008,1803.467008,30,198,121,4,20260327_172948
1774628940.2351916,7044832,1803476992,1803.476992,32,199,117,4,20260327_172948
1774628940.2451756,7044871,1803486976,1803.486976,35,199,108,4,20260327_172948
1774628940.2554157,7044911,1803497216,1803.497216,38,199,99,4,20260327_172948
1774628940.2653997,7044950,1803507200,1803.5072,42,199,93,4,20260327_172948
1774628940.2753837,7044989,1803517184,1803.517184,45,198,88,4,20260327_172948
1774628940.2853675,7045028,1803527168,1803.527168,50,199,84,4,20260327_172948
1774628940.2953515,7045067,1803537152,1803.537152,55,198,81,4,20260327_172948
1774628940.3053358,7045106,1803547136,1803.547136,60,199,80,4,20260327_172948
1774628940.3153198,7045145,1803557120,1803.55712,65,199,81,4,20260327_172948
1774628940.3253038,7045184,1803567104,1803.567104,69,198,82,4,20260327_172948
1774628940.3352878,7045223,1803577088,1803.577088,74,198,80,4,20260327_172948
1774628940.3455276,7045263,1803587328,1803.587328,77,198,81,4,20260327_172948
1774628940.3555117,7045302,1803597312,1803.597312,81,198,82,4,20260327_172948
1774628940.3654957,7045341,1803607296,1803.607296,84,198,81,4,20260327_172948
1774628940.3754797,7045380,1803617280,1803.61728,87,198,81,4,20260327_172948
1774628940.3854637,7045419,1803627264,1803.627264,90,198,82,4,20260327_172948
1774628940.3954475,7045458,1803637248,1803.637248,93,197,82,4,20260327_172948
1774628940.4054315,7045497,1803647232,1803.647232,96,197,82,4,20260327_172948
1774628940.4154158,7045536,1803657216,1803.657216,99,197,84,4,20260327_172948
1774628940.4253998,7045575,1803667200,1803.6672,102,197,83,4,20260327_172948
1774628940.4356396,7045615,1803677440,1803.67744,105,197,82,4,20260327_172948
1774628940.4456236,7045654,1803687424,1803.687424,108,197,83,4,20260327_172948
1774628940.4556077,7045693,1803697408,1803.697408,111,196,83,4,20260327_172948
1774628940.4655917,7045732,1803707392,1803.707392,114,196,83,4,20260327_172948
1774628940.4755757,7045771,1803717376,1803.717376,117,196,84,4,20260327_172948
1774628940.4855597,7045810,1803727360,1803.72736,120,196,85,4,20260327_172948
1774628940.4955437,7045849,1803737344,1803.737344,123,196,86,4,20260327_172948
1774628940.5055275,7045888,1803747328,1803.747328,126,197,86,4,20260327_172948
1774628940.5155118,7045927,1803757312,1803.757312,129,196,86,4,20260327_172948
1774628940.5257516,7045967,1803767552,1803.767552,132,196,87,4,20260327_172948
1774628940.5357356,7046006,1803777536,1803.777536,135,196,88,4,20260327_172948
1774628940.5457196,7046045,1803787520,1803.78752,138,196,90,4,20260327_172948
1774628940.5557036,7046084,1803797504,1803.797504,141,196,94,4,20260327_172948
1774628940.5656877,7046123,1803807488,1803.807488,144,196,99,4,20260327_172948
1774628940.5756717,7046162,1803817472,1803.817472,147,197,103,4,20260327_172948
1774628940.5856557,7046201,1803827456,1803.827456,150,197,106,4,20260327_172948
1774628940.5956397,7046240,1803837440,1803.83744,153,197,110,4,20260327_172948
1774628940.6056235,7046279,1803847424,1803.847424,156,197,114,4,20260327_172948
1774628940.6158638,7046319,1803857664,1803.857664,159,197,118,4,20260327_172948
1774628940.6258476,7046358,1803867648,1803.867648,162,197,125,4,20260327_172948
1774628940.6358316,7046397,1803877632,1803.877632,164,197,129,4,20260327_172948
1774628940.6458156,7046436,1803887616,1803.887616,167,197,133,4,20260327_172948
1774628940.6557996,7046475,1803897600,1803.8976,169,197,135,4,20260327_172948
1774628940.6657836,7046514,1803907584,1803.907584,172,197,135,4,20260327_172948
1774628940.6757677,7046553,1803917568,1803.917568,175,197,134,4,20260327_172948
1774628940.6857517,7046592,1803927552,1803.927552,177,197,138,4,20260327_172948
1774628940.6959918,7046632,1803937792,1803.937792,180,197,140,4,20260327_172948
1774628940.7059758,7046671,1803947776,1803.947776,183,197,140,4,20260327_172948
1774628940.7159598,7046710,1803957760,1803.95776,186,197,141,4,20260327_172948
1774628940.7259438,7046749,1803967744,1803.967744,189,197,142,4,20260327_172948
1774628940.7359276,7046788,1803977728,1803.977728,191,197,142,4,20260327_172948
1774628940.7459116,7046827,1803987712,1803.987712,194,197,141,4,20260327_172948
1774628940.7558956,7046866,1803997696,1803.997696,197,197,141,4,20260327_172948
1774628940.7658796,7046905,1804007680,1804.00768,200,197,142,4,20260327_172948
1774628940.7758636,7046944,1804017664,1804.017664,203,198,143,4,20260327_172948
1774628940.7861035,7046984,1804027904,1804.027904,205,198,143,4,20260327_172948
1774628940.7960875,7047023,1804037888,1804.037888,208,197,144,4,20260327_172948
1774628940.8060718,7047062,1804047872,1804.047872,211,197,144,4,20260327_172948
1774628940.8160558,7047101,1804057856,1804.057856,214,197,145,4,20260327_172948
1774628940.8260398,7047140,1804067840,1804.06784,217,197,144,4,20260327_172948
1774628940.8360238,7047179,1804077824,1804.077824,220,198,145,4,20260327_172948
1774628940.8460076,7047218,1804087808,1804.087808,222,198,144,4,20260327_172948
1774628940.8559916,7047257,1804097792,1804.097792,225,198,144,4,20260327_172948
1774628940.8659756,7047296,1804107776,1804.107776,228,199,145,4,20260327_172948
1774628940.8762157,7047336,1804118016,1804.118016,231,199,146,4,20260327_172948
1774628940.8861997,7047375,1804128000,1804.128,234,199,144,4,20260327_172948
1774628940.8961835,7047414,1804137984,1804.137984,237,199,142,4,20260327_172948
1774628940.9061675,7047453,1804147968,1804.147968,239,199,140,4,20260327_172948
1774628940.9161518,7047492,1804157952,1804.157952,242,199,140,4,20260327_172948
1774628940.9261358,7047531,1804167936,1804.167936,245,198,140,4,20260327_172948
1774628940.9361198,7047570,1804177920,1804.17792,248,198,137,4,20260327_172948
1774628940.9461036,7047609,1804187904,1804.187904,251,199,135,4,20260327_172948
1774628940.9560876,7047648,1804197888,1804.197888,254,198,134,4,20260327_172948
1774628940.9663277,7047688,1804208128,1804.208128,2,199,133,4,20260327_172948
1774628940.9763117,7047727,1804218112,1804.218112,4,198,132,4,20260327_172948
1774628940.9862957,7047766,1804228096,1804.228096,7,198,132,4,20260327_172948
1774628940.9962797,7047805,1804238080,1804.23808,10,199,129,4,20260327_172948
1774628941.0062635,7047844,1804248064,1804.248064,13,199,128,4,20260327_172948
1774628941.0162475,7047883,1804258048,1804.258048,16,198,127,4,20260327_172948
1774628941.0262318,7047922,1804268032,1804.268032,19,198,126,4,20260327_172948
1774628941.0362158,7047961,1804278016,1804.278016,21,199,125,4,20260327_172948
1774628941.0461998,7048000,1804288000,1804.288,24,199,123,4,20260327_172948
1774628941.0564396,7048040,1804298240,1804.29824,27,199,120,4,20260327_172948
1774628941.0664237,7048079,1804308224,1804.308224,30,198,116,4,20260327_172948
1774628941.0764077,7048118,1804318208,1804.318208,33,198,107,4,20260327_172948
1774628941.0863917,7048157,1804328192,1804.328192,36,199,100,4,20260327_172948
1774628941.0963757,7048196,1804338176,1804.338176,39,198,94,4,20260327_172948
1774628941.1063595,7048235,1804348160,1804.34816,42,199,89,4,20260327_172948
1774628941.1163435,7048274,1804358144,1804.358144,46,199,86,4,20260327_172948
1774628941.1263278,7048313,1804368128,1804.368128,51,199,85,4,20260327_172948
1774628941.1365676,7048353,1804378368,1804.378368,56,198,82,4,20260327_172948
1774628941.1465516,7048392,1804388352,1804.388352,61,198,81,4,20260327_172948
1774628941.1565356,7048431,1804398336,1804.398336,66,199,80,4,20260327_172948
1774628941.1665196,7048470,1804408320,1804.40832,70,198,82,4,20260327_172948
1774628941.1765037,7048509,1804418304,1804.418304,74,198,83,4,20260327_172948
1774628941.1864877,7048548,1804428288,1804.428288,78,197,80,4,20260327_172948
1774628941.1964717,7048587,1804438272,1804.438272,82,197,81,4,20260327_172948
1774628941.2064557,7048626,1804448256,1804.448256,85,198,81,4,20260327_172948
1774628941.2164395,7048665,1804458240,1804.45824,88,198,82,4,20260327_172948
1774628941.2266798,7048705,1804468480,1804.46848,91,197,82,4,20260327_172948
1774628941.2366636,7048744,1804478464,1804.478464,94,197,82,4,20260327_172948
1774628941.2466476,7048783,1804488448,1804.488448,97,197,81,4,20260327_172948
1774628941.2566316,7048822,1804498432,1804.498432,100,197,82,4,20260327_172948
1774628941.2666156,7048861,1804508416,1804.508416,103,197,83,4,20260327_172948
1774628941.2765996,7048900,1804518400,1804.5184,106,196,81,4,20260327_172948
1774628941.2865837,7048939,1804528384,1804.528384,109,196,83,4,20260327_172948
1774628941.2965677,7048978,1804538368,1804.538368,112,196,83,4,20260327_172948
1774628941.3065517,7049017,1804548352,1804.548352,115,196,83,4,20260327_172948
1774628941.3167918,7049057,1804558592,1804.558592,118,196,85,4,20260327_172948
1774628941.3267758,7049096,1804568576,1804.568576,121,196,85,4,20260327_172948
1774628941.3367598,7049135,1804578560,1804.57856,124,196,86,4,20260327_172948
1774628941.3467436,7049174,1804588544,1804.588544,127,196,88,4,20260327_172948
1774628941.3567276,7049213,1804598528,1804.598528,130,196,89,4,20260327_172948
1774628941.3667116,7049252,1804608512,1804.608512,133,196,91,4,20260327_172948
1774628941.3766956,7049291,1804618496,1804.618496,136,196,94,4,20260327_172948
1774628941.3866796,7049330,1804628480,1804.62848,139,196,101,4,20260327_172948
1774628941.3966637,7049369,1804638464,1804.638464,142,196,105,4,20260327_172948
1774628941.4069035,7049409,1804648704,1804.648704,145,197,107,4,20260327_172948
1774628941.4168878,7049448,1804658688,1804.658688,148,197,110,4,20260327_172948
1774628941.4268718,7049487,1804668672,1804.668672,150,197,114,4,20260327_172948
1774628941.4368558,7049526,1804678656,1804.678656,153,197,119,4,20260327_172948
1774628941.4468398,7049565,1804688640,1804.68864,156,197,125,4,20260327_172948
1774628941.4568236,7049604,1804698624,1804.698624,158,197,130,4,20260327_172948
1774628941.4668076,7049643,1804708608,1804.708608,161,197,134,4,20260327_172948
1774628941.4767916,7049682,1804718592,1804.718592,163,197,135,4,20260327_172948
1774628941.4870317,7049722,1804728832,1804.728832,165,197,135,4,20260327_172948
1774628941.4970157,7049761,1804738816,1804.738816,168,197,133,4,20260327_172948
1774628941.5069995,7049800,1804748800,1804.7488,171,196,137,4,20260327_172948
1774628941.5169835,7049839,1804758784,1804.758784,173,197,140,4,20260327_172948
1774628941.5269678,7049878,1804768768,1804.768768,176,197,141,4,20260327_172948
1774628941.5369518,7049917,1804778752,1804.778752,179,197,142,4,20260327_172948
1774628941.5469358,7049956,1804788736,1804.788736,181,197,142,4,20260327_172948
1774628941.5569196,7049995,1804798720,1804.79872,184,197,143,4,20260327_172948
1774628941.5669036,7050034,1804808704,1804.808704,187,197,144,4,20260327_172948
1774628941.5771437,7050074,1804818944,1804.818944,190,197,143,4,20260327_172948
1774628941.5871277,7050113,1804828928,1804.828928,193,197,144,4,20260327_172948
1774628941.5971117,7050152,1804838912,1804.838912,196,197,144,4,20260327_172948
1774628941.6070957,7050191,1804848896,1804.848896,198,197,145,4,20260327_172948
1774628941.6170795,7050230,1804858880,1804.85888,201,197,144,4,20260327_172948
1774628941.6270638,7050269,1804868864,1804.868864,204,197,146,4,20260327_172948
1774628941.6370478,7050308,1804878848,1804.878848,207,197,145,4,20260327_172948
1774628941.6470318,7050347,1804888832,1804.888832,210,198,146,4,20260327_172948
1774628941.6572716,7050387,1804899072,1804.899072,212,197,146,4,20260327_172948
1774628941.6672556,7050426,1804909056,1804.909056,215,198,146,4,20260327_172948
1774628941.6772397,7050465,1804919040,1804.91904,218,198,146,4,20260327_172948
1774628941.6872237,7050504,1804929024,1804.929024,221,198,144,4,20260327_172948
1774628941.6972077,7050543,1804939008,1804.939008,224,198,145,4,20260327_172948
1774628941.7071917,7050582,1804948992,1804.948992,227,198,145,4,20260327_172948
1774628941.7171755,7050621,1804958976,1804.958976,229,198,145,4,20260327_172948
1774628941.7271595,7050660,1804968960,1804.96896,232,198,144,4,20260327_172948
1774628941.7371438,7050699,1804978944,1804.978944,235,198,147,4,20260327_172948
1774628941.7473836,7050739,1804989184,1804.989184,238,198,145,4,20260327_172948
1774628941.7573676,7050778,1804999168,1804.999168,241,198,145,4,20260327_172948
1774628941.7673516,7050817,1805009152,1805.009152,244,199,145,4,20260327_172948
1774628941.7773356,7050856,1805019136,1805.019136,246,198,147,4,20260327_172948
1774628941.7873197,7050895,1805029120,1805.02912,249,198,143,4,20260327_172948
1774628941.7973037,7050934,1805039104,1805.039104,252,198,143,4,20260327_172948
1774628941.8072877,7050973,1805049088,1805.049088,0,199,142,4,20260327_172948
1774628941.8172717,7051012,1805059072,1805.059072,3,199,140,4,20260327_172948
1774628941.8272555,7051051,1805069056,1805.069056,6,198,139,4,20260327_172948
1774628941.8374958,7051091,1805079296,1805.079296,9,199,137,4,20260327_172948
1774628941.8474796,7051130,1805089280,1805.08928,11,198,136,4,20260327_172948
1774628941.8574636,7051169,1805099264,1805.099264,14,199,133,4,20260327_172948
1774628941.8674476,7051208,1805109248,1805.109248,17,198,131,4,20260327_172948
1774628941.8774316,7051247,1805119232,1805.119232,20,199,129,4,20260327_172948
1774628941.8874156,7051286,1805129216,1805.129216,23,198,128,4,20260327_172948
1774628941.8973997,7051325,1805139200,1805.1392,26,199,127,4,20260327_172948
1774628941.9073837,7051364,1805149184,1805.149184,28,199,127,4,20260327_172948
1774628941.9173677,7051403,1805159168,1805.159168,31,198,125,4,20260327_172948
1774628941.9276078,7051443,1805169408,1805.169408,34,198,122,4,20260327_172948
1774628941.9375918,7051482,1805179392,1805.179392,37,198,120,4,20260327_172948
1774628941.9475758,7051521,1805189376,1805.189376,40,199,114,4,20260327_172948
1774628941.9575596,7051560,1805199360,1805.19936,43,198,105,4,20260327_172948
1774628941.9675436,7051599,1805209344,1805.209344,46,199,100,4,20260327_172948
1774628941.9775276,7051638,1805219328,1805.219328,50,198,93,4,20260327_172948
1774628941.9875116,7051677,1805229312,1805.229312,54,198,90,4,20260327_172948
1774628941.9974957,7051716,1805239296,1805.239296,59,198,86,4,20260327_172948
1774628942.0077355,7051756,1805249536,1805.249536,64,198,85,4,20260327_172948
1774628942.0177195,7051795,1805259520,1805.25952,68,198,83,4,20260327_172948
1774628942.0277038,7051834,1805269504,1805.269504,73,198,82,4,20260327_172948
1774628942.0376878,7051873,1805279488,1805.279488,77,198,79,4,20260327_172948
1774628942.0476718,7051912,1805289472,1805.289472,80,197,81,4,20260327_172948
1774628942.0576556,7051951,1805299456,1805.299456,84,198,81,4,20260327_172948
1774628942.0676396,7051990,1805309440,1805.30944,87,197,81,4,20260327_172948
1774628942.0776236,7052029,1805319424,1805.319424,90,197,81,4,20260327_172948
1774628942.0876076,7052068,1805329408,1805.329408,93,197,82,4,20260327_172948
1774628942.0978477,7052108,1805339648,1805.339648,96,197,81,4,20260327_172948
1774628942.1078317,7052147,1805349632,1805.349632,99,197,81,4,20260327_172948
1774628942.1178155,7052186,1805359616,1805.359616,102,197,81,4,20260327_172948
1774628942.1277995,7052225,1805369600,1805.3696,104,197,82,4,20260327_172948
1774628942.1377838,7052264,1805379584,1805.379584,107,196,82,4,20260327_172948
1774628942.1477678,7052303,1805389568,1805.389568,110,197,83,4,20260327_172948
1774628942.1577518,7052342,1805399552,1805.399552,113,196,83,4,20260327_172948
1774628942.1677356,7052381,1805409536,1805.409536,116,196,84,4,20260327_172948
1774628942.1777196,7052420,1805419520,1805.41952,119,196,85,4,20260327_172948
1774628942.1879597,7052460,1805429760,1805.42976,122,196,86,4,20260327_172948
1774628942.1979437,7052499,1805439744,1805.439744,125,196,86,4,20260327_172948
1774628942.2079277,7052538,1805449728,1805.449728,128,196,86,4,20260327_172948
1774628942.2179115,7052577,1805459712,1805.459712,131,196,87,4,20260327_172948
1774628942.2278955,7052616,1805469696,1805.469696,135,196,88,4,20260327_172948
1774628942.2378798,7052655,1805479680,1805.47968,138,197,91,4,20260327_172948
1774628942.2478638,7052694,1805489664,1805.489664,141,197,94,4,20260327_172948
1774628942.2578478,7052733,1805499648,1805.499648,144,196,97,4,20260327_172948
1774628942.2680876,7052773,1805509888,1805.509888,147,197,102,4,20260327_172948
1774628942.2780716,7052812,1805519872,1805.519872,150,196,106,4,20260327_172948
1774628942.2880557,7052851,1805529856,1805.529856,153,197,109,4,20260327_172948
1774628942.2980397,7052890,1805539840,1805.53984,156,197,112,4,20260327_172948
1774628942.3080237,7052929,1805549824,1805.549824,159,197,116,4,20260327_172948
1774628942.3180077,7052968,1805559808,1805.559808,161,197,123,4,20260327_172948
1774628942.3279915,7053007,1805569792,1805.569792,164,196,127,4,20260327_172948
1774628942.3379755,7053046,1805579776,1805.579776,166,197,134,4,20260327_172948
1774628942.3479598,7053085,1805589760,1805.58976,169,197,136,4,20260327_172948
1774628942.3581996,7053125,1805600000,1805.6,171,197,135,4,20260327_172948
1774628942.3681836,7053164,1805609984,1805.609984,174,198,137,4,20260327_172948
1774628942.3781676,7053203,1805619968,1805.619968,177,197,138,4,20260327_172948
1774628942.3881516,7053242,1805629952,1805.629952,180,199,141,4,20260327_172948
1774628942.3981357,7053281,1805639936,1805.639936,183,197,142,4,20260327_172948
1774628942.4081197,7053320,1805649920,1805.64992,185,197,141,4,20260327_172948
1774628942.4181037,7053359,1805659904,1805.659904,188,198,143,4,20260327_172948
1774628942.4280877,7053398,1805669888,1805.669888,191,197,142,4,20260327_172948
1774628942.4380715,7053437,1805679872,1805.679872,194,197,142,4,20260327_172948
1774628942.4483118,7053477,1805690112,1805.690112,197,197,142,4,20260327_172948
1774628942.4582956,7053516,1805700096,1805.700096,199,198,145,4,20260327_172948
1774628942.4682796,7053555,1805710080,1805.71008,202,198,144,4,20260327_172948
1774628942.4782636,7053594,1805720064,1805.720064,205,197,142,4,20260327_172948
1774628942.4882476,7053633,1805730048,1805.730048,208,198,144,4,20260327_172948
1774628942.4982316,7053672,1805740032,1805.740032,211,197,143,4,20260327_172948
1774628942.5082157,7053711,1805750016,1805.750016,214,197,143,4,20260327_172948
1774628942.5181997,7053750,1805760000,1805.76,216,198,144,4,20260327_172948
1774628942.5281837,7053789,1805769984,1805.769984,219,198,145,4,20260327_172948
1774628942.5384238,7053829,1805780224,1805.780224,222,198,143,4,20260327_172948
1774628942.5484078,7053868,1805790208,1805.790208,225,198,143,4,20260327_172948
1774628942.5583918,7053907,1805800192,1805.800192,228,199,143,4,20260327_172948
1774628942.5683756,7053946,1805810176,1805.810176,231,199,144,4,20260327_172948
1774628942.5783596,7053985,1805820160,1805.82016,233,198,144,4,20260327_172948
1774628942.5883436,7054024,1805830144,1805.830144,236,199,144,4,20260327_172948
1774628942.5983276,7054063,1805840128,1805.840128,239,199,145,4,20260327_172948
1774628942.6083117,7054102,1805850112,1805.850112,242,198,143,4,20260327_172948
1774628942.6182957,7054141,1805860096,1805.860096,245,198,146,4,20260327_172948
1774628942.6285355,7054181,1805870336,1805.870336,248,199,143,4,20260327_172948
1774628942.6385198,7054220,1805880320,1805.88032,250,199,144,4,20260327_172948
1774628942.6485038,7054259,1805890304,1805.890304,253,199,144,4,20260327_172948
1774628942.6584878,7054298,1805900288,1805.900288,1,198,142,4,20260327_172948
1774628942.6684716,7054337,1805910272,1805.910272,4,198,142,4,20260327_172948
1774628942.6784556,7054376,1805920256,1805.920256,7,199,143,4,20260327_172948
1774628942.6884396,7054415,1805930240,1805.93024,10,198,142,4,20260327_172948
1774628942.6984236,7054454,1805940224,1805.940224,13,199,140,4,20260327_172948
1774628942.7086637,7054494,1805950464,1805.950464,15,199,140,4,20260327_172948
1774628942.7186477,7054533,1805960448,1805.960448,18,199,139,4,20260327_172948
1774628942.7286315,7054572,1805970432,1805.970432,21,198,138,4,20260327_172948
1774628942.7386158,7054611,1805980416,1805.980416,24,198,138,4,20260327_172948
1774628942.7485998,7054650,1805990400,1805.9904,27,198,139,4,20260327_172948
1774628942.7585838,7054689,1806000384,1806.000384,29,198,134,4,20260327_172948
1774628942.7685678,7054728,1806010368,1806.010368,32,199,135,4,20260327_172948
1774628942.7785516,7054767,1806020352,1806.020352,35,198,133,4,20260327_172948
1774628942.7885356,7054806,1806030336,1806.030336,38,198,132,4,20260327_172948
1774628942.7987757,7054846,1806040576,1806.040576,40,198,130,4,20260327_172948
1774628942.8087597,7054885,1806050560,1806.05056,42,198,129,4,20260327_172948
1774628942.8187437,7054924,1806060544,1806.060544,45,198,128,4,20260327_172948
1774628942.8287275,7054963,1806070528,1806.070528,47,199,127,4,20260327_172948
1774628942.8387115,7055002,1806080512,1806.080512,49,199,127,4,20260327_172948
1774628942.8486958,7055041,1806090496,1806.090496,51,198,124,4,20260327_172948
1774628942.8586798,7055080,1806100480,1806.10048,53,198,122,4,20260327_172948
1774628942.8686638,7055119,1806110464,1806.110464,56,198,120,4,20260327_172948
1774628942.8789036,7055159,1806120704,1806.120704,58,198,114,4,20260327_172948
1774628942.8888876,7055198,1806130688,1806.130688,61,198,110,4,20260327_172948
1774628942.8988717,7055237,1806140672,1806.140672,65,197,106,4,20260327_172948
1774628942.9088557,7055276,1806150656,1806.150656,68,197,102,4,20260327_172948
1774628942.9188397,7055315,1806160640,1806.16064,71,198,100,4,20260327_172948
1774628942.9288237,7055354,1806170624,1806.170624,75,198,98,4,20260327_172948
1774628942.9388075,7055393,1806180608,1806.180608,78,197,94,4,20260327_172948
1774628942.9487915,7055432,1806190592,1806.190592,82,198,90,4,20260327_172948
1774628942.9587758,7055471,1806200576,1806.200576,85,197,88,4,20260327_172948
1774628942.9690156,7055511,1806210816,1806.210816,88,198,87,4,20260327_172948
1774628942.9789996,7055550,1806220800,1806.2208,91,197,84,4,20260327_172948
1774628942.9889836,7055589,1806230784,1806.230784,94,197,83,4,20260327_172948
1774628942.9989676,7055628,1806240768,1806.240768,97,197,81,4,20260327_172948
1774628943.0089517,7055667,1806250752,1806.250752,100,197,80,4,20260327_172948
1774628943.0189357,7055706,1806260736,1806.260736,103,197,81,4,20260327_172948
1774628943.0289197,7055745,1806270720,1806.27072,106,197,82,4,20260327_172948
1774628943.0389037,7055784,1806280704,1806.280704,109,197,82,4,20260327_172948
1774628943.0488875,7055823,1806290688,1806.290688,112,196,82,4,20260327_172948
1774628943.0591278,7055863,1806300928,1806.300928,114,197,83,4,20260327_172948
1774628943.0691116,7055902,1806310912,1806.310912,117,197,84,4,20260327_172948
1774628943.0790956,7055941,1806320896,1806.320896,120,196,84,4,20260327_172948
1774628943.0890796,7055980,1806330880,1806.33088,123,197,85,4,20260327_172948
1774628943.0990636,7056019,1806340864,1806.340864,127,197,85,4,20260327_172948
1774628943.1090477,7056058,1806350848,1806.350848,130,196,84,4,20260327_172948
1774628943.1190317,7056097,1806360832,1806.360832,133,197,86,4,20260327_172948
1774628943.1290157,7056136,1806370816,1806.370816,136,197,87,4,20260327_172948
1774628943.1389997,7056175,1806380800,1806.3808,139,196,88,4,20260327_172948
1774628943.1492398,7056215,1806391040,1806.39104,142,197,89,4,20260327_172948
1774628943.1592238,7056254,1806401024,1806.401024,145,197,90,4,20260327_172948
1774628943.1692076,7056293,1806411008,1806.411008,148,196,90,4,20260327_172948
1774628943.1791916,7056332,1806420992,1806.420992,152,197,93,4,20260327_172948
1774628943.1891756,7056371,1806430976,1806.430976,155,197,95,4,20260327_172948
1774628943.1991596,7056410,1806440960,1806.44096,158,197,98,4,20260327_172948
1774628943.2091436,7056449,1806450944,1806.450944,161,197,102,4,20260327_172948
1774628943.2191277,7056488,1806460928,1806.460928,165,197,104,4,20260327_172948
1774628943.2293675,7056528,1806471168,1806.471168,168,197,109,4,20260327_172948
1774628943.2393515,7056567,1806481152,1806.481152,170,197,111,4,20260327_172948
1774628943.2493358,7056606,1806491136,1806.491136,173,197,115,4,20260327_172948
1774628943.2593198,7056645,1806501120,1806.50112,176,196,120,4,20260327_172948
1774628943.2693038,7056684,1806511104,1806.511104,179,197,126,4,20260327_172948
1774628943.2792876,7056723,1806521088,1806.521088,182,197,128,4,20260327_172948
1774628943.2892716,7056762,1806531072,1806.531072,185,197,136,4,20260327_172948
1774628943.2992556,7056801,1806541056,1806.541056,188,197,138,4,20260327_172948
1774628943.3092396,7056840,1806551040,1806.55104,190,197,137,4,20260327_172948
1774628943.3194797,7056880,1806561280,1806.56128,193,197,137,4,20260327_172948
1774628943.3294635,7056919,1806571264,1806.571264,196,197,138,4,20260327_172948
1774628943.3394475,7056958,1806581248,1806.581248,199,197,140,4,20260327_172948
1774628943.3494318,7056997,1806591232,1806.591232,202,197,140,4,20260327_172948
1774628943.3594158,7057036,1806601216,1806.601216,204,197,143,4,20260327_172948
1774628943.3693998,7057075,1806611200,1806.6112,207,198,145,4,20260327_172948
1774628943.3793838,7057114,1806621184,1806.621184,210,198,146,4,20260327_172948
1774628943.3893676,7057153,1806631168,1806.631168,213,198,145,4,20260327_172948
1774628943.3993516,7057192,1806641152,1806.641152,216,198,146,4,20260327_172948
1774628943.4095917,7057232,1806651392,1806.651392,219,198,146,4,20260327_172948
1774628943.4195757,7057271,1806661376,1806.661376,221,198,147,4,20260327_172948
1774628943.4295597,7057310,1806671360,1806.67136,224,199,147,4,20260327_172948
1774628943.4395435,7057349,1806681344,1806.681344,227,198,148,4,20260327_172948
1774628943.4495275,7057388,1806691328,1806.691328,230,198,146,4,20260327_172948
1774628943.4595118,7057427,1806701312,1806.701312,233,199,148,4,20260327_172948
1774628943.4694958,7057466,1806711296,1806.711296,236,198,147,4,20260327_172948
1774628943.4794798,7057505,1806721280,1806.72128,238,199,148,4,20260327_172948
1774628943.4897196,7057545,1806731520,1806.73152,241,199,148,4,20260327_172948
1774628943.4997036,7057584,1806741504,1806.741504,244,199,149,4,20260327_172948
1774628943.5096877,7057623,1806751488,1806.751488,247,198,148,4,20260327_172948
1774628943.5196717,7057662,1806761472,1806.761472,250,199,148,4,20260327_172948
1774628943.5296557,7057701,1806771456,1806.771456,253,199,148,4,20260327_172948
1774628943.5396397,7057740,1806781440,1806.78144,0,199,149,4,20260327_172948
1774628943.5496235,7057779,1806791424,1806.791424,3,199,150,4,20260327_172948
1774628943.5596075,7057818,1806801408,1806.801408,6,199,149,4,20260327_172948
1774628943.5695918,7057857,1806811392,1806.811392,9,199,150,4,20260327_172948
1774628943.5798316,7057897,1806821632,1806.821632,12,199,148,4,20260327_172948
1774628943.5898156,7057936,1806831616,1806.831616,15,199,147,4,20260327_172948
1774628943.5997996,7057975,1806841600,1806.8416,17,199,146,4,20260327_172948
1774628943.6097836,7058014,1806851584,1806.851584,20,199,145,4,20260327_172948
1774628943.6197677,7058053,1806861568,1806.861568,23,199,144,4,20260327_172948
1774628943.6297517,7058092,1806871552,1806.871552,26,199,143,4,20260327_172948
1774628943.6397357,7058131,1806881536,1806.881536,29,199,143,4,20260327_172948
1774628943.6497197,7058170,1806891520,1806.89152,31,199,142,4,20260327_172948
1774628943.6597035,7058209,1806901504,1806.901504,34,198,140,4,20260327_172948
1774628943.6699438,7058249,1806911744,1806.911744,37,198,139,4,20260327_172948
1774628943.6799276,7058288,1806921728,1806.921728,39,199,136,4,20260327_172948
1774628943.6899116,7058327,1806931712,1806.931712,42,198,134,4,20260327_172948
1774628943.6998956,7058366,1806941696,1806.941696,44,199,134,4,20260327_172948
1774628943.7098796,7058405,1806951680,1806.95168,46,199,131,4,20260327_172948
1774628943.7198637,7058444,1806961664,1806.961664,48,198,127,4,20260327_172948
1774628943.7298477,7058483,1806971648,1806.971648,50,198,127,4,20260327_172948
1774628943.7398317,7058522,1806981632,1806.981632,52,199,126,4,20260327_172948
1774628943.7500718,7058562,1806991872,1806.991872,55,199,122,4,20260327_172948
1774628943.7600558,7058601,1807001856,1807.001856,57,199,120,4,20260327_172948
1774628943.7700398,7058640,1807011840,1807.01184,59,199,116,4,20260327_172948
1774628943.7800236,7058679,1807021824,1807.021824,63,198,109,4,20260327_172948
1774628943.7900076,7058718,1807031808,1807.031808,66,198,102,4,20260327_172948
1774628943.7999916,7058757,1807041792,1807.041792,70,198,98,4,20260327_172948
1774628943.8099756,7058796,1807051776,1807.051776,73,198,95,4,20260327_172948
1774628943.8202157,7058836,1807062016,1807.062016,77,198,90,4,20260327_172948
1774628943.8301997,7058875,1807072000,1807.072,80,198,87,4,20260327_172948
1774628943.8401835,7058914,1807081984,1807.081984,84,198,85,4,20260327_172948
1774628943.8501678,7058953,1807091968,1807.091968,87,198,83,4,20260327_172948
1774628943.8601518,7058992,1807101952,1807.101952,90,197,82,4,20260327_172948
1774628943.8701358,7059031,1807111936,1807.111936,93,197,81,4,20260327_172948
1774628943.8801198,7059070,1807121920,1807.12192,96,197,82,4,20260327_172948
1774628943.8901036,7059109,1807131904,1807.131904,99,197,82,4,20260327_172948
1774628943.9000876,7059148,1807141888,1807.141888,102,197,83,4,20260327_172948
1774628943.9103277,7059188,1807152128,1807.152128,105,197,82,4,20260327_172948
1774628943.9203117,7059227,1807162112,1807.162112,108,197,82,4,20260327_172948
1774628943.9302957,7059266,1807172096,1807.172096,111,196,84,4,20260327_172948
1774628943.9402795,7059305,1807182080,1807.18208,114,197,82,4,20260327_172948
1774628943.9502635,7059344,1807192064,1807.192064,117,197,83,4,20260327_172948
1774628943.9602478,7059383,1807202048,1807.202048,120,196,83,4,20260327_172948
1774628943.9702318,7059422,1807212032,1807.212032,123,196,83,4,20260327_172948
1774628943.9802158,7059461,1807222016,1807.222016,126,197,82,4,20260327_172948
1774628943.9901998,7059500,1807232000,1807.232,129,197,82,4,20260327_172948
1774628944.0004396,7059540,1807242240,1807.24224,132,196,83,4,20260327_172948
1774628944.0104237,7059579,1807252224,1807.252224,135,196,84,4,20260327_172948
1774628944.0204077,7059618,1807262208,1807.262208,138,197,84,4,20260327_172948
1774628944.0303917,7059657,1807272192,1807.272192,141,197,84,4,20260327_172948
1774628944.0403757,7059696,1807282176,1807.282176,144,197,85,4,20260327_172948
1774628944.0503595,7059735,1807292160,1807.29216,148,197,84,4,20260327_172948
1774628944.0603435,7059774,1807302144,1807.302144,151,196,85,4,20260327_172948
1774628944.0703278,7059813,1807312128,1807.312128,155,196,86,4,20260327_172948
1774628944.0803118,7059852,1807322112,1807.322112,158,197,86,4,20260327_172948
1774628944.0905516,7059892,1807332352,1807.332352,162,197,87,4,20260327_172948
1774628944.1005356,7059931,1807342336,1807.342336,165,197,89,4,20260327_172948
1774628944.1105196,7059970,1807352320,1807.35232,168,197,90,4,20260327_172948
1774628944.1205037,7060009,1807362304,1807.362304,172,197,92,4,20260327_172948
1774628944.1304877,7060048,1807372288,1807.372288,175,197,96,4,20260327_172948
1774628944.1404717,7060087,1807382272,1807.382272,178,198,103,4,20260327_172948
1774628944.1504557,7060126,1807392256,1807.392256,180,197,108,4,20260327_172948
1774628944.1604395,7060165,1807402240,1807.40224,183,197,112,4,20260327_172948
1774628944.1704235,7060204,1807412224,1807.412224,186,197,118,4,20260327_172948
1774628944.1806636,7060244,1807422464,1807.422464,189,197,128,4,20260327_172948
1774628944.1906476,7060283,1807432448,1807.432448,192,198,135,4,20260327_172948
1774628944.2006316,7060322,1807442432,1807.442432,195,197,136,4,20260327_172948
1774628944.2106156,7060361,1807452416,1807.452416,198,198,135,4,20260327_172948
1774628944.2205997,7060400,1807462400,1807.4624,200,197,138,4,20260327_172948
1774628944.2305837,7060439,1807472384,1807.472384,203,198,139,4,20260327_172948
1774628944.2405677,7060478,1807482368,1807.482368,206,198,140,4,20260327_172948
1774628944.2505517,7060517,1807492352,1807.492352,209,198,140,4,20260327_172948
1774628944.2605357,7060556,1807502336,1807.502336,212,198,142,4,20260327_172948
1774628944.2707758,7060596,1807512576,1807.512576,214,198,141,4,20260327_172948
1774628944.2807596,7060635,1807522560,1807.52256,217,198,142,4,20260327_172948
1774628944.2907436,7060674,1807532544,1807.532544,220,198,143,4,20260327_172948
1774628944.3007276,7060713,1807542528,1807.542528,223,198,145,4,20260327_172948
1774628944.3107116,7060752,1807552512,1807.552512,226,199,144,4,20260327_172948
1774628944.3206956,7060791,1807562496,1807.562496,229,198,144,4,20260327_172948
1774628944.3306797,7060830,1807572480,1807.57248,232,199,143,4,20260327_172948
1774628944.3406637,7060869,1807582464,1807.582464,234,199,143,4,20260327_172948
1774628944.3509035,7060909,1807592704,1807.592704,237,199,145,4,20260327_172948
1774628944.3608878,7060948,1807602688,1807.602688,240,198,145,4,20260327_172948
1774628944.3708718,7060987,1807612672,1807.612672,243,198,145,4,20260327_172948
1774628944.3808558,7061026,1807622656,1807.622656,246,199,144,4,20260327_172948
1774628944.3908396,7061065,1807632640,1807.63264,249,199,145,4,20260327_172948
1774628944.4008236,7061104,1807642624,1807.642624,251,199,144,4,20260327_172948
1774628944.4108076,7061143,1807652608,1807.652608,254,199,146,4,20260327_172948
1774628944.4207916,7061182,1807662592,1807.662592,2,199,145,4,20260327_172948
1774628944.4310317,7061222,1807672832,1807.672832,5,199,145,4,20260327_172948
1774628944.4410155,7061261,1807682816,1807.682816,8,199,146,4,20260327_172948
1774628944.4509995,7061300,1807692800,1807.6928,11,199,144,4,20260327_172948
1774628944.4609838,7061339,1807702784,1807.702784,13,199,142,4,20260327_172948
1774628944.4709678,7061378,1807712768,1807.712768,16,199,142,4,20260327_172948
1774628944.4809518,7061417,1807722752,1807.722752,19,199,141,4,20260327_172948
1774628944.4909358,7061456,1807732736,1807.732736,22,199,140,4,20260327_172948
1774628944.5009196,7061495,1807742720,1807.74272,25,199,139,4,20260327_172948
1774628944.5109036,7061534,1807752704,1807.752704,28,199,137,4,20260327_172948
1774628944.5211437,7061574,1807762944,1807.762944,30,199,134,4,20260327_172948
1774628944.5311277,7061613,1807772928,1807.772928,33,198,132,4,20260327_172948
1774628944.5411117,7061652,1807782912,1807.782912,36,198,128,4,20260327_172948
1774628944.5510955,7061691,1807792896,1807.792896,39,198,127,4,20260327_172948
1774628944.5610795,7061730,1807802880,1807.80288,41,199,124,4,20260327_172948
1774628944.5710638,7061769,1807812864,1807.812864,44,199,122,4,20260327_172948
1774628944.5810478,7061808,1807822848,1807.822848,47,198,112,4,20260327_172948
1774628944.5910318,7061847,1807832832,1807.832832,50,199,108,4,20260327_172948
1774628944.6010158,7061886,1807842816,1807.842816,53,199,97,4,20260327_172948
1774628944.6112556,7061926,1807853056,1807.853056,58,199,93,4,20260327_172948
1774628944.6212397,7061965,1807863040,1807.86304,62,199,87,4,20260327_172948
1774628944.6312237,7062004,1807873024,1807.873024,67,198,83,4,20260327_172948
1774628944.6412077,7062043,1807883008,1807.883008,72,198,83,4,20260327_172948
1774628944.6511917,7062082,1807892992,1807.892992,76,198,81,4,20260327_172948
1774628944.6611755,7062121,1807902976,1807.902976,79,199,82,4,20260327_172948
1774628944.6711595,7062160,1807912960,1807.91296,83,198,82,4,20260327_172948
1774628944.6811438,7062199,1807922944,1807.922944,86,199,82,4,20260327_172948
1774628944.6913836,7062239,1807933184,1807.933184,89,198,81,4,20260327_172948
1774628944.7013676,7062278,1807943168,1807.943168,92,198,82,4,20260327_172948
1774628944.7113516,7062317,1807953152,1807.953152,95,198,82,4,20260327_172948
1774628944.7213356,7062356,1807963136,1807.963136,98,198,82,4,20260327_172948
1774628944.7313197,7062395,1807973120,1807.97312,101,197,81,4,20260327_172948
1774628944.7413037,7062434,1807983104,1807.983104,104,197,83,4,20260327_172948
1774628944.7512877,7062473,1807993088,1807.993088,107,197,82,4,20260327_172948
1774628944.7612717,7062512,1808003072,1808.003072,110,197,81,4,20260327_172948
1774628944.7715118,7062552,1808013312,1808.013312,113,197,82,4,20260327_172948
1774628944.7814958,7062591,1808023296,1808.023296,116,197,81,4,20260327_172948
1774628944.7914796,7062630,1808033280,1808.03328,119,197,82,4,20260327_172948
1774628944.8014636,7062669,1808043264,1808.043264,122,197,81,4,20260327_172948
1774628944.8114476,7062708,1808053248,1808.053248,125,197,83,4,20260327_172948
1774628944.8214316,7062747,1808063232,1808.063232,128,197,82,4,20260327_172948
1774628944.8314157,7062786,1808073216,1808.073216,131,197,82,4,20260327_172948
1774628944.8413997,7062825,1808083200,1808.0832,134,197,84,4,20260327_172948
1774628944.8513837,7062864,1808093184,1808.093184,137,198,83,4,20260327_172948
1774628944.8616238,7062904,1808103424,1808.103424,140,196,83,4,20260327_172948
1774628944.8716078,7062943,1808113408,1808.113408,143,197,84,4,20260327_172948
1774628944.8815918,7062982,1808123392,1808.123392,147,197,83,4,20260327_172948
1774628944.8915756,7063021,1808133376,1808.133376,150,197,84,4,20260327_172948
1774628944.9015596,7063060,1808143360,1808.14336,154,197,84,4,20260327_172948
1774628944.9115436,7063099,1808153344,1808.153344,157,197,86,4,20260327_172948
1774628944.9215276,7063138,1808163328,1808.163328,161,197,86,4,20260327_172948
1774628944.9315116,7063177,1808173312,1808.173312,164,197,88,4,20260327_172948
1774628944.9417517,7063217,1808183552,1808.183552,167,197,88,4,20260327_172948
1774628944.9517355,7063256,1808193536,1808.193536,171,198,92,4,20260327_172948
1774628944.9617198,7063295,1808203520,1808.20352,174,197,95,4,20260327_172948
1774628944.9717038,7063334,1808213504,1808.213504,177,197,102,4,20260327_172948
1774628944.9816878,7063373,1808223488,1808.223488,179,197,108,4,20260327_172948
1774628944.9916718,7063412,1808233472,1808.233472,182,198,113,4,20260327_172948
1774628945.0016556,7063451,1808243456,1808.243456,185,197,119,4,20260327_172948
1774628945.0116396,7063490,1808253440,1808.25344,188,198,129,4,20260327_172948
1774628945.0216236,7063529,1808263424,1808.263424,191,197,135,4,20260327_172948
1774628945.0318637,7063569,1808273664,1808.273664,194,198,135,4,20260327_172948
1774628945.0418477,7063608,1808283648,1808.283648,197,198,135,4,20260327_172948
1774628945.0518315,7063647,1808293632,1808.293632,199,198,136,4,20260327_172948
1774628945.0618155,7063686,1808303616,1808.303616,202,198,140,4,20260327_172948
1774628945.0717998,7063725,1808313600,1808.3136,205,198,141,4,20260327_172948
1774628945.0817838,7063764,1808323584,1808.323584,208,198,143,4,20260327_172948
1774628945.0917678,7063803,1808333568,1808.333568,211,198,142,4,20260327_172948
1774628945.1017518,7063842,1808343552,1808.343552,214,198,144,4,20260327_172948
1774628945.1117356,7063881,1808353536,1808.353536,216,199,144,4,20260327_172948
1774628945.1219757,7063921,1808363776,1808.363776,219,198,144,4,20260327_172948
1774628945.1319597,7063960,1808373760,1808.37376,222,198,142,4,20260327_172948
1774628945.1419437,7063999,1808383744,1808.383744,225,198,145,4,20260327_172948
1774628945.1519277,7064038,1808393728,1808.393728,228,198,144,4,20260327_172948
1774628945.1619115,7064077,1808403712,1808.403712,231,198,144,4,20260327_172948
1774628945.1718955,7064116,1808413696,1808.413696,233,199,144,4,20260327_172948
1774628945.1818798,7064155,1808423680,1808.42368,236,199,144,4,20260327_172948
1774628945.1918638,7064194,1808433664,1808.433664,239,199,144,4,20260327_172948
1774628945.2021036,7064234,1808443904,1808.443904,242,199,145,4,20260327_172948
1774628945.2120876,7064273,1808453888,1808.453888,245,199,145,4,20260327_172948
1774628945.2220716,7064312,1808463872,1808.463872,248,198,143,4,20260327_172948
1774628945.2320557,7064351,1808473856,1808.473856,250,198,143,4,20260327_172948
1774628945.2420397,7064390,1808483840,1808.48384,253,199,145,4,20260327_172948
1774628945.2520237,7064429,1808493824,1808.493824,1,199,142,4,20260327_172948
1774628945.2620077,7064468,1808503808,1808.503808,4,198,144,4,20260327_172948
1774628945.2719915,7064507,1808513792,1808.513792,7,199,145,4,20260327_172948
1774628945.2819755,7064546,1808523776,1808.523776,10,199,142,4,20260327_172948
1774628945.2922156,7064586,1808534016,1808.534016,13,199,140,4,20260327_172948
1774628945.3021996,7064625,1808544000,1808.544,15,199,138,4,20260327_172948
1774628945.3121836,7064664,1808553984,1808.553984,18,199,135,4,20260327_172948
1774628945.3221676,7064703,1808563968,1808.563968,21,198,135,4,20260327_172948
1774628945.3321517,7064742,1808573952,1808.573952,24,199,131,4,20260327_172948
1774628945.3421357,7064781,1808583936,1808.583936,27,199,129,4,20260327_172948
1774628945.3521197,7064820,1808593920,1808.59392,30,200,127,4,20260327_172948
1774628945.3621037,7064859,1808603904,1808.603904,32,199,125,4,20260327_172948
1774628945.3720877,7064898,1808613888,1808.613888,35,199,124,4,20260327_172948
1774628945.3823278,7064938,1808624128,1808.624128,38,199,120,4,20260327_172948
1774628945.3923116,7064977,1808634112,1808.634112,41,199,114,4,20260327_172948
1774628945.4022956,7065016,1808644096,1808.644096,44,199,102,4,20260327_172948
1774628945.4122796,7065055,1808654080,1808.65408,47,199,95,4,20260327_172948
1774628945.4222636,7065094,1808664064,1808.664064,52,198,88,4,20260327_172948
1774628945.4322476,7065133,1808674048,1808.674048,56,199,88,4,20260327_172948
1774628945.4422317,7065172,1808684032,1808.684032,61,198,83,4,20260327_172948
1774628945.4522157,7065211,1808694016,1808.694016,66,199,80,4,20260327_172948
1774628945.4621997,7065250,1808704000,1808.704,71,199,81,4,20260327_172948
1774628945.4724398,7065290,1808714240,1808.71424,75,199,82,4,20260327_172948
1774628945.4824238,7065329,1808724224,1808.724224,79,198,83,4,20260327_172948
1774628945.4924078,7065368,1808734208,1808.734208,82,198,81,4,20260327_172948
1774628945.5023916,7065407,1808744192,1808.744192,85,198,82,4,20260327_172948
1774628945.5123756,7065446,1808754176,1808.754176,88,198,82,4,20260327_172948
1774628945.5223596,7065485,1808764160,1808.76416,91,198,82,4,20260327_172948
1774628945.5323436,7065524,1808774144,1808.774144,94,198,82,4,20260327_172948
1774628945.5423276,7065563,1808784128,1808.784128,97,198,83,4,20260327_172948
1774628945.5525675,7065603,1808794368,1808.794368,100,197,82,4,20260327_172948
1774628945.5625515,7065642,1808804352,1808.804352,103,197,83,4,20260327_172948
1774628945.5725358,7065681,1808814336,1808.814336,106,197,81,4,20260327_172948
1774628945.5825198,7065720,1808824320,1808.82432,109,197,83,4,20260327_172948
1774628945.5925038,7065759,1808834304,1808.834304,112,197,83,4,20260327_172948
1774628945.6024878,7065798,1808844288,1808.844288,115,197,82,4,20260327_172948
1774628945.6124716,7065837,1808854272,1808.854272,118,197,82,4,20260327_172948
1774628945.6224556,7065876,1808864256,1808.864256,121,197,82,4,20260327_172948
1774628945.6326957,7065916,1808874496,1808.874496,124,197,82,4,20260327_172948
1774628945.6426797,7065955,1808884480,1808.88448,127,197,81,4,20260327_172948
1774628945.6526637,7065994,1808894464,1808.894464,130,197,81,4,20260327_172948
1774628945.6626475,7066033,1808904448,1808.904448,133,197,83,4,20260327_172948
1774628945.6726315,7066072,1808914432,1808.914432,136,196,83,4,20260327_172948
1774628945.6826158,7066111,1808924416,1808.924416,140,197,85,4,20260327_172948
1774628945.6925998,7066150,1808934400,1808.9344,143,196,83,4,20260327_172948
1774628945.7025838,7066189,1808944384,1808.944384,146,197,84,4,20260327_172948
1774628945.7128236,7066229,1808954624,1808.954624,149,197,84,4,20260327_172948
1774628945.7228076,7066268,1808964608,1808.964608,153,197,85,4,20260327_172948
1774628945.7327917,7066307,1808974592,1808.974592,156,197,85,4,20260327_172948
1774628945.7427757,7066346,1808984576,1808.984576,160,197,87,4,20260327_172948
1774628945.7527597,7066385,1808994560,1808.99456,163,196,87,4,20260327_172948
1774628945.7627437,7066424,1809004544,1809.004544,167,197,90,4,20260327_172948
1774628945.7727275,7066463,1809014528,1809.014528,170,197,94,4,20260327_172948
1774628945.7827115,7066502,1809024512,1809.024512,173,197,98,4,20260327_172948
1774628945.7926958,7066541,1809034496,1809.034496,176,197,104,4,20260327_172948
1774628945.8029356,7066581,1809044736,1809.044736,179,197,110,4,20260327_172948
1774628945.8129196,7066620,1809054720,1809.05472,182,197,118,4,20260327_172948
1774628945.8229036,7066659,1809064704,1809.064704,184,198,124,4,20260327_172948
1774628945.8328876,7066698,1809074688,1809.074688,187,197,130,4,20260327_172948
1774628945.8428717,7066737,1809084672,1809.084672,190,198,139,4,20260327_172948
1774628945.8528557,7066776,1809094656,1809.094656,193,197,139,4,20260327_172948
1774628945.8628397,7066815,1809104640,1809.10464,196,197,140,4,20260327_172948
1774628945.8728237,7066854,1809114624,1809.114624,199,197,142,4,20260327_172948
1774628945.8828075,7066893,1809124608,1809.124608,201,198,143,4,20260327_172948
1774628945.8930478,7066933,1809134848,1809.134848,204,198,144,4,20260327_172948
1774628945.9030316,7066972,1809144832,1809.144832,207,198,144,4,20260327_172948
1774628945.9130156,7067011,1809154816,1809.154816,210,198,145,4,20260327_172948
1774628945.9229996,7067050,1809164800,1809.1648,213,198,145,4,20260327_172948
1774628945.9329836,7067089,1809174784,1809.174784,215,198,146,4,20260327_172948
1774628945.9429677,7067128,1809184768,1809.184768,218,198,145,4,20260327_172948
1774628945.9529517,7067167,1809194752,1809.194752,221,199,146,4,20260327_172948
1774628945.9629357,7067206,1809204736,1809.204736,224,199,146,4,20260327_172948
1774628945.9731758,7067246,1809214976,1809.214976,227,198,147,4,20260327_172948
1774628945.9831598,7067285,1809224960,1809.22496,230,198,146,4,20260327_172948
1774628945.9931438,7067324,1809234944,1809.234944,233,199,145,4,20260327_172948
1774628946.0031276,7067363,1809244928,1809.244928,235,198,146,4,20260327_172948
1774628946.0131116,7067402,1809254912,1809.254912,238,199,145,4,20260327_172948
1774628946.0230956,7067441,1809264896,1809.264896,241,199,147,4,20260327_172948
1774628946.0330796,7067480,1809274880,1809.27488,244,199,147,4,20260327_172948
1774628946.0430636,7067519,1809284864,1809.284864,247,199,147,4,20260327_172948
1774628946.0530477,7067558,1809294848,1809.294848,250,199,147,4,20260327_172948
1774628946.0632875,7067598,1809305088,1809.305088,252,199,146,4,20260327_172948
1774628946.0732718,7067637,1809315072,1809.315072,0,198,147,4,20260327_172948
1774628946.0832558,7067676,1809325056,1809.325056,3,199,144,4,20260327_172948
1774628946.0932398,7067715,1809335040,1809.33504,6,199,143,4,20260327_172948
1774628946.1032238,7067754,1809345024,1809.345024,9,199,140,4,20260327_172948
1774628946.1132076,7067793,1809355008,1809.355008,12,199,138,4,20260327_172948
1774628946.1231916,7067832,1809364992,1809.364992,14,199,135,4,20260327_172948
1774628946.1331756,7067871,1809374976,1809.374976,17,199,133,4,20260327_172948
1774628946.1434157,7067911,1809385216,1809.385216,20,199,130,4,20260327_172948
1774628946.1533997,7067950,1809395200,1809.3952,23,199,127,4,20260327_172948
1774628946.1633835,7067989,1809405184,1809.405184,26,199,127,4,20260327_172948
1774628946.1733675,7068028,1809415168,1809.415168,29,199,127,4,20260327_172948
1774628946.1833518,7068067,1809425152,1809.425152,31,198,127,4,20260327_172948
1774628946.1933358,7068106,1809435136,1809.435136,34,199,121,4,20260327_172948
1774628946.2033198,7068145,1809445120,1809.44512,37,199,115,4,20260327_172948
1774628946.2133038,7068184,1809455104,1809.455104,40,199,106,4,20260327_172948
1774628946.2232876,7068223,1809465088,1809.465088,43,199,98,4,20260327_172948
1774628946.2335277,7068263,1809475328,1809.475328,47,198,90,4,20260327_172948
1774628946.2435117,7068302,1809485312,1809.485312,51,199,87,4,20260327_172948
1774628946.2534957,7068341,1809495296,1809.495296,56,199,84,4,20260327_172948
1774628946.2634797,7068380,1809505280,1809.50528,61,198,82,4,20260327_172948
1774628946.2734635,7068419,1809515264,1809.515264,66,199,80,4,20260327_172948
1774628946.2834475,7068458,1809525248,1809.525248,71,199,82,4,20260327_172948
1774628946.2934318,7068497,1809535232,1809.535232,75,198,82,4,20260327_172948
1774628946.3034158,7068536,1809545216,1809.545216,79,199,80,4,20260327_172948
1774628946.3133998,7068575,1809555200,1809.5552,82,199,81,4,20260327_172948
1774628946.3236396,7068615,1809565440,1809.56544,85,198,81,4,20260327_172948
1774628946.3336236,7068654,1809575424,1809.575424,88,199,82,4,20260327_172948
1774628946.3436077,7068693,1809585408,1809.585408,91,198,81,4,20260327_172948
1774628946.3535917,7068732,1809595392,1809.595392,94,198,82,4,20260327_172948
1774628946.3635757,7068771,1809605376,1809.605376,97,197,81,4,20260327_172948
1774628946.3735597,7068810,1809615360,1809.61536,100,198,82,4,20260327_172948
1774628946.3835435,7068849,1809625344,1809.625344,103,197,82,4,20260327_172948
1774628946.3935275,7068888,1809635328,1809.635328,106,197,81,4,20260327_172948
1774628946.4035118,7068927,1809645312,1809.645312,109,196,81,4,20260327_172948
1774628946.4137516,7068967,1809655552,1809.655552,112,197,82,4,20260327_172948
1774628946.4237356,7069006,1809665536,1809.665536,115,197,82,4,20260327_172948
1774628946.4337196,7069045,1809675520,1809.67552,118,197,82,4,20260327_172948
1774628946.4437037,7069084,1809685504,1809.685504,121,196,81,4,20260327_172948
1774628946.4536877,7069123,1809695488,1809.695488,124,197,82,4,20260327_172948
1774628946.4636717,7069162,1809705472,1809.705472,127,197,81,4,20260327_172948
1774628946.4736557,7069201,1809715456,1809.715456,130,197,83,4,20260327_172948
1774628946.4836397,7069240,1809725440,1809.72544,133,196,82,4,20260327_172948
1774628946.4936235,7069279,1809735424,1809.735424,137,197,83,4,20260327_172948
1774628946.5038636,7069319,1809745664,1809.745664,140,197,83,4,20260327_172948
1774628946.5138476,7069358,1809755648,1809.755648,143,197,83,4,20260327_172948
1774628946.5238316,7069397,1809765632,1809.765632,146,197,83,4,20260327_172948
1774628946.5338156,7069436,1809775616,1809.775616,149,197,83,4,20260327_172948
1774628946.5437996,7069475,1809785600,1809.7856,153,196,83,4,20260327_172948
1774628946.5537837,7069514,1809795584,1809.795584,156,197,84,4,20260327_172948
1774628946.5637677,7069553,1809805568,1809.805568,160,197,84,4,20260327_172948
1774628946.5737517,7069592,1809815552,1809.815552,164,197,86,4,20260327_172948
1774628946.5837357,7069631,1809825536,1809.825536,167,197,88,4,20260327_172948
1774628946.5939758,7069671,1809835776,1809.835776,170,197,90,4,20260327_172948
1774628946.6039598,7069710,1809845760,1809.84576,173,197,95,4,20260327_172948
1774628946.6139436,7069749,1809855744,1809.855744,176,197,101,4,20260327_172948
1774628946.6239276,7069788,1809865728,1809.865728,179,197,108,4,20260327_172948
1774628946.6339116,7069827,1809875712,1809.875712,182,197,116,4,20260327_172948
1774628946.6438956,7069866,1809885696,1809.885696,185,197,120,4,20260327_172948
1774628946.6538796,7069905,1809895680,1809.89568,188,197,130,4,20260327_172948
1774628946.6638637,7069944,1809905664,1809.905664,190,197,133,4,20260327_172948
1774628946.6741035,7069984,1809915904,1809.915904,193,198,134,4,20260327_172948
1774628946.6840878,7070023,1809925888,1809.925888,196,198,135,4,20260327_172948
1774628946.6940718,7070062,1809935872,1809.935872,199,198,137,4,20260327_172948
1774628946.7040558,7070101,1809945856,1809.945856,202,197,140,4,20260327_172948
1774628946.7140398,7070140,1809955840,1809.95584,205,198,141,4,20260327_172948
1774628946.7240236,7070179,1809965824,1809.965824,207,198,142,4,20260327_172948
1774628946.7340076,7070218,1809975808,1809.975808,210,198,142,4,20260327_172948
1774628946.7439916,7070257,1809985792,1809.985792,213,198,143,4,20260327_172948
1774628946.7539756,7070296,1809995776,1809.995776,216,198,144,4,20260327_172948
1774628946.7639596,7070335,1810005760,1810.00576,219,198,144,4,20260327_172948
1774628946.7741995,7070375,1810016000,1810.016,221,199,144,4,20260327_172948
1774628946.7841835,7070414,1810025984,1810.025984,224,198,144,4,20260327_172948
1774628946.7941678,7070453,1810035968,1810.035968,227,199,145,4,20260327_172948
1774628946.8041518,7070492,1810045952,1810.045952,230,198,144,4,20260327_172948
1774628946.8141358,7070531,1810055936,1810.055936,233,199,145,4,20260327_172948
1774628946.8241198,7070570,1810065920,1810.06592,236,199,144,4,20260327_172948
1774628946.8341036,7070609,1810075904,1810.075904,239,200,147,4,20260327_172948
1774628946.8440876,7070648,1810085888,1810.085888,241,198,147,4,20260327_172948
1774628946.8543277,7070688,1810096128,1810.096128,244,199,146,4,20260327_172948
1774628946.8643117,7070727,1810106112,1810.106112,247,199,145,4,20260327_172948
1774628946.8742957,7070766,1810116096,1810.116096,250,199,146,4,20260327_172948
1774628946.8842795,7070805,1810126080,1810.12608,253,199,145,4,20260327_172948
1774628946.8942635,7070844,1810136064,1810.136064,1,199,145,4,20260327_172948
1774628946.9042478,7070883,1810146048,1810.146048,3,199,141,4,20260327_172948
1774628946.9142318,7070922,1810156032,1810.156032,6,199,140,4,20260327_172948
1774628946.9242158,7070961,1810166016,1810.166016,9,199,137,4,20260327_172948
1774628946.9341998,7071000,1810176000,1810.176,12,199,134,4,20260327_172948
1774628946.9444396,7071040,1810186240,1810.18624,15,199,134,4,20260327_172948
1774628946.9544237,7071079,1810196224,1810.196224,18,199,131,4,20260327_172948
1774628946.9644077,7071118,1810206208,1810.206208,20,199,127,4,20260327_172948
1774628946.9743917,7071157,1810216192,1810.216192,23,199,127,4,20260327_172948
1774628946.9843757,7071196,1810226176,1810.226176,26,199,126,4,20260327_172948
1774628946.9943595,7071235,1810236160,1810.23616,29,198,126,4,20260327_172948
1774628947.0043435,7071274,1810246144,1810.246144,32,199,123,4,20260327_172948
1774628947.0143278,7071313,1810256128,1810.256128,35,200,119,4,20260327_172948
1774628947.0245676,7071353,1810266368,1810.266368,38,198,108,4,20260327_172948
1774628947.0345516,7071392,1810276352,1810.276352,41,199,100,4,20260327_172948
1774628947.0445356,7071431,1810286336,1810.286336,44,198,94,4,20260327_172948
1774628947.0545197,7071470,1810296320,1810.29632,48,198,89,4,20260327_172948
1774628947.0645037,7071509,1810306304,1810.306304,53,198,83,4,20260327_172948
1774628947.0744877,7071548,1810316288,1810.316288,58,198,81,4,20260327_172948
1774628947.0844717,7071587,1810326272,1810.326272,63,198,79,4,20260327_172948
1774628947.0944557,7071626,1810336256,1810.336256,67,198,81,4,20260327_172948
1774628947.1044395,7071665,1810346240,1810.34624,72,198,81,4,20260327_172948
1774628947.1146796,7071705,1810356480,1810.35648,76,198,80,4,20260327_172948
1774628947.1246636,7071744,1810366464,1810.366464,80,199,81,4,20260327_172948
1774628947.1346476,7071783,1810376448,1810.376448,83,198,81,4,20260327_172948
1774628947.1446316,7071822,1810386432,1810.386432,86,198,80,4,20260327_172948
1774628947.1546156,7071861,1810396416,1810.396416,89,198,81,4,20260327_172948
1774628947.1645997,7071900,1810406400,1810.4064,92,197,83,4,20260327_172948
1774628947.1745837,7071939,1810416384,1810.416384,95,197,82,4,20260327_172948
1774628947.1845677,7071978,1810426368,1810.426368,98,198,82,4,20260327_172948
1774628947.1948078,7072018,1810436608,1810.436608,101,197,82,4,20260327_172948
1774628947.2047918,7072057,1810446592,1810.446592,104,196,83,4,20260327_172948
1774628947.2147758,7072096,1810456576,1810.456576,107,196,82,4,20260327_172948
1774628947.2247596,7072135,1810466560,1810.46656,110,198,83,4,20260327_172948
1774628947.2347436,7072174,1810476544,1810.476544,113,197,80,4,20260327_172948
1774628947.2447276,7072213,1810486528,1810.486528,116,197,82,4,20260327_172948
1774628947.2547116,7072252,1810496512,1810.496512,119,197,82,4,20260327_172948
1774628947.2646956,7072291,1810506496,1810.506496,122,196,81,4,20260327_172948
1774628947.2746797,7072330,1810516480,1810.51648,125,197,82,4,20260327_172948
1774628947.2849195,7072370,1810526720,1810.52672,128,197,82,4,20260327_172948
1774628947.2949038,7072409,1810536704,1810.536704,131,197,82,4,20260327_172948
1774628947.3048878,7072448,1810546688,1810.546688,134,196,82,4,20260327_172948
1774628947.3148718,7072487,1810556672,1810.556672,137,197,83,4,20260327_172948
1774628947.3248558,7072526,1810566656,1810.566656,140,196,83,4,20260327_172948
1774628947.3348396,7072565,1810576640,1810.57664,144,197,84,4,20260327_172948
1774628947.3448236,7072604,1810586624,1810.586624,147,196,83,4,20260327_172948
1774628947.3548076,7072643,1810596608,1810.596608,150,196,84,4,20260327_172948
1774628947.3647916,7072682,1810606592,1810.606592,154,196,86,4,20260327_172948
1774628947.3750317,7072722,1810616832,1810.616832,157,196,85,4,20260327_172948
1774628947.3850155,7072761,1810626816,1810.626816,161,196,87,4,20260327_172948
1774628947.3949995,7072800,1810636800,1810.6368,164,197,88,4,20260327_172948
1774628947.4049838,7072839,1810646784,1810.646784,167,197,91,4,20260327_172948
1774628947.4149678,7072878,1810656768,1810.656768,171,197,94,4,20260327_172948
1774628947.4249518,7072917,1810666752,1810.666752,174,197,99,4,20260327_172948
1774628947.4349358,7072956,1810676736,1810.676736,177,197,104,4,20260327_172948
1774628947.4449196,7072995,1810686720,1810.68672,179,197,111,4,20260327_172948
1774628947.4551597,7073035,1810696960,1810.69696,182,197,118,4,20260327_172948
1774628947.4651437,7073074,1810706944,1810.706944,185,197,128,4,20260327_172948
1774628947.4751277,7073113,1810716928,1810.716928,188,197,132,4,20260327_172948
1774628947.4851117,7073152,1810726912,1810.726912,191,197,132,4,20260327_172948
1774628947.4950955,7073191,1810736896,1810.736896,194,197,134,4,20260327_172948
1774628947.5050795,7073230,1810746880,1810.74688,196,197,136,4,20260327_172948
1774628947.5150638,7073269,1810756864,1810.756864,199,197,137,4,20260327_172948
1774628947.5250478,7073308,1810766848,1810.766848,202,197,138,4,20260327_172948
1774628947.5350318,7073347,1810776832,1810.776832,205,197,139,4,20260327_172948
1774628947.5452716,7073387,1810787072,1810.787072,208,198,139,4,20260327_172948
1774628947.5552557,7073426,1810797056,1810.797056,211,197,139,4,20260327_172948
1774628947.5652397,7073465,1810807040,1810.80704,213,198,140,4,20260327_172948
1774628947.5752237,7073504,1810817024,1810.817024,216,198,141,4,20260327_172948
1774628947.5852077,7073543,1810827008,1810.827008,219,198,140,4,20260327_172948
1774628947.5951917,7073582,1810836992,1810.836992,222,199,141,4,20260327_172948
1774628947.6051755,7073621,1810846976,1810.846976,225,198,141,4,20260327_172948
1774628947.6151595,7073660,1810856960,1810.85696,228,198,142,4,20260327_172948
1774628947.6251438,7073699,1810866944,1810.866944,231,198,141,4,20260327_172948
1774628947.6353836,7073739,1810877184,1810.877184,233,199,141,4,20260327_172948
1774628947.6453676,7073778,1810887168,1810.887168,236,199,142,4,20260327_172948
1774628947.6553516,7073817,1810897152,1810.897152,239,198,141,4,20260327_172948
1774628947.6653357,7073856,1810907136,1810.907136,242,199,143,4,20260327_172948
1774628947.6753197,7073895,1810917120,1810.91712,245,198,143,4,20260327_172948
1774628947.6853037,7073934,1810927104,1810.927104,248,199,143,4,20260327_172948
1774628947.6952877,7073973,1810937088,1810.937088,250,199,143,4,20260327_172948
1774628947.7052715,7074012,1810947072,1810.947072,253,199,142,4,20260327_172948
1774628947.7152555,7074051,1810957056,1810.957056,1,198,140,4,20260327_172948
1774628947.7254956,7074091,1810967296,1810.967296,4,199,139,4,20260327_172948
1774628947.7354796,7074130,1810977280,1810.97728,7,198,138,4,20260327_172948
1774628947.7454636,7074169,1810987264,1810.987264,10,199,137,4,20260327_172948
1774628947.7554476,7074208,1810997248,1810.997248,12,199,135,4,20260327_172948
1774628947.7654316,7074247,1811007232,1811.007232,15,199,133,4,20260327_172948
1774628947.7754157,7074286,1811017216,1811.017216,18,199,131,4,20260327_172948
1774628947.7853997,7074325,1811027200,1811.0272,21,199,130,4,20260327_172948
1774628947.7953837,7074364,1811037184,1811.037184,24,198,127,4,20260327_172948
1774628947.8056238,7074404,1811047424,1811.047424,27,198,127,4,20260327_172948
1774628947.8156078,7074443,1811057408,1811.057408,30,198,126,4,20260327_172948
1774628947.8255918,7074482,1811067392,1811.067392,32,198,124,4,20260327_172948
1774628947.8355756,7074521,1811077376,1811.077376,35,198,120,4,20260327_172948
1774628947.8455596,7074560,1811087360,1811.08736,38,199,109,4,20260327_172948
1774628947.8555436,7074599,1811097344,1811.097344,41,199,102,4,20260327_172948
1774628947.8655276,7074638,1811107328,1811.107328,45,198,93,4,20260327_172948
1774628947.8755116,7074677,1811117312,1811.117312,49,199,88,4,20260327_172948
1774628947.8854957,7074716,1811127296,1811.127296,53,199,83,4,20260327_172948
1774628947.8957355,7074756,1811137536,1811.137536,58,198,81,4,20260327_172948
1774628947.9057198,7074795,1811147520,1811.14752,63,199,81,4,20260327_172948
1774628947.9157038,7074834,1811157504,1811.157504,68,199,81,4,20260327_172948
1774628947.9256878,7074873,1811167488,1811.167488,72,199,81,4,20260327_172948
1774628947.9356718,7074912,1811177472,1811.177472,76,199,81,4,20260327_172948
1774628947.9456556,7074951,1811187456,1811.187456,80,198,82,4,20260327_172948
1774628947.9556396,7074990,1811197440,1811.19744,83,198,81,4,20260327_172948
1774628947.9656236,7075029,1811207424,1811.207424,87,198,82,4,20260327_172948
1774628947.9758637,7075069,1811217664,1811.217664,90,197,81,4,20260327_172948
1774628947.9858477,7075108,1811227648,1811.227648,93,197,81,4,20260327_172948
1774628947.9958315,7075147,1811237632,1811.237632,95,198,82,4,20260327_172948
1774628948.0058155,7075186,1811247616,1811.247616,98,197,82,4,20260327_172948
1774628948.0157998,7075225,1811257600,1811.2576,101,198,82,4,20260327_172948
1774628948.0257838,7075264,1811267584,1811.267584,104,197,82,4,20260327_172948
1774628948.0357678,7075303,1811277568,1811.277568,107,196,82,4,20260327_172948
1774628948.0457518,7075342,1811287552,1811.287552,110,196,82,4,20260327_172948
1774628948.0557356,7075381,1811297536,1811.297536,113,197,82,4,20260327_172948
1774628948.0659757,7075421,1811307776,1811.307776,116,197,82,4,20260327_172948
1774628948.0759597,7075460,1811317760,1811.31776,119,195,81,4,20260327_172948
1774628948.0859437,7075499,1811327744,1811.327744,122,196,82,4,20260327_172948
1774628948.0959277,7075538,1811337728,1811.337728,125,196,82,4,20260327_172948
1774628948.1059115,7075577,1811347712,1811.347712,128,196,82,4,20260327_172948
1774628948.1158955,7075616,1811357696,1811.357696,131,196,82,4,20260327_172948
1774628948.1258798,7075655,1811367680,1811.36768,135,196,83,4,20260327_172948
1774628948.1358638,7075694,1811377664,1811.377664,138,196,82,4,20260327_172948
1774628948.1461036,7075734,1811387904,1811.387904,141,196,83,4,20260327_172948
1774628948.1560876,7075773,1811397888,1811.397888,144,196,83,4,20260327_172948
1774628948.1660717,7075812,1811407872,1811.407872,147,196,83,4,20260327_172948
1774628948.1760557,7075851,1811417856,1811.417856,151,197,85,4,20260327_172948
1774628948.1860397,7075890,1811427840,1811.42784,154,196,86,4,20260327_172948
1774628948.1960237,7075929,1811437824,1811.437824,158,196,85,4,20260327_172948
1774628948.2060077,7075968,1811447808,1811.447808,161,196,86,4,20260327_172948
1774628948.2159915,7076007,1811457792,1811.457792,165,196,88,4,20260327_172948
1774628948.2262316,7076047,1811468032,1811.468032,168,196,92,4,20260327_172948
1774628948.2362156,7076086,1811478016,1811.478016,171,197,98,4,20260327_172948
1774628948.2461996,7076125,1811488000,1811.488,174,196,101,4,20260327_172948
1774628948.2561836,7076164,1811497984,1811.497984,177,196,108,4,20260327_172948
1774628948.2661676,7076203,1811507968,1811.507968,180,197,115,4,20260327_172948
1774628948.2761517,7076242,1811517952,1811.517952,183,197,127,4,20260327_172948
1774628948.2861357,7076281,1811527936,1811.527936,185,197,131,4,20260327_172948
1774628948.2961197,7076320,1811537920,1811.53792,188,197,131,4,20260327_172948
1774628948.3063598,7076360,1811548160,1811.54816,191,197,131,4,20260327_172948
1774628948.3163438,7076399,1811558144,1811.558144,194,197,133,4,20260327_172948
1774628948.3263278,7076438,1811568128,1811.568128,197,197,135,4,20260327_172948
1774628948.3363116,7076477,1811578112,1811.578112,200,197,134,4,20260327_172948
1774628948.3462956,7076516,1811588096,1811.588096,202,197,136,4,20260327_172948
1774628948.3562796,7076555,1811598080,1811.59808,205,197,138,4,20260327_172948
1774628948.3662636,7076594,1811608064,1811.608064,208,198,138,4,20260327_172948
1774628948.3762476,7076633,1811618048,1811.618048,211,198,138,4,20260327_172948
1774628948.3862317,7076672,1811628032,1811.628032,214,198,139,4,20260327_172948
1774628948.3964715,7076712,1811638272,1811.638272,216,198,139,4,20260327_172948
1774628948.4064558,7076751,1811648256,1811.648256,219,198,139,4,20260327_172948
1774628948.4164398,7076790,1811658240,1811.65824,222,199,140,4,20260327_172948
1774628948.4264238,7076829,1811668224,1811.668224,225,199,140,4,20260327_172948
1774628948.4364078,7076868,1811678208,1811.678208,228,199,141,4,20260327_172948
1774628948.4463916,7076907,1811688192,1811.688192,231,199,141,4,20260327_172948
1774628948.4563756,7076946,1811698176,1811.698176,234,198,140,4,20260327_172948
1774628948.4663596,7076985,1811708160,1811.70816,236,199,141,4,20260327_172948
1774628948.4763436,7077024,1811718144,1811.718144,239,199,141,4,20260327_172948
1774628948.4865837,7077064,1811728384,1811.728384,242,200,142,4,20260327_172948
1774628948.4965675,7077103,1811738368,1811.738368,245,199,143,4,20260327_172948
1774628948.5065515,7077142,1811748352,1811.748352,248,198,141,4,20260327_172948
1774628948.5165358,7077181,1811758336,1811.758336,251,198,142,4,20260327_172948
1774628948.5265198,7077220,1811768320,1811.76832,253,198,140,4,20260327_172948
1774628948.5365038,7077259,1811778304,1811.778304,1,198,139,4,20260327_172948
1774628948.5464878,7077298,1811788288,1811.788288,4,198,138,4,20260327_172948
1774628948.5564716,7077337,1811798272,1811.798272,7,198,137,4,20260327_172948
1774628948.5664556,7077376,1811808256,1811.808256,10,199,135,4,20260327_172948
1774628948.5766957,7077416,1811818496,1811.818496,13,199,133,4,20260327_172948
1774628948.5866797,7077455,1811828480,1811.82848,15,199,131,4,20260327_172948
1774628948.5966637,7077494,1811838464,1811.838464,18,199,128,4,20260327_172948
1774628948.6066475,7077533,1811848448,1811.848448,21,199,127,4,20260327_172948
1774628948.6166315,7077572,1811858432,1811.858432,24,199,127,4,20260327_172948
1774628948.6266158,7077611,1811868416,1811.868416,27,198,124,4,20260327_172948
1774628948.6365998,7077650,1811878400,1811.8784,30,198,121,4,20260327_172948
1774628948.6465838,7077689,1811888384,1811.888384,33,200,120,4,20260327_172948
1774628948.6565676,7077728,1811898368,1811.898368,35,199,112,4,20260327_172948
1774628948.6668077,7077768,1811908608,1811.908608,38,199,101,4,20260327_172948
1774628948.6767917,7077807,1811918592,1811.918592,42,199,96,4,20260327_172948
1774628948.6867757,7077846,1811928576,1811.928576,45,199,90,4,20260327_172948
1774628948.6967597,7077885,1811938560,1811.93856,49,198,85,4,20260327_172948
1774628948.7067437,7077924,1811948544,1811.948544,54,198,82,4,20260327_172948
1774628948.7167275,7077963,1811958528,1811.958528,59,199,82,4,20260327_172948
1774628948.7267118,7078002,1811968512,1811.968512,64,199,81,4,20260327_172948
1774628948.7366958,7078041,1811978496,1811.978496,69,199,82,4,20260327_172948
1774628948.7469356,7078081,1811988736,1811.988736,73,198,81,4,20260327_172948
1774628948.7569196,7078120,1811998720,1811.99872,77,198,81,4,20260327_172948
1774628948.7669036,7078159,1812008704,1812.008704,81,198,82,4,20260327_172948
1774628948.7768877,7078198,1812018688,1812.018688,84,198,82,4,20260327_172948
1774628948.7868717,7078237,1812028672,1812.028672,87,198,83,4,20260327_172948
1774628948.7968557,7078276,1812038656,1812.038656,90,197,82,4,20260327_172948
1774628948.8068397,7078315,1812048640,1812.04864,93,197,82,4,20260327_172948
1774628948.8168235,7078354,1812058624,1812.058624,96,197,83,4,20260327_172948
1774628948.8268075,7078393,1812068608,1812.068608,99,196,82,4,20260327_172948
1774628948.8370476,7078433,1812078848,1812.078848,102,197,82,4,20260327_172948
1774628948.8470316,7078472,1812088832,1812.088832,105,196,83,4,20260327_172948
1774628948.8570156,7078511,1812098816,1812.098816,108,196,83,4,20260327_172948
1774628948.8669996,7078550,1812108800,1812.1088,111,196,83,4,20260327_172948
1774628948.8769836,7078589,1812118784,1812.118784,114,195,82,4,20260327_172948
1774628948.8869677,7078628,1812128768,1812.128768,117,196,82,4,20260327_172948
1774628948.8969517,7078667,1812138752,1812.138752,120,196,81,4,20260327_172948
1774628948.9069357,7078706,1812148736,1812.148736,123,196,82,4,20260327_172948
1774628948.9171758,7078746,1812158976,1812.158976,126,196,82,4,20260327_172948
1774628948.9271598,7078785,1812168960,1812.16896,129,196,82,4,20260327_172948
1774628948.9371438,7078824,1812178944,1812.178944,132,195,82,4,20260327_172948
1774628948.9471276,7078863,1812188928,1812.188928,135,196,83,4,20260327_172948
1774628948.9571116,7078902,1812198912,1812.198912,138,196,82,4,20260327_172948
1774628948.9670956,7078941,1812208896,1812.208896,141,196,83,4,20260327_172948
1774628948.9770796,7078980,1812218880,1812.21888,145,196,84,4,20260327_172948
1774628948.9870636,7079019,1812228864,1812.228864,148,196,85,4,20260327_172948
1774628948.9970477,7079058,1812238848,1812.238848,151,196,85,4,20260327_172948
1774628949.0072875,7079098,1812249088,1812.249088,155,196,85,4,20260327_172948
1774628949.0172718,7079137,1812259072,1812.259072,158,196,86,4,20260327_172948
1774628949.0272558,7079176,1812269056,1812.269056,162,198,88,4,20260327_172948
1774628949.0372398,7079215,1812279040,1812.27904,165,196,91,4,20260327_172948
1774628949.0472238,7079254,1812289024,1812.289024,168,196,97,4,20260327_172948
1774628949.0572076,7079293,1812299008,1812.299008,171,196,101,4,20260327_172948
1774628949.0671916,7079332,1812308992,1812.308992,174,197,107,4,20260327_172948
1774628949.0771756,7079371,1812318976,1812.318976,177,197,113,4,20260327_172948
1774628949.0874157,7079411,1812329216,1812.329216,180,197,122,4,20260327_172948
1774628949.0973997,7079450,1812339200,1812.3392,183,197,130,4,20260327_172948
1774628949.1073835,7079489,1812349184,1812.349184,186,197,131,4,20260327_172948
1774628949.1173675,7079528,1812359168,1812.359168,188,197,133,4,20260327_172948
1774628949.1273518,7079567,1812369152,1812.369152,191,196,131,4,20260327_172948
1774628949.1373358,7079606,1812379136,1812.379136,194,197,134,4,20260327_172948
1774628949.1473198,7079645,1812389120,1812.38912,197,197,135,4,20260327_172948
1774628949.1573038,7079684,1812399104,1812.399104,200,197,138,4,20260327_172948
1774628949.1672876,7079723,1812409088,1812.409088,203,197,137,4,20260327_172948
1774628949.1775277,7079763,1812419328,1812.419328,205,197,137,4,20260327_172948
1774628949.1875117,7079802,1812429312,1812.429312,208,197,139,4,20260327_172948
1774628949.1974957,7079841,1812439296,1812.439296,211,197,140,4,20260327_172948
1774628949.2074797,7079880,1812449280,1812.44928,214,197,140,4,20260327_172948
1774628949.2174635,7079919,1812459264,1812.459264,217,197,140,4,20260327_172948
1774628949.2274475,7079958,1812469248,1812.469248,219,198,140,4,20260327_172948
1774628949.2374318,7079997,1812479232,1812.479232,222,198,141,4,20260327_172948
1774628949.2474158,7080036,1812489216,1812.489216,225,200,142,4,20260327_172948
1774628949.2576556,7080076,1812499456,1812.499456,228,198,141,4,20260327_172948
1774628949.2676396,7080115,1812509440,1812.50944,231,198,142,4,20260327_172948
1774628949.2776237,7080154,1812519424,1812.519424,234,198,141,4,20260327_172948
1774628949.2876077,7080193,1812529408,1812.529408,237,198,141,4,20260327_172948
1774628949.2975917,7080232,1812539392,1812.539392,239,198,143,4,20260327_172948
1774628949.3075757,7080271,1812549376,1812.549376,242,199,143,4,20260327_172948
1774628949.3175597,7080310,1812559360,1812.55936,245,198,143,4,20260327_172948
1774628949.3275435,7080349,1812569344,1812.569344,248,199,143,4,20260327_172948
1774628949.3375278,7080388,1812579328,1812.579328,251,199,142,4,20260327_172948
1774628949.3475118,7080427,1812589312,1812.589312,254,199,140,4,20260327_172948
1774628949.3577516,7080467,1812599552,1812.599552,1,198,139,4,20260327_172948
1774628949.3677356,7080506,1812609536,1812.609536,4,198,137,4,20260327_172948
1774628949.3777196,7080545,1812619520,1812.61952,7,199,137,4,20260327_172948
1774628949.3877037,7080584,1812629504,1812.629504,10,199,135,4,20260327_172948
1774628949.3976877,7080623,1812639488,1812.639488,13,198,132,4,20260327_172948
1774628949.4076717,7080662,1812649472,1812.649472,16,199,131,4,20260327_172948
1774628949.4176557,7080701,1812659456,1812.659456,18,199,130,4,20260327_172948
1774628949.4276395,7080740,1812669440,1812.66944,21,199,127,4,20260327_172948
1774628949.4378798,7080780,1812679680,1812.67968,24,198,127,4,20260327_172948
1774628949.4478636,7080819,1812689664,1812.689664,27,199,126,4,20260327_172948
1774628949.4578476,7080858,1812699648,1812.699648,30,199,123,4,20260327_172948
1774628949.4678316,7080897,1812709632,1812.709632,33,198,119,4,20260327_172948
1774628949.4778156,7080936,1812719616,1812.719616,36,199,112,4,20260327_172948
1774628949.4877996,7080975,1812729600,1812.7296,38,198,102,4,20260327_172948
1774628949.4977837,7081014,1812739584,1812.739584,42,199,96,4,20260327_172948
1774628949.5077677,7081053,1812749568,1812.749568,45,198,90,4,20260327_172948
1774628949.5177517,7081092,1812759552,1812.759552,50,199,85,4,20260327_172948
1774628949.5279918,7081132,1812769792,1812.769792,54,198,83,4,20260327_172948
1774628949.5379758,7081171,1812779776,1812.779776,59,198,81,4,20260327_172948
1774628949.5479598,7081210,1812789760,1812.78976,64,198,82,4,20260327_172948
1774628949.5579436,7081249,1812799744,1812.799744,69,198,82,4,20260327_172948
1774628949.5679276,7081288,1812809728,1812.809728,73,198,82,4,20260327_172948
1774628949.5779116,7081327,1812819712,1812.819712,77,199,82,4,20260327_172948
1774628949.5878956,7081366,1812829696,1812.829696,81,197,83,4,20260327_172948
1774628949.5978796,7081405,1812839680,1812.83968,84,197,83,4,20260327_172948
1774628949.6081195,7081445,1812849920,1812.84992,87,198,83,4,20260327_172948
1774628949.6181035,7081484,1812859904,1812.859904,90,197,83,4,20260327_172948
1774628949.6280878,7081523,1812869888,1812.869888,93,197,81,4,20260327_172948
1774628949.6380718,7081562,1812879872,1812.879872,96,197,84,4,20260327_172948
1774628949.6480558,7081601,1812889856,1812.889856,99,196,82,4,20260327_172948
1774628949.6580398,7081640,1812899840,1812.89984,102,196,83,4,20260327_172948
1774628949.6680236,7081679,1812909824,1812.909824,105,195,83,4,20260327_172948
1774628949.6780076,7081718,1812919808,1812.919808,108,196,82,4,20260327_172948
1774628949.6879916,7081757,1812929792,1812.929792,111,196,83,4,20260327_172948
1774628949.6982317,7081797,1812940032,1812.940032,114,195,83,4,20260327_172948
1774628949.7082157,7081836,1812950016,1812.950016,117,196,83,4,20260327_172948
1774628949.7181995,7081875,1812960000,1812.96,120,196,82,4,20260327_172948
1774628949.7281835,7081914,1812969984,1812.969984,123,195,82,4,20260327_172948
1774628949.7381678,7081953,1812979968,1812.979968,126,196,82,4,20260327_172948
1774628949.7481518,7081992,1812989952,1812.989952,129,195,84,4,20260327_172948
1774628949.7581358,7082031,1812999936,1812.999936,132,195,83,4,20260327_172948
1774628949.7681196,7082070,1813009920,1813.00992,135,196,83,4,20260327_172948
1774628949.7783597,7082110,1813020160,1813.02016,138,196,84,4,20260327_172948
1774628949.7883437,7082149,1813030144,1813.030144,141,196,84,4,20260327_172948
1774628949.7983277,7082188,1813040128,1813.040128,145,196,84,4,20260327_172948
1774628949.8083117,7082227,1813050112,1813.050112,148,196,85,4,20260327_172948
1774628949.8182957,7082266,1813060096,1813.060096,151,197,86,4,20260327_172948
1774628949.8282795,7082305,1813070080,1813.07008,155,197,87,4,20260327_172948
1774628949.8382638,7082344,1813080064,1813.080064,158,196,88,4,20260327_172948
1774628949.8482478,7082383,1813090048,1813.090048,162,196,90,4,20260327_172948
1774628949.8582318,7082422,1813100032,1813.100032,165,197,96,4,20260327_172948
1774628949.8684716,7082462,1813110272,1813.110272,168,197,101,4,20260327_172948
1774628949.8784556,7082501,1813120256,1813.120256,171,196,106,4,20260327_172948
1774628949.8884397,7082540,1813130240,1813.13024,174,196,112,4,20260327_172948
1774628949.8984237,7082579,1813140224,1813.140224,177,196,117,4,20260327_172948
1774628949.9084077,7082618,1813150208,1813.150208,180,196,128,4,20260327_172948
1774628949.9183917,7082657,1813160192,1813.160192,182,196,130,4,20260327_172948
1774628949.9283755,7082696,1813170176,1813.170176,185,196,130,4,20260327_172948
1774628949.9383595,7082735,1813180160,1813.18016,188,196,130,4,20260327_172948
1774628949.9483438,7082774,1813190144,1813.190144,191,196,133,4,20260327_172948
1774628949.9585836,7082814,1813200384,1813.200384,194,196,135,4,20260327_172948
1774628949.9685676,7082853,1813210368,1813.210368,197,197,136,4,20260327_172948
1774628949.9785516,7082892,1813220352,1813.220352,199,197,137,4,20260327_172948
1774628949.9885356,7082931,1813230336,1813.230336,202,196,138,4,20260327_172948
1774628949.9985197,7082970,1813240320,1813.24032,205,197,138,4,20260327_172948
1774628950.0085037,7083009,1813250304,1813.250304,208,197,138,4,20260327_172948
1774628950.0184877,7083048,1813260288,1813.260288,211,197,139,4,20260327_172948
1774628950.0284717,7083087,1813270272,1813.270272,213,198,139,4,20260327_172948
1774628950.0387118,7083127,1813280512,1813.280512,216,197,140,4,20260327_172948
1774628950.0486958,7083166,1813290496,1813.290496,219,197,138,4,20260327_172948
1774628950.0586796,7083205,1813300480,1813.30048,222,197,139,4,20260327_172948
1774628950.0686636,7083244,1813310464,1813.310464,225,198,141,4,20260327_172948
1774628950.0786476,7083283,1813320448,1813.320448,228,198,141,4,20260327_172948
1774628950.0886316,7083322,1813330432,1813.330432,230,198,141,4,20260327_172948
1774628950.0986156,7083361,1813340416,1813.340416,233,197,142,4,20260327_172948
1774628950.1085997,7083400,1813350400,1813.3504,236,198,140,4,20260327_172948
1774628950.1185837,7083439,1813360384,1813.360384,239,198,140,4,20260327_172948
1774628950.1285677,7083478,1813370368,1813.370368,242,199,141,4,20260327_172948
1774628950.1388078,7083518,1813380608,1813.380608,245,198,141,4,20260327_172948
1774628950.1487918,7083557,1813390592,1813.390592,247,198,140,4,20260327_172948
1774628950.1587758,7083596,1813400576,1813.400576,250,198,140,4,20260327_172948
1774628950.1687596,7083635,1813410560,1813.41056,253,198,139,4,20260327_172948
1774628950.1787436,7083674,1813420544,1813.420544,1,198,138,4,20260327_172948
1774628950.1887276,7083713,1813430528,1813.430528,4,199,138,4,20260327_172948
1774628950.1987116,7083752,1813440512,1813.440512,7,199,137,4,20260327_172948
1774628950.2086957,7083791,1813450496,1813.450496,10,199,136,4,20260327_172948
1774628950.2189355,7083831,1813460736,1813.460736,12,199,135,4,20260327_172948
1774628950.2289195,7083870,1813470720,1813.47072,15,198,132,4,20260327_172948
1774628950.2389038,7083909,1813480704,1813.480704,18,198,129,4,20260327_172948
1774628950.2488878,7083948,1813490688,1813.490688,21,198,128,4,20260327_172948
1774628950.2588718,7083987,1813500672,1813.500672,24,199,127,4,20260327_172948
1774628950.2688558,7084026,1813510656,1813.510656,27,198,126,4,20260327_172948
1774628950.2788396,7084065,1813520640,1813.52064,29,199,124,4,20260327_172948
1774628950.2888236,7084104,1813530624,1813.530624,32,200,121,4,20260327_172948
1774628950.2990637,7084144,1813540864,1813.540864,35,198,118,4,20260327_172948
1774628950.3090477,7084183,1813550848,1813.550848,38,198,109,4,20260327_172948
1774628950.3190317,7084222,1813560832,1813.560832,41,198,102,4,20260327_172948
1774628950.3290155,7084261,1813570816,1813.570816,44,198,92,4,20260327_172948
1774628950.3389995,7084300,1813580800,1813.5808,48,198,86,4,20260327_172948
1774628950.3489838,7084339,1813590784,1813.590784,53,198,83,4,20260327_172948
1774628950.3589678,7084378,1813600768,1813.600768,58,198,83,4,20260327_172948
1774628950.3689518,7084417,1813610752,1813.610752,63,198,82,4,20260327_172948
1774628950.3789356,7084456,1813620736,1813.620736,68,198,80,4,20260327_172948
1774628950.3891757,7084496,1813630976,1813.630976,72,198,82,4,20260327_172948
1774628950.3991597,7084535,1813640960,1813.64096,76,197,81,4,20260327_172948
1774628950.4091437,7084574,1813650944,1813.650944,80,198,82,4,20260327_172948
1774628950.4191277,7084613,1813660928,1813.660928,83,197,82,4,20260327_172948
1774628950.4291117,7084652,1813670912,1813.670912,86,197,83,4,20260327_172948
1774628950.4390955,7084691,1813680896,1813.680896,89,197,82,4,20260327_172948
1774628950.4490798,7084730,1813690880,1813.69088,92,196,82,4,20260327_172948
1774628950.4590638,7084769,1813700864,1813.700864,95,197,83,4,20260327_172948
1774628950.4690478,7084808,1813710848,1813.710848,98,196,83,4,20260327_172948
1774628950.4792876,7084848,1813721088,1813.721088,101,195,82,4,20260327_172948
1774628950.4892716,7084887,1813731072,1813.731072,104,196,82,4,20260327_172948
1774628950.4992557,7084926,1813741056,1813.741056,107,195,82,4,20260327_172948
1774628950.5092397,7084965,1813751040,1813.75104,110,196,83,4,20260327_172948
1774628950.5192237,7085004,1813761024,1813.761024,113,195,84,4,20260327_172948
1774628950.5292077,7085043,1813771008,1813.771008,116,196,83,4,20260327_172948
1774628950.5391915,7085082,1813780992,1813.780992,119,195,82,4,20260327_172948
1774628950.5491755,7085121,1813790976,1813.790976,122,195,82,4,20260327_172948
1774628950.5594156,7085161,1813801216,1813.801216,125,196,83,4,20260327_172948
1774628950.5693996,7085200,1813811200,1813.8112,128,196,82,4,20260327_172948
1774628950.5793836,7085239,1813821184,1813.821184,131,195,82,4,20260327_172948
1774628950.5893676,7085278,1813831168,1813.831168,135,195,82,4,20260327_172948
1774628950.5993516,7085317,1813841152,1813.841152,138,195,82,4,20260327_172948
1774628950.6093357,7085356,1813851136,1813.851136,141,195,84,4,20260327_172948
1774628950.6193197,7085395,1813861120,1813.86112,144,195,83,4,20260327_172948
1774628950.6293037,7085434,1813871104,1813.871104,147,195,85,4,20260327_172948
1774628950.6392877,7085473,1813881088,1813.881088,151,196,84,4,20260327_172948
1774628950.6495278,7085513,1813891328,1813.891328,154,195,85,4,20260327_172948
1774628950.6595118,7085552,1813901312,1813.901312,158,195,88,4,20260327_172948
1774628950.6694956,7085591,1813911296,1813.911296,161,196,91,4,20260327_172948
1774628950.6794796,7085630,1813921280,1813.92128,164,196,94,4,20260327_172948
1774628950.6894636,7085669,1813931264,1813.931264,168,196,99,4,20260327_172948
1774628950.6994476,7085708,1813941248,1813.941248,171,196,105,4,20260327_172948
1774628950.7094316,7085747,1813951232,1813.951232,173,196,110,4,20260327_172948
1774628950.7194157,7085786,1813961216,1813.961216,176,196,117,4,20260327_172948
1774628950.7293997,7085825,1813971200,1813.9712,179,196,127,4,20260327_172948
1774628950.7396398,7085865,1813981440,1813.98144,182,196,134,4,20260327_172948
1774628950.7496238,7085904,1813991424,1813.991424,185,196,134,4,20260327_172948
1774628950.7596078,7085943,1814001408,1814.001408,188,196,134,4,20260327_172948
1774628950.7695918,7085982,1814011392,1814.011392,190,196,135,4,20260327_172948
1774628950.7795756,7086021,1814021376,1814.021376,193,196,140,4,20260327_172948
1774628950.7895596,7086060,1814031360,1814.03136,196,196,139,4,20260327_172948
1774628950.7995436,7086099,1814041344,1814.041344,199,197,141,4,20260327_172948
1774628950.8095276,7086138,1814051328,1814.051328,202,196,140,4,20260327_172948
1774628950.8197677,7086178,1814061568,1814.061568,205,197,142,4,20260327_172948
1774628950.8297515,7086217,1814071552,1814.071552,207,197,142,4,20260327_172948
1774628950.8397355,7086256,1814081536,1814.081536,210,197,143,4,20260327_172948
1774628950.8497198,7086295,1814091520,1814.09152,213,197,142,4,20260327_172948
1774628950.8597038,7086334,1814101504,1814.101504,216,197,144,4,20260327_172948
1774628950.8696878,7086373,1814111488,1814.111488,219,197,144,4,20260327_172948
1774628950.8796716,7086412,1814121472,1814.121472,221,198,144,4,20260327_172948
1774628950.8896556,7086451,1814131456,1814.131456,224,198,147,4,20260327_172948
1774628950.8998957,7086491,1814141696,1814.141696,227,198,145,4,20260327_172948
1774628950.9098797,7086530,1814151680,1814.15168,230,198,145,4,20260327_172948
1774628950.9198637,7086569,1814161664,1814.161664,233,198,145,4,20260327_172948
1774628950.9298477,7086608,1814171648,1814.171648,236,197,145,4,20260327_172948
1774628950.9398315,7086647,1814181632,1814.181632,238,198,145,4,20260327_172948
1774628950.9498158,7086686,1814191616,1814.191616,241,198,146,4,20260327_172948
1774628950.9597998,7086725,1814201600,1814.2016,244,198,146,4,20260327_172948
1774628950.9697838,7086764,1814211584,1814.211584,247,198,145,4,20260327_172948
1774628950.9797678,7086803,1814221568,1814.221568,250,198,144,4,20260327_172948
1774628950.9900076,7086843,1814231808,1814.231808,253,198,143,4,20260327_172948
1774628950.9999917,7086882,1814241792,1814.241792,1,198,143,4,20260327_172948
1774628951.0099757,7086921,1814251776,1814.251776,3,198,141,4,20260327_172948
1774628951.0199597,7086960,1814261760,1814.26176,6,198,138,4,20260327_172948
1774628951.0299437,7086999,1814271744,1814.271744,9,198,137,4,20260327_172948
1774628951.0399275,7087038,1814281728,1814.281728,12,198,134,4,20260327_172948
1774628951.0499115,7087077,1814291712,1814.291712,15,199,132,4,20260327_172948
1774628951.0598958,7087116,1814301696,1814.301696,18,198,129,4,20260327_172948
1774628951.0698798,7087155,1814311680,1814.31168,20,198,128,4,20260327_172948
1774628951.0801196,7087195,1814321920,1814.32192,23,198,127,4,20260327_172948
1774628951.0901036,7087234,1814331904,1814.331904,26,198,125,4,20260327_172948
1774628951.1000876,7087273,1814341888,1814.341888,29,198,123,4,20260327_172948
1774628951.1100717,7087312,1814351872,1814.351872,32,198,118,4,20260327_172948
1774628951.1200557,7087351,1814361856,1814.361856,35,198,115,4,20260327_172948
1774628951.1300397,7087390,1814371840,1814.37184,38,198,105,4,20260327_172948
1774628951.1400237,7087429,1814381824,1814.381824,41,198,96,4,20260327_172948
1774628951.1500075,7087468,1814391808,1814.391808,44,197,91,4,20260327_172948
1774628951.1599915,7087507,1814401792,1814.401792,48,197,88,4,20260327_172948
1774628951.1702316,7087547,1814412032,1814.412032,53,198,82,4,20260327_172948
1774628951.1802156,7087586,1814422016,1814.422016,58,198,82,4,20260327_172948
1774628951.1901996,7087625,1814432000,1814.432,63,198,80,4,20260327_172948
1774628951.2001836,7087664,1814441984,1814.441984,68,197,80,4,20260327_172948
1774628951.2101676,7087703,1814451968,1814.451968,72,197,82,4,20260327_172948
1774628951.2201517,7087742,1814461952,1814.461952,76,197,81,4,20260327_172948
1774628951.2301357,7087781,1814471936,1814.471936,80,197,81,4,20260327_172948
1774628951.2401197,7087820,1814481920,1814.48192,83,197,81,4,20260327_172948
1774628951.2501037,7087859,1814491904,1814.491904,86,197,82,4,20260327_172948
1774628951.2603438,7087899,1814502144,1814.502144,89,196,82,4,20260327_172948
1774628951.2703278,7087938,1814512128,1814.512128,92,196,81,4,20260327_172948
1774628951.2803116,7087977,1814522112,1814.522112,95,195,81,4,20260327_172948
1774628951.2902956,7088016,1814532096,1814.532096,98,196,82,4,20260327_172948
1774628951.3002796,7088055,1814542080,1814.54208,101,195,82,4,20260327_172948
1774628951.3102636,7088094,1814552064,1814.552064,104,195,81,4,20260327_172948
1774628951.3202477,7088133,1814562048,1814.562048,107,195,82,4,20260327_172948
1774628951.3302317,7088172,1814572032,1814.572032,110,195,82,4,20260327_172948
1774628951.3404715,7088212,1814582272,1814.582272,113,195,82,4,20260327_172948
1774628951.3504558,7088251,1814592256,1814.592256,116,195,82,4,20260327_172948
1774628951.3604398,7088290,1814602240,1814.60224,119,194,81,4,20260327_172948
1774628951.3704238,7088329,1814612224,1814.612224,122,195,83,4,20260327_172948
1774628951.3804078,7088368,1814622208,1814.622208,125,195,83,4,20260327_172948
1774628951.3903916,7088407,1814632192,1814.632192,128,195,83,4,20260327_172948
1774628951.4003756,7088446,1814642176,1814.642176,131,195,83,4,20260327_172948
1774628951.4103596,7088485,1814652160,1814.65216,134,194,82,4,20260327_172948
1774628951.4205997,7088525,1814662400,1814.6624,138,195,84,4,20260327_172948
1774628951.4305837,7088564,1814672384,1814.672384,141,195,85,4,20260327_172948
1774628951.4405675,7088603,1814682368,1814.682368,144,195,85,4,20260327_172948
1774628951.4505515,7088642,1814692352,1814.692352,147,196,87,4,20260327_172948
1774628951.4605358,7088681,1814702336,1814.702336,150,196,89,4,20260327_172948
1774628951.4705198,7088720,1814712320,1814.71232,154,195,91,4,20260327_172948
1774628951.4805038,7088759,1814722304,1814.722304,157,195,94,4,20260327_172948
1774628951.4904876,7088798,1814732288,1814.732288,160,196,100,4,20260327_172948
1774628951.5004716,7088837,1814742272,1814.742272,163,196,106,4,20260327_172948
1774628951.5107117,7088877,1814752512,1814.752512,166,196,110,4,20260327_172948
1774628951.5206957,7088916,1814762496,1814.762496,169,196,115,4,20260327_172948
1774628951.5306797,7088955,1814772480,1814.77248,172,196,122,4,20260327_172948
1774628951.5406637,7088994,1814782464,1814.782464,175,195,132,4,20260327_172948
1774628951.5506475,7089033,1814792448,1814.792448,178,196,134,4,20260327_172948
1774628951.5606318,7089072,1814802432,1814.802432,180,196,133,4,20260327_172948
1774628951.5706158,7089111,1814812416,1814.812416,183,195,134,4,20260327_172948
1774628951.5805998,7089150,1814822400,1814.8224,186,195,136,4,20260327_172948
1774628951.5908396,7089190,1814832640,1814.83264,189,196,139,4,20260327_172948
1774628951.6008236,7089229,1814842624,1814.842624,192,196,140,4,20260327_172948
1774628951.6108077,7089268,1814852608,1814.852608,194,196,140,4,20260327_172948
1774628951.6207917,7089307,1814862592,1814.862592,197,196,142,4,20260327_172948
1774628951.6307757,7089346,1814872576,1814.872576,200,196,143,4,20260327_172948
1774628951.6407597,7089385,1814882560,1814.88256,203,196,143,4,20260327_172948
1774628951.6507435,7089424,1814892544,1814.892544,206,196,143,4,20260327_172948
1774628951.6607275,7089463,1814902528,1814.902528,209,196,144,4,20260327_172948
1774628951.6707118,7089502,1814912512,1814.912512,211,197,143,4,20260327_172948
1774628951.6809516,7089542,1814922752,1814.922752,214,197,144,4,20260327_172948
1774628951.6909356,7089581,1814932736,1814.932736,217,197,144,4,20260327_172948
1774628951.7009196,7089620,1814942720,1814.94272,220,197,144,4,20260327_172948
1774628951.7109036,7089659,1814952704,1814.952704,223,197,145,4,20260327_172948
1774628951.7208877,7089698,1814962688,1814.962688,226,198,146,4,20260327_172948
1774628951.7308717,7089737,1814972672,1814.972672,228,197,146,4,20260327_172948
1774628951.7408557,7089776,1814982656,1814.982656,231,198,147,4,20260327_172948
1774628951.7508397,7089815,1814992640,1814.99264,234,198,145,4,20260327_172948
1774628951.7610798,7089855,1815002880,1815.00288,237,198,144,4,20260327_172948
1774628951.7710638,7089894,1815012864,1815.012864,240,198,144,4,20260327_172948
1774628951.7810476,7089933,1815022848,1815.022848,243,198,144,4,20260327_172948
1774628951.7910316,7089972,1815032832,1815.032832,245,197,144,4,20260327_172948
1774628951.8010156,7090011,1815042816,1815.042816,248,198,145,4,20260327_172948
1774628951.8109996,7090050,1815052800,1815.0528,251,198,145,4,20260327_172948
1774628951.8209836,7090089,1815062784,1815.062784,254,198,144,4,20260327_172948
1774628951.8309677,7090128,1815072768,1815.072768,2,198,142,4,20260327_172948
1774628951.8409517,7090167,1815082752,1815.082752,5,198,139,4,20260327_172948
1774628951.8509357,7090206,1815092736,1815.092736,8,197,139,4,20260327_172948
1774628951.8611758,7090246,1815102976,1815.102976,10,198,137,4,20260327_172948
1774628951.8711598,7090285,1815112960,1815.11296,13,198,137,4,20260327_172948
1774628951.8811438,7090324,1815122944,1815.122944,16,197,135,4,20260327_172948
1774628951.8911276,7090363,1815132928,1815.132928,19,198,132,4,20260327_172948
1774628951.9011116,7090402,1815142912,1815.142912,22,197,130,4,20260327_172948
1774628951.9110956,7090441,1815152896,1815.152896,24,198,127,4,20260327_172948
1774628951.9210796,7090480,1815162880,1815.16288,27,198,123,4,20260327_172948
1774628951.9310637,7090519,1815172864,1815.172864,30,198,121,4,20260327_172948
1774628951.9410477,7090558,1815182848,1815.182848,33,198,119,4,20260327_172948
1774628951.9512875,7090598,1815193088,1815.193088,36,197,114,4,20260327_172948
1774628951.9612718,7090637,1815203072,1815.203072,39,198,104,4,20260327_172948
1774628951.9712558,7090676,1815213056,1815.213056,42,198,97,4,20260327_172948
1774628951.9812398,7090715,1815223040,1815.22304,46,198,90,4,20260327_172948
1774628951.9912236,7090754,1815233024,1815.233024,50,197,87,4,20260327_172948
1774628952.0012076,7090793,1815243008,1815.243008,55,197,83,4,20260327_172948
1774628952.0114477,7090833,1815253248,1815.253248,60,198,82,4,20260327_172948
1774628952.0214317,7090872,1815263232,1815.263232,65,197,80,4,20260327_172948
1774628952.0314157,7090911,1815273216,1815.273216,70,197,81,4,20260327_172948
1774628952.0413997,7090950,1815283200,1815.2832,74,196,81,4,20260327_172948
1774628952.0513835,7090989,1815293184,1815.293184,78,197,80,4,20260327_172948
1774628952.0613678,7091028,1815303168,1815.303168,81,196,82,4,20260327_172948
1774628952.0713518,7091067,1815313152,1815.313152,84,196,79,4,20260327_172948
1774628952.0813358,7091106,1815323136,1815.323136,88,196,81,4,20260327_172948
1774628952.0913198,7091145,1815333120,1815.33312,91,196,81,4,20260327_172948
1774628952.1015596,7091185,1815343360,1815.34336,94,195,80,4,20260327_172948
1774628952.1115437,7091224,1815353344,1815.353344,96,196,82,4,20260327_172948
1774628952.1215277,7091263,1815363328,1815.363328,99,195,81,4,20260327_172948
1774628952.1315117,7091302,1815373312,1815.373312,102,195,82,4,20260327_172948
1774628952.1414957,7091341,1815383296,1815.383296,105,195,80,4,20260327_172948
1774628952.1514795,7091380,1815393280,1815.39328,108,194,82,4,20260327_172948
1774628952.1614635,7091419,1815403264,1815.403264,111,194,81,4,20260327_172948
1774628952.1714478,7091458,1815413248,1815.413248,114,194,82,4,20260327_172948
1774628952.1814318,7091497,1815423232,1815.423232,117,195,82,4,20260327_172948
1774628952.1916716,7091537,1815433472,1815.433472,120,194,83,4,20260327_172948
1774628952.2016556,7091576,1815443456,1815.443456,123,195,82,4,20260327_172948
1774628952.2116396,7091615,1815453440,1815.45344,126,195,84,4,20260327_172948
1774628952.2216237,7091654,1815463424,1815.463424,129,194,84,4,20260327_172948
1774628952.2316077,7091693,1815473408,1815.473408,132,195,83,4,20260327_172948
1774628952.2415917,7091732,1815483392,1815.483392,136,195,87,4,20260327_172948
1774628952.2515757,7091771,1815493376,1815.493376,139,195,87,4,20260327_172948
1774628952.2615595,7091810,1815503360,1815.50336,142,196,89,4,20260327_172948
1774628952.2715435,7091849,1815513344,1815.513344,145,195,90,4,20260327_172948
1774628952.2817836,7091889,1815523584,1815.523584,148,195,94,4,20260327_172948
1774628952.2917676,7091928,1815533568,1815.533568,151,196,97,4,20260327_172948
1774628952.3017516,7091967,1815543552,1815.543552,154,195,102,4,20260327_172948
1774628952.3117356,7092006,1815553536,1815.553536,157,196,106,4,20260327_172948
1774628952.3217196,7092045,1815563520,1815.56352,160,196,110,4,20260327_172948
1774628952.3317037,7092084,1815573504,1815.573504,163,195,114,4,20260327_172948
1774628952.3416877,7092123,1815583488,1815.583488,166,196,121,4,20260327_172948
1774628952.3516717,7092162,1815593472,1815.593472,169,196,127,4,20260327_172948
1774628952.3619118,7092202,1815603712,1815.603712,172,196,130,4,20260327_172948
1774628952.3718958,7092241,1815613696,1815.613696,174,196,132,4,20260327_172948
1774628952.3818798,7092280,1815623680,1815.62368,177,195,132,4,20260327_172948
1774628952.3918636,7092319,1815633664,1815.633664,180,196,133,4,20260327_172948
1774628952.4018476,7092358,1815643648,1815.643648,183,196,137,4,20260327_172948
1774628952.4118316,7092397,1815653632,1815.653632,186,195,138,4,20260327_172948
1774628952.4218156,7092436,1815663616,1815.663616,188,196,140,4,20260327_172948
1774628952.4317997,7092475,1815673600,1815.6736,191,195,140,4,20260327_172948
1774628952.4417837,7092514,1815683584,1815.683584,194,196,142,4,20260327_172948
1774628952.4520235,7092554,1815693824,1815.693824,197,196,142,4,20260327_172948
1774628952.4620078,7092593,1815703808,1815.703808,200,196,143,4,20260327_172948
1774628952.4719918,7092632,1815713792,1815.713792,202,196,142,4,20260327_172948
1774628952.4819758,7092671,1815723776,1815.723776,205,196,143,4,20260327_172948
1774628952.4919598,7092710,1815733760,1815.73376,208,196,143,4,20260327_172948
1774628952.5019436,7092749,1815743744,1815.743744,211,196,143,4,20260327_172948
1774628952.5119276,7092788,1815753728,1815.753728,214,196,144,4,20260327_172948
1774628952.5219116,7092827,1815763712,1815.763712,216,196,144,4,20260327_172948
1774628952.5321517,7092867,1815773952,1815.773952,219,196,144,4,20260327_172948
1774628952.5421357,7092906,1815783936,1815.783936,222,197,145,4,20260327_172948
1774628952.5521195,7092945,1815793920,1815.79392,225,197,145,4,20260327_172948
1774628952.5621035,7092984,1815803904,1815.803904,228,197,144,4,20260327_172948
1774628952.5720878,7093023,1815813888,1815.813888,231,197,147,4,20260327_172948
1774628952.5820718,7093062,1815823872,1815.823872,234,197,146,4,20260327_172948
1774628952.5920558,7093101,1815833856,1815.833856,236,197,144,4,20260327_172948
1774628952.6020396,7093140,1815843840,1815.84384,239,198,144,4,20260327_172948
1774628952.6122797,7093180,1815854080,1815.85408,242,197,143,4,20260327_172948
1774628952.6222637,7093219,1815864064,1815.864064,245,198,142,4,20260327_172948
1774628952.6322477,7093258,1815874048,1815.874048,248,197,140,4,20260327_172948
1774628952.6422317,7093297,1815884032,1815.884032,251,198,142,4,20260327_172948
1774628952.6522155,7093336,1815894016,1815.894016,253,197,139,4,20260327_172948
1774628952.6621995,7093375,1815904000,1815.904,1,197,139,4,20260327_172948
1774628952.6721838,7093414,1815913984,1815.913984,4,197,135,4,20260327_172948
1774628952.6821678,7093453,1815923968,1815.923968,7,197,136,4,20260327_172948
1774628952.6921518,7093492,1815933952,1815.933952,10,198,134,4,20260327_172948
1774628952.7023916,7093532,1815944192,1815.944192,13,198,130,4,20260327_172948
1774628952.7123756,7093571,1815954176,1815.954176,16,198,129,4,20260327_172948
1774628952.7223597,7093610,1815964160,1815.96416,18,197,127,4,20260327_172948
1774628952.7323437,7093649,1815974144,1815.974144,21,198,127,4,20260327_172948
1774628952.7423277,7093688,1815984128,1815.984128,24,198,124,4,20260327_172948
1774628952.7523117,7093727,1815994112,1815.994112,27,197,123,4,20260327_172948
1774628952.7622955,7093766,1816004096,1816.004096,30,198,120,4,20260327_172948
1774628952.7722795,7093805,1816014080,1816.01408,33,197,116,4,20260327_172948
1774628952.7822638,7093844,1816024064,1816.024064,36,198,103,4,20260327_172948
1774628952.7925036,7093884,1816034304,1816.034304,39,197,95,4,20260327_172948
1774628952.8024876,7093923,1816044288,1816.044288,42,198,91,4,20260327_172948
1774628952.8124716,7093962,1816054272,1816.054272,46,197,85,4,20260327_172948
1774628952.8224556,7094001,1816064256,1816.064256,50,197,83,4,20260327_172948
1774628952.8324397,7094040,1816074240,1816.07424,55,198,82,4,20260327_172948
1774628952.8424237,7094079,1816084224,1816.084224,60,198,81,4,20260327_172948
1774628952.8524077,7094118,1816094208,1816.094208,65,197,82,4,20260327_172948
1774628952.8623917,7094157,1816104192,1816.104192,70,197,81,4,20260327_172948
1774628952.8723755,7094196,1816114176,1816.114176,74,196,83,4,20260327_172948
1774628952.8826158,7094236,1816124416,1816.124416,78,196,81,4,20260327_172948
1774628952.8925996,7094275,1816134400,1816.1344,81,196,82,4,20260327_172948
1774628952.9025836,7094314,1816144384,1816.144384,85,196,83,4,20260327_172948
1774628952.9125676,7094353,1816154368,1816.154368,88,196,83,4,20260327_172948
1774628952.9225516,7094392,1816164352,1816.164352,91,195,82,4,20260327_172948
1774628952.9325356,7094431,1816174336,1816.174336,94,195,82,4,20260327_172948
1774628952.9425197,7094470,1816184320,1816.18432,97,195,83,4,20260327_172948
1774628952.9525037,7094509,1816194304,1816.194304,99,195,83,4,20260327_172948
1774628952.9627438,7094549,1816204544,1816.204544,102,195,84,4,20260327_172948
1774628952.9727278,7094588,1816214528,1816.214528,105,195,83,4,20260327_172948
1774628952.9827118,7094627,1816224512,1816.224512,108,194,85,4,20260327_172948
1774628952.9926958,7094666,1816234496,1816.234496,111,195,85,4,20260327_172948
1774628953.0026796,7094705,1816244480,1816.24448,114,195,85,4,20260327_172948
1774628953.0126636,7094744,1816254464,1816.254464,117,195,84,4,20260327_172948
1774628953.0226476,7094783,1816264448,1816.264448,120,194,85,4,20260327_172948
1774628953.0326316,7094822,1816274432,1816.274432,123,195,86,4,20260327_172948
1774628953.0428717,7094862,1816284672,1816.284672,126,195,87,4,20260327_172948
1774628953.0528555,7094901,1816294656,1816.294656,129,196,88,4,20260327_172948
1774628953.0628395,7094940,1816304640,1816.30464,132,195,91,4,20260327_172948
1774628953.0728238,7094979,1816314624,1816.314624,135,195,91,4,20260327_172948
1774628953.0828078,7095018,1816324608,1816.324608,139,195,94,4,20260327_172948
1774628953.0927918,7095057,1816334592,1816.334592,142,196,100,4,20260327_172948
1774628953.1027756,7095096,1816344576,1816.344576,144,195,102,4,20260327_172948
1774628953.1127596,7095135,1816354560,1816.35456,147,196,107,4,20260327_172948
1774628953.1227436,7095174,1816364544,1816.364544,150,196,111,4,20260327_172948
1774628953.1327276,7095213,1816374528,1816.374528,153,196,114,4,20260327_172948
1774628953.1429677,7095253,1816384768,1816.384768,156,195,118,4,20260327_172948
1774628953.1529517,7095292,1816394752,1816.394752,159,196,124,4,20260327_172948
1774628953.1629355,7095331,1816404736,1816.404736,161,196,130,4,20260327_172948
1774628953.1729198,7095370,1816414720,1816.41472,163,196,135,4,20260327_172948
1774628953.1829038,7095409,1816424704,1816.424704,166,195,136,4,20260327_172948
1774628953.1928878,7095448,1816434688,1816.434688,168,195,136,4,20260327_172948
1774628953.2028718,7095487,1816444672,1816.444672,171,195,137,4,20260327_172948
1774628953.2128556,7095526,1816454656,1816.454656,174,196,139,4,20260327_172948
1774628953.2230957,7095566,1816464896,1816.464896,176,196,142,4,20260327_172948
1774628953.2330797,7095605,1816474880,1816.47488,179,196,142,4,20260327_172948
1774628953.2430637,7095644,1816484864,1816.484864,182,196,143,4,20260327_172948
1774628953.2530477,7095683,1816494848,1816.494848,185,196,144,4,20260327_172948
1774628953.2630315,7095722,1816504832,1816.504832,188,195,143,4,20260327_172948
1774628953.2730155,7095761,1816514816,1816.514816,190,195,144,4,20260327_172948
1774628953.2829998,7095800,1816524800,1816.5248,193,195,144,4,20260327_172948
1774628953.2929838,7095839,1816534784,1816.534784,196,195,144,4,20260327_172948
1774628953.3029678,7095878,1816544768,1816.544768,199,195,146,4,20260327_172948
1774628953.3132076,7095918,1816555008,1816.555008,202,196,146,4,20260327_172948
1774628953.3231916,7095957,1816564992,1816.564992,205,195,146,4,20260327_172948
1774628953.3331757,7095996,1816574976,1816.574976,207,195,148,4,20260327_172948
1774628953.3431597,7096035,1816584960,1816.58496,210,196,146,4,20260327_172948
1774628953.3531437,7096074,1816594944,1816.594944,213,196,146,4,20260327_172948
1774628953.3631277,7096113,1816604928,1816.604928,216,196,146,4,20260327_172948
1774628953.3731115,7096152,1816614912,1816.614912,219,197,147,4,20260327_172948
1774628953.3830955,7096191,1816624896,1816.624896,221,196,148,4,20260327_172948
1774628953.3933356,7096231,1816635136,1816.635136,224,197,146,4,20260327_172948
1774628953.4033196,7096270,1816645120,1816.64512,227,197,144,4,20260327_172948
1774628953.4133036,7096309,1816655104,1816.655104,230,197,144,4,20260327_172948
1774628953.4232876,7096348,1816665088,1816.665088,233,197,144,4,20260327_172948
1774628953.4332716,7096387,1816675072,1816.675072,236,197,144,4,20260327_172948
1774628953.4432557,7096426,1816685056,1816.685056,238,197,146,4,20260327_172948
1774628953.4532397,7096465,1816695040,1816.69504,241,197,145,4,20260327_172948
1774628953.4632237,7096504,1816705024,1816.705024,244,198,145,4,20260327_172948
1774628953.4734638,7096544,1816715264,1816.715264,247,197,143,4,20260327_172948
1774628953.4834478,7096583,1816725248,1816.725248,250,197,141,4,20260327_172948
1774628953.4934318,7096622,1816735232,1816.735232,253,197,140,4,20260327_172948
1774628953.5034156,7096661,1816745216,1816.745216,1,197,140,4,20260327_172948
1774628953.5133996,7096700,1816755200,1816.7552,3,198,138,4,20260327_172948
1774628953.5233836,7096739,1816765184,1816.765184,6,197,138,4,20260327_172948
1774628953.5333676,7096778,1816775168,1816.775168,9,198,136,4,20260327_172948
1774628953.5433517,7096817,1816785152,1816.785152,12,198,134,4,20260327_172948
1774628953.5533357,7096856,1816795136,1816.795136,15,198,132,4,20260327_172948
1774628953.5635755,7096896,1816805376,1816.805376,18,197,130,4,20260327_172948
1774628953.5735598,7096935,1816815360,1816.81536,20,197,128,4,20260327_172948
1774628953.5835438,7096974,1816825344,1816.825344,23,197,127,4,20260327_172948
1774628953.5935278,7097013,1816835328,1816.835328,26,197,127,4,20260327_172948
1774628953.6035118,7097052,1816845312,1816.845312,29,197,125,4,20260327_172948
1774628953.6134956,7097091,1816855296,1816.855296,32,197,122,4,20260327_172948
1774628953.6234796,7097130,1816865280,1816.86528,35,197,115,4,20260327_172948
1774628953.6334636,7097169,1816875264,1816.875264,38,198,110,4,20260327_172948
1774628953.6434476,7097208,1816885248,1816.885248,41,197,103,4,20260327_172948
1774628953.6536877,7097248,1816895488,1816.895488,44,197,96,4,20260327_172948
1774628953.6636715,7097287,1816905472,1816.905472,48,197,89,4,20260327_172948
1774628953.6736555,7097326,1816915456,1816.915456,52,198,87,4,20260327_172948
1774628953.6836398,7097365,1816925440,1816.92544,57,197,84,4,20260327_172948
1774628953.6936238,7097404,1816935424,1816.935424,62,197,81,4,20260327_172948
1774628953.7036078,7097443,1816945408,1816.945408,67,197,80,4,20260327_172948
1774628953.7135916,7097482,1816955392,1816.955392,71,196,79,4,20260327_172948
1774628953.7235756,7097521,1816965376,1816.965376,75,197,81,4,20260327_172948
1774628953.7335596,7097560,1816975360,1816.97536,79,196,81,4,20260327_172948
1774628953.7437997,7097600,1816985600,1816.9856,83,196,82,4,20260327_172948
1774628953.7537837,7097639,1816995584,1816.995584,86,195,80,4,20260327_172948
1774628953.7637675,7097678,1817005568,1817.005568,89,196,81,4,20260327_172948
1774628953.7737515,7097717,1817015552,1817.015552,92,195,82,4,20260327_172948
1774628953.7837358,7097756,1817025536,1817.025536,95,195,82,4,20260327_172948
1774628953.7937198,7097795,1817035520,1817.03552,98,195,81,4,20260327_172948
1774628953.8037038,7097834,1817045504,1817.045504,101,194,81,4,20260327_172948
1774628953.8136878,7097873,1817055488,1817.055488,104,195,82,4,20260327_172948
1774628953.8239276,7097913,1817065728,1817.065728,107,195,83,4,20260327_172948
1774628953.8339117,7097952,1817075712,1817.075712,110,194,83,4,20260327_172948
1774628953.8438957,7097991,1817085696,1817.085696,113,194,83,4,20260327_172948
1774628953.8538797,7098030,1817095680,1817.09568,115,194,83,4,20260327_172948
1774628953.8638637,7098069,1817105664,1817.105664,118,194,85,4,20260327_172948
1774628953.8738475,7098108,1817115648,1817.115648,121,195,86,4,20260327_172948
1774628953.8838315,7098147,1817125632,1817.125632,124,195,86,4,20260327_172948
1774628953.8938158,7098186,1817135616,1817.135616,127,195,87,4,20260327_172948
1774628953.9037998,7098225,1817145600,1817.1456,131,195,88,4,20260327_172948
1774628953.9140396,7098265,1817155840,1817.15584,134,194,89,4,20260327_172948
1774628953.9240236,7098304,1817165824,1817.165824,137,195,93,4,20260327_172948
1774628953.9340076,7098343,1817175808,1817.175808,140,195,97,4,20260327_172948
1774628953.9439917,7098382,1817185792,1817.185792,143,196,102,4,20260327_172948
1774628953.9539757,7098421,1817195776,1817.195776,146,196,106,4,20260327_172948
1774628953.9639597,7098460,1817205760,1817.20576,149,196,109,4,20260327_172948
1774628953.9739437,7098499,1817215744,1817.215744,152,196,113,4,20260327_172948
1774628953.9839275,7098538,1817225728,1817.225728,154,196,116,4,20260327_172948
1774628953.9939115,7098577,1817235712,1817.235712,157,196,122,4,20260327_172948
1774628954.0041516,7098617,1817245952,1817.245952,160,195,127,4,20260327_172948
1774628954.0141356,7098656,1817255936,1817.255936,162,196,134,4,20260327_172948
1774628954.0241196,7098695,1817265920,1817.26592,165,196,135,4,20260327_172948
1774628954.0341036,7098734,1817275904,1817.275904,167,196,136,4,20260327_172948
1774628954.0440876,7098773,1817285888,1817.285888,170,195,136,4,20260327_172948
1774628954.0540717,7098812,1817295872,1817.295872,172,195,137,4,20260327_172948
1774628954.0640557,7098851,1817305856,1817.305856,175,196,139,4,20260327_172948
1774628954.0740397,7098890,1817315840,1817.31584,178,195,142,4,20260327_172948
1774628954.0842798,7098930,1817326080,1817.32608,180,196,143,4,20260327_172948
1774628954.0942638,7098969,1817336064,1817.336064,183,195,144,4,20260327_172948
1774628954.1042478,7099008,1817346048,1817.346048,186,195,144,4,20260327_172948
1774628954.1142316,7099047,1817356032,1817.356032,189,196,145,4,20260327_172948
1774628954.1242156,7099086,1817366016,1817.366016,192,195,146,4,20260327_172948
1774628954.1341996,7099125,1817376000,1817.376,194,195,145,4,20260327_172948
1774628954.1441836,7099164,1817385984,1817.385984,197,195,145,4,20260327_172948
1774628954.1541677,7099203,1817395968,1817.395968,200,195,146,4,20260327_172948
1774628954.1641517,7099242,1817405952,1817.405952,203,195,147,4,20260327_172948
1774628954.1741357,7099281,1817415936,1817.415936,206,195,146,4,20260327_172948
1774628954.1843758,7099321,1817426176,1817.426176,209,195,147,4,20260327_172948
1774628954.1943598,7099360,1817436160,1817.43616,211,196,146,4,20260327_172948
1774628954.2043438,7099399,1817446144,1817.446144,214,196,147,4,20260327_172948
1774628954.2143276,7099438,1817456128,1817.456128,217,196,148,4,20260327_172948
1774628954.2243116,7099477,1817466112,1817.466112,220,196,147,4,20260327_172948
1774628954.2342956,7099516,1817476096,1817.476096,223,197,146,4,20260327_172948
1774628954.2442796,7099555,1817486080,1817.48608,226,197,145,4,20260327_172948
1774628954.2542636,7099594,1817496064,1817.496064,228,197,144,4,20260327_172948
1774628954.2645037,7099634,1817506304,1817.506304,231,197,144,4,20260327_172948
1774628954.2744875,7099673,1817516288,1817.516288,234,197,145,4,20260327_172948
1774628954.2844718,7099712,1817526272,1817.526272,237,197,144,4,20260327_172948
1774628954.2944558,7099751,1817536256,1817.536256,240,197,144,4,20260327_172948
1774628954.3044398,7099790,1817546240,1817.54624,243,197,146,4,20260327_172948
1774628954.3144238,7099829,1817556224,1817.556224,245,197,145,4,20260327_172948
1774628954.3244076,7099868,1817566208,1817.566208,248,197,146,4,20260327_172948
1774628954.3343916,7099907,1817576192,1817.576192,251,197,144,4,20260327_172948
1774628954.3446317,7099947,1817586432,1817.586432,254,197,142,4,20260327_172948
1774628954.3546157,7099986,1817596416,1817.596416,2,199,141,4,20260327_172948
1774628954.3645997,7100025,1817606400,1817.6064,5,198,141,4,20260327_172948
1774628954.3745835,7100064,1817616384,1817.616384,8,198,139,4,20260327_172948
1774628954.3845675,7100103,1817626368,1817.626368,10,198,136,4,20260327_172948
1774628954.3945518,7100142,1817636352,1817.636352,13,197,135,4,20260327_172948
1774628954.4045358,7100181,1817646336,1817.646336,16,198,134,4,20260327_172948
1774628954.4145198,7100220,1817656320,1817.65632,19,197,133,4,20260327_172948
1774628954.4245038,7100259,1817666304,1817.666304,22,197,131,4,20260327_172948
1774628954.4347436,7100299,1817676544,1817.676544,24,197,130,4,20260327_172948
1774628954.4447277,7100338,1817686528,1817.686528,27,197,128,4,20260327_172948
1774628954.4547117,7100377,1817696512,1817.696512,30,197,127,4,20260327_172948
1774628954.4646957,7100416,1817706496,1817.706496,33,198,128,4,20260327_172948
1774628954.4746797,7100455,1817716480,1817.71648,36,197,127,4,20260327_172948
1774628954.4846635,7100494,1817726464,1817.726464,38,198,124,4,20260327_172948
1774628954.4946475,7100533,1817736448,1817.736448,41,198,122,4,20260327_172948
1774628954.5046318,7100572,1817746432,1817.746432,44,197,120,4,20260327_172948
1774628954.5146158,7100611,1817756416,1817.756416,46,198,119,4,20260327_172948
1774628954.5248556,7100651,1817766656,1817.766656,49,197,112,4,20260327_172948
1774628954.5348396,7100690,1817776640,1817.77664,52,197,107,4,20260327_172948
1774628954.5448236,7100729,1817786624,1817.786624,56,197,102,4,20260327_172948
1774628954.5548077,7100768,1817796608,1817.796608,60,197,96,4,20260327_172948
1774628954.5647917,7100807,1817806592,1817.806592,64,197,92,4,20260327_172948
1774628954.5747757,7100846,1817816576,1817.816576,68,197,90,4,20260327_172948
1774628954.5847597,7100885,1817826560,1817.82656,73,196,87,4,20260327_172948
1774628954.5947435,7100924,1817836544,1817.836544,76,196,84,4,20260327_172948
1774628954.6047275,7100963,1817846528,1817.846528,80,196,83,4,20260327_172948
1774628954.6149676,7101003,1817856768,1817.856768,83,196,81,4,20260327_172948
1774628954.6249516,7101042,1817866752,1817.866752,86,196,80,4,20260327_172948
1774628954.6349356,7101081,1817876736,1817.876736,89,195,80,4,20260327_172948
1774628954.6449196,7101120,1817886720,1817.88672,92,195,83,4,20260327_172948
1774628954.6549037,7101159,1817896704,1817.896704,95,195,82,4,20260327_172948
1774628954.6648877,7101198,1817906688,1817.906688,98,195,81,4,20260327_172948
1774628954.6748717,7101237,1817916672,1817.916672,101,195,82,4,20260327_172948
1774628954.6848557,7101276,1817926656,1817.926656,104,194,83,4,20260327_172948
1774628954.6948397,7101315,1817936640,1817.93664,107,195,83,4,20260327_172948
1774628954.7050798,7101355,1817946880,1817.94688,110,194,83,4,20260327_172948
1774628954.7150638,7101394,1817956864,1817.956864,113,194,84,4,20260327_172948
1774628954.7250476,7101433,1817966848,1817.966848,116,194,84,4,20260327_172948
1774628954.7350316,7101472,1817976832,1817.976832,119,195,85,4,20260327_172948
1774628954.7450156,7101511,1817986816,1817.986816,122,194,85,4,20260327_172948
1774628954.7549996,7101550,1817996800,1817.9968,125,195,85,4,20260327_172948
1774628954.7649837,7101589,1818006784,1818.006784,128,194,85,4,20260327_172948
1774628954.7749677,7101628,1818016768,1818.016768,131,195,87,4,20260327_172948
1774628954.7852075,7101668,1818027008,1818.027008,134,195,88,4,20260327_172948
1774628954.7951918,7101707,1818036992,1818.036992,137,195,87,4,20260327_172948
1774628954.8051758,7101746,1818046976,1818.046976,141,195,89,4,20260327_172948
1774628954.8151598,7101785,1818056960,1818.05696,144,195,92,4,20260327_172948
1774628954.8251436,7101824,1818066944,1818.066944,147,196,96,4,20260327_172948
1774628954.8351276,7101863,1818076928,1818.076928,150,196,100,4,20260327_172948
1774628954.8451116,7101902,1818086912,1818.086912,153,195,104,4,20260327_172948
1774628954.8550956,7101941,1818096896,1818.096896,156,196,107,4,20260327_172948
1774628954.8650796,7101980,1818106880,1818.10688,159,195,110,4,20260327_172948
1774628954.8753195,7102020,1818117120,1818.11712,162,195,115,4,20260327_172948
1774628954.8853035,7102059,1818127104,1818.127104,165,196,120,4,20260327_172948
1774628954.8952878,7102098,1818137088,1818.137088,168,195,125,4,20260327_172948
1774628954.9052718,7102137,1818147072,1818.147072,170,196,130,4,20260327_172948
1774628954.9152558,7102176,1818157056,1818.157056,173,196,136,4,20260327_172948
1774628954.9252398,7102215,1818167040,1818.16704,176,196,135,4,20260327_172948
1774628954.9352236,7102254,1818177024,1818.177024,178,195,135,4,20260327_172948
1774628954.9452076,7102293,1818187008,1818.187008,181,196,136,4,20260327_172948
1774628954.9554477,7102333,1818197248,1818.197248,184,195,136,4,20260327_172948
1774628954.9654317,7102372,1818207232,1818.207232,187,195,138,4,20260327_172948
1774628954.9754157,7102411,1818217216,1818.217216,190,195,138,4,20260327_172948
1774628954.9853995,7102450,1818227200,1818.2272,193,196,140,4,20260327_172948
1774628954.9953835,7102489,1818237184,1818.237184,195,196,143,4,20260327_172948
1774628955.0053678,7102528,1818247168,1818.247168,198,195,144,4,20260327_172948
1774628955.0153518,7102567,1818257152,1818.257152,201,195,145,4,20260327_172948
1774628955.0253358,7102606,1818267136,1818.267136,204,196,146,4,20260327_172948
1774628955.0353198,7102645,1818277120,1818.27712,207,195,145,4,20260327_172948
1774628955.0453036,7102684,1818287104,1818.287104,209,196,147,4,20260327_172948
1774628955.0555437,7102724,1818297344,1818.297344,212,196,145,4,20260327_172948
1774628955.0655277,7102763,1818307328,1818.307328,215,196,146,4,20260327_172948
1774628955.0755117,7102802,1818317312,1818.317312,218,197,146,4,20260327_172948
1774628955.0854957,7102841,1818327296,1818.327296,221,196,147,4,20260327_172948
1774628955.0954795,7102880,1818337280,1818.33728,224,196,146,4,20260327_172948
1774628955.1054635,7102919,1818347264,1818.347264,226,197,146,4,20260327_172948
1774628955.1154478,7102958,1818357248,1818.357248,229,197,146,4,20260327_172948
1774628955.1254318,7102997,1818367232,1818.367232,232,197,148,4,20260327_172948
1774628955.1356716,7103037,1818377472,1818.377472,235,197,147,4,20260327_172948
1774628955.1456556,7103076,1818387456,1818.387456,238,197,147,4,20260327_172948
1774628955.1556396,7103115,1818397440,1818.39744,241,198,146,4,20260327_172948
1774628955.1656237,7103154,1818407424,1818.407424,243,197,144,4,20260327_172948
1774628955.1756077,7103193,1818417408,1818.417408,246,197,145,4,20260327_172948
1774628955.1855917,7103232,1818427392,1818.427392,249,197,145,4,20260327_172948
1774628955.1955757,7103271,1818437376,1818.437376,252,198,145,4,20260327_172948
1774628955.2055595,7103310,1818447360,1818.44736,0,197,146,4,20260327_172948
1774628955.2157998,7103350,1818457600,1818.4576,3,198,148,4,20260327_172948
1774628955.2257836,7103389,1818467584,1818.467584,6,198,148,4,20260327_172948
1774628955.2357676,7103428,1818477568,1818.477568,8,198,147,4,20260327_172948
1774628955.2457516,7103467,1818487552,1818.487552,11,197,145,4,20260327_172948
1774628955.2557356,7103506,1818497536,1818.497536,14,197,145,4,20260327_172948
1774628955.2657197,7103545,1818507520,1818.50752,17,197,143,4,20260327_172948
1774628955.2757037,7103584,1818517504,1818.517504,20,198,143,4,20260327_172948
1774628955.2856877,7103623,1818527488,1818.527488,22,198,142,4,20260327_172948
1774628955.2956717,7103662,1818537472,1818.537472,25,197,142,4,20260327_172948
1774628955.3059118,7103702,1818547712,1818.547712,28,198,140,4,20260327_172948
1774628955.3158958,7103741,1818557696,1818.557696,31,197,140,4,20260327_172948
1774628955.3258796,7103780,1818567680,1818.56768,34,198,140,4,20260327_172948
1774628955.3358636,7103819,1818577664,1818.577664,36,197,138,4,20260327_172948
1774628955.3458476,7103858,1818587648,1818.587648,39,197,136,4,20260327_172948
1774628955.3558316,7103897,1818597632,1818.597632,41,197,136,4,20260327_172948
1774628955.3658156,7103936,1818607616,1818.607616,43,198,135,4,20260327_172948
1774628955.3757997,7103975,1818617600,1818.6176,45,197,133,4,20260327_172948
1774628955.3857837,7104014,1818627584,1818.627584,47,197,132,4,20260327_172948
1774628955.3960238,7104054,1818637824,1818.637824,49,198,129,4,20260327_172948
1774628955.4060078,7104093,1818647808,1818.647808,51,197,128,4,20260327_172948
1774628955.4159918,7104132,1818657792,1818.657792,53,197,127,4,20260327_172948
1774628955.4259758,7104171,1818667776,1818.667776,55,197,127,4,20260327_172948
1774628955.4359596,7104210,1818677760,1818.67776,57,197,125,4,20260327_172948
1774628955.4459436,7104249,1818687744,1818.687744,59,197,124,4,20260327_172948
1774628955.4559276,7104288,1818697728,1818.697728,61,197,122,4,20260327_172948
1774628955.4659116,7104327,1818707712,1818.707712,64,196,121,4,20260327_172948
1774628955.4758956,7104366,1818717696,1818.717696,66,197,121,4,20260327_172948
1774628955.4861355,7104406,1818727936,1818.727936,69,196,121,4,20260327_172948
1774628955.4961195,7104445,1818737920,1818.73792,71,196,118,4,20260327_172948
1774628955.5061038,7104484,1818747904,1818.747904,74,195,115,4,20260327_172948
1774628955.5160878,7104523,1818757888,1818.757888,77,196,108,4,20260327_172948
1774628955.5260718,7104562,1818767872,1818.767872,80,196,103,4,20260327_172948
1774628955.5360558,7104601,1818777856,1818.777856,83,195,97,4,20260327_172948
1774628955.5460396,7104640,1818787840,1818.78784,86,196,95,4,20260327_172948
1774628955.5560236,7104679,1818797824,1818.797824,89,195,91,4,20260327_172948
1774628955.5662637,7104719,1818808064,1818.808064,92,195,87,4,20260327_172948
1774628955.5762477,7104758,1818818048,1818.818048,95,195,87,4,20260327_172948
1774628955.5862317,7104797,1818828032,1818.828032,98,195,86,4,20260327_172948
1774628955.5962155,7104836,1818838016,1818.838016,101,195,81,4,20260327_172948
1774628955.6061995,7104875,1818848000,1818.848,104,195,82,4,20260327_172948
1774628955.6161838,7104914,1818857984,1818.857984,107,195,83,4,20260327_172948
1774628955.6261678,7104953,1818867968,1818.867968,110,195,82,4,20260327_172948
1774628955.6361518,7104992,1818877952,1818.877952,113,194,81,4,20260327_172948
1774628955.6461358,7105031,1818887936,1818.887936,116,194,81,4,20260327_172948
1774628955.6563756,7105071,1818898176,1818.898176,119,194,81,4,20260327_172948
1774628955.6663597,7105110,1818908160,1818.90816,122,195,82,4,20260327_172948
1774628955.6763437,7105149,1818918144,1818.918144,125,194,81,4,20260327_172948
1774628955.6863277,7105188,1818928128,1818.928128,128,195,82,4,20260327_172948
1774628955.6963117,7105227,1818938112,1818.938112,131,194,82,4,20260327_172948
1774628955.7062955,7105266,1818948096,1818.948096,134,195,82,4,20260327_172948
1774628955.7162795,7105305,1818958080,1818.95808,138,194,81,4,20260327_172948
1774628955.7262638,7105344,1818968064,1818.968064,141,195,84,4,20260327_172948
1774628955.7362478,7105383,1818978048,1818.978048,144,195,83,4,20260327_172948
1774628955.7464876,7105423,1818988288,1818.988288,147,195,85,4,20260327_172948
1774628955.7564716,7105462,1818998272,1818.998272,151,194,84,4,20260327_172948
1774628955.7664557,7105501,1819008256,1819.008256,154,195,85,4,20260327_172948
1774628955.7764397,7105540,1819018240,1819.01824,158,195,86,4,20260327_172948
1774628955.7864237,7105579,1819028224,1819.028224,161,195,87,4,20260327_172948
1774628955.7964077,7105618,1819038208,1819.038208,165,195,87,4,20260327_172948
1774628955.8063917,7105657,1819048192,1819.048192,168,195,89,4,20260327_172948
1774628955.8163755,7105696,1819058176,1819.058176,171,195,91,4,20260327_172948
1774628955.8266158,7105736,1819068416,1819.068416,174,195,94,4,20260327_172948
1774628955.8365996,7105775,1819078400,1819.0784,177,195,101,4,20260327_172948
1774628955.8465836,7105814,1819088384,1819.088384,180,195,106,4,20260327_172948
1774628955.8565676,7105853,1819098368,1819.098368,183,195,109,4,20260327_172948
1774628955.8665516,7105892,1819108352,1819.108352,186,196,115,4,20260327_172948
1774628955.8765357,7105931,1819118336,1819.118336,189,195,121,4,20260327_172948
1774628955.8865197,7105970,1819128320,1819.12832,191,195,127,4,20260327_172948
1774628955.8965037,7106009,1819138304,1819.138304,194,196,136,4,20260327_172948
1774628955.9064877,7106048,1819148288,1819.148288,197,196,136,4,20260327_172948
1774628955.9167278,7106088,1819158528,1819.158528,200,196,136,4,20260327_172948
1774628955.9267118,7106127,1819168512,1819.168512,203,196,135,4,20260327_172948
1774628955.9366956,7106166,1819178496,1819.178496,206,196,135,4,20260327_172948
1774628955.9466796,7106205,1819188480,1819.18848,208,196,137,4,20260327_172948
1774628955.9566636,7106244,1819198464,1819.198464,211,196,141,4,20260327_172948
1774628955.9666476,7106283,1819208448,1819.208448,214,196,142,4,20260327_172948
1774628955.9766316,7106322,1819218432,1819.218432,217,197,142,4,20260327_172948
1774628955.9866157,7106361,1819228416,1819.228416,220,197,143,4,20260327_172948
1774628955.9965997,7106400,1819238400,1819.2384,223,197,143,4,20260327_172948
1774628956.0068398,7106440,1819248640,1819.24864,225,196,144,4,20260327_172948
1774628956.0168238,7106479,1819258624,1819.258624,228,197,146,4,20260327_172948
1774628956.0268078,7106518,1819268608,1819.268608,231,197,147,4,20260327_172948
1774628956.0367918,7106557,1819278592,1819.278592,234,197,146,4,20260327_172948
1774628956.0467756,7106596,1819288576,1819.288576,237,198,147,4,20260327_172948
1774628956.0567596,7106635,1819298560,1819.29856,240,197,147,4,20260327_172948
1774628956.0667436,7106674,1819308544,1819.308544,242,198,148,4,20260327_172948
1774628956.0767276,7106713,1819318528,1819.318528,245,197,146,4,20260327_172948
1774628956.0867116,7106752,1819328512,1819.328512,248,198,147,4,20260327_172948
1774628956.0969515,7106792,1819338752,1819.338752,251,198,146,4,20260327_172948
1774628956.1069355,7106831,1819348736,1819.348736,254,197,148,4,20260327_172948
1774628956.1169198,7106870,1819358720,1819.35872,2,198,147,4,20260327_172948
1774628956.1269038,7106909,1819368704,1819.368704,5,198,145,4,20260327_172948
1774628956.1368878,7106948,1819378688,1819.378688,7,197,148,4,20260327_172948
1774628956.1468718,7106987,1819388672,1819.388672,10,197,147,4,20260327_172948
1774628956.1568556,7107026,1819398656,1819.398656,13,198,146,4,20260327_172948
1774628956.1668396,7107065,1819408640,1819.40864,16,198,147,4,20260327_172948
1774628956.1770797,7107105,1819418880,1819.41888,19,198,146,4,20260327_172948
1774628956.1870637,7107144,1819428864,1819.428864,21,197,145,4,20260327_172948
1774628956.1970477,7107183,1819438848,1819.438848,24,198,145,4,20260327_172948
1774628956.2070315,7107222,1819448832,1819.448832,27,198,143,4,20260327_172948
1774628956.2170155,7107261,1819458816,1819.458816,30,198,141,4,20260327_172948
1774628956.2269998,7107300,1819468800,1819.4688,33,197,139,4,20260327_172948
1774628956.2369838,7107339,1819478784,1819.478784,35,197,138,4,20260327_172948
1774628956.2469678,7107378,1819488768,1819.488768,38,197,135,4,20260327_172948
1774628956.2569518,7107417,1819498752,1819.498752,40,198,133,4,20260327_172948
1774628956.2671916,7107457,1819508992,1819.508992,43,197,130,4,20260327_172948
1774628956.2771757,7107496,1819518976,1819.518976,45,197,127,4,20260327_172948
1774628956.2871597,7107535,1819528960,1819.52896,47,197,125,4,20260327_172948
1774628956.2971437,7107574,1819538944,1819.538944,50,198,121,4,20260327_172948
1774628956.3071277,7107613,1819548928,1819.548928,52,198,119,4,20260327_172948
1774628956.3171115,7107652,1819558912,1819.558912,55,198,108,4,20260327_172948
1774628956.3270955,7107691,1819568896,1819.568896,59,197,100,4,20260327_172948
1774628956.3370798,7107730,1819578880,1819.57888,63,197,95,4,20260327_172948
1774628956.3473196,7107770,1819589120,1819.58912,67,197,90,4,20260327_172948
1774628956.3573036,7107809,1819599104,1819.599104,72,197,86,4,20260327_172948
1774628956.3672876,7107848,1819609088,1819.609088,76,197,84,4,20260327_172948
1774628956.3772717,7107887,1819619072,1819.619072,79,197,82,4,20260327_172948
1774628956.3872557,7107926,1819629056,1819.629056,83,196,80,4,20260327_172948
1774628956.3972397,7107965,1819639040,1819.63904,86,196,82,4,20260327_172948
1774628956.4072237,7108004,1819649024,1819.649024,89,196,82,4,20260327_172948
1774628956.4172077,7108043,1819659008,1819.659008,92,195,80,4,20260327_172948
1774628956.4271915,7108082,1819668992,1819.668992,95,196,82,4,20260327_172948
1774628956.4374316,7108122,1819679232,1819.679232,98,195,81,4,20260327_172948
1774628956.4474156,7108161,1819689216,1819.689216,101,195,83,4,20260327_172948
1774628956.4573996,7108200,1819699200,1819.6992,104,195,81,4,20260327_172948
1774628956.4673836,7108239,1819709184,1819.709184,107,195,82,4,20260327_172948
1774628956.4773676,7108278,1819719168,1819.719168,110,194,81,4,20260327_172948
1774628956.4873517,7108317,1819729152,1819.729152,113,195,81,4,20260327_172948
1774628956.4973357,7108356,1819739136,1819.739136,116,195,82,4,20260327_172948
1774628956.5073197,7108395,1819749120,1819.74912,119,194,83,4,20260327_172948
1774628956.5173037,7108434,1819759104,1819.759104,122,195,83,4,20260327_172948
1774628956.5275438,7108474,1819769344,1819.769344,125,195,83,4,20260327_172948
1774628956.5375278,7108513,1819779328,1819.779328,128,195,82,4,20260327_172948
1774628956.5475116,7108552,1819789312,1819.789312,131,195,83,4,20260327_172948
1774628956.5574956,7108591,1819799296,1819.799296,134,195,83,4,20260327_172948
1774628956.5674796,7108630,1819809280,1819.80928,137,194,84,4,20260327_172948
1774628956.5774636,7108669,1819819264,1819.819264,140,195,84,4,20260327_172948
1774628956.5874476,7108708,1819829248,1819.829248,143,195,84,4,20260327_172948
1774628956.5974317,7108747,1819839232,1819.839232,147,195,84,4,20260327_172948
1774628956.6076715,7108787,1819849472,1819.849472,150,195,84,4,20260327_172948
1774628956.6176558,7108826,1819859456,1819.859456,154,195,86,4,20260327_172948
1774628956.6276398,7108865,1819869440,1819.86944,157,195,86,4,20260327_172948
1774628956.6376238,7108904,1819879424,1819.879424,161,195,89,4,20260327_172948
1774628956.6476078,7108943,1819889408,1819.889408,164,195,87,4,20260327_172948
1774628956.6575916,7108982,1819899392,1819.899392,167,195,89,4,20260327_172948
1774628956.6675756,7109021,1819909376,1819.909376,171,195,91,4,20260327_172948
1774628956.6775596,7109060,1819919360,1819.91936,174,196,96,4,20260327_172948
1774628956.6875436,7109099,1819929344,1819.929344,177,196,103,4,20260327_172948
1774628956.6977837,7109139,1819939584,1819.939584,179,196,108,4,20260327_172948
1774628956.7077675,7109178,1819949568,1819.949568,182,196,113,4,20260327_172948
1774628956.7177515,7109217,1819959552,1819.959552,185,196,121,4,20260327_172948
1774628956.7277358,7109256,1819969536,1819.969536,188,196,128,4,20260327_172948
1774628956.7377198,7109295,1819979520,1819.97952,191,196,136,4,20260327_172948
1774628956.7477038,7109334,1819989504,1819.989504,194,196,137,4,20260327_172948
1774628956.7576878,7109373,1819999488,1819.999488,197,196,136,4,20260327_172948
1774628956.7676716,7109412,1820009472,1820.009472,199,196,139,4,20260327_172948
1774628956.7779117,7109452,1820019712,1820.019712,202,195,139,4,20260327_172948
1774628956.7878957,7109491,1820029696,1820.029696,205,196,142,4,20260327_172948
1774628956.7978797,7109530,1820039680,1820.03968,208,196,143,4,20260327_172948
1774628956.8078637,7109569,1820049664,1820.049664,211,196,143,4,20260327_172948
1774628956.8178475,7109608,1820059648,1820.059648,214,196,143,4,20260327_172948
1774628956.8278315,7109647,1820069632,1820.069632,216,197,143,4,20260327_172948
1774628956.8378158,7109686,1820079616,1820.079616,219,197,146,4,20260327_172948
1774628956.8477998,7109725,1820089600,1820.0896,222,197,145,4,20260327_172948
1774628956.8577838,7109764,1820099584,1820.099584,225,197,146,4,20260327_172948
1774628956.8680236,7109804,1820109824,1820.109824,228,197,145,4,20260327_172948
1774628956.8780077,7109843,1820119808,1820.119808,231,197,146,4,20260327_172948
1774628956.8879917,7109882,1820129792,1820.129792,233,198,146,4,20260327_172948
1774628956.8979757,7109921,1820139776,1820.139776,236,198,146,4,20260327_172948
1774628956.9079597,7109960,1820149760,1820.14976,239,198,146,4,20260327_172948
1774628956.9179437,7109999,1820159744,1820.159744,242,198,147,4,20260327_172948
1774628956.9279275,7110038,1820169728,1820.169728,245,198,146,4,20260327_172948
1774628956.9379115,7110077,1820179712,1820.179712,248,198,144,4,20260327_172948
1774628956.9481516,7110117,1820189952,1820.189952,250,198,144,4,20260327_172948
1774628956.9581356,7110156,1820199936,1820.199936,253,198,144,4,20260327_172948
1774628956.9681196,7110195,1820209920,1820.20992,1,198,144,4,20260327_172948
1774628956.9781036,7110234,1820219904,1820.219904,4,198,144,4,20260327_172948
1774628956.9880877,7110273,1820229888,1820.229888,7,197,144,4,20260327_172948
1774628956.9980717,7110312,1820239872,1820.239872,10,197,143,4,20260327_172948
1774628957.0080557,7110351,1820249856,1820.249856,12,198,141,4,20260327_172948
1774628957.0180397,7110390,1820259840,1820.25984,15,198,140,4,20260327_172948
1774628957.0280235,7110429,1820269824,1820.269824,18,197,138,4,20260327_172948
1774628957.0382638,7110469,1820280064,1820.280064,21,197,138,4,20260327_172948
1774628957.0482476,7110508,1820290048,1820.290048,24,198,135,4,20260327_172948
1774628957.0582316,7110547,1820300032,1820.300032,27,198,132,4,20260327_172948
1774628957.0682156,7110586,1820310016,1820.310016,29,198,130,4,20260327_172948
1774628957.0781996,7110625,1820320000,1820.32,32,198,127,4,20260327_172948
1774628957.0881836,7110664,1820329984,1820.329984,35,198,126,4,20260327_172948
1774628957.0981677,7110703,1820339968,1820.339968,38,198,122,4,20260327_172948
1774628957.1081517,7110742,1820349952,1820.349952,41,197,118,4,20260327_172948
1774628957.1181357,7110781,1820359936,1820.359936,44,198,106,4,20260327_172948
1774628957.1283758,7110821,1820370176,1820.370176,47,198,99,4,20260327_172948
1774628957.1383598,7110860,1820380160,1820.38016,51,197,90,4,20260327_172948
1774628957.1483438,7110899,1820390144,1820.390144,56,198,86,4,20260327_172948
1774628957.1583276,7110938,1820400128,1820.400128,61,198,81,4,20260327_172948
1774628957.1683116,7110977,1820410112,1820.410112,65,197,83,4,20260327_172948
1774628957.1782956,7111016,1820420096,1820.420096,70,198,80,4,20260327_172948
1774628957.1882796,7111055,1820430080,1820.43008,74,197,83,4,20260327_172948
1774628957.1982636,7111094,1820440064,1820.440064,78,197,82,4,20260327_172948
1774628957.2085035,7111134,1820450304,1820.450304,82,196,81,4,20260327_172948
1774628957.2184875,7111173,1820460288,1820.460288,85,197,81,4,20260327_172948
1774628957.2284718,7111212,1820470272,1820.470272,88,196,82,4,20260327_172948
1774628957.2384558,7111251,1820480256,1820.480256,91,196,82,4,20260327_172948
1774628957.2484398,7111290,1820490240,1820.49024,94,196,82,4,20260327_172948
1774628957.2584238,7111329,1820500224,1820.500224,97,195,83,4,20260327_172948
1774628957.2684076,7111368,1820510208,1820.510208,100,195,82,4,20260327_172948
1774628957.2783916,7111407,1820520192,1820.520192,103,195,79,4,20260327_172948
1774628957.2886317,7111447,1820530432,1820.530432,106,194,82,4,20260327_172948
1774628957.2986157,7111486,1820540416,1820.540416,109,194,82,4,20260327_172948
1774628957.3085997,7111525,1820550400,1820.5504,112,195,82,4,20260327_172948
1774628957.3185835,7111564,1820560384,1820.560384,115,194,82,4,20260327_172948
1774628957.3285675,7111603,1820570368,1820.570368,118,195,83,4,20260327_172948
1774628957.3385518,7111642,1820580352,1820.580352,121,195,81,4,20260327_172948
1774628957.3485358,7111681,1820590336,1820.590336,124,195,82,4,20260327_172948
1774628957.3585198,7111720,1820600320,1820.60032,127,194,82,4,20260327_172948
1774628957.3685038,7111759,1820610304,1820.610304,130,194,81,4,20260327_172948
1774628957.3787436,7111799,1820620544,1820.620544,133,195,83,4,20260327_172948
1774628957.3887277,7111838,1820630528,1820.630528,136,195,82,4,20260327_172948
1774628957.3987117,7111877,1820640512,1820.640512,139,195,83,4,20260327_172948
1774628957.4086957,7111916,1820650496,1820.650496,142,194,84,4,20260327_172948
1774628957.4186797,7111955,1820660480,1820.66048,146,195,83,4,20260327_172948
1774628957.4286635,7111994,1820670464,1820.670464,149,194,83,4,20260327_172948
1774628957.4386475,7112033,1820680448,1820.680448,152,195,84,4,20260327_172948
1774628957.4486318,7112072,1820690432,1820.690432,156,195,85,4,20260327_172948
1774628957.4588716,7112112,1820700672,1820.700672,159,195,85,4,20260327_172948
1774628957.4688556,7112151,1820710656,1820.710656,163,195,86,4,20260327_172948
1774628957.4788396,7112190,1820720640,1820.72064,166,196,87,4,20260327_172948
1774628957.4888237,7112229,1820730624,1820.730624,170,195,89,4,20260327_172948
1774628957.4988077,7112268,1820740608,1820.740608,173,195,92,4,20260327_172948
1774628957.5087917,7112307,1820750592,1820.750592,176,195,97,4,20260327_172948
1774628957.5187757,7112346,1820760576,1820.760576,179,195,103,4,20260327_172948
1774628957.5287597,7112385,1820770560,1820.77056,181,195,111,4,20260327_172948
1774628957.5387435,7112424,1820780544,1820.780544,184,196,115,4,20260327_172948
1774628957.5489836,7112464,1820790784,1820.790784,187,195,122,4,20260327_172948
1774628957.5589676,7112503,1820800768,1820.800768,190,196,132,4,20260327_172948
1774628957.5689516,7112542,1820810752,1820.810752,193,195,134,4,20260327_172948
1774628957.5789356,7112581,1820820736,1820.820736,196,195,132,4,20260327_172948
1774628957.5889196,7112620,1820830720,1820.83072,199,195,134,4,20260327_172948
1774628957.5989037,7112659,1820840704,1820.840704,201,195,135,4,20260327_172948
1774628957.6088877,7112698,1820850688,1820.850688,204,195,139,4,20260327_172948
1774628957.6188717,7112737,1820860672,1820.860672,207,196,137,4,20260327_172948
1774628957.6291118,7112777,1820870912,1820.870912,210,196,139,4,20260327_172948
1774628957.6390958,7112816,1820880896,1820.880896,213,196,138,4,20260327_172948
1774628957.6490798,7112855,1820890880,1820.89088,216,196,139,4,20260327_172948
1774628957.6590636,7112894,1820900864,1820.900864,218,197,140,4,20260327_172948
1774628957.6690476,7112933,1820910848,1820.910848,221,197,140,4,20260327_172948
1774628957.6790316,7112972,1820920832,1820.920832,224,197,142,4,20260327_172948
1774628957.6890156,7113011,1820930816,1820.930816,227,197,141,4,20260327_172948
1774628957.6989996,7113050,1820940800,1820.9408,230,197,142,4,20260327_172948
1774628957.7089837,7113089,1820950784,1820.950784,233,197,141,4,20260327_172948
1774628957.7192235,7113129,1820961024,1820.961024,235,198,142,4,20260327_172948
1774628957.7292078,7113168,1820971008,1820.971008,238,198,142,4,20260327_172948
1774628957.7391918,7113207,1820980992,1820.980992,241,197,142,4,20260327_172948
1774628957.7491758,7113246,1820990976,1820.990976,244,197,142,4,20260327_172948
1774628957.7591598,7113285,1821000960,1821.00096,247,197,142,4,20260327_172948
1774628957.7691436,7113324,1821010944,1821.010944,250,198,143,4,20260327_172948
1774628957.7791276,7113363,1821020928,1821.020928,252,198,143,4,20260327_172948
1774628957.7891116,7113402,1821030912,1821.030912,0,197,141,4,20260327_172948
1774628957.7993517,7113442,1821041152,1821.041152,3,197,141,4,20260327_172948
1774628957.8093357,7113481,1821051136,1821.051136,6,198,140,4,20260327_172948
1774628957.8193195,7113520,1821061120,1821.06112,9,198,138,4,20260327_172948
1774628957.8293035,7113559,1821071104,1821.071104,12,198,135,4,20260327_172948
1774628957.8392878,7113598,1821081088,1821.081088,15,197,136,4,20260327_172948
1774628957.8492718,7113637,1821091072,1821.091072,17,198,134,4,20260327_172948
1774628957.8592558,7113676,1821101056,1821.101056,20,198,132,4,20260327_172948
1774628957.8692398,7113715,1821111040,1821.11104,23,197,131,4,20260327_172948
1774628957.8792236,7113754,1821121024,1821.121024,26,198,127,4,20260327_172948
1774628957.8894637,7113794,1821131264,1821.131264,29,199,127,4,20260327_172948
1774628957.8994477,7113833,1821141248,1821.141248,32,198,123,4,20260327_172948
1774628957.9094317,7113872,1821151232,1821.151232,34,197,120,4,20260327_172948
1774628957.9194157,7113911,1821161216,1821.161216,37,198,116,4,20260327_172948
1774628957.9293995,7113950,1821171200,1821.1712,40,199,110,4,20260327_172948
1774628957.9393835,7113989,1821181184,1821.181184,43,197,101,4,20260327_172948
1774628957.9493678,7114028,1821191168,1821.191168,47,198,93,4,20260327_172948
1774628957.9593518,7114067,1821201152,1821.201152,51,197,87,4,20260327_172948
1774628957.9693358,7114106,1821211136,1821.211136,56,198,85,4,20260327_172948
1774628957.9795756,7114146,1821221376,1821.221376,61,198,82,4,20260327_172948
1774628957.9895597,7114185,1821231360,1821.23136,66,198,80,4,20260327_172948
1774628957.9995437,7114224,1821241344,1821.241344,71,197,81,4,20260327_172948
1774628958.0095277,7114263,1821251328,1821.251328,75,197,81,4,20260327_172948
1774628958.0195117,7114302,1821261312,1821.261312,78,197,82,4,20260327_172948
1774628958.0294957,7114341,1821271296,1821.271296,82,197,82,4,20260327_172948
1774628958.0394795,7114380,1821281280,1821.28128,85,196,82,4,20260327_172948
1774628958.0494635,7114419,1821291264,1821.291264,88,196,83,4,20260327_172948
1774628958.0594478,7114458,1821301248,1821.301248,91,195,83,4,20260327_172948
1774628958.0696876,7114498,1821311488,1821.311488,94,195,82,4,20260327_172948
1774628958.0796716,7114537,1821321472,1821.321472,97,195,82,4,20260327_172948
1774628958.0896556,7114576,1821331456,1821.331456,100,195,81,4,20260327_172948
1774628958.0996397,7114615,1821341440,1821.34144,103,195,83,4,20260327_172948
1774628958.1096237,7114654,1821351424,1821.351424,106,195,82,4,20260327_172948
1774628958.1196077,7114693,1821361408,1821.361408,109,195,83,4,20260327_172948
1774628958.1295917,7114732,1821371392,1821.371392,112,195,83,4,20260327_172948
1774628958.1395755,7114771,1821381376,1821.381376,115,195,83,4,20260327_172948
1774628958.1498158,7114811,1821391616,1821.391616,118,195,82,4,20260327_172948
1774628958.1597996,7114850,1821401600,1821.4016,121,195,82,4,20260327_172948
1774628958.1697836,7114889,1821411584,1821.411584,124,195,82,4,20260327_172948
1774628958.1797676,7114928,1821421568,1821.421568,127,195,82,4,20260327_172948
1774628958.1897516,7114967,1821431552,1821.431552,130,195,81,4,20260327_172948
1774628958.1997356,7115006,1821441536,1821.441536,133,194,82,4,20260327_172948
1774628958.2097197,7115045,1821451520,1821.45152,136,195,82,4,20260327_172948
1774628958.2197037,7115084,1821461504,1821.461504,139,194,83,4,20260327_172948
1774628958.2296877,7115123,1821471488,1821.471488,143,195,84,4,20260327_172948
1774628958.2399278,7115163,1821481728,1821.481728,146,195,82,4,20260327_172948
1774628958.2499118,7115202,1821491712,1821.491712,149,195,84,4,20260327_172948
1774628958.2598958,7115241,1821501696,1821.501696,153,195,83,4,20260327_172948
1774628958.2698796,7115280,1821511680,1821.51168,156,195,85,4,20260327_172948
1774628958.2798636,7115319,1821521664,1821.521664,160,195,85,4,20260327_172948
1774628958.2898476,7115358,1821531648,1821.531648,163,195,86,4,20260327_172948
1774628958.2998316,7115397,1821541632,1821.541632,167,195,88,4,20260327_172948
1774628958.3098156,7115436,1821551616,1821.551616,170,195,90,4,20260327_172948
1774628958.3197997,7115475,1821561600,1821.5616,173,195,93,4,20260327_172948
1774628958.3300395,7115515,1821571840,1821.57184,176,195,100,4,20260327_172948
1774628958.3400238,7115554,1821581824,1821.581824,179,196,107,4,20260327_172948
1774628958.3500078,7115593,1821591808,1821.591808,182,197,115,4,20260327_172948
1774628958.3599918,7115632,1821601792,1821.601792,185,195,122,4,20260327_172948
1774628958.3699758,7115671,1821611776,1821.611776,187,195,133,4,20260327_172948
1774628958.3799596,7115710,1821621760,1821.62176,190,195,136,4,20260327_172948
1774628958.3899436,7115749,1821631744,1821.631744,193,196,136,4,20260327_172948
1774628958.3999276,7115788,1821641728,1821.641728,196,195,136,4,20260327_172948
1774628958.4099116,7115827,1821651712,1821.651712,199,196,139,4,20260327_172948
1774628958.4201517,7115867,1821661952,1821.661952,202,196,141,4,20260327_172948
1774628958.4301355,7115906,1821671936,1821.671936,204,195,142,4,20260327_172948
1774628958.4401195,7115945,1821681920,1821.68192,207,196,143,4,20260327_172948
1774628958.4501038,7115984,1821691904,1821.691904,210,196,142,4,20260327_172948
1774628958.4600878,7116023,1821701888,1821.701888,213,196,143,4,20260327_172948
1774628958.4700718,7116062,1821711872,1821.711872,216,196,143,4,20260327_172948
1774628958.4800558,7116101,1821721856,1821.721856,218,196,145,4,20260327_172948
1774628958.4900396,7116140,1821731840,1821.73184,221,197,144,4,20260327_172948
1774628958.5002797,7116180,1821742080,1821.74208,224,199,146,4,20260327_172948
1774628958.5102637,7116219,1821752064,1821.752064,227,197,144,4,20260327_172948
1774628958.5202477,7116258,1821762048,1821.762048,230,197,146,4,20260327_172948
1774628958.5302317,7116297,1821772032,1821.772032,233,197,144,4,20260327_172948
1774628958.5402155,7116336,1821782016,1821.782016,235,197,147,4,20260327_172948
1774628958.5501995,7116375,1821792000,1821.792,238,197,145,4,20260327_172948
1774628958.5601838,7116414,1821801984,1821.801984,241,197,145,4,20260327_172948
1774628958.5701678,7116453,1821811968,1821.811968,244,198,146,4,20260327_172948
1774628958.5804076,7116493,1821822208,1821.822208,247,198,146,4,20260327_172948
1774628958.5903916,7116532,1821832192,1821.832192,250,198,146,4,20260327_172948
1774628958.6003757,7116571,1821842176,1821.842176,252,197,144,4,20260327_172948
1774628958.6103597,7116610,1821852160,1821.85216,0,197,144,4,20260327_172948
1774628958.6203437,7116649,1821862144,1821.862144,3,198,140,4,20260327_172948
1774628958.6303277,7116688,1821872128,1821.872128,6,198,136,4,20260327_172948
1774628958.6403117,7116727,1821882112,1821.882112,9,198,137,4,20260327_172948
1774628958.6502955,7116766,1821892096,1821.892096,12,197,135,4,20260327_172948
1774628958.6602798,7116805,1821902080,1821.90208,15,198,133,4,20260327_172948
1774628958.6705196,7116845,1821912320,1821.91232,17,198,130,4,20260327_172948
1774628958.6805036,7116884,1821922304,1821.922304,20,197,128,4,20260327_172948
1774628958.6904876,7116923,1821932288,1821.932288,23,197,127,4,20260327_172948
1774628958.7004716,7116962,1821942272,1821.942272,26,197,126,4,20260327_172948
1774628958.7104557,7117001,1821952256,1821.952256,29,198,126,4,20260327_172948
1774628958.7204397,7117040,1821962240,1821.96224,32,198,122,4,20260327_172948
1774628958.7304237,7117079,1821972224,1821.972224,34,198,121,4,20260327_172948
1774628958.7404077,7117118,1821982208,1821.982208,37,198,110,4,20260327_172948
1774628958.7503915,7117157,1821992192,1821.992192,40,197,104,4,20260327_172948
1774628958.7606318,7117197,1822002432,1822.002432,44,198,98,4,20260327_172948
1774628958.7706156,7117236,1822012416,1822.012416,47,197,92,4,20260327_172948
1774628958.7805996,7117275,1822022400,1822.0224,52,198,85,4,20260327_172948
1774628958.7905836,7117314,1822032384,1822.032384,57,197,82,4,20260327_172948
1774628958.8005676,7117353,1822042368,1822.042368,62,197,80,4,20260327_172948
1774628958.8105516,7117392,1822052352,1822.052352,67,197,78,4,20260327_172948
1774628958.8205357,7117431,1822062336,1822.062336,71,197,80,4,20260327_172948
1774628958.8305197,7117470,1822072320,1822.07232,75,197,81,4,20260327_172948
1774628958.8407598,7117510,1822082560,1822.08256,79,197,80,4,20260327_172948
1774628958.8507438,7117549,1822092544,1822.092544,82,196,81,4,20260327_172948
1774628958.8607278,7117588,1822102528,1822.102528,85,196,79,4,20260327_172948
1774628958.8707118,7117627,1822112512,1822.112512,89,196,82,4,20260327_172948
1774628958.8806956,7117666,1822122496,1822.122496,92,195,83,4,20260327_172948
1774628958.8906796,7117705,1822132480,1822.13248,94,195,80,4,20260327_172948
1774628958.9006636,7117744,1822142464,1822.142464,97,195,81,4,20260327_172948
1774628958.9106476,7117783,1822152448,1822.152448,100,195,82,4,20260327_172948
1774628958.9206316,7117822,1822162432,1822.162432,103,195,82,4,20260327_172948
1774628958.9308715,7117862,1822172672,1822.172672,106,194,81,4,20260327_172948
1774628958.9408555,7117901,1822182656,1822.182656,109,195,82,4,20260327_172948
1774628958.9508398,7117940,1822192640,1822.19264,112,195,82,4,20260327_172948
1774628958.9608238,7117979,1822202624,1822.202624,115,195,82,4,20260327_172948
1774628958.9708078,7118018,1822212608,1822.212608,118,194,80,4,20260327_172948
1774628958.9807918,7118057,1822222592,1822.222592,121,194,81,4,20260327_172948
1774628958.9907756,7118096,1822232576,1822.232576,124,194,81,4,20260327_172948
1774628959.0007596,7118135,1822242560,1822.24256,127,194,83,4,20260327_172948
1774628959.0107436,7118174,1822252544,1822.252544,130,194,82,4,20260327_172948
1774628959.0209837,7118214,1822262784,1822.262784,134,194,82,4,20260327_172948
1774628959.0309677,7118253,1822272768,1822.272768,137,195,81,4,20260327_172948
1774628959.0409515,7118292,1822282752,1822.282752,140,194,82,4,20260327_172948
1774628959.0509355,7118331,1822292736,1822.292736,143,195,83,4,20260327_172948
1774628959.0609198,7118370,1822302720,1822.30272,146,194,84,4,20260327_172948
1774628959.0709038,7118409,1822312704,1822.312704,150,195,84,4,20260327_172948
1774628959.0808878,7118448,1822322688,1822.322688,153,195,85,4,20260327_172948
1774628959.0908718,7118487,1822332672,1822.332672,157,195,85,4,20260327_172948
1774628959.1011117,7118527,1822342912,1822.342912,160,195,85,4,20260327_172948
1774628959.1110957,7118566,1822352896,1822.352896,164,194,87,4,20260327_172948
1774628959.1210797,7118605,1822362880,1822.36288,167,195,90,4,20260327_172948
1774628959.1310637,7118644,1822372864,1822.372864,170,195,92,4,20260327_172948
1774628959.1410477,7118683,1822382848,1822.382848,173,195,97,4,20260327_172948
1774628959.1510315,7118722,1822392832,1822.392832,176,196,104,4,20260327_172948
1774628959.1610155,7118761,1822402816,1822.402816,179,195,110,4,20260327_172948
1774628959.1709998,7118800,1822412800,1822.4128,182,195,116,4,20260327_172948
1774628959.1809838,7118839,1822422784,1822.422784,185,195,127,4,20260327_172948
1774628959.1912236,7118879,1822433024,1822.433024,187,196,132,4,20260327_172948
1774628959.2012076,7118918,1822443008,1822.443008,190,195,132,4,20260327_172948
1774628959.2111917,7118957,1822452992,1822.452992,193,195,133,4,20260327_172948
1774628959.2211757,7118996,1822462976,1822.462976,196,195,134,4,20260327_172948
1774628959.2311597,7119035,1822472960,1822.47296,199,195,136,4,20260327_172948
1774628959.2411437,7119074,1822482944,1822.482944,202,196,137,4,20260327_172948
1774628959.2511275,7119113,1822492928,1822.492928,204,196,138,4,20260327_172948
1774628959.2611115,7119152,1822502912,1822.502912,207,195,138,4,20260327_172948
1774628959.2713516,7119192,1822513152,1822.513152,210,196,138,4,20260327_172948
1774628959.2813356,7119231,1822523136,1822.523136,213,196,141,4,20260327_172948
1774628959.2913196,7119270,1822533120,1822.53312,216,196,140,4,20260327_172948
1774628959.3013036,7119309,1822543104,1822.543104,219,196,141,4,20260327_172948
1774628959.3112876,7119348,1822553088,1822.553088,221,197,140,4,20260327_172948
1774628959.3212717,7119387,1822563072,1822.563072,224,197,140,4,20260327_172948
1774628959.3312557,7119426,1822573056,1822.573056,227,197,141,4,20260327_172948
1774628959.3412397,7119465,1822583040,1822.58304,230,197,141,4,20260327_172948
1774628959.3512237,7119504,1822593024,1822.593024,233,197,141,4,20260327_172948
1774628959.3612075,7119543,1822603008,1822.603008,236,197,140,4,20260327_172948
1774628959.3714478,7119583,1822613248,1822.613248,238,197,140,4,20260327_172948
1774628959.3814316,7119622,1822623232,1822.623232,241,197,140,4,20260327_172948
1774628959.3914156,7119661,1822633216,1822.633216,244,197,140,4,20260327_172948
1774628959.4013996,7119700,1822643200,1822.6432,247,198,142,4,20260327_172948
1774628959.4113836,7119739,1822653184,1822.653184,250,197,141,4,20260327_172948
1774628959.4213676,7119778,1822663168,1822.663168,253,197,140,4,20260327_172948
1774628959.4313517,7119817,1822673152,1822.673152,0,198,138,4,20260327_172948
1774628959.4413357,7119856,1822683136,1822.683136,3,197,137,4,20260327_172948
1774628959.4513197,7119895,1822693120,1822.69312,6,198,134,4,20260327_172948
1774628959.4615598,7119935,1822703360,1822.70336,9,198,133,4,20260327_172948
1774628959.4715438,7119974,1822713344,1822.713344,12,197,131,4,20260327_172948
1774628959.4815278,7120013,1822723328,1822.723328,15,197,129,4,20260327_172948
1774628959.4915116,7120052,1822733312,1822.733312,18,197,128,4,20260327_172948
1774628959.5014956,7120091,1822743296,1822.743296,20,198,127,4,20260327_172948
1774628959.5114796,7120130,1822753280,1822.75328,23,198,127,4,20260327_172948
1774628959.5214636,7120169,1822763264,1822.763264,26,197,125,4,20260327_172948
1774628959.5314476,7120208,1822773248,1822.773248,29,198,124,4,20260327_172948
1774628959.5414317,7120247,1822783232,1822.783232,32,198,123,4,20260327_172948
1774628959.5516715,7120287,1822793472,1822.793472,35,197,120,4,20260327_172948
1774628959.5616558,7120326,1822803456,1822.803456,37,198,107,4,20260327_172948
1774628959.5716398,7120365,1822813440,1822.81344,41,197,99,4,20260327_172948
1774628959.5816238,7120404,1822823424,1822.823424,44,197,94,4,20260327_172948
1774628959.5916078,7120443,1822833408,1822.833408,48,197,89,4,20260327_172948
1774628959.6015916,7120482,1822843392,1822.843392,52,198,84,4,20260327_172948
1774628959.6115756,7120521,1822853376,1822.853376,57,198,82,4,20260327_172948
1774628959.6215596,7120560,1822863360,1822.86336,63,197,81,4,20260327_172948
1774628959.6317997,7120600,1822873600,1822.8736,67,197,81,4,20260327_172948
1774628959.6417837,7120639,1822883584,1822.883584,72,196,82,4,20260327_172948
1774628959.6517675,7120678,1822893568,1822.893568,76,196,82,4,20260327_172948
1774628959.6617515,7120717,1822903552,1822.903552,79,196,82,4,20260327_172948
1774628959.6717358,7120756,1822913536,1822.913536,83,196,83,4,20260327_172948
1774628959.6817198,7120795,1822923520,1822.92352,86,196,82,4,20260327_172948
1774628959.6917038,7120834,1822933504,1822.933504,89,196,83,4,20260327_172948
1774628959.7016876,7120873,1822943488,1822.943488,92,195,84,4,20260327_172948
1774628959.7116716,7120912,1822953472,1822.953472,95,195,83,4,20260327_172948
1774628959.7219117,7120952,1822963712,1822.963712,98,195,84,4,20260327_172948
1774628959.7318957,7120991,1822973696,1822.973696,101,195,81,4,20260327_172948
1774628959.7418797,7121030,1822983680,1822.98368,104,195,82,4,20260327_172948
1774628959.7518637,7121069,1822993664,1822.993664,107,194,83,4,20260327_172948
1774628959.7618475,7121108,1823003648,1823.003648,110,193,83,4,20260327_172948
1774628959.7718318,7121147,1823013632,1823.013632,113,194,83,4,20260327_172948
1774628959.7818158,7121186,1823023616,1823.023616,116,194,82,4,20260327_172948
1774628959.7917998,7121225,1823033600,1823.0336,119,194,81,4,20260327_172948
1774628959.8017838,7121264,1823043584,1823.043584,122,194,83,4,20260327_172948
1774628959.8120236,7121304,1823053824,1823.053824,125,194,84,4,20260327_172948
1774628959.8220077,7121343,1823063808,1823.063808,128,194,84,4,20260327_172948
1774628959.8319917,7121382,1823073792,1823.073792,131,194,83,4,20260327_172948
1774628959.8419757,7121421,1823083776,1823.083776,134,194,83,4,20260327_172948
1774628959.8519597,7121460,1823093760,1823.09376,137,193,84,4,20260327_172948
1774628959.8619435,7121499,1823103744,1823.103744,140,194,84,4,20260327_172948
1774628959.8719275,7121538,1823113728,1823.113728,143,194,82,4,20260327_172948
1774628959.8819118,7121577,1823123712,1823.123712,147,194,85,4,20260327_172948
1774628959.8921516,7121617,1823133952,1823.133952,150,194,85,4,20260327_172948
1774628959.9021356,7121656,1823143936,1823.143936,153,194,86,4,20260327_172948
1774628959.9121196,7121695,1823153920,1823.15392,157,194,87,4,20260327_172948
1774628959.9221036,7121734,1823163904,1823.163904,160,194,87,4,20260327_172948
1774628959.9320877,7121773,1823173888,1823.173888,164,194,88,4,20260327_172948
1774628959.9420717,7121812,1823183872,1823.183872,167,195,91,4,20260327_172948
1774628959.9520557,7121851,1823193856,1823.193856,170,194,94,4,20260327_172948
1774628959.9620397,7121890,1823203840,1823.20384,173,195,100,4,20260327_172948
1774628959.9720235,7121929,1823213824,1823.213824,176,195,106,4,20260327_172948
1774628959.9822638,7121969,1823224064,1823.224064,179,195,113,4,20260327_172948
1774628959.9922476,7122008,1823234048,1823.234048,182,196,119,4,20260327_172948
1774628960.0022316,7122047,1823244032,1823.244032,185,195,128,4,20260327_172948
1774628960.0122156,7122086,1823254016,1823.254016,188,195,130,4,20260327_172948
1774628960.0221996,7122125,1823264000,1823.264,190,195,131,4,20260327_172948
1774628960.0321836,7122164,1823273984,1823.273984,193,196,132,4,20260327_172948
1774628960.0421677,7122203,1823283968,1823.283968,196,195,133,4,20260327_172948
1774628960.0521517,7122242,1823293952,1823.293952,199,195,133,4,20260327_172948
1774628960.0621357,7122281,1823303936,1823.303936,202,195,135,4,20260327_172948
1774628960.0723758,7122321,1823314176,1823.314176,205,195,136,4,20260327_172948
1774628960.0823598,7122360,1823324160,1823.32416,207,195,135,4,20260327_172948
1774628960.0923438,7122399,1823334144,1823.334144,210,195,136,4,20260327_172948
1774628960.1023276,7122438,1823344128,1823.344128,213,195,138,4,20260327_172948
1774628960.1123116,7122477,1823354112,1823.354112,216,196,138,4,20260327_172948
1774628960.1222956,7122516,1823364096,1823.364096,219,196,139,4,20260327_172948
1774628960.1322796,7122555,1823374080,1823.37408,222,197,138,4,20260327_172948
1774628960.1422637,7122594,1823384064,1823.384064,224,196,138,4,20260327_172948
1774628960.1522477,7122633,1823394048,1823.394048,227,197,139,4,20260327_172948
1774628960.1624875,7122673,1823404288,1823.404288,230,198,139,4,20260327_172948
1774628960.1724718,7122712,1823414272,1823.414272,233,197,137,4,20260327_172948
1774628960.1824558,7122751,1823424256,1823.424256,236,197,140,4,20260327_172948
1774628960.1924398,7122790,1823434240,1823.43424,239,197,139,4,20260327_172948
1774628960.2024238,7122829,1823444224,1823.444224,241,197,140,4,20260327_172948
1774628960.2124076,7122868,1823454208,1823.454208,244,197,140,4,20260327_172948
1774628960.2223916,7122907,1823464192,1823.464192,247,197,139,4,20260327_172948
1774628960.2323756,7122946,1823474176,1823.474176,250,197,140,4,20260327_172948
1774628960.2423596,7122985,1823484160,1823.48416,253,197,139,4,20260327_172948
1774628960.2525997,7123025,1823494400,1823.4944,1,198,138,4,20260327_172948
1774628960.2625835,7123064,1823504384,1823.504384,4,197,136,4,20260327_172948
1774628960.2725675,7123103,1823514368,1823.514368,6,198,135,4,20260327_172948
1774628960.2825518,7123142,1823524352,1823.524352,9,197,134,4,20260327_172948
1774628960.2925358,7123181,1823534336,1823.534336,12,197,131,4,20260327_172948
1774628960.3025198,7123220,1823544320,1823.54432,15,197,130,4,20260327_172948
1774628960.3125036,7123259,1823554304,1823.554304,18,198,128,4,20260327_172948
1774628960.3224876,7123298,1823564288,1823.564288,21,198,127,4,20260327_172948
1774628960.3327277,7123338,1823574528,1823.574528,23,197,126,4,20260327_172948
1774628960.3427117,7123377,1823584512,1823.584512,26,197,122,4,20260327_172948
1774628960.3526957,7123416,1823594496,1823.594496,29,197,122,4,20260327_172948
1774628960.3626795,7123455,1823604480,1823.60448,32,198,119,4,20260327_172948
1774628960.3726635,7123494,1823614464,1823.614464,35,197,116,4,20260327_172948
1774628960.3826478,7123533,1823624448,1823.624448,38,198,106,4,20260327_172948
1774628960.3926318,7123572,1823634432,1823.634432,41,198,98,4,20260327_172948
1774628960.4026158,7123611,1823644416,1823.644416,44,197,91,4,20260327_172948
1774628960.4125998,7123650,1823654400,1823.6544,48,197,87,4,20260327_172948
1774628960.4228396,7123690,1823664640,1823.66464,53,197,84,4,20260327_172948
1774628960.4328237,7123729,1823674624,1823.674624,58,197,81,4,20260327_172948
1774628960.4428077,7123768,1823684608,1823.684608,63,196,79,4,20260327_172948
1774628960.4527917,7123807,1823694592,1823.694592,68,197,81,4,20260327_172948
1774628960.4627757,7123846,1823704576,1823.704576,72,196,80,4,20260327_172948
1774628960.4727595,7123885,1823714560,1823.71456,76,196,81,4,20260327_172948
1774628960.4827435,7123924,1823724544,1823.724544,80,196,81,4,20260327_172948
1774628960.4927278,7123963,1823734528,1823.734528,83,196,82,4,20260327_172948
1774628960.5027118,7124002,1823744512,1823.744512,86,196,82,4,20260327_172948
1774628960.5129516,7124042,1823754752,1823.754752,89,195,81,4,20260327_172948
1774628960.5229356,7124081,1823764736,1823.764736,92,195,82,4,20260327_172948
1774628960.5329196,7124120,1823774720,1823.77472,95,195,84,4,20260327_172948
1774628960.5429037,7124159,1823784704,1823.784704,98,194,83,4,20260327_172948
1774628960.5528877,7124198,1823794688,1823.794688,101,194,83,4,20260327_172948
1774628960.5628717,7124237,1823804672,1823.804672,104,193,82,4,20260327_172948
1774628960.5728557,7124276,1823814656,1823.814656,107,194,83,4,20260327_172948
1774628960.5828395,7124315,1823824640,1823.82464,110,193,83,4,20260327_172948
1774628960.5928235,7124354,1823834624,1823.834624,113,193,83,4,20260327_172948
1774628960.6030636,7124394,1823844864,1823.844864,116,192,82,4,20260327_172948
1774628960.6130476,7124433,1823854848,1823.854848,119,192,81,4,20260327_172948
1774628960.6230316,7124472,1823864832,1823.864832,122,192,81,4,20260327_172948
1774628960.6330156,7124511,1823874816,1823.874816,125,192,83,4,20260327_172948
1774628960.6429996,7124550,1823884800,1823.8848,128,193,83,4,20260327_172948
1774628960.6529837,7124589,1823894784,1823.894784,131,192,82,4,20260327_172948
1774628960.6629677,7124628,1823904768,1823.904768,134,193,82,4,20260327_172948
1774628960.6729517,7124667,1823914752,1823.914752,138,193,84,4,20260327_172948
1774628960.6831918,7124707,1823924992,1823.924992,141,193,83,4,20260327_172948
1774628960.6931758,7124746,1823934976,1823.934976,144,193,86,4,20260327_172948
1774628960.7031598,7124785,1823944960,1823.94496,147,193,86,4,20260327_172948
1774628960.7131436,7124824,1823954944,1823.954944,150,193,85,4,20260327_172948
1774628960.7231276,7124863,1823964928,1823.964928,154,194,86,4,20260327_172948
1774628960.7331116,7124902,1823974912,1823.974912,157,194,88,4,20260327_172948
1774628960.7430956,7124941,1823984896,1823.984896,161,194,90,4,20260327_172948
1774628960.7530797,7124980,1823994880,1823.99488,164,194,95,4,20260327_172948
1774628960.7630637,7125019,1824004864,1824.004864,167,194,100,4,20260327_172948
1774628960.7733035,7125059,1824015104,1824.015104,170,195,105,4,20260327_172948
1774628960.7832878,7125098,1824025088,1824.025088,173,194,109,4,20260327_172948
1774628960.7932718,7125137,1824035072,1824.035072,176,195,116,4,20260327_172948
1774628960.8032558,7125176,1824045056,1824.045056,179,195,127,4,20260327_172948
1774628960.8132396,7125215,1824055040,1824.05504,182,195,130,4,20260327_172948
1774628960.8232236,7125254,1824065024,1824.065024,184,195,131,4,20260327_172948
1774628960.8332076,7125293,1824075008,1824.075008,187,195,130,4,20260327_172948
1774628960.8431916,7125332,1824084992,1824.084992,190,196,132,4,20260327_172948
1774628960.8531756,7125371,1824094976,1824.094976,193,194,134,4,20260327_172948
1774628960.8634157,7125411,1824105216,1824.105216,196,195,135,4,20260327_172948
1774628960.8733995,7125450,1824115200,1824.1152,199,194,136,4,20260327_172948
1774628960.8833838,7125489,1824125184,1824.125184,201,195,138,4,20260327_172948
1774628960.8933678,7125528,1824135168,1824.135168,204,195,138,4,20260327_172948
1774628960.9033518,7125567,1824145152,1824.145152,207,195,139,4,20260327_172948
1774628960.9133358,7125606,1824155136,1824.155136,210,195,140,4,20260327_172948
1774628960.9233196,7125645,1824165120,1824.16512,213,196,140,4,20260327_172948
1774628960.9333036,7125684,1824175104,1824.175104,215,195,141,4,20260327_172948
1774628960.9435437,7125724,1824185344,1824.185344,218,196,140,4,20260327_172948
1774628960.9535277,7125763,1824195328,1824.195328,221,196,140,4,20260327_172948
1774628960.9635117,7125802,1824205312,1824.205312,224,197,141,4,20260327_172948
1774628960.9734955,7125841,1824215296,1824.215296,227,197,142,4,20260327_172948
1774628960.9834795,7125880,1824225280,1824.22528,230,196,142,4,20260327_172948
1774628960.9934638,7125919,1824235264,1824.235264,233,196,140,4,20260327_172948
1774628961.0034478,7125958,1824245248,1824.245248,235,197,140,4,20260327_172948
1774628961.0134318,7125997,1824255232,1824.255232,238,197,140,4,20260327_172948
1774628961.0234158,7126036,1824265216,1824.265216,241,197,139,4,20260327_172948
1774628961.0333996,7126075,1824275200,1824.2752,244,197,140,4,20260327_172948
1774628961.0436397,7126115,1824285440,1824.28544,247,196,140,4,20260327_172948
1774628961.0536237,7126154,1824295424,1824.295424,249,197,140,4,20260327_172948
1774628961.0636077,7126193,1824305408,1824.305408,252,197,139,4,20260327_172948
1774628961.0735917,7126232,1824315392,1824.315392,0,198,140,4,20260327_172948
1774628961.0835755,7126271,1824325376,1824.325376,3,197,138,4,20260327_172948
1774628961.0935595,7126310,1824335360,1824.33536,6,197,137,4,20260327_172948
1774628961.1035438,7126349,1824345344,1824.345344,9,197,136,4,20260327_172948
1774628961.1135278,7126388,1824355328,1824.355328,12,197,135,4,20260327_172948
1774628961.1237676,7126428,1824365568,1824.365568,14,198,133,4,20260327_172948
1774628961.1337516,7126467,1824375552,1824.375552,17,197,130,4,20260327_172948
1774628961.1437356,7126506,1824385536,1824.385536,20,197,128,4,20260327_172948
1774628961.1537197,7126545,1824395520,1824.39552,23,197,127,4,20260327_172948
1774628961.1637037,7126584,1824405504,1824.405504,26,198,126,4,20260327_172948
1774628961.1736877,7126623,1824415488,1824.415488,29,197,123,4,20260327_172948
1774628961.1836717,7126662,1824425472,1824.425472,31,197,121,4,20260327_172948
1774628961.1936555,7126701,1824435456,1824.435456,34,197,118,4,20260327_172948
1774628961.2036395,7126740,1824445440,1824.44544,37,197,113,4,20260327_172948
1774628961.2138796,7126780,1824455680,1824.45568,40,198,102,4,20260327_172948
1774628961.2238636,7126819,1824465664,1824.465664,43,197,96,4,20260327_172948
1774628961.2338476,7126858,1824475648,1824.475648,47,197,90,4,20260327_172948
1774628961.2438316,7126897,1824485632,1824.485632,51,197,86,4,20260327_172948
1774628961.2538157,7126936,1824495616,1824.495616,56,196,83,4,20260327_172948
1774628961.2637997,7126975,1824505600,1824.5056,61,196,81,4,20260327_172948
1774628961.2737837,7127014,1824515584,1824.515584,66,197,80,4,20260327_172948
1774628961.2837677,7127053,1824525568,1824.525568,71,196,81,4,20260327_172948
1774628961.2937517,7127092,1824535552,1824.535552,75,196,81,4,20260327_172948
1774628961.3039918,7127132,1824545792,1824.545792,79,196,82,4,20260327_172948
1774628961.3139756,7127171,1824555776,1824.555776,82,196,82,4,20260327_172948
1774628961.3239596,7127210,1824565760,1824.56576,85,196,82,4,20260327_172948
1774628961.3339436,7127249,1824575744,1824.575744,88,195,83,4,20260327_172948
1774628961.3439276,7127288,1824585728,1824.585728,91,195,83,4,20260327_172948
1774628961.3539116,7127327,1824595712,1824.595712,94,194,83,4,20260327_172948
1774628961.3638957,7127366,1824605696,1824.605696,97,194,83,4,20260327_172948
1774628961.3741355,7127406,1824615936,1824.615936,100,194,82,4,20260327_172948
1774628961.3841195,7127445,1824625920,1824.62592,103,193,82,4,20260327_172948
1774628961.3941038,7127484,1824635904,1824.635904,106,193,83,4,20260327_172948
1774628961.4040878,7127523,1824645888,1824.645888,109,192,82,4,20260327_172948
1774628961.4140718,7127562,1824655872,1824.655872,112,192,82,4,20260327_172948
1774628961.4240556,7127601,1824665856,1824.665856,115,191,83,4,20260327_172948
1774628961.4340396,7127640,1824675840,1824.67584,118,192,82,4,20260327_172948
1774628961.4440236,7127679,1824685824,1824.685824,121,192,83,4,20260327_172948
1774628961.4542637,7127719,1824696064,1824.696064,124,191,81,4,20260327_172948
1774628961.4642477,7127758,1824706048,1824.706048,127,192,83,4,20260327_172948
1774628961.4742315,7127797,1824716032,1824.716032,130,192,83,4,20260327_172948
1774628961.4842155,7127836,1824726016,1824.726016,133,191,82,4,20260327_172948
1774628961.4941998,7127875,1824736000,1824.736,137,191,82,4,20260327_172948
1774628961.5041838,7127914,1824745984,1824.745984,140,192,83,4,20260327_172948
1774628961.5141678,7127953,1824755968,1824.755968,143,192,84,4,20260327_172948
1774628961.5241518,7127992,1824765952,1824.765952,146,192,85,4,20260327_172948
1774628961.5341356,7128031,1824775936,1824.775936,149,192,85,4,20260327_172948
1774628961.5443757,7128071,1824786176,1824.786176,153,192,84,4,20260327_172948
1774628961.5543597,7128110,1824796160,1824.79616,156,192,88,4,20260327_172948
1774628961.5643437,7128149,1824806144,1824.806144,160,193,91,4,20260327_172948
1774628961.5743277,7128188,1824816128,1824.816128,163,193,94,4,20260327_172948
1774628961.5843115,7128227,1824826112,1824.826112,166,193,101,4,20260327_172948
1774628961.5942955,7128266,1824836096,1824.836096,169,194,106,4,20260327_172948
1774628961.6042798,7128305,1824846080,1824.84608,172,194,111,4,20260327_172948
1774628961.6142638,7128344,1824856064,1824.856064,175,194,118,4,20260327_172948
1774628961.6242478,7128383,1824866048,1824.866048,178,195,127,4,20260327_172948
1774628961.6342318,7128422,1824876032,1824.876032,181,195,132,4,20260327_172948
1774628961.6444716,7128462,1824886272,1824.886272,183,193,132,4,20260327_172948
1774628961.6544557,7128501,1824896256,1824.896256,186,194,132,4,20260327_172948
1774628961.6644397,7128540,1824906240,1824.90624,189,194,133,4,20260327_172948
1774628961.6744237,7128579,1824916224,1824.916224,192,194,137,4,20260327_172948
1774628961.6844077,7128618,1824926208,1824.926208,195,195,138,4,20260327_172948
1774628961.6943915,7128657,1824936192,1824.936192,197,195,140,4,20260327_172948
1774628961.7043755,7128696,1824946176,1824.946176,200,195,140,4,20260327_172948
1774628961.7146156,7128736,1824956416,1824.956416,203,195,141,4,20260327_172948
1774628961.7245996,7128775,1824966400,1824.9664,206,195,142,4,20260327_172948
1774628961.7345836,7128814,1824976384,1824.976384,209,195,142,4,20260327_172948
1774628961.7445676,7128853,1824986368,1824.986368,212,195,142,4,20260327_172948
1774628961.7545516,7128892,1824996352,1824.996352,214,195,143,4,20260327_172948
1774628961.7645357,7128931,1825006336,1825.006336,217,196,144,4,20260327_172948
1774628961.7745197,7128970,1825016320,1825.01632,220,196,143,4,20260327_172948
1774628961.7845037,7129009,1825026304,1825.026304,223,196,144,4,20260327_172948
1774628961.7944877,7129048,1825036288,1825.036288,226,196,144,4,20260327_172948
1774628961.8047278,7129088,1825046528,1825.046528,229,196,144,4,20260327_172948
1774628961.8147118,7129127,1825056512,1825.056512,231,197,144,4,20260327_172948
1774628961.8246956,7129166,1825066496,1825.066496,234,196,144,4,20260327_172948
1774628961.8346796,7129205,1825076480,1825.07648,237,197,144,4,20260327_172948
1774628961.8446636,7129244,1825086464,1825.086464,240,196,143,4,20260327_172948
1774628961.8546476,7129283,1825096448,1825.096448,243,196,144,4,20260327_172948
1774628961.8646317,7129322,1825106432,1825.106432,246,196,144,4,20260327_172948
1774628961.8746157,7129361,1825116416,1825.116416,248,197,144,4,20260327_172948
1774628961.8845997,7129400,1825126400,1825.1264,251,197,144,4,20260327_172948
1774628961.8948398,7129440,1825136640,1825.13664,254,197,144,4,20260327_172948
1774628961.9048238,7129479,1825146624,1825.146624,2,197,141,4,20260327_172948
1774628961.9148078,7129518,1825156608,1825.156608,5,198,139,4,20260327_172948
1774628961.9247916,7129557,1825166592,1825.166592,8,197,137,4,20260327_172948
1774628961.9347756,7129596,1825176576,1825.176576,11,197,136,4,20260327_172948
1774628961.9447596,7129635,1825186560,1825.18656,13,197,134,4,20260327_172948
1774628961.9547436,7129674,1825196544,1825.196544,16,198,131,4,20260327_172948
1774628961.9647276,7129713,1825206528,1825.206528,19,197,127,4,20260327_172948
1774628961.9747117,7129752,1825216512,1825.216512,22,197,127,4,20260327_172948
1774628961.9849515,7129792,1825226752,1825.226752,25,198,126,4,20260327_172948
1774628961.9949358,7129831,1825236736,1825.236736,27,197,122,4,20260327_172948
1774628962.0049198,7129870,1825246720,1825.24672,30,198,121,4,20260327_172948
1774628962.0149038,7129909,1825256704,1825.256704,33,197,118,4,20260327_172948
1774628962.0248878,7129948,1825266688,1825.266688,36,197,113,4,20260327_172948
1774628962.0348716,7129987,1825276672,1825.276672,39,197,104,4,20260327_172948
1774628962.0448556,7130026,1825286656,1825.286656,42,197,97,4,20260327_172948
1774628962.0548396,7130065,1825296640,1825.29664,46,198,92,4,20260327_172948
1774628962.0650797,7130105,1825306880,1825.30688,50,197,86,4,20260327_172948
1774628962.0750637,7130144,1825316864,1825.316864,55,197,84,4,20260327_172948
1774628962.0850475,7130183,1825326848,1825.326848,60,197,82,4,20260327_172948
1774628962.0950315,7130222,1825336832,1825.336832,65,197,80,4,20260327_172948
1774628962.1050158,7130261,1825346816,1825.346816,69,197,81,4,20260327_172948
1774628962.1149998,7130300,1825356800,1825.3568,74,196,81,4,20260327_172948
1774628962.1249838,7130339,1825366784,1825.366784,78,197,80,4,20260327_172948
1774628962.1349678,7130378,1825376768,1825.376768,81,197,81,4,20260327_172948
1774628962.1449516,7130417,1825386752,1825.386752,84,197,81,4,20260327_172948
1774628962.1549356,7130456,1825396736,1825.396736,87,197,81,4,20260327_172948
1774628962.1651757,7130496,1825406976,1825.406976,90,196,81,4,20260327_172948
1774628962.1751597,7130535,1825416960,1825.41696,93,196,81,4,20260327_172948
1774628962.1851437,7130574,1825426944,1825.426944,96,195,82,4,20260327_172948
1774628962.1951275,7130613,1825436928,1825.436928,99,196,80,4,20260327_172948
1774628962.2051115,7130652,1825446912,1825.446912,102,195,80,4,20260327_172948
1774628962.2150958,7130691,1825456896,1825.456896,105,195,81,4,20260327_172948
1774628962.2250798,7130730,1825466880,1825.46688,108,195,81,4,20260327_172948
1774628962.2350638,7130769,1825476864,1825.476864,111,195,81,4,20260327_172948
1774628962.2453036,7130809,1825487104,1825.487104,114,195,82,4,20260327_172948
1774628962.2552876,7130848,1825497088,1825.497088,117,195,82,4,20260327_172948
1774628962.2652717,7130887,1825507072,1825.507072,120,193,82,4,20260327_172948
1774628962.2752557,7130926,1825517056,1825.517056,123,193,82,4,20260327_172948
1774628962.2852397,7130965,1825527040,1825.52704,126,193,83,4,20260327_172948
1774628962.2952237,7131004,1825537024,1825.537024,129,194,83,4,20260327_172948
1774628962.3052075,7131043,1825547008,1825.547008,132,193,84,4,20260327_172948
1774628962.3151915,7131082,1825556992,1825.556992,136,193,84,4,20260327_172948
1774628962.3254316,7131122,1825567232,1825.567232,139,194,85,4,20260327_172948
1774628962.3354156,7131161,1825577216,1825.577216,142,193,86,4,20260327_172948
1774628962.3453996,7131200,1825587200,1825.5872,145,194,88,4,20260327_172948
1774628962.3553836,7131239,1825597184,1825.597184,148,194,90,4,20260327_172948
1774628962.3653677,7131278,1825607168,1825.607168,151,193,91,4,20260327_172948
1774628962.3753517,7131317,1825617152,1825.617152,155,194,94,4,20260327_172948
1774628962.3853357,7131356,1825627136,1825.627136,158,194,99,4,20260327_172948
1774628962.3953197,7131395,1825637120,1825.63712,161,194,104,4,20260327_172948
1774628962.4053037,7131434,1825647104,1825.647104,164,195,107,4,20260327_172948
1774628962.4155438,7131474,1825657344,1825.657344,167,194,112,4,20260327_172948
1774628962.4255276,7131513,1825667328,1825.667328,170,195,117,4,20260327_172948
1774628962.4355116,7131552,1825677312,1825.677312,173,195,124,4,20260327_172948
1774628962.4454956,7131591,1825687296,1825.687296,175,195,132,4,20260327_172948
1774628962.4554796,7131630,1825697280,1825.69728,178,195,133,4,20260327_172948
1774628962.4654636,7131669,1825707264,1825.707264,181,195,133,4,20260327_172948
1774628962.4754477,7131708,1825717248,1825.717248,184,195,134,4,20260327_172948
1774628962.4854317,7131747,1825727232,1825.727232,187,195,136,4,20260327_172948
1774628962.4954157,7131786,1825737216,1825.737216,189,195,139,4,20260327_172948
1774628962.5056558,7131826,1825747456,1825.747456,192,195,140,4,20260327_172948
1774628962.5156398,7131865,1825757440,1825.75744,195,195,142,4,20260327_172948
1774628962.5256238,7131904,1825767424,1825.767424,198,195,141,4,20260327_172948
1774628962.5356076,7131943,1825777408,1825.777408,201,195,141,4,20260327_172948
1774628962.5455916,7131982,1825787392,1825.787392,204,196,142,4,20260327_172948
1774628962.5555756,7132021,1825797376,1825.797376,206,196,142,4,20260327_172948
1774628962.5655596,7132060,1825807360,1825.80736,209,196,142,4,20260327_172948
1774628962.5755436,7132099,1825817344,1825.817344,212,196,142,4,20260327_172948
1774628962.5855277,7132138,1825827328,1825.827328,215,196,143,4,20260327_172948
1774628962.5957675,7132178,1825837568,1825.837568,218,197,142,4,20260327_172948
1774628962.6057518,7132217,1825847552,1825.847552,220,197,143,4,20260327_172948
1774628962.6157358,7132256,1825857536,1825.857536,223,196,143,4,20260327_172948
1774628962.6257198,7132295,1825867520,1825.86752,226,196,144,4,20260327_172948
1774628962.6357038,7132334,1825877504,1825.877504,229,196,144,4,20260327_172948
1774628962.6456876,7132373,1825887488,1825.887488,232,197,144,4,20260327_172948
1774628962.6556716,7132412,1825897472,1825.897472,235,197,142,4,20260327_172948
1774628962.6656556,7132451,1825907456,1825.907456,238,197,141,4,20260327_172948
1774628962.6758957,7132491,1825917696,1825.917696,240,197,141,4,20260327_172948
1774628962.6858797,7132530,1825927680,1825.92768,243,197,140,4,20260327_172948
1774628962.6958635,7132569,1825937664,1825.937664,246,198,142,4,20260327_172948
1774628962.7058475,7132608,1825947648,1825.947648,249,197,140,4,20260327_172948
1774628962.7158318,7132647,1825957632,1825.957632,252,198,140,4,20260327_172948
1774628962.7258158,7132686,1825967616,1825.967616,0,197,140,4,20260327_172948
1774628962.7357998,7132725,1825977600,1825.9776,2,198,138,4,20260327_172948
1774628962.7457838,7132764,1825987584,1825.987584,5,197,137,4,20260327_172948
1774628962.7560236,7132804,1825997824,1825.997824,8,198,136,4,20260327_172948
1774628962.7660077,7132843,1826007808,1826.007808,11,198,133,4,20260327_172948
1774628962.7759917,7132882,1826017792,1826.017792,14,197,130,4,20260327_172948
1774628962.7859757,7132921,1826027776,1826.027776,17,198,128,4,20260327_172948
1774628962.7959597,7132960,1826037760,1826.03776,19,198,127,4,20260327_172948
1774628962.8059435,7132999,1826047744,1826.047744,22,198,126,4,20260327_172948
1774628962.8159275,7133038,1826057728,1826.057728,25,198,123,4,20260327_172948
1774628962.8259118,7133077,1826067712,1826.067712,28,198,121,4,20260327_172948
1774628962.8358958,7133116,1826077696,1826.077696,31,197,118,4,20260327_172948
1774628962.8461356,7133156,1826087936,1826.087936,34,198,113,4,20260327_172948
1774628962.8561196,7133195,1826097920,1826.09792,37,197,104,4,20260327_172948
1774628962.8661036,7133234,1826107904,1826.107904,40,197,96,4,20260327_172948
1774628962.8760877,7133273,1826117888,1826.117888,43,198,90,4,20260327_172948
1774628962.8860717,7133312,1826127872,1826.127872,47,198,86,4,20260327_172948
1774628962.8960557,7133351,1826137856,1826.137856,52,198,84,4,20260327_172948
1774628962.9060397,7133390,1826147840,1826.14784,57,197,82,4,20260327_172948
1774628962.9160235,7133429,1826157824,1826.157824,62,198,81,4,20260327_172948
1774628962.9260075,7133468,1826167808,1826.167808,67,198,80,4,20260327_172948
1774628962.9362476,7133508,1826178048,1826.178048,71,198,81,4,20260327_172948
1774628962.9462316,7133547,1826188032,1826.188032,75,197,82,4,20260327_172948
1774628962.9562156,7133586,1826198016,1826.198016,79,198,81,4,20260327_172948
1774628962.9661996,7133625,1826208000,1826.208,83,197,81,4,20260327_172948
1774628962.9761837,7133664,1826217984,1826.217984,86,198,82,4,20260327_172948
1774628962.9861677,7133703,1826227968,1826.227968,89,197,82,4,20260327_172948
1774628962.9961517,7133742,1826237952,1826.237952,92,197,81,4,20260327_172948
1774628963.0061357,7133781,1826247936,1826.247936,95,197,81,4,20260327_172948
1774628963.0163758,7133821,1826258176,1826.258176,98,197,80,4,20260327_172948
1774628963.0263598,7133860,1826268160,1826.26816,101,197,82,4,20260327_172948
1774628963.0363436,7133899,1826278144,1826.278144,104,197,82,4,20260327_172948
1774628963.0463276,7133938,1826288128,1826.288128,107,196,82,4,20260327_172948
1774628963.0563116,7133977,1826298112,1826.298112,109,196,82,4,20260327_172948
1774628963.0662956,7134016,1826308096,1826.308096,112,195,82,4,20260327_172948
1774628963.0762796,7134055,1826318080,1826.31808,115,195,83,4,20260327_172948
1774628963.0862637,7134094,1826328064,1826.328064,118,195,84,4,20260327_172948
1774628963.0965035,7134134,1826338304,1826.338304,121,195,84,4,20260327_172948
1774628963.1064878,7134173,1826348288,1826.348288,124,194,84,4,20260327_172948
1774628963.1164718,7134212,1826358272,1826.358272,127,194,86,4,20260327_172948
1774628963.1264558,7134251,1826368256,1826.368256,131,195,86,4,20260327_172948
1774628963.1364398,7134290,1826378240,1826.37824,134,194,87,4,20260327_172948
1774628963.1464236,7134329,1826388224,1826.388224,137,194,88,4,20260327_172948
1774628963.1564076,7134368,1826398208,1826.398208,140,194,89,4,20260327_172948
1774628963.1663916,7134407,1826408192,1826.408192,143,194,94,4,20260327_172948
1774628963.1763756,7134446,1826418176,1826.418176,146,195,96,4,20260327_172948
1774628963.1863596,7134485,1826428160,1826.42816,149,194,100,4,20260327_172948
1774628963.1965995,7134525,1826438400,1826.4384,152,195,105,4,20260327_172948
1774628963.2065835,7134564,1826448384,1826.448384,155,195,108,4,20260327_172948
1774628963.2165678,7134603,1826458368,1826.458368,158,196,112,4,20260327_172948
1774628963.2265518,7134642,1826468352,1826.468352,161,195,116,4,20260327_172948
1774628963.2365358,7134681,1826478336,1826.478336,164,195,123,4,20260327_172948
1774628963.2465198,7134720,1826488320,1826.48832,166,195,127,4,20260327_172948
1774628963.2565036,7134759,1826498304,1826.498304,169,195,133,4,20260327_172948
1774628963.2664876,7134798,1826508288,1826.508288,171,195,134,4,20260327_172948
1774628963.2767277,7134838,1826518528,1826.518528,174,195,133,4,20260327_172948
1774628963.2867117,7134877,1826528512,1826.528512,177,195,133,4,20260327_172948
1774628963.2966957,7134916,1826538496,1826.538496,180,196,133,4,20260327_172948
1774628963.3066795,7134955,1826548480,1826.54848,182,196,137,4,20260327_172948
1774628963.3166635,7134994,1826558464,1826.558464,185,196,140,4,20260327_172948
1774628963.3266478,7135033,1826568448,1826.568448,188,196,140,4,20260327_172948
1774628963.3366318,7135072,1826578432,1826.578432,191,196,143,4,20260327_172948
1774628963.3466158,7135111,1826588416,1826.588416,194,196,142,4,20260327_172948
1774628963.3568556,7135151,1826598656,1826.598656,196,196,143,4,20260327_172948
1774628963.3668396,7135190,1826608640,1826.60864,199,197,143,4,20260327_172948
1774628963.3768237,7135229,1826618624,1826.618624,202,197,144,4,20260327_172948
1774628963.3868077,7135268,1826628608,1826.628608,205,196,144,4,20260327_172948
1774628963.3967917,7135307,1826638592,1826.638592,208,197,142,4,20260327_172948
1774628963.4067757,7135346,1826648576,1826.648576,211,197,145,4,20260327_172948
1774628963.4167595,7135385,1826658560,1826.65856,213,197,145,4,20260327_172948
1774628963.4267435,7135424,1826668544,1826.668544,216,196,144,4,20260327_172948
1774628963.4369836,7135464,1826678784,1826.678784,219,197,146,4,20260327_172948
1774628963.4469676,7135503,1826688768,1826.688768,222,197,143,4,20260327_172948
1774628963.4569516,7135542,1826698752,1826.698752,225,198,145,4,20260327_172948
1774628963.4669356,7135581,1826708736,1826.708736,228,198,144,4,20260327_172948
1774628963.4769197,7135620,1826718720,1826.71872,230,197,145,4,20260327_172948
1774628963.4869037,7135659,1826728704,1826.728704,233,197,145,4,20260327_172948
1774628963.4968877,7135698,1826738688,1826.738688,236,198,144,4,20260327_172948
1774628963.5068717,7135737,1826748672,1826.748672,239,198,144,4,20260327_172948
1774628963.5168557,7135776,1826758656,1826.758656,242,198,143,4,20260327_172948
1774628963.5270958,7135816,1826768896,1826.768896,245,198,142,4,20260327_172948
1774628963.5370796,7135855,1826778880,1826.77888,247,198,141,4,20260327_172948
1774628963.5470636,7135894,1826788864,1826.788864,250,197,140,4,20260327_172948
1774628963.5570476,7135933,1826798848,1826.798848,253,198,139,4,20260327_172948
1774628963.5670316,7135972,1826808832,1826.808832,1,198,137,4,20260327_172948
1774628963.5770156,7136011,1826818816,1826.818816,4,197,136,4,20260327_172948
1774628963.5869997,7136050,1826828800,1826.8288,7,198,135,4,20260327_172948
1774628963.5969837,7136089,1826838784,1826.838784,10,198,133,4,20260327_172948
1774628963.6069677,7136128,1826848768,1826.848768,12,198,132,4,20260327_172948
1774628963.6172078,7136168,1826859008,1826.859008,15,198,129,4,20260327_172948
1774628963.6271918,7136207,1826868992,1826.868992,18,198,127,4,20260327_172948
1774628963.6371758,7136246,1826878976,1826.878976,21,198,127,4,20260327_172948
1774628963.6471596,7136285,1826888960,1826.88896,24,198,125,4,20260327_172948
1774628963.6571436,7136324,1826898944,1826.898944,27,198,122,4,20260327_172948
1774628963.6671276,7136363,1826908928,1826.908928,29,198,120,4,20260327_172948
1774628963.6771116,7136402,1826918912,1826.918912,32,198,116,4,20260327_172948
1774628963.6870956,7136441,1826928896,1826.928896,35,198,107,4,20260327_172948
1774628963.6970797,7136480,1826938880,1826.93888,38,198,99,4,20260327_172948
1774628963.7073195,7136520,1826949120,1826.94912,42,198,93,4,20260327_172948
1774628963.7173038,7136559,1826959104,1826.959104,45,198,87,4,20260327_172948
1774628963.7272878,7136598,1826969088,1826.969088,50,198,85,4,20260327_172948
1774628963.7372718,7136637,1826979072,1826.979072,54,198,83,4,20260327_172948
1774628963.7472558,7136676,1826989056,1826.989056,59,198,81,4,20260327_172948
1774628963.7572396,7136715,1826999040,1826.99904,64,198,81,4,20260327_172948
1774628963.7672236,7136754,1827009024,1827.009024,69,197,81,4,20260327_172948
1774628963.7772076,7136793,1827019008,1827.019008,73,198,81,4,20260327_172948
1774628963.7874477,7136833,1827029248,1827.029248,77,198,81,4,20260327_172948
1774628963.7974317,7136872,1827039232,1827.039232,81,198,82,4,20260327_172948
1774628963.8074155,7136911,1827049216,1827.049216,84,198,82,4,20260327_172948
1774628963.8173995,7136950,1827059200,1827.0592,87,197,82,4,20260327_172948
1774628963.8273838,7136989,1827069184,1827.069184,90,197,82,4,20260327_172948
1774628963.8373678,7137028,1827079168,1827.079168,93,197,82,4,20260327_172948
1774628963.8473518,7137067,1827089152,1827.089152,96,197,82,4,20260327_172948
1774628963.8573358,7137106,1827099136,1827.099136,99,197,82,4,20260327_172948
1774628963.8673196,7137145,1827109120,1827.10912,102,197,82,4,20260327_172948
1774628963.8775597,7137185,1827119360,1827.11936,105,196,82,4,20260327_172948
1774628963.8875437,7137224,1827129344,1827.129344,108,196,82,4,20260327_172948
1774628963.8975277,7137263,1827139328,1827.139328,111,195,84,4,20260327_172948
1774628963.9075117,7137302,1827149312,1827.149312,114,195,84,4,20260327_172948
1774628963.9174955,7137341,1827159296,1827.159296,117,195,84,4,20260327_172948
1774628963.9274795,7137380,1827169280,1827.16928,120,194,84,4,20260327_172948
1774628963.9374638,7137419,1827179264,1827.179264,123,194,85,4,20260327_172948
1774628963.9474478,7137458,1827189248,1827.189248,126,194,86,4,20260327_172948
1774628963.9574318,7137497,1827199232,1827.199232,129,193,86,4,20260327_172948
1774628963.9676716,7137537,1827209472,1827.209472,132,194,88,4,20260327_172948
1774628963.9776556,7137576,1827219456,1827.219456,135,194,89,4,20260327_172948
1774628963.9876397,7137615,1827229440,1827.22944,138,195,92,4,20260327_172948
1774628963.9976237,7137654,1827239424,1827.239424,141,194,97,4,20260327_172948
1774628964.0076077,7137693,1827249408,1827.249408,144,194,100,4,20260327_172948
1774628964.0175917,7137732,1827259392,1827.259392,147,195,105,4,20260327_172948
1774628964.0275755,7137771,1827269376,1827.269376,150,195,108,4,20260327_172948
1774628964.0375595,7137810,1827279360,1827.27936,153,195,110,4,20260327_172948
1774628964.0475438,7137849,1827289344,1827.289344,156,195,114,4,20260327_172948
1774628964.0577836,7137889,1827299584,1827.299584,159,195,120,4,20260327_172948
1774628964.0677676,7137928,1827309568,1827.309568,161,195,126,4,20260327_172948
1774628964.0777516,7137967,1827319552,1827.319552,164,196,131,4,20260327_172948
1774628964.0877357,7138006,1827329536,1827.329536,166,195,132,4,20260327_172948
1774628964.0977197,7138045,1827339520,1827.33952,169,196,133,4,20260327_172948
1774628964.1077037,7138084,1827349504,1827.349504,171,196,133,4,20260327_172948
1774628964.1176877,7138123,1827359488,1827.359488,174,196,135,4,20260327_172948
1774628964.1276717,7138162,1827369472,1827.369472,177,195,138,4,20260327_172948
1774628964.1379118,7138202,1827379712,1827.379712,180,195,139,4,20260327_172948
1774628964.1478956,7138241,1827389696,1827.389696,182,196,139,4,20260327_172948
1774628964.1578796,7138280,1827399680,1827.39968,185,196,140,4,20260327_172948
1774628964.1678636,7138319,1827409664,1827.409664,188,196,142,4,20260327_172948
1774628964.1778476,7138358,1827419648,1827.419648,191,197,142,4,20260327_172948
1774628964.1878316,7138397,1827429632,1827.429632,194,197,142,4,20260327_172948
1774628964.1978157,7138436,1827439616,1827.439616,196,197,143,4,20260327_172948
1774628964.2077997,7138475,1827449600,1827.4496,199,196,142,4,20260327_172948
1774628964.2177837,7138514,1827459584,1827.459584,202,197,144,4,20260327_172948
1774628964.2280238,7138554,1827469824,1827.469824,205,197,144,4,20260327_172948
1774628964.2380078,7138593,1827479808,1827.479808,208,197,144,4,20260327_172948
1774628964.2479918,7138632,1827489792,1827.489792,211,197,143,4,20260327_172948
1774628964.2579756,7138671,1827499776,1827.499776,213,197,142,4,20260327_172948
1774628964.2679596,7138710,1827509760,1827.50976,216,197,144,4,20260327_172948
1774628964.2779436,7138749,1827519744,1827.519744,219,197,143,4,20260327_172948
1774628964.2879276,7138788,1827529728,1827.529728,222,198,144,4,20260327_172948
1774628964.2979116,7138827,1827539712,1827.539712,225,198,144,4,20260327_172948
1774628964.3078957,7138866,1827549696,1827.549696,227,197,141,4,20260327_172948
1774628964.3181355,7138906,1827559936,1827.559936,230,197,144,4,20260327_172948
1774628964.3281198,7138945,1827569920,1827.56992,233,197,142,4,20260327_172948
1774628964.3381038,7138984,1827579904,1827.579904,236,198,142,4,20260327_172948
1774628964.3480878,7139023,1827589888,1827.589888,239,198,143,4,20260327_172948
1774628964.3580718,7139062,1827599872,1827.599872,242,198,143,4,20260327_172948
1774628964.3680556,7139101,1827609856,1827.609856,245,198,142,4,20260327_172948
1774628964.3780396,7139140,1827619840,1827.61984,247,198,142,4,20260327_172948
1774628964.3880236,7139179,1827629824,1827.629824,250,198,139,4,20260327_172948
1774628964.3980076,7139218,1827639808,1827.639808,253,198,140,4,20260327_172948
1774628964.4082477,7139258,1827650048,1827.650048,1,198,139,4,20260327_172948
1774628964.4182315,7139297,1827660032,1827.660032,4,198,138,4,20260327_172948
1774628964.4282155,7139336,1827670016,1827.670016,7,199,137,4,20260327_172948
1774628964.4381998,7139375,1827680000,1827.68,9,198,134,4,20260327_172948
1774628964.4481838,7139414,1827689984,1827.689984,12,198,133,4,20260327_172948
1774628964.4581678,7139453,1827699968,1827.699968,15,198,130,4,20260327_172948
1774628964.4681518,7139492,1827709952,1827.709952,18,198,129,4,20260327_172948
1774628964.4781356,7139531,1827719936,1827.719936,21,198,128,4,20260327_172948
1774628964.4883757,7139571,1827730176,1827.730176,24,198,127,4,20260327_172948
1774628964.4983597,7139610,1827740160,1827.74016,26,198,125,4,20260327_172948
1774628964.5083437,7139649,1827750144,1827.750144,29,198,123,4,20260327_172948
1774628964.5183277,7139688,1827760128,1827.760128,32,198,117,4,20260327_172948
1774628964.5283115,7139727,1827770112,1827.770112,35,198,114,4,20260327_172948
1774628964.5382955,7139766,1827780096,1827.780096,38,199,108,4,20260327_172948
1774628964.5482798,7139805,1827790080,1827.79008,41,198,100,4,20260327_172948
1774628964.5582638,7139844,1827800064,1827.800064,45,198,94,4,20260327_172948
1774628964.5682478,7139883,1827810048,1827.810048,49,198,88,4,20260327_172948
1774628964.5784876,7139923,1827820288,1827.820288,53,198,83,4,20260327_172948
1774628964.5884717,7139962,1827830272,1827.830272,58,198,83,4,20260327_172948
1774628964.5984557,7140001,1827840256,1827.840256,63,198,81,4,20260327_172948
1774628964.6084397,7140040,1827850240,1827.85024,68,198,81,4,20260327_172948
1774628964.6184237,7140079,1827860224,1827.860224,72,198,82,4,20260327_172948
1774628964.6284077,7140118,1827870208,1827.870208,76,197,81,4,20260327_172948
1774628964.6383915,7140157,1827880192,1827.880192,80,198,82,4,20260327_172948
1774628964.6483755,7140196,1827890176,1827.890176,83,198,80,4,20260327_172948
1774628964.6583598,7140235,1827900160,1827.90016,87,197,82,4,20260327_172948
1774628964.6685996,7140275,1827910400,1827.9104,90,198,82,4,20260327_172948
1774628964.6785836,7140314,1827920384,1827.920384,92,197,81,4,20260327_172948
1774628964.6885676,7140353,1827930368,1827.930368,95,197,81,4,20260327_172948
1774628964.6985517,7140392,1827940352,1827.940352,98,197,84,4,20260327_172948
1774628964.7085357,7140431,1827950336,1827.950336,101,197,83,4,20260327_172948
1774628964.7185197,7140470,1827960320,1827.96032,104,196,83,4,20260327_172948
1774628964.7285037,7140509,1827970304,1827.970304,107,196,83,4,20260327_172948
1774628964.7384875,7140548,1827980288,1827.980288,110,195,83,4,20260327_172948
1774628964.7484715,7140587,1827990272,1827.990272,113,195,84,4,20260327_172948
1774628964.7587116,7140627,1828000512,1828.000512,116,194,83,4,20260327_172948
1774628964.7686956,7140666,1828010496,1828.010496,119,194,85,4,20260327_172948
1774628964.7786796,7140705,1828020480,1828.02048,122,194,86,4,20260327_172948
1774628964.7886636,7140744,1828030464,1828.030464,125,194,87,4,20260327_172948
1774628964.7986476,7140783,1828040448,1828.040448,128,194,87,4,20260327_172948
1774628964.8086317,7140822,1828050432,1828.050432,131,194,89,4,20260327_172948
1774628964.8186157,7140861,1828060416,1828.060416,134,194,88,4,20260327_172948
1774628964.8288558,7140901,1828070656,1828.070656,137,195,93,4,20260327_172948
1774628964.8388398,7140940,1828080640,1828.08064,140,195,98,4,20260327_172948
1774628964.8488238,7140979,1828090624,1828.090624,143,194,102,4,20260327_172948
1774628964.8588078,7141018,1828100608,1828.100608,146,195,106,4,20260327_172948
1774628964.8687916,7141057,1828110592,1828.110592,149,195,108,4,20260327_172948
1774628964.8787756,7141096,1828120576,1828.120576,152,195,113,4,20260327_172948
1774628964.8887596,7141135,1828130560,1828.13056,155,195,117,4,20260327_172948
1774628964.8987436,7141174,1828140544,1828.140544,158,195,122,4,20260327_172948
1774628964.9087276,7141213,1828150528,1828.150528,160,195,127,4,20260327_172948
1774628964.9187117,7141252,1828160512,1828.160512,163,195,134,4,20260327_172948
1774628964.9289515,7141292,1828170752,1828.170752,165,195,136,4,20260327_172948
1774628964.9389358,7141331,1828180736,1828.180736,168,195,136,4,20260327_172948
1774628964.9489198,7141370,1828190720,1828.19072,170,196,136,4,20260327_172948
1774628964.9589038,7141409,1828200704,1828.200704,173,196,137,4,20260327_172948
1774628964.9688878,7141448,1828210688,1828.210688,175,196,140,4,20260327_172948
1774628964.9788716,7141487,1828220672,1828.220672,178,196,141,4,20260327_172948
1774628964.9888556,7141526,1828230656,1828.230656,181,196,142,4,20260327_172948
1774628964.9988396,7141565,1828240640,1828.24064,184,197,143,4,20260327_172948
1774628965.0090797,7141605,1828250880,1828.25088,187,196,143,4,20260327_172948
1774628965.0190637,7141644,1828260864,1828.260864,190,196,144,4,20260327_172948
1774628965.0290475,7141683,1828270848,1828.270848,192,197,144,4,20260327_172948
1774628965.0390315,7141722,1828280832,1828.280832,195,197,144,4,20260327_172948
1774628965.0490158,7141761,1828290816,1828.290816,198,196,144,4,20260327_172948
1774628965.0589998,7141800,1828300800,1828.3008,201,197,145,4,20260327_172948
1774628965.0689838,7141839,1828310784,1828.310784,204,197,145,4,20260327_172948
1774628965.0789678,7141878,1828320768,1828.320768,206,197,146,4,20260327_172948
1774628965.0892076,7141918,1828331008,1828.331008,209,197,146,4,20260327_172948
1774628965.0991917,7141957,1828340992,1828.340992,212,197,146,4,20260327_172948
1774628965.1091757,7141996,1828350976,1828.350976,215,197,148,4,20260327_172948
1774628965.1191597,7142035,1828360960,1828.36096,218,197,146,4,20260327_172948
1774628965.1291437,7142074,1828370944,1828.370944,220,198,147,4,20260327_172948
1774628965.1391275,7142113,1828380928,1828.380928,223,198,146,4,20260327_172948
1774628965.1491115,7142152,1828390912,1828.390912,226,198,145,4,20260327_172948
1774628965.1590958,7142191,1828400896,1828.400896,229,198,145,4,20260327_172948
1774628965.1690798,7142230,1828410880,1828.41088,232,198,144,4,20260327_172948
1774628965.1793196,7142270,1828421120,1828.42112,235,198,145,4,20260327_172948
1774628965.1893036,7142309,1828431104,1828.431104,238,198,145,4,20260327_172948
1774628965.1992877,7142348,1828441088,1828.441088,240,197,144,4,20260327_172948
1774628965.2092717,7142387,1828451072,1828.451072,243,198,144,4,20260327_172948
1774628965.2192557,7142426,1828461056,1828.461056,246,198,145,4,20260327_172948
1774628965.2292397,7142465,1828471040,1828.47104,249,198,142,4,20260327_172948
1774628965.2392237,7142504,1828481024,1828.481024,252,198,142,4,20260327_172948
1774628965.2494638,7142544,1828491264,1828.491264,0,198,140,4,20260327_172948
1774628965.2594476,7142583,1828501248,1828.501248,2,198,140,4,20260327_172948
1774628965.2694316,7142622,1828511232,1828.511232,5,198,137,4,20260327_172948
1774628965.2794156,7142661,1828521216,1828.521216,8,198,136,4,20260327_172948
1774628965.2893996,7142700,1828531200,1828.5312,11,198,135,4,20260327_172948
1774628965.2993836,7142739,1828541184,1828.541184,14,198,134,4,20260327_172948
1774628965.3093677,7142778,1828551168,1828.551168,17,198,134,4,20260327_172948
1774628965.3193517,7142817,1828561152,1828.561152,19,198,131,4,20260327_172948
1774628965.3293357,7142856,1828571136,1828.571136,22,199,131,4,20260327_172948
1774628965.3395758,7142896,1828581376,1828.581376,25,198,129,4,20260327_172948
1774628965.3495598,7142935,1828591360,1828.59136,28,199,128,4,20260327_172948
1774628965.3595438,7142974,1828601344,1828.601344,31,198,127,4,20260327_172948
1774628965.3695276,7143013,1828611328,1828.611328,34,199,127,4,20260327_172948
1774628965.3795116,7143052,1828621312,1828.621312,36,198,126,4,20260327_172948
1774628965.3894956,7143091,1828631296,1828.631296,39,198,123,4,20260327_172948
1774628965.3994796,7143130,1828641280,1828.64128,42,198,121,4,20260327_172948
1774628965.4094636,7143169,1828651264,1828.651264,44,198,120,4,20260327_172948
1774628965.4194477,7143208,1828661248,1828.661248,47,198,116,4,20260327_172948
1774628965.4296875,7143248,1828671488,1828.671488,50,198,108,4,20260327_172948
1774628965.4396718,7143287,1828681472,1828.681472,53,198,102,4,20260327_172948
1774628965.4496558,7143326,1828691456,1828.691456,57,198,98,4,20260327_172948
1774628965.4596398,7143365,1828701440,1828.70144,62,198,94,4,20260327_172948
1774628965.4696238,7143404,1828711424,1828.711424,66,198,91,4,20260327_172948
1774628965.4796076,7143443,1828721408,1828.721408,70,198,88,4,20260327_172948
1774628965.4895916,7143482,1828731392,1828.731392,74,197,86,4,20260327_172948
1774628965.4995756,7143521,1828741376,1828.741376,78,197,83,4,20260327_172948
1774628965.5095596,7143560,1828751360,1828.75136,81,197,82,4,20260327_172948
1774628965.5197997,7143600,1828761600,1828.7616,85,197,81,4,20260327_172948
1774628965.5297835,7143639,1828771584,1828.771584,88,197,81,4,20260327_172948
1774628965.5397675,7143678,1828781568,1828.781568,91,197,81,4,20260327_172948
1774628965.5497518,7143717,1828791552,1828.791552,94,196,81,4,20260327_172948
1774628965.5597358,7143756,1828801536,1828.801536,97,197,82,4,20260327_172948
1774628965.5697198,7143795,1828811520,1828.81152,100,197,82,4,20260327_172948
1774628965.5797038,7143834,1828821504,1828.821504,102,196,81,4,20260327_172948
1774628965.5896876,7143873,1828831488,1828.831488,105,196,82,4,20260327_172948
1774628965.5999277,7143913,1828841728,1828.841728,108,195,82,4,20260327_172948
1774628965.6099117,7143952,1828851712,1828.851712,111,195,83,4,20260327_172948
1774628965.6198957,7143991,1828861696,1828.861696,114,194,83,4,20260327_172948
1774628965.6298797,7144030,1828871680,1828.87168,117,195,84,4,20260327_172948
1774628965.6398635,7144069,1828881664,1828.881664,120,194,84,4,20260327_172948
1774628965.6498475,7144108,1828891648,1828.891648,123,193,85,4,20260327_172948
1774628965.6598318,7144147,1828901632,1828.901632,126,193,84,4,20260327_172948
1774628965.6698158,7144186,1828911616,1828.911616,129,194,86,4,20260327_172948
1774628965.6800556,7144226,1828921856,1828.921856,133,193,87,4,20260327_172948
1774628965.6900396,7144265,1828931840,1828.93184,136,194,87,4,20260327_172948
1774628965.7000237,7144304,1828941824,1828.941824,139,194,88,4,20260327_172948
1774628965.7100077,7144343,1828951808,1828.951808,142,194,90,4,20260327_172948
1774628965.7199917,7144382,1828961792,1828.961792,145,194,92,4,20260327_172948
1774628965.7299757,7144421,1828971776,1828.971776,148,194,95,4,20260327_172948
1774628965.7399597,7144460,1828981760,1828.98176,151,194,101,4,20260327_172948
1774628965.7499435,7144499,1828991744,1828.991744,154,194,104,4,20260327_172948
1774628965.7599275,7144538,1829001728,1829.001728,157,195,107,4,20260327_172948
1774628965.7701676,7144578,1829011968,1829.011968,160,194,111,4,20260327_172948
1774628965.7801516,7144617,1829021952,1829.021952,163,195,116,4,20260327_172948
1774628965.7901356,7144656,1829031936,1829.031936,166,195,120,4,20260327_172948
1774628965.8001196,7144695,1829041920,1829.04192,169,194,127,4,20260327_172948
1774628965.8101037,7144734,1829051904,1829.051904,171,194,133,4,20260327_172948
1774628965.8200877,7144773,1829061888,1829.061888,174,195,136,4,20260327_172948
1774628965.8300717,7144812,1829071872,1829.071872,177,195,132,4,20260327_172948
1774628965.8400557,7144851,1829081856,1829.081856,180,195,134,4,20260327_172948
1774628965.8502958,7144891,1829092096,1829.092096,183,195,132,4,20260327_172948
1774628965.8602798,7144930,1829102080,1829.10208,185,196,134,4,20260327_172948
1774628965.8702636,7144969,1829112064,1829.112064,188,196,134,4,20260327_172948
1774628965.8802476,7145008,1829122048,1829.122048,191,196,136,4,20260327_172948
1774628965.8902316,7145047,1829132032,1829.132032,194,195,138,4,20260327_172948
1774628965.9002156,7145086,1829142016,1829.142016,197,196,140,4,20260327_172948
1774628965.9101996,7145125,1829152000,1829.152,199,196,144,4,20260327_172948
1774628965.9201837,7145164,1829161984,1829.161984,202,196,145,4,20260327_172948
1774628965.9301677,7145203,1829171968,1829.171968,205,196,144,4,20260327_172948
1774628965.9404078,7145243,1829182208,1829.182208,208,197,146,4,20260327_172948
1774628965.9503918,7145282,1829192192,1829.192192,211,196,146,4,20260327_172948
1774628965.9603758,7145321,1829202176,1829.202176,214,197,147,4,20260327_172948
1774628965.9703598,7145360,1829212160,1829.21216,216,196,148,4,20260327_172948
1774628965.9803436,7145399,1829222144,1829.222144,219,197,148,4,20260327_172948
1774628965.9903276,7145438,1829232128,1829.232128,222,197,148,4,20260327_172948
1774628966.0003116,7145477,1829242112,1829.242112,225,197,148,4,20260327_172948
1774628966.0102956,7145516,1829252096,1829.252096,228,197,149,4,20260327_172948
1774628966.0202796,7145555,1829262080,1829.26208,231,197,149,4,20260327_172948
1774628966.0302637,7145594,1829272064,1829.272064,233,197,148,4,20260327_172948
1774628966.0405035,7145634,1829282304,1829.282304,236,197,146,4,20260327_172948
1774628966.0504878,7145673,1829292288,1829.292288,239,197,146,4,20260327_172948
1774628966.0604718,7145712,1829302272,1829.302272,242,197,144,4,20260327_172948
1774628966.0704558,7145751,1829312256,1829.312256,245,198,144,4,20260327_172948
1774628966.0804398,7145790,1829322240,1829.32224,248,198,143,4,20260327_172948
1774628966.0904236,7145829,1829332224,1829.332224,250,197,142,4,20260327_172948
1774628966.1004076,7145868,1829342208,1829.342208,253,197,144,4,20260327_172948
1774628966.1103916,7145907,1829352192,1829.352192,1,197,147,4,20260327_172948
1774628966.1203756,7145946,1829362176,1829.362176,4,198,147,4,20260327_172948
1774628966.1306157,7145986,1829372416,1829.372416,7,197,148,4,20260327_172948
1774628966.1405995,7146025,1829382400,1829.3824,10,197,147,4,20260327_172948
1774628966.1505835,7146064,1829392384,1829.392384,13,198,145,4,20260327_172948
1774628966.1605678,7146103,1829402368,1829.402368,15,198,143,4,20260327_172948
1774628966.1705518,7146142,1829412352,1829.412352,18,197,143,4,20260327_172948
1774628966.1805358,7146181,1829422336,1829.422336,21,197,140,4,20260327_172948
1774628966.1905198,7146220,1829432320,1829.43232,24,197,141,4,20260327_172948
1774628966.2005036,7146259,1829442304,1829.442304,27,197,140,4,20260327_172948
1774628966.2107437,7146299,1829452544,1829.452544,29,197,140,4,20260327_172948
1774628966.2207277,7146338,1829462528,1829.462528,32,197,139,4,20260327_172948
1774628966.2307117,7146377,1829472512,1829.472512,35,197,139,4,20260327_172948
1774628966.2406957,7146416,1829482496,1829.482496,37,198,137,4,20260327_172948
1774628966.2506795,7146455,1829492480,1829.49248,40,197,135,4,20260327_172948
1774628966.2606635,7146494,1829502464,1829.502464,42,198,132,4,20260327_172948
1774628966.2706478,7146533,1829512448,1829.512448,44,197,132,4,20260327_172948
1774628966.2806318,7146572,1829522432,1829.522432,47,196,130,4,20260327_172948
1774628966.2906158,7146611,1829532416,1829.532416,49,197,127,4,20260327_172948
1774628966.3008556,7146651,1829542656,1829.542656,51,196,127,4,20260327_172948
1774628966.3108397,7146690,1829552640,1829.55264,53,197,126,4,20260327_172948
1774628966.3208237,7146729,1829562624,1829.562624,55,197,125,4,20260327_172948
1774628966.3308077,7146768,1829572608,1829.572608,57,196,124,4,20260327_172948
1774628966.3407917,7146807,1829582592,1829.582592,59,196,120,4,20260327_172948
1774628966.3507757,7146846,1829592576,1829.592576,62,196,120,4,20260327_172948
1774628966.3607595,7146885,1829602560,1829.60256,64,195,116,4,20260327_172948
1774628966.3707438,7146924,1829612544,1829.612544,67,195,113,4,20260327_172948
1774628966.3809836,7146964,1829622784,1829.622784,70,195,109,4,20260327_172948
1774628966.3909676,7147003,1829632768,1829.632768,73,194,105,4,20260327_172948
1774628966.4009516,7147042,1829642752,1829.642752,77,195,101,4,20260327_172948
1774628966.4109356,7147081,1829652736,1829.652736,80,194,98,4,20260327_172948
1774628966.4209197,7147120,1829662720,1829.66272,83,193,92,4,20260327_172948
1774628966.4309037,7147159,1829672704,1829.672704,86,194,89,4,20260327_172948
1774628966.4408877,7147198,1829682688,1829.682688,89,192,86,4,20260327_172948
1774628966.4508717,7147237,1829692672,1829.692672,92,193,85,4,20260327_172948
1774628966.4608555,7147276,1829702656,1829.702656,95,192,83,4,20260327_172948
1774628966.4710958,7147316,1829712896,1829.712896,98,191,81,4,20260327_172948
1774628966.4810796,7147355,1829722880,1829.72288,101,190,83,4,20260327_172948
1774628966.4910636,7147394,1829732864,1829.732864,104,189,81,4,20260327_172948
1774628966.5010476,7147433,1829742848,1829.742848,107,189,81,4,20260327_172948
1774628966.5110316,7147472,1829752832,1829.752832,110,188,82,4,20260327_172948
1774628966.5210156,7147511,1829762816,1829.762816,113,187,83,4,20260327_172948
1774628966.5309997,7147550,1829772800,1829.7728,116,186,83,4,20260327_172948
1774628966.5409837,7147589,1829782784,1829.782784,119,182,84,4,20260327_172948
1774628966.5509677,7147628,1829792768,1829.792768,122,181,84,4,20260327_172948
1774628966.5612078,7147668,1829803008,1829.803008,125,180,81,4,20260327_172948
1774628966.5711918,7147707,1829812992,1829.812992,128,179,83,4,20260327_172948
1774628966.5811758,7147746,1829822976,1829.822976,131,180,84,4,20260327_172948
1774628966.5911596,7147785,1829832960,1829.83296,134,179,84,4,20260327_172948
1774628966.6011436,7147824,1829842944,1829.842944,137,179,84,4,20260327_172948
1774628966.6111276,7147863,1829852928,1829.852928,140,179,84,4,20260327_172948
1774628966.6211116,7147902,1829862912,1829.862912,144,179,86,4,20260327_172948
1774628966.6310956,7147941,1829872896,1829.872896,147,179,85,4,20260327_172948
1774628966.6410797,7147980,1829882880,1829.88288,150,180,87,4,20260327_172948
1774628966.6513195,7148020,1829893120,1829.89312,154,180,88,4,20260327_172948
1774628966.6613038,7148059,1829903104,1829.903104,157,180,90,4,20260327_172948
1774628966.6712878,7148098,1829913088,1829.913088,161,181,88,4,20260327_172948
1774628966.6812718,7148137,1829923072,1829.923072,164,182,89,4,20260327_172948
1774628966.6912558,7148176,1829933056,1829.933056,167,182,93,4,20260327_172948
1774628966.7012396,7148215,1829943040,1829.94304,170,184,98,4,20260327_172948
1774628966.7112236,7148254,1829953024,1829.953024,173,184,105,4,20260327_172948
1774628966.7212076,7148293,1829963008,1829.963008,176,188,107,4,20260327_172948
1774628966.7314477,7148333,1829973248,1829.973248,179,193,113,4,20260327_172948
1774628966.7414317,7148372,1829983232,1829.983232,182,193,118,4,20260327_172948
1774628966.7514155,7148411,1829993216,1829.993216,185,189,126,4,20260327_172948
1774628966.7613995,7148450,1830003200,1830.0032,188,189,134,4,20260327_172948
1774628966.7713838,7148489,1830013184,1830.013184,191,188,136,4,20260327_172948
1774628966.7813678,7148528,1830023168,1830.023168,193,188,135,4,20260327_172948
1774628966.7913518,7148567,1830033152,1830.033152,196,188,133,4,20260327_172948
1774628966.8013356,7148606,1830043136,1830.043136,199,189,134,4,20260327_172948
1774628966.8115757,7148646,1830053376,1830.053376,202,190,134,4,20260327_172948
1774628966.8215597,7148685,1830063360,1830.06336,205,191,135,4,20260327_172948
1774628966.8315437,7148724,1830073344,1830.073344,208,192,137,4,20260327_172948
1774628966.8415277,7148763,1830083328,1830.083328,210,192,139,4,20260327_172948
1774628966.8515117,7148802,1830093312,1830.093312,213,193,140,4,20260327_172948
1774628966.8614955,7148841,1830103296,1830.103296,216,193,140,4,20260327_172948
1774628966.8714795,7148880,1830113280,1830.11328,219,194,142,4,20260327_172948
1774628966.8814638,7148919,1830123264,1830.123264,222,195,141,4,20260327_172948
1774628966.8914478,7148958,1830133248,1830.133248,225,196,142,4,20260327_172948
1774628966.9016876,7148998,1830143488,1830.143488,228,196,143,4,20260327_172948
1774628966.9116716,7149037,1830153472,1830.153472,230,196,144,4,20260327_172948
1774628966.9216557,7149076,1830163456,1830.163456,233,197,144,4,20260327_172948
1774628966.9316397,7149115,1830173440,1830.17344,236,195,143,4,20260327_172948
1774628966.9416237,7149154,1830183424,1830.183424,239,195,145,4,20260327_172948
1774628966.9516077,7149193,1830193408,1830.193408,242,195,145,4,20260327_172948
1774628966.9615915,7149232,1830203392,1830.203392,245,196,144,4,20260327_172948
1774628966.9715755,7149271,1830213376,1830.213376,247,196,145,4,20260327_172948
1774628966.9818156,7149311,1830223616,1830.223616,250,195,145,4,20260327_172948
1774628966.9917996,7149350,1830233600,1830.2336,253,195,146,4,20260327_172948
1774628967.0017836,7149389,1830243584,1830.243584,1,195,145,4,20260327_172948
1774628967.0117676,7149428,1830253568,1830.253568,4,196,145,4,20260327_172948
1774628967.0217516,7149467,1830263552,1830.263552,7,196,146,4,20260327_172948
1774628967.0317357,7149506,1830273536,1830.273536,10,195,146,4,20260327_172948
1774628967.0417197,7149545,1830283520,1830.28352,12,196,142,4,20260327_172948
1774628967.0517037,7149584,1830293504,1830.293504,15,196,141,4,20260327_172948
1774628967.0616877,7149623,1830303488,1830.303488,18,196,139,4,20260327_172948
1774628967.0719278,7149663,1830313728,1830.313728,21,196,141,4,20260327_172948
1774628967.0819118,7149702,1830323712,1830.323712,24,196,139,4,20260327_172948
1774628967.0918956,7149741,1830333696,1830.333696,26,197,142,4,20260327_172948
1774628967.1018796,7149780,1830343680,1830.34368,29,195,140,4,20260327_172948
1774628967.1118636,7149819,1830353664,1830.353664,32,196,139,4,20260327_172948
1774628967.1218476,7149858,1830363648,1830.363648,35,195,140,4,20260327_172948
1774628967.1318316,7149897,1830373632,1830.373632,37,196,135,4,20260327_172948
1774628967.1418157,7149936,1830383616,1830.383616,40,195,136,4,20260327_172948
1774628967.1520555,7149976,1830393856,1830.393856,42,196,135,4,20260327_172948
1774628967.1620398,7150015,1830403840,1830.40384,44,195,133,4,20260327_172948
1774628967.1720238,7150054,1830413824,1830.413824,46,195,131,4,20260327_172948
1774628967.1820078,7150093,1830423808,1830.423808,48,195,131,4,20260327_172948
1774628967.1919918,7150132,1830433792,1830.433792,50,195,129,4,20260327_172948
1774628967.2019756,7150171,1830443776,1830.443776,52,194,127,4,20260327_172948
1774628967.2119596,7150210,1830453760,1830.45376,54,194,128,4,20260327_172948
1774628967.2219436,7150249,1830463744,1830.463744,56,194,128,4,20260327_172948
1774628967.2321837,7150289,1830473984,1830.473984,58,193,127,4,20260327_172948
1774628967.2421677,7150328,1830483968,1830.483968,60,193,127,4,20260327_172948
1774628967.2521515,7150367,1830493952,1830.493952,61,193,128,4,20260327_172948
1774628967.2621355,7150406,1830503936,1830.503936,63,194,129,4,20260327_172948
1774628967.2721198,7150445,1830513920,1830.51392,65,194,130,4,20260327_172948
1774628967.2821038,7150484,1830523904,1830.523904,67,194,127,4,20260327_172948
1774628967.2920878,7150523,1830533888,1830.533888,70,194,123,4,20260327_172948
1774628967.3020718,7150562,1830543872,1830.543872,72,194,119,4,20260327_172948
1774628967.3120556,7150601,1830553856,1830.553856,75,193,116,4,20260327_172948
1774628967.3220396,7150640,1830563840,1830.56384,78,192,113,4,20260327_172948
1774628967.3322797,7150680,1830574080,1830.57408,81,110,117,4,20260327_172948
1774628967.3422637,7150719,1830584064,1830.584064,83,94,117,4,20260327_172948
1774628967.3522477,7150758,1830594048,1830.594048,86,107,120,4,20260327_172948
1774628967.3622315,7150797,1830604032,1830.604032,89,87,123,4,20260327_172948
1774628967.3722155,7150836,1830614016,1830.614016,92,102,125,4,20260327_172948
1774628967.3821998,7150875,1830624000,1830.624,95,93,126,4,20260327_172948
1774628967.3921838,7150914,1830633984,1830.633984,98,84,127,4,20260327_172948
1774628967.4021678,7150953,1830643968,1830.643968,100,97,127,4,20260327_172948
1774628967.4124076,7150993,1830654208,1830.654208,103,90,127,4,20260327_172948
1774628967.4223917,7151032,1830664192,1830.664192,106,97,128,4,20260327_172948
1774628967.4323757,7151071,1830674176,1830.674176,109,84,130,4,20260327_172948
1774628967.4423597,7151110,1830684160,1830.68416,112,96,130,4,20260327_172948
1774628967.4523437,7151149,1830694144,1830.694144,115,92,130,4,20260327_172948
1774628967.4623277,7151188,1830704128,1830.704128,117,90,128,4,20260327_172948
1774628967.4723115,7151227,1830714112,1830.714112,120,102,128,4,20260327_172948
1774628967.4822958,7151266,1830724096,1830.724096,123,109,125,4,20260327_172948
1774628967.4922798,7151305,1830734080,1830.73408,126,112,120,4,20260327_172948
1774628967.5025196,7151345,1830744320,1830.74432,129,120,109,4,20260327_172948
1774628967.5125036,7151384,1830754304,1830.754304,132,113,108,4,20260327_172948
1774628967.5224876,7151423,1830764288,1830.764288,135,113,106,4,20260327_172948
1774628967.5324717,7151462,1830774272,1830.774272,138,114,107,4,20260327_172948
1774628967.5424557,7151501,1830784256,1830.784256,140,114,106,4,20260327_172948
1774628967.5524397,7151540,1830794240,1830.79424,143,116,108,4,20260327_172948
1774628967.5624237,7151579,1830804224,1830.804224,146,118,111,4,20260327_172948
1774628967.5724075,7151618,1830814208,1830.814208,149,119,112,4,20260327_172948
1774628967.5823915,7151657,1830824192,1830.824192,152,120,115,4,20260327_172948
1774628967.5926316,7151697,1830834432,1830.834432,155,120,117,4,20260327_172948
1774628967.6026156,7151736,1830844416,1830.844416,158,120,119,4,20260327_172948
1774628967.6125996,7151775,1830854400,1830.8544,161,122,121,4,20260327_172948
1774628967.6225836,7151814,1830864384,1830.864384,163,122,122,4,20260327_172948
1774628967.6325676,7151853,1830874368,1830.874368,166,121,125,4,20260327_172948
1774628967.6425517,7151892,1830884352,1830.884352,169,122,126,4,20260327_172948
1774628967.6525357,7151931,1830894336,1830.894336,171,123,128,4,20260327_172948
1774628967.6625197,7151970,1830904320,1830.90432,174,123,133,4,20260327_172948
1774628967.6725037,7152009,1830914304,1830.914304,177,123,136,4,20260327_172948
1774628967.6827438,7152049,1830924544,1830.924544,180,125,141,4,20260327_172948
1774628967.6927278,7152088,1830934528,1830.934528,183,123,143,4,20260327_172948
1774628967.7027116,7152127,1830944512,1830.944512,185,121,143,4,20260327_172948
1774628967.7126956,7152166,1830954496,1830.954496,188,122,142,4,20260327_172948
1774628967.7226796,7152205,1830964480,1830.96448,191,121,144,4,20260327_172948
1774628967.7326636,7152244,1830974464,1830.974464,194,121,144,4,20260327_172948
1774628967.7426476,7152283,1830984448,1830.984448,197,120,144,4,20260327_172948
1774628967.7526317,7152322,1830994432,1830.994432,199,119,147,4,20260327_172948
1774628967.7628715,7152362,1831004672,1831.004672,202,118,148,4,20260327_172948
1774628967.7728558,7152401,1831014656,1831.014656,205,119,146,4,20260327_172948
1774628967.7828398,7152440,1831024640,1831.02464,208,118,148,4,20260327_172948
1774628967.7928238,7152479,1831034624,1831.034624,211,122,145,4,20260327_172948
1774628967.8028078,7152518,1831044608,1831.044608,214,122,148,4,20260327_172948
1774628967.8127916,7152557,1831054592,1831.054592,216,124,149,4,20260327_172948
1774628967.8227756,7152596,1831064576,1831.064576,219,125,150,4,20260327_172948
1774628967.8327596,7152635,1831074560,1831.07456,222,127,149,4,20260327_172948
1774628967.8427436,7152674,1831084544,1831.084544,225,129,147,4,20260327_172948
1774628967.8529837,7152714,1831094784,1831.094784,228,133,147,4,20260327_172948
1774628967.8629675,7152753,1831104768,1831.104768,231,136,150,4,20260327_172948
1774628967.8729515,7152792,1831114752,1831.114752,233,136,150,4,20260327_172948
1774628967.8829358,7152831,1831124736,1831.124736,236,138,151,4,20260327_172948
1774628967.8929198,7152870,1831134720,1831.13472,239,139,148,4,20260327_172948
1774628967.9029038,7152909,1831144704,1831.144704,242,136,151,4,20260327_172948
1774628967.9128876,7152948,1831154688,1831.154688,245,137,152,4,20260327_172948
1774628967.9228716,7152987,1831164672,1831.164672,248,137,152,4,20260327_172948
1774628967.9331117,7153027,1831174912,1831.174912,250,137,152,4,20260327_172948
1774628967.9430957,7153066,1831184896,1831.184896,253,139,152,4,20260327_172948
1774628967.9530797,7153105,1831194880,1831.19488,1,140,152,4,20260327_172948
1774628967.9630637,7153144,1831204864,1831.204864,4,141,152,4,20260327_172948
1774628967.9730475,7153183,1831214848,1831.214848,7,143,151,4,20260327_172948
1774628967.9830315,7153222,1831224832,1831.224832,10,144,151,4,20260327_172948
1774628967.9930158,7153261,1831234816,1831.234816,12,142,151,4,20260327_172948
1774628968.0029998,7153300,1831244800,1831.2448,15,140,152,4,20260327_172948
1774628968.0129838,7153339,1831254784,1831.254784,18,142,153,4,20260327_172948
1774628968.0232236,7153379,1831265024,1831.265024,21,147,153,4,20260327_172948
1774628968.0332077,7153418,1831275008,1831.275008,24,148,152,4,20260327_172948
1774628968.0431917,7153457,1831284992,1831.284992,26,145,152,4,20260327_172948
1774628968.0531757,7153496,1831294976,1831.294976,29,143,153,4,20260327_172948
1774628968.0631597,7153535,1831304960,1831.30496,32,143,153,4,20260327_172948
1774628968.0731435,7153574,1831314944,1831.314944,35,140,152,4,20260327_172948
1774628968.0831275,7153613,1831324928,1831.324928,37,141,152,4,20260327_172948
1774628968.0931118,7153652,1831334912,1831.334912,39,144,154,4,20260327_172948
1774628968.1030958,7153691,1831344896,1831.344896,42,151,154,4,20260327_172948
1774628968.1133356,7153731,1831355136,1831.355136,43,120,154,4,20260327_172948
1774628968.1233196,7153770,1831365120,1831.36512,45,192,154,4,20260327_172948
1774628968.1333036,7153809,1831375104,1831.375104,46,195,154,4,20260327_172948
1774628968.1432877,7153848,1831385088,1831.385088,48,196,154,4,20260327_172948
1774628968.1532717,7153887,1831395072,1831.395072,49,197,153,4,20260327_172948
1774628968.1632557,7153926,1831405056,1831.405056,50,198,154,4,20260327_172948
1774628968.1732397,7153965,1831415040,1831.41504,51,198,154,4,20260327_172948
1774628968.1832235,7154004,1831425024,1831.425024,51,196,152,4,20260327_172948
1774628968.1932075,7154043,1831435008,1831.435008,52,194,154,4,20260327_172948
1774628968.2034476,7154083,1831445248,1831.445248,53,181,153,4,20260327_172948
1774628968.2134316,7154122,1831455232,1831.455232,54,153,153,4,20260327_172948
1774628968.2234156,7154161,1831465216,1831.465216,54,133,154,4,20260327_172948
1774628968.2333996,7154200,1831475200,1831.4752,55,131,155,4,20260327_172948
1774628968.2433836,7154239,1831485184,1831.485184,56,136,154,4,20260327_172948
1774628968.2533677,7154278,1831495168,1831.495168,56,127,154,4,20260327_172948
1774628968.2633517,7154317,1831505152,1831.505152,57,152,155,4,20260327_172948
1774628968.2733357,7154356,1831515136,1831.515136,57,141,155,4,20260327_172948
1774628968.2833197,7154395,1831525120,1831.52512,58,136,155,4,20260327_172948
1774628968.2935598,7154435,1831535360,1831.53536,59,159,155,4,20260327_172948
1774628968.3035438,7154474,1831545344,1831.545344,59,193,155,4,20260327_172948
1774628968.3135276,7154513,1831555328,1831.555328,60,191,155,4,20260327_172948
1774628968.3235116,7154552,1831565312,1831.565312,61,174,154,4,20260327_172948
1774628968.3334956,7154591,1831575296,1831.575296,61,139,155,4,20260327_172948
1774628968.3434796,7154630,1831585280,1831.58528,62,131,155,4,20260327_172948
1774628968.3534636,7154669,1831595264,1831.595264,63,133,155,4,20260327_172948
1774628968.3637035,7154709,1831605504,1831.605504,64,133,153,4,20260327_172948
1774628968.3736875,7154748,1831615488,1831.615488,65,145,155,4,20260327_172948
1774628968.3836718,7154787,1831625472,1831.625472,66,167,154,4,20260327_172948
1774628968.3936558,7154826,1831635456,1831.635456,67,179,156,4,20260327_172948
1774628968.4036398,7154865,1831645440,1831.64544,68,187,155,4,20260327_172948
1774628968.4136238,7154904,1831655424,1831.655424,69,184,154,4,20260327_172948
1774628968.4236076,7154943,1831665408,1831.665408,70,175,155,4,20260327_172948
1774628968.4335916,7154982,1831675392,1831.675392,72,154,154,4,20260327_172948
1774628968.4435756,7155021,1831685376,1831.685376,73,133,155,4,20260327_172948
1774628968.4538157,7155061,1831695616,1831.695616,75,131,154,4,20260327_172948
1774628968.4637997,7155100,1831705600,1831.7056,77,130,153,4,20260327_172948
1774628968.4737835,7155139,1831715584,1831.715584,79,131,152,4,20260327_172948
1774628968.4837675,7155178,1831725568,1831.725568,82,133,151,4,20260327_172948
1774628968.4937518,7155217,1831735552,1831.735552,84,133,152,4,20260327_172948
1774628968.5037358,7155256,1831745536,1831.745536,87,132,152,4,20260327_172948
1774628968.5137198,7155295,1831755520,1831.75552,90,132,153,4,20260327_172948
1774628968.5237036,7155334,1831765504,1831.765504,92,133,152,4,20260327_172948
1774628968.5336876,7155373,1831775488,1831.775488,95,134,154,4,20260327_172948
1774628968.5439277,7155413,1831785728,1831.785728,98,135,154,4,20260327_172948
1774628968.5539117,7155452,1831795712,1831.795712,101,136,155,4,20260327_172948
1774628968.5638957,7155491,1831805696,1831.805696,104,137,155,4,20260327_172948
1774628968.5738797,7155530,1831815680,1831.81568,106,140,156,4,20260327_172948
1774628968.5838635,7155569,1831825664,1831.825664,109,140,156,4,20260327_172948
1774628968.5938478,7155608,1831835648,1831.835648,112,141,155,4,20260327_172948
1774628968.6038318,7155647,1831845632,1831.845632,115,139,156,4,20260327_172948
1774628968.6138158,7155686,1831855616,1831.855616,117,132,154,4,20260327_172948
1774628968.6237998,7155725,1831865600,1831.8656,120,133,152,4,20260327_172948
1774628968.6340396,7155765,1831875840,1831.87584,123,140,154,4,20260327_172948
1774628968.6440237,7155804,1831885824,1831.885824,126,137,153,4,20260327_172948
1774628968.6540077,7155843,1831895808,1831.895808,128,137,154,4,20260327_172948
1774628968.6639917,7155882,1831905792,1831.905792,131,139,154,4,20260327_172948
1774628968.6739757,7155921,1831915776,1831.915776,134,139,156,4,20260327_172948
1774628968.6839595,7155960,1831925760,1831.92576,136,144,155,4,20260327_172948
1774628968.6939435,7155999,1831935744,1831.935744,139,144,155,4,20260327_172948
1774628968.7039278,7156038,1831945728,1831.945728,141,143,156,4,20260327_172948
1774628968.7139118,7156077,1831955712,1831.955712,144,145,156,4,20260327_172948
1774628968.7241516,7156117,1831965952,1831.965952,146,145,156,4,20260327_172948
1774628968.7341356,7156156,1831975936,1831.975936,149,143,157,4,20260327_172948
1774628968.7441196,7156195,1831985920,1831.98592,151,137,156,4,20260327_172948
1774628968.7541037,7156234,1831995904,1831.995904,153,134,155,4,20260327_172948
1774628968.7640877,7156273,1832005888,1832.005888,155,136,156,4,20260327_172948
1774628968.7740717,7156312,1832015872,1832.015872,157,140,157,4,20260327_172948
1774628968.7840557,7156351,1832025856,1832.025856,159,146,156,4,20260327_172948
1774628968.7940395,7156390,1832035840,1832.03584,162,151,156,4,20260327_172948
1774628968.8042798,7156430,1832046080,1832.04608,164,149,154,4,20260327_172948
1774628968.8142636,7156469,1832056064,1832.056064,166,140,157,4,20260327_172948
1774628968.8242476,7156508,1832066048,1832.066048,168,132,155,4,20260327_172948
1774628968.8342316,7156547,1832076032,1832.076032,171,139,156,4,20260327_172948
1774628968.8442156,7156586,1832086016,1832.086016,174,139,156,4,20260327_172948
1774628968.8541996,7156625,1832096000,1832.096,176,149,156,4,20260327_172948
1774628968.8641837,7156664,1832105984,1832.105984,179,154,156,4,20260327_172948
1774628968.8741677,7156703,1832115968,1832.115968,182,142,155,4,20260327_172948
1774628968.8841517,7156742,1832125952,1832.125952,185,128,152,4,20260327_172948
1774628968.8943918,7156782,1832136192,1832.136192,188,116,153,4,20260327_172948
1774628968.9043758,7156821,1832146176,1832.146176,190,120,152,4,20260327_172948
1774628968.9143598,7156860,1832156160,1832.15616,193,116,153,4,20260327_172948
1774628968.9243436,7156899,1832166144,1832.166144,196,139,154,4,20260327_172948
1774628968.9343276,7156938,1832176128,1832.176128,199,150,154,4,20260327_172948
1774628968.9443116,7156977,1832186112,1832.186112,202,155,154,4,20260327_172948
1774628968.9542956,7157016,1832196096,1832.196096,204,146,155,4,20260327_172948
1774628968.9642797,7157055,1832206080,1832.20608,207,133,157,4,20260327_172948
1774628968.9742637,7157094,1832216064,1832.216064,210,137,156,4,20260327_172948
1774628968.9845035,7157134,1832226304,1832.226304,213,148,157,4,20260327_172948
1774628968.9944878,7157173,1832236288,1832.236288,216,156,157,4,20260327_172948
1774628969.0044718,7157212,1832246272,1832.246272,219,160,158,4,20260327_172948
1774628969.0144558,7157251,1832256256,1832.256256,221,162,158,4,20260327_172948
1774628969.0244396,7157290,1832266240,1832.26624,224,157,158,4,20260327_172948
1774628969.0344236,7157329,1832276224,1832.276224,227,152,158,4,20260327_172948
1774628969.0444076,7157368,1832286208,1832.286208,230,153,158,4,20260327_172948
1774628969.0546477,7157408,1832296448,1832.296448,233,157,158,4,20260327_172948
1774628969.0646317,7157447,1832306432,1832.306432,236,162,157,4,20260327_172948
1774628969.0746157,7157486,1832316416,1832.316416,238,164,162,4,20260327_172948
1774628969.0845995,7157525,1832326400,1832.3264,241,169,156,4,20260327_172948
1774628969.0945835,7157564,1832336384,1832.336384,244,171,158,4,20260327_172948
1774628969.1045678,7157603,1832346368,1832.346368,247,168,160,4,20260327_172948
1774628969.1145518,7157642,1832356352,1832.356352,250,165,158,4,20260327_172948
1774628969.1245358,7157681,1832366336,1832.366336,253,165,159,4,20260327_172948
1774628969.1345196,7157720,1832376320,1832.37632,0,168,159,4,20260327_172948
1774628969.1447597,7157760,1832386560,1832.38656,3,171,158,4,20260327_172948
1774628969.1547437,7157799,1832396544,1832.396544,6,180,158,4,20260327_172948
1774628969.1647277,7157838,1832406528,1832.406528,9,183,159,4,20260327_172948
1774628969.1747117,7157877,1832416512,1832.416512,12,182,158,4,20260327_172948
1774628969.1846955,7157916,1832426496,1832.426496,15,183,158,4,20260327_172948
1774628969.1946795,7157955,1832436480,1832.43648,17,179,159,4,20260327_172948
1774628969.2046638,7157994,1832446464,1832.446464,20,181,159,4,20260327_172948
1774628969.2146478,7158033,1832456448,1832.456448,23,182,159,4,20260327_172948
1774628969.2246318,7158072,1832466432,1832.466432,26,184,159,4,20260327_172948
1774628969.2348716,7158112,1832476672,1832.476672,29,183,159,4,20260327_172948
1774628969.2448556,7158151,1832486656,1832.486656,31,183,159,4,20260327_172948
1774628969.2548397,7158190,1832496640,1832.49664,34,182,159,4,20260327_172948
1774628969.2648237,7158229,1832506624,1832.506624,37,182,159,4,20260327_172948
1774628969.2748077,7158268,1832516608,1832.516608,39,182,159,4,20260327_172948
1774628969.2847917,7158307,1832526592,1832.526592,41,182,159,4,20260327_172948
1774628969.2947755,7158346,1832536576,1832.536576,43,182,159,4,20260327_172948
1774628969.3047595,7158385,1832546560,1832.54656,45,183,159,4,20260327_172948
1774628969.3147438,7158424,1832556544,1832.556544,46,185,159,4,20260327_172948
1774628969.3249836,7158464,1832566784,1832.566784,47,194,159,4,20260327_172948
1774628969.3349676,7158503,1832576768,1832.576768,49,194,156,4,20260327_172948
1774628969.3449516,7158542,1832586752,1832.586752,50,194,153,4,20260327_172948
1774628969.3549356,7158581,1832596736,1832.596736,52,194,150,4,20260327_172948
1774628969.3649197,7158620,1832606720,1832.60672,54,195,149,4,20260327_172948
1774628969.3749037,7158659,1832616704,1832.616704,56,195,150,4,20260327_172948
1774628969.3848877,7158698,1832626688,1832.626688,58,194,150,4,20260327_172948
1774628969.3948717,7158737,1832636672,1832.636672,59,194,152,4,20260327_172948
1774628969.4051118,7158777,1832646912,1832.646912,61,195,151,4,20260327_172948
1774628969.4150958,7158816,1832656896,1832.656896,63,195,151,4,20260327_172948
1774628969.4250796,7158855,1832666880,1832.66688,64,196,152,4,20260327_172948
1774628969.4350636,7158894,1832676864,1832.676864,66,196,152,4,20260327_172948
1774628969.4450476,7158933,1832686848,1832.686848,68,196,150,4,20260327_172948
1774628969.4550316,7158972,1832696832,1832.696832,70,196,153,4,20260327_172948
1774628969.4650156,7159011,1832706816,1832.706816,72,196,153,4,20260327_172948
1774628969.4749997,7159050,1832716800,1832.7168,74,197,154,4,20260327_172948
1774628969.4852395,7159090,1832727040,1832.72704,77,196,155,4,20260327_172948
1774628969.4952238,7159129,1832737024,1832.737024,79,196,156,4,20260327_172948
1774628969.5052078,7159168,1832747008,1832.747008,82,196,156,4,20260327_172948
1774628969.5151918,7159207,1832756992,1832.756992,84,196,156,4,20260327_172948
1774628969.5251758,7159246,1832766976,1832.766976,87,197,157,4,20260327_172948
1774628969.5351596,7159285,1832776960,1832.77696,90,197,157,4,20260327_172948
1774628969.5451436,7159324,1832786944,1832.786944,92,196,156,4,20260327_172948
1774628969.5551276,7159363,1832796928,1832.796928,95,197,153,4,20260327_172948
1774628969.5653677,7159403,1832807168,1832.807168,98,196,148,4,20260327_172948
1774628969.5753517,7159442,1832817152,1832.817152,101,196,139,4,20260327_172948
1774628969.5853355,7159481,1832827136,1832.827136,104,197,133,4,20260327_172948
1774628969.5953195,7159520,1832837120,1832.83712,107,197,117,4,20260327_172948
1774628969.6053038,7159559,1832847104,1832.847104,110,198,108,4,20260327_172948
1774628969.6152878,7159598,1832857088,1832.857088,113,198,100,4,20260327_172948
1774628969.6252718,7159637,1832867072,1832.867072,116,197,94,4,20260327_172948
1774628969.6352556,7159676,1832877056,1832.877056,119,200,91,4,20260327_172948
1774628969.6452396,7159715,1832887040,1832.88704,122,199,87,4,20260327_172948
1774628969.6554797,7159755,1832897280,1832.89728,125,199,88,4,20260327_172948
1774628969.6654637,7159794,1832907264,1832.907264,128,199,88,4,20260327_172948
1774628969.6754477,7159833,1832917248,1832.917248,131,199,87,4,20260327_172948
1774628969.6854317,7159872,1832927232,1832.927232,134,200,87,4,20260327_172948
1774628969.6954155,7159911,1832937216,1832.937216,137,199,90,4,20260327_172948
1774628969.7053998,7159950,1832947200,1832.9472,141,199,90,4,20260327_172948
1774628969.7153838,7159989,1832957184,1832.957184,144,200,91,4,20260327_172948
1774628969.7253678,7160028,1832967168,1832.967168,147,199,91,4,20260327_172948
1774628969.7353518,7160067,1832977152,1832.977152,151,199,91,4,20260327_172948
1774628969.7455916,7160107,1832987392,1832.987392,154,199,92,4,20260327_172948
1774628969.7555757,7160146,1832997376,1832.997376,158,199,94,4,20260327_172948
1774628969.7655597,7160185,1833007360,1833.00736,161,199,95,4,20260327_172948
1774628969.7755437,7160224,1833017344,1833.017344,165,199,93,4,20260327_172948
1774628969.7855277,7160263,1833027328,1833.027328,168,199,95,4,20260327_172948
1774628969.7955115,7160302,1833037312,1833.037312,172,199,97,4,20260327_172948
1774628969.8054955,7160341,1833047296,1833.047296,175,200,98,4,20260327_172948
1774628969.8154798,7160380,1833057280,1833.05728,178,200,101,4,20260327_172948
1774628969.8257196,7160420,1833067520,1833.06752,181,200,105,4,20260327_172948
1774628969.8357036,7160459,1833077504,1833.077504,184,199,108,4,20260327_172948
1774628969.8456876,7160498,1833087488,1833.087488,186,200,107,4,20260327_172948
1774628969.8556716,7160537,1833097472,1833.097472,189,200,111,4,20260327_172948
1774628969.8656557,7160576,1833107456,1833.107456,192,199,112,4,20260327_172948
1774628969.8756397,7160615,1833117440,1833.11744,195,199,112,4,20260327_172948
1774628969.8856237,7160654,1833127424,1833.127424,198,200,115,4,20260327_172948
1774628969.8956077,7160693,1833137408,1833.137408,201,200,115,4,20260327_172948
1774628969.9058478,7160733,1833147648,1833.147648,204,199,116,4,20260327_172948
1774628969.9158318,7160772,1833157632,1833.157632,207,200,116,4,20260327_172948
1774628969.9258156,7160811,1833167616,1833.167616,210,199,115,4,20260327_172948
1774628969.9357996,7160850,1833177600,1833.1776,213,199,112,4,20260327_172948
1774628969.9457836,7160889,1833187584,1833.187584,216,198,108,4,20260327_172948
1774628969.9557676,7160928,1833197568,1833.197568,218,197,103,4,20260327_172948
1774628969.9657516,7160967,1833207552,1833.207552,221,200,96,4,20260327_172948
1774628969.9757357,7161006,1833217536,1833.217536,224,199,92,4,20260327_172948
1774628969.9857197,7161045,1833227520,1833.22752,227,195,89,4,20260327_172948
1774628969.9959598,7161085,1833237760,1833.23776,230,199,85,4,20260327_172948
1774628970.0059438,7161124,1833247744,1833.247744,233,200,84,4,20260327_172948
1774628970.0159278,7161163,1833257728,1833.257728,236,199,84,4,20260327_172948
1774628970.0259118,7161202,1833267712,1833.267712,239,200,83,4,20260327_172948
1774628970.0358956,7161241,1833277696,1833.277696,242,199,83,4,20260327_172948
1774628970.0458796,7161280,1833287680,1833.28768,245,200,87,4,20260327_172948
1774628970.0558636,7161319,1833297664,1833.297664,248,200,89,4,20260327_172948
1774628970.0658476,7161358,1833307648,1833.307648,250,200,91,4,20260327_172948
1774628970.0758317,7161397,1833317632,1833.317632,253,200,92,4,20260327_172948
1774628970.0860715,7161437,1833327872,1833.327872,1,200,90,4,20260327_172948
1774628970.0960555,7161476,1833337856,1833.337856,4,200,91,4,20260327_172948
1774628970.1060398,7161515,1833347840,1833.34784,7,199,91,4,20260327_172948
1774628970.1160238,7161554,1833357824,1833.357824,10,200,91,4,20260327_172948
1774628970.1260078,7161593,1833367808,1833.367808,13,200,93,4,20260327_172948
1774628970.1359916,7161632,1833377792,1833.377792,16,200,94,4,20260327_172948
1774628970.1459756,7161671,1833387776,1833.387776,19,200,94,4,20260327_172948
1774628970.1559596,7161710,1833397760,1833.39776,22,200,94,4,20260327_172948
1774628970.1659436,7161749,1833407744,1833.407744,25,199,94,4,20260327_172948
1774628970.1761837,7161789,1833417984,1833.417984,28,199,94,4,20260327_172948
1774628970.1861677,7161828,1833427968,1833.427968,30,199,93,4,20260327_172948
1774628970.1961515,7161867,1833437952,1833.437952,33,199,95,4,20260327_172948
1774628970.2061355,7161906,1833447936,1833.447936,37,199,96,4,20260327_172948
1774628970.2161198,7161945,1833457920,1833.45792,40,199,94,4,20260327_172948
1774628970.2261038,7161984,1833467904,1833.467904,44,199,94,4,20260327_172948
1774628970.2360878,7162023,1833477888,1833.477888,48,199,92,4,20260327_172948
1774628970.2460716,7162062,1833487872,1833.487872,53,199,89,4,20260327_172948
1774628970.2563117,7162102,1833498112,1833.498112,58,199,85,4,20260327_172948
1774628970.2662957,7162141,1833508096,1833.508096,63,199,84,4,20260327_172948
1774628970.2762797,7162180,1833518080,1833.51808,68,199,82,4,20260327_172948
1774628970.2862637,7162219,1833528064,1833.528064,72,199,81,4,20260327_172948
1774628970.2962475,7162258,1833538048,1833.538048,76,197,83,4,20260327_172948
1774628970.3062315,7162297,1833548032,1833.548032,80,169,83,4,20260327_172948
1774628970.3162158,7162336,1833558016,1833.558016,83,199,83,4,20260327_172948
1774628970.3261998,7162375,1833568000,1833.568,86,195,83,4,20260327_172948
1774628970.3361838,7162414,1833577984,1833.577984,89,177,84,4,20260327_172948
1774628970.3461678,7162453,1833587968,1833.587968,92,198,84,4,20260327_172948
