time_pc_sec_abs,micros32,micros32_raw,time_local_sec,a0,a1,a2,agent_id,chunk_id
1755260136.467875,7610831,1948372736,1948.372736,102,96,100,3,20250815_211617
1755260136.477859,7610870,1948382720,1948.38272,106,95,99,3,20250815_211617
1755260136.487843,7610909,1948392704,1948.392704,109,96,100,3,20250815_211617
1755260136.497827,7610948,1948402688,1948.402688,112,95,100,3,20250815_211617
1755260136.507811,7610987,1948412672,1948.412672,115,96,100,3,20250815_211617
1755260136.517795,7611026,1948422656,1948.422656,118,95,100,3,20250815_211617
1755260136.527779,7611065,1948432640,1948.43264,121,96,100,3,20250815_211617
1755260136.537763,7611104,1948442624,1948.442624,125,95,101,3,20250815_211617
1755260136.5477471,7611143,1948452608,1948.452608,128,96,100,3,20250815_211617
1755260136.557731,7611182,1948462592,1948.462592,131,95,101,3,20250815_211617
1755260136.567715,7611221,1948472576,1948.472576,134,97,100,3,20250815_211617
1755260136.577955,7611261,1948482816,1948.482816,137,95,101,3,20250815_211617
1755260136.587939,7611300,1948492800,1948.4928,141,96,100,3,20250815_211617
1755260136.597923,7611339,1948502784,1948.502784,144,95,101,3,20250815_211617
1755260136.607907,7611378,1948512768,1948.512768,147,96,101,3,20250815_211617
1755260136.617891,7611417,1948522752,1948.522752,150,95,101,3,20250815_211617
1755260136.627875,7611456,1948532736,1948.532736,153,96,101,3,20250815_211617
1755260136.637859,7611495,1948542720,1948.54272,157,96,101,3,20250815_211617
1755260136.6478431,7611534,1948552704,1948.552704,160,96,100,3,20250815_211617
1755260136.6578271,7611573,1948562688,1948.562688,163,95,102,3,20250815_211617
1755260136.667811,7611612,1948572672,1948.572672,166,97,102,3,20250815_211617
1755260136.677795,7611651,1948582656,1948.582656,169,95,102,3,20250815_211617
1755260136.687779,7611690,1948592640,1948.59264,172,97,103,3,20250815_211617
1755260136.697763,7611729,1948602624,1948.602624,175,96,103,3,20250815_211617
1755260136.707747,7611768,1948612608,1948.612608,179,97,103,3,20250815_211617
1755260136.717987,7611808,1948622848,1948.622848,182,96,105,3,20250815_211617
1755260136.727971,7611847,1948632832,1948.632832,185,97,104,3,20250815_211617
1755260136.737955,7611886,1948642816,1948.642816,188,96,104,3,20250815_211617
1755260136.747939,7611925,1948652800,1948.6528,191,96,104,3,20250815_211617
1755260136.7579231,7611964,1948662784,1948.662784,195,96,104,3,20250815_211617
1755260136.7679071,7612003,1948672768,1948.672768,198,96,104,3,20250815_211617
1755260136.777891,7612042,1948682752,1948.682752,201,96,104,3,20250815_211617
1755260136.787875,7612081,1948692736,1948.692736,204,97,105,3,20250815_211617
1755260136.797859,7612120,1948702720,1948.70272,207,96,105,3,20250815_211617
1755260136.807843,7612159,1948712704,1948.712704,211,97,106,3,20250815_211617
1755260136.817827,7612198,1948722688,1948.722688,214,96,107,3,20250815_211617
1755260136.827811,7612237,1948732672,1948.732672,217,97,108,3,20250815_211617
1755260136.837795,7612276,1948742656,1948.742656,220,96,110,3,20250815_211617
1755260136.847779,7612315,1948752640,1948.75264,223,96,110,3,20250815_211617
1755260136.858019,7612355,1948762880,1948.76288,226,96,112,3,20250815_211617
1755260136.8680031,7612394,1948772864,1948.772864,230,96,113,3,20250815_211617
1755260136.877987,7612433,1948782848,1948.782848,233,96,114,3,20250815_211617
1755260136.887971,7612472,1948792832,1948.792832,236,97,115,3,20250815_211617
1755260136.897955,7612511,1948802816,1948.802816,239,96,115,3,20250815_211617
1755260136.907939,7612550,1948812800,1948.8128,242,97,116,3,20250815_211617
1755260136.917923,7612589,1948822784,1948.822784,246,95,116,3,20250815_211617
1755260136.927907,7612628,1948832768,1948.832768,249,97,118,3,20250815_211617
1755260136.937891,7612667,1948842752,1948.842752,0,96,118,3,20250815_211617
1755260136.947875,7612706,1948852736,1948.852736,3,96,118,3,20250815_211617
1755260136.957859,7612745,1948862720,1948.86272,7,95,120,3,20250815_211617
1755260136.967843,7612784,1948872704,1948.872704,10,96,120,3,20250815_211617
1755260136.977827,7612823,1948882688,1948.882688,13,95,121,3,20250815_211617
1755260136.987811,7612862,1948892672,1948.892672,16,97,122,3,20250815_211617
1755260136.997795,7612901,1948902656,1948.902656,19,95,122,3,20250815_211617
1755260137.008035,7612941,1948912896,1948.912896,23,96,124,3,20250815_211617
1755260137.018019,7612980,1948922880,1948.92288,26,95,123,3,20250815_211617
1755260137.028003,7613019,1948932864,1948.932864,29,96,124,3,20250815_211617
1755260137.037987,7613058,1948942848,1948.942848,32,95,124,3,20250815_211617
1755260137.047971,7613097,1948952832,1948.952832,35,96,124,3,20250815_211617
1755260137.057955,7613136,1948962816,1948.962816,39,95,125,3,20250815_211617
1755260137.067939,7613175,1948972800,1948.9728,42,95,126,3,20250815_211617
1755260137.077923,7613214,1948982784,1948.982784,45,95,126,3,20250815_211617
1755260137.087907,7613253,1948992768,1948.992768,48,96,127,3,20250815_211617
1755260137.097891,7613292,1949002752,1949.002752,51,95,127,3,20250815_211617
1755260137.107875,7613331,1949012736,1949.012736,54,96,127,3,20250815_211617
1755260137.1178591,7613370,1949022720,1949.02272,58,95,127,3,20250815_211617
1755260137.1278431,7613409,1949032704,1949.032704,61,96,127,3,20250815_211617
1755260137.137827,7613448,1949042688,1949.042688,64,95,127,3,20250815_211617
1755260137.148067,7613488,1949052928,1949.052928,67,96,127,3,20250815_211617
1755260137.158051,7613527,1949062912,1949.062912,70,95,128,3,20250815_211617
1755260137.168035,7613566,1949072896,1949.072896,74,96,127,3,20250815_211617
1755260137.178019,7613605,1949082880,1949.08288,77,95,127,3,20250815_211617
1755260137.188003,7613644,1949092864,1949.092864,80,97,127,3,20250815_211617
1755260137.197987,7613683,1949102848,1949.102848,83,96,124,3,20250815_211617
1755260137.207971,7613722,1949112832,1949.112832,86,97,119,3,20250815_211617
1755260137.217955,7613761,1949122816,1949.122816,90,95,113,3,20250815_211617
1755260137.2279391,7613800,1949132800,1949.1328,93,96,108,3,20250815_211617
1755260137.2379231,7613839,1949142784,1949.142784,96,95,104,3,20250815_211617
1755260137.247907,7613878,1949152768,1949.152768,99,96,100,3,20250815_211617
1755260137.257891,7613917,1949162752,1949.162752,102,95,96,3,20250815_211617
1755260137.267875,7613956,1949172736,1949.172736,105,97,95,3,20250815_211617
1755260137.277859,7613995,1949182720,1949.18272,109,95,92,3,20250815_211617
1755260137.288099,7614035,1949192960,1949.19296,112,96,95,3,20250815_211617
1755260137.298083,7614074,1949202944,1949.202944,115,95,96,3,20250815_211617
1755260137.308067,7614113,1949212928,1949.212928,118,97,97,3,20250815_211617
1755260137.318051,7614152,1949222912,1949.222912,121,96,98,3,20250815_211617
1755260137.328035,7614191,1949232896,1949.232896,125,97,98,3,20250815_211617
1755260137.3380191,7614230,1949242880,1949.24288,128,97,98,3,20250815_211617
1755260137.348003,7614269,1949252864,1949.252864,131,98,100,3,20250815_211617
1755260137.357987,7614308,1949262848,1949.262848,134,97,101,3,20250815_211617
1755260137.367971,7614347,1949272832,1949.272832,137,97,102,3,20250815_211617
1755260137.377955,7614386,1949282816,1949.282816,141,97,104,3,20250815_211617
1755260137.387939,7614425,1949292800,1949.2928,144,98,107,3,20250815_211617
1755260137.397923,7614464,1949302784,1949.302784,147,98,112,3,20250815_211617
1755260137.407907,7614503,1949312768,1949.312768,150,98,116,3,20250815_211617
1755260137.417891,7614542,1949322752,1949.322752,153,84,122,3,20250815_211617
1755260137.427875,7614581,1949332736,1949.332736,156,54,131,3,20250815_211617
1755260137.4381151,7614621,1949342976,1949.342976,160,45,140,3,20250815_211617
1755260137.4480991,7614660,1949352960,1949.35296,163,42,150,3,20250815_211617
1755260137.458083,7614699,1949362944,1949.362944,166,89,161,3,20250815_211617
1755260137.468067,7614738,1949372928,1949.372928,169,73,161,3,20250815_211617
1755260137.478051,7614777,1949382912,1949.382912,172,80,162,3,20250815_211617
1755260137.488035,7614816,1949392896,1949.392896,176,65,162,3,20250815_211617
1755260137.498019,7614855,1949402880,1949.40288,179,61,163,3,20250815_211617
1755260137.508003,7614894,1949412864,1949.412864,182,75,163,3,20250815_211617
1755260137.517987,7614933,1949422848,1949.422848,185,86,163,3,20250815_211617
1755260137.527971,7614972,1949432832,1949.432832,188,73,165,3,20250815_211617
1755260137.537955,7615011,1949442816,1949.442816,191,72,165,3,20250815_211617
1755260137.547939,7615050,1949452800,1949.4528,195,62,165,3,20250815_211617
1755260137.557923,7615089,1949462784,1949.462784,198,62,166,3,20250815_211617
1755260137.567907,7615128,1949472768,1949.472768,201,65,166,3,20250815_211617
1755260137.578147,7615168,1949483008,1949.483008,204,68,166,3,20250815_211617
1755260137.588131,7615207,1949492992,1949.492992,207,78,166,3,20250815_211617
1755260137.598115,7615246,1949502976,1949.502976,211,93,166,3,20250815_211617
1755260137.608099,7615285,1949512960,1949.51296,214,85,167,3,20250815_211617
1755260137.618083,7615324,1949522944,1949.522944,217,96,166,3,20250815_211617
1755260137.628067,7615363,1949532928,1949.532928,220,79,167,3,20250815_211617
1755260137.638051,7615402,1949542912,1949.542912,223,76,167,3,20250815_211617
1755260137.648035,7615441,1949552896,1949.552896,227,73,167,3,20250815_211617
1755260137.658019,7615480,1949562880,1949.56288,230,73,167,3,20250815_211617
1755260137.668003,7615519,1949572864,1949.572864,233,75,168,3,20250815_211617
1755260137.677987,7615558,1949582848,1949.582848,236,97,167,3,20250815_211617
1755260137.687971,7615597,1949592832,1949.592832,239,91,167,3,20250815_211617
1755260137.6979551,7615636,1949602816,1949.602816,242,98,167,3,20250815_211617
1755260137.707939,7615675,1949612800,1949.6128,246,103,167,3,20250815_211617
1755260137.718179,7615715,1949623040,1949.62304,249,101,167,3,20250815_211617
1755260137.728163,7615754,1949633024,1949.633024,252,103,166,3,20250815_211617
1755260137.738147,7615793,1949643008,1949.643008,0,100,166,3,20250815_211617
1755260137.748131,7615832,1949652992,1949.652992,3,100,167,3,20250815_211617
1755260137.758115,7615871,1949662976,1949.662976,7,103,166,3,20250815_211617
1755260137.768099,7615910,1949672960,1949.67296,10,99,166,3,20250815_211617
1755260137.778083,7615949,1949682944,1949.682944,13,104,167,3,20250815_211617
1755260137.788067,7615988,1949692928,1949.692928,16,104,167,3,20250815_211617
1755260137.798051,7616027,1949702912,1949.702912,19,101,166,3,20250815_211617
1755260137.8080351,7616066,1949712896,1949.712896,23,91,167,3,20250815_211617
1755260137.818019,7616105,1949722880,1949.72288,26,78,166,3,20250815_211617
1755260137.828003,7616144,1949732864,1949.732864,29,89,166,3,20250815_211617
1755260137.837987,7616183,1949742848,1949.742848,32,79,165,3,20250815_211617
1755260137.847971,7616222,1949752832,1949.752832,35,80,165,3,20250815_211617
1755260137.858211,7616262,1949763072,1949.763072,38,81,164,3,20250815_211617
1755260137.868195,7616301,1949773056,1949.773056,42,86,162,3,20250815_211617
1755260137.878179,7616340,1949783040,1949.78304,45,92,161,3,20250815_211617
1755260137.888163,7616379,1949793024,1949.793024,48,102,157,3,20250815_211617
1755260137.898147,7616418,1949803008,1949.803008,51,100,154,3,20250815_211617
1755260137.9081311,7616457,1949812992,1949.812992,54,98,145,3,20250815_211617
1755260137.9181151,7616496,1949822976,1949.822976,58,94,136,3,20250815_211617
1755260137.928099,7616535,1949832960,1949.83296,61,103,128,3,20250815_211617
1755260137.938083,7616574,1949842944,1949.842944,64,100,122,3,20250815_211617
1755260137.948067,7616613,1949852928,1949.852928,67,89,115,3,20250815_211617
1755260137.958051,7616652,1949862912,1949.862912,70,103,110,3,20250815_211617
1755260137.968035,7616691,1949872896,1949.872896,74,88,104,3,20250815_211617
1755260137.978019,7616730,1949882880,1949.88288,77,96,99,3,20250815_211617
1755260137.988003,7616769,1949892864,1949.892864,80,95,95,3,20250815_211617
1755260137.997987,7616808,1949902848,1949.902848,83,95,93,3,20250815_211617
1755260138.008227,7616848,1949913088,1949.913088,86,93,93,3,20250815_211617
1755260138.0182111,7616887,1949923072,1949.923072,89,99,96,3,20250815_211617
1755260138.0281951,7616926,1949933056,1949.933056,93,84,97,3,20250815_211617
1755260138.038179,7616965,1949943040,1949.94304,96,83,96,3,20250815_211617
1755260138.048163,7617004,1949953024,1949.953024,99,84,96,3,20250815_211617
1755260138.058147,7617043,1949963008,1949.963008,102,103,94,3,20250815_211617
1755260138.068131,7617082,1949972992,1949.972992,105,103,93,3,20250815_211617
1755260138.078115,7617121,1949982976,1949.982976,109,101,93,3,20250815_211617
1755260138.088099,7617160,1949992960,1949.99296,112,100,95,3,20250815_211617
1755260138.098083,7617199,1950002944,1950.002944,115,100,97,3,20250815_211617
1755260138.108067,7617238,1950012928,1950.012928,118,101,97,3,20250815_211617
1755260138.118051,7617277,1950022912,1950.022912,121,103,97,3,20250815_211617
1755260138.128035,7617316,1950032896,1950.032896,125,93,97,3,20250815_211617
1755260138.138275,7617356,1950043136,1950.043136,128,87,97,3,20250815_211617
1755260138.148259,7617395,1950053120,1950.05312,131,97,98,3,20250815_211617
1755260138.158243,7617434,1950063104,1950.063104,134,102,99,3,20250815_211617
1755260138.168227,7617473,1950073088,1950.073088,137,102,99,3,20250815_211617
1755260138.178211,7617512,1950083072,1950.083072,140,102,100,3,20250815_211617
1755260138.188195,7617551,1950093056,1950.093056,144,100,100,3,20250815_211617
1755260138.198179,7617590,1950103040,1950.10304,147,98,102,3,20250815_211617
1755260138.208163,7617629,1950113024,1950.113024,150,100,104,3,20250815_211617
1755260138.218147,7617668,1950123008,1950.123008,153,102,106,3,20250815_211617
1755260138.228131,7617707,1950132992,1950.132992,156,102,108,3,20250815_211617
1755260138.238115,7617746,1950142976,1950.142976,160,99,110,3,20250815_211617
1755260138.248099,7617785,1950152960,1950.15296,163,101,113,3,20250815_211617
1755260138.258083,7617824,1950162944,1950.162944,166,100,117,3,20250815_211617
1755260138.268323,7617864,1950173184,1950.173184,169,100,122,3,20250815_211617
1755260138.278307,7617903,1950183168,1950.183168,172,101,127,3,20250815_211617
1755260138.288291,7617942,1950193152,1950.193152,175,102,132,3,20250815_211617
1755260138.298275,7617981,1950203136,1950.203136,179,98,140,3,20250815_211617
1755260138.308259,7618020,1950213120,1950.21312,182,91,146,3,20250815_211617
1755260138.318243,7618059,1950223104,1950.223104,185,81,149,3,20250815_211617
1755260138.328227,7618098,1950233088,1950.233088,188,82,154,3,20250815_211617
1755260138.338211,7618137,1950243072,1950.243072,191,81,159,3,20250815_211617
1755260138.348195,7618176,1950253056,1950.253056,195,101,160,3,20250815_211617
1755260138.358179,7618215,1950263040,1950.26304,198,103,162,3,20250815_211617
1755260138.368163,7618254,1950273024,1950.273024,201,97,162,3,20250815_211617
1755260138.3781471,7618293,1950283008,1950.283008,204,97,163,3,20250815_211617
1755260138.3881311,7618332,1950292992,1950.292992,207,102,164,3,20250815_211617
1755260138.398371,7618372,1950303232,1950.303232,211,102,164,3,20250815_211617
1755260138.408355,7618411,1950313216,1950.313216,214,101,165,3,20250815_211617
1755260138.418339,7618450,1950323200,1950.3232,217,102,166,3,20250815_211617
1755260138.428323,7618489,1950333184,1950.333184,220,102,166,3,20250815_211617
1755260138.438307,7618528,1950343168,1950.343168,223,102,166,3,20250815_211617
1755260138.448291,7618567,1950353152,1950.353152,226,102,167,3,20250815_211617
1755260138.458275,7618606,1950363136,1950.363136,230,101,167,3,20250815_211617
1755260138.468259,7618645,1950373120,1950.37312,233,102,167,3,20250815_211617
1755260138.478243,7618684,1950383104,1950.383104,236,102,167,3,20250815_211617
1755260138.4882271,7618723,1950393088,1950.393088,239,104,167,3,20250815_211617
1755260138.4982111,7618762,1950403072,1950.403072,242,101,168,3,20250815_211617
1755260138.508195,7618801,1950413056,1950.413056,246,100,167,3,20250815_211617
1755260138.518179,7618840,1950423040,1950.42304,249,103,168,3,20250815_211617
1755260138.528163,7618879,1950433024,1950.433024,252,102,169,3,20250815_211617
1755260138.538403,7618919,1950443264,1950.443264,0,101,168,3,20250815_211617
1755260138.548387,7618958,1950453248,1950.453248,3,103,168,3,20250815_211617
1755260138.558371,7618997,1950463232,1950.463232,7,100,169,3,20250815_211617
1755260138.568355,7619036,1950473216,1950.473216,10,102,169,3,20250815_211617
1755260138.578339,7619075,1950483200,1950.4832,13,102,168,3,20250815_211617
1755260138.588323,7619114,1950493184,1950.493184,16,102,168,3,20250815_211617
1755260138.5983071,7619153,1950503168,1950.503168,19,101,168,3,20250815_211617
1755260138.608291,7619192,1950513152,1950.513152,22,102,168,3,20250815_211617
1755260138.618275,7619231,1950523136,1950.523136,26,100,168,3,20250815_211617
1755260138.628259,7619270,1950533120,1950.53312,29,102,169,3,20250815_211617
1755260138.638243,7619309,1950543104,1950.543104,32,101,168,3,20250815_211617
1755260138.648227,7619348,1950553088,1950.553088,35,100,167,3,20250815_211617
1755260138.658467,7619388,1950563328,1950.563328,38,100,166,3,20250815_211617
1755260138.668451,7619427,1950573312,1950.573312,42,100,165,3,20250815_211617
1755260138.678435,7619466,1950583296,1950.583296,45,100,165,3,20250815_211617
1755260138.688419,7619505,1950593280,1950.59328,48,102,162,3,20250815_211617
1755260138.6984031,7619544,1950603264,1950.603264,51,102,155,3,20250815_211617
1755260138.7083871,7619583,1950613248,1950.613248,54,102,147,3,20250815_211617
1755260138.718371,7619622,1950623232,1950.623232,58,102,138,3,20250815_211617
1755260138.728355,7619661,1950633216,1950.633216,61,101,132,3,20250815_211617
1755260138.738339,7619700,1950643200,1950.6432,64,101,126,3,20250815_211617
1755260138.748323,7619739,1950653184,1950.653184,67,102,120,3,20250815_211617
1755260138.758307,7619778,1950663168,1950.663168,70,100,113,3,20250815_211617
1755260138.768291,7619817,1950673152,1950.673152,73,101,107,3,20250815_211617
1755260138.778275,7619856,1950683136,1950.683136,77,99,102,3,20250815_211617
1755260138.788515,7619896,1950693376,1950.693376,80,100,98,3,20250815_211617
1755260138.798499,7619935,1950703360,1950.70336,83,101,96,3,20250815_211617
1755260138.8084831,7619974,1950713344,1950.713344,86,103,95,3,20250815_211617
1755260138.8184671,7620013,1950723328,1950.723328,89,100,96,3,20250815_211617
1755260138.828451,7620052,1950733312,1950.733312,93,102,97,3,20250815_211617
1755260138.838435,7620091,1950743296,1950.743296,96,99,96,3,20250815_211617
1755260138.848419,7620130,1950753280,1950.75328,99,102,95,3,20250815_211617
1755260138.858403,7620169,1950763264,1950.763264,102,101,96,3,20250815_211617
1755260138.868387,7620208,1950773248,1950.773248,105,102,96,3,20250815_211617
1755260138.878371,7620247,1950783232,1950.783232,109,102,96,3,20250815_211617
1755260138.888355,7620286,1950793216,1950.793216,112,101,96,3,20250815_211617
1755260138.898339,7620325,1950803200,1950.8032,115,100,96,3,20250815_211617
1755260138.908323,7620364,1950813184,1950.813184,118,102,96,3,20250815_211617
1755260138.9185631,7620404,1950823424,1950.823424,121,100,96,3,20250815_211617
1755260138.9285471,7620443,1950833408,1950.833408,124,101,97,3,20250815_211617
1755260138.938531,7620482,1950843392,1950.843392,128,101,97,3,20250815_211617
1755260138.948515,7620521,1950853376,1950.853376,131,101,98,3,20250815_211617
1755260138.958499,7620560,1950863360,1950.86336,134,100,97,3,20250815_211617
1755260138.968483,7620599,1950873344,1950.873344,137,101,99,3,20250815_211617
1755260138.978467,7620638,1950883328,1950.883328,140,102,99,3,20250815_211617
1755260138.988451,7620677,1950893312,1950.893312,144,102,100,3,20250815_211617
1755260138.998435,7620716,1950903296,1950.903296,147,101,102,3,20250815_211617
1755260139.008419,7620755,1950913280,1950.91328,150,102,103,3,20250815_211617
1755260139.018403,7620794,1950923264,1950.923264,153,102,105,3,20250815_211617
1755260139.028387,7620833,1950933248,1950.933248,156,101,108,3,20250815_211617
1755260139.038371,7620872,1950943232,1950.943232,160,101,110,3,20250815_211617
1755260139.048355,7620911,1950953216,1950.953216,163,101,113,3,20250815_211617
1755260139.058339,7620950,1950963200,1950.9632,166,100,118,3,20250815_211617
1755260139.068579,7620990,1950973440,1950.97344,169,102,125,3,20250815_211617
1755260139.078563,7621029,1950983424,1950.983424,172,101,131,3,20250815_211617
1755260139.088547,7621068,1950993408,1950.993408,175,102,138,3,20250815_211617
1755260139.098531,7621107,1951003392,1951.003392,179,102,146,3,20250815_211617
1755260139.108515,7621146,1951013376,1951.013376,182,101,151,3,20250815_211617
1755260139.118499,7621185,1951023360,1951.02336,185,99,156,3,20250815_211617
1755260139.128483,7621224,1951033344,1951.033344,188,100,160,3,20250815_211617
1755260139.138467,7621263,1951043328,1951.043328,191,101,162,3,20250815_211617
1755260139.148451,7621302,1951053312,1951.053312,195,102,162,3,20250815_211617
1755260139.158435,7621341,1951063296,1951.063296,198,100,163,3,20250815_211617
1755260139.1684191,7621380,1951073280,1951.07328,201,102,164,3,20250815_211617
1755260139.1784031,7621419,1951083264,1951.083264,204,101,165,3,20250815_211617
1755260139.188387,7621458,1951093248,1951.093248,207,102,166,3,20250815_211617
1755260139.198371,7621497,1951103232,1951.103232,211,98,166,3,20250815_211617
1755260139.208611,7621537,1951113472,1951.113472,214,98,166,3,20250815_211617
1755260139.218595,7621576,1951123456,1951.123456,217,102,167,3,20250815_211617
1755260139.228579,7621615,1951133440,1951.13344,220,102,167,3,20250815_211617
1755260139.238563,7621654,1951143424,1951.143424,223,101,168,3,20250815_211617
1755260139.248547,7621693,1951153408,1951.153408,226,99,168,3,20250815_211617
1755260139.258531,7621732,1951163392,1951.163392,230,99,168,3,20250815_211617
1755260139.268515,7621771,1951173376,1951.173376,233,100,168,3,20250815_211617
1755260139.2784991,7621810,1951183360,1951.18336,236,100,168,3,20250815_211617
1755260139.2884831,7621849,1951193344,1951.193344,239,102,168,3,20250815_211617
1755260139.298467,7621888,1951203328,1951.203328,242,102,168,3,20250815_211617
1755260139.308451,7621927,1951213312,1951.213312,246,102,168,3,20250815_211617
1755260139.318435,7621966,1951223296,1951.223296,249,101,168,3,20250815_211617
1755260139.328419,7622005,1951233280,1951.23328,252,100,168,3,20250815_211617
1755260139.338403,7622044,1951243264,1951.243264,0,101,168,3,20250815_211617
1755260139.348643,7622084,1951253504,1951.253504,3,102,169,3,20250815_211617
1755260139.358627,7622123,1951263488,1951.263488,6,102,169,3,20250815_211617
1755260139.368611,7622162,1951273472,1951.273472,10,102,168,3,20250815_211617
1755260139.378595,7622201,1951283456,1951.283456,13,101,169,3,20250815_211617
1755260139.3885791,7622240,1951293440,1951.29344,16,101,168,3,20250815_211617
1755260139.398563,7622279,1951303424,1951.303424,19,101,168,3,20250815_211617
1755260139.408547,7622318,1951313408,1951.313408,22,101,168,3,20250815_211617
1755260139.418531,7622357,1951323392,1951.323392,26,102,167,3,20250815_211617
1755260139.428515,7622396,1951333376,1951.333376,29,101,167,3,20250815_211617
1755260139.438499,7622435,1951343360,1951.34336,32,101,166,3,20250815_211617
1755260139.448483,7622474,1951353344,1951.353344,35,101,165,3,20250815_211617
1755260139.458467,7622513,1951363328,1951.363328,38,101,161,3,20250815_211617
1755260139.468451,7622552,1951373312,1951.373312,42,101,160,3,20250815_211617
1755260139.478435,7622591,1951383296,1951.383296,45,101,154,3,20250815_211617
1755260139.488419,7622630,1951393280,1951.39328,48,100,146,3,20250815_211617
1755260139.4986591,7622670,1951403520,1951.40352,51,101,137,3,20250815_211617
1755260139.508643,7622709,1951413504,1951.413504,54,101,129,3,20250815_211617
1755260139.518627,7622748,1951423488,1951.423488,57,100,122,3,20250815_211617
1755260139.528611,7622787,1951433472,1951.433472,61,101,114,3,20250815_211617
1755260139.538595,7622826,1951443456,1951.443456,64,101,108,3,20250815_211617
1755260139.548579,7622865,1951453440,1951.45344,67,100,102,3,20250815_211617
1755260139.558563,7622904,1951463424,1951.463424,70,101,98,3,20250815_211617
1755260139.568547,7622943,1951473408,1951.473408,73,101,95,3,20250815_211617
1755260139.578531,7622982,1951483392,1951.483392,77,101,96,3,20250815_211617
1755260139.588515,7623021,1951493376,1951.493376,80,101,98,3,20250815_211617
1755260139.598499,7623060,1951503360,1951.50336,83,100,96,3,20250815_211617
1755260139.608483,7623099,1951513344,1951.513344,86,100,95,3,20250815_211617
1755260139.618467,7623138,1951523328,1951.523328,89,100,95,3,20250815_211617
1755260139.628451,7623177,1951533312,1951.533312,93,100,96,3,20250815_211617
1755260139.638691,7623217,1951543552,1951.543552,96,101,95,3,20250815_211617
1755260139.648675,7623256,1951553536,1951.553536,99,102,96,3,20250815_211617
1755260139.658659,7623295,1951563520,1951.56352,102,101,96,3,20250815_211617
1755260139.668643,7623334,1951573504,1951.573504,105,101,96,3,20250815_211617
1755260139.678627,7623373,1951583488,1951.583488,108,102,96,3,20250815_211617
1755260139.688611,7623412,1951593472,1951.593472,112,101,96,3,20250815_211617
1755260139.698595,7623451,1951603456,1951.603456,115,100,97,3,20250815_211617
1755260139.708579,7623490,1951613440,1951.61344,118,100,97,3,20250815_211617
1755260139.718563,7623529,1951623424,1951.623424,121,101,96,3,20250815_211617
1755260139.728547,7623568,1951633408,1951.633408,124,102,97,3,20250815_211617
1755260139.738531,7623607,1951643392,1951.643392,128,101,98,3,20250815_211617
1755260139.7485151,7623646,1951653376,1951.653376,131,101,98,3,20250815_211617
1755260139.7584991,7623685,1951663360,1951.66336,134,100,98,3,20250815_211617
1755260139.768483,7623724,1951673344,1951.673344,137,101,99,3,20250815_211617
1755260139.778467,7623763,1951683328,1951.683328,140,101,99,3,20250815_211617
1755260139.788707,7623803,1951693568,1951.693568,144,101,101,3,20250815_211617
1755260139.798691,7623842,1951703552,1951.703552,147,100,101,3,20250815_211617
1755260139.808675,7623881,1951713536,1951.713536,150,101,103,3,20250815_211617
1755260139.818659,7623920,1951723520,1951.72352,153,100,104,3,20250815_211617
1755260139.828643,7623959,1951733504,1951.733504,156,101,106,3,20250815_211617
1755260139.838627,7623998,1951743488,1951.743488,159,100,108,3,20250815_211617
1755260139.848611,7624037,1951753472,1951.753472,163,100,111,3,20250815_211617
1755260139.8585951,7624076,1951763456,1951.763456,166,101,115,3,20250815_211617
1755260139.868579,7624115,1951773440,1951.77344,169,100,119,3,20250815_211617
1755260139.878563,7624154,1951783424,1951.783424,172,100,126,3,20250815_211617
1755260139.888547,7624193,1951793408,1951.793408,175,101,131,3,20250815_211617
1755260139.898531,7624232,1951803392,1951.803392,179,101,139,3,20250815_211617
1755260139.908515,7624271,1951813376,1951.813376,182,100,146,3,20250815_211617
1755260139.918499,7624310,1951823360,1951.82336,185,100,150,3,20250815_211617
1755260139.928739,7624350,1951833600,1951.8336,188,100,154,3,20250815_211617
1755260139.938723,7624389,1951843584,1951.843584,191,101,160,3,20250815_211617
1755260139.948707,7624428,1951853568,1951.853568,194,100,162,3,20250815_211617
1755260139.9586911,7624467,1951863552,1951.863552,198,101,162,3,20250815_211617
1755260139.9686751,7624506,1951873536,1951.873536,201,100,163,3,20250815_211617
1755260139.978659,7624545,1951883520,1951.88352,204,100,164,3,20250815_211617
1755260139.988643,7624584,1951893504,1951.893504,207,100,164,3,20250815_211617
1755260139.998627,7624623,1951903488,1951.903488,210,100,165,3,20250815_211617
1755260140.008611,7624662,1951913472,1951.913472,214,101,165,3,20250815_211617
1755260140.018595,7624701,1951923456,1951.923456,217,101,166,3,20250815_211617
1755260140.028579,7624740,1951933440,1951.93344,220,101,166,3,20250815_211617
1755260140.038563,7624779,1951943424,1951.943424,223,100,167,3,20250815_211617
1755260140.048547,7624818,1951953408,1951.953408,226,100,167,3,20250815_211617
1755260140.058531,7624857,1951963392,1951.963392,230,100,167,3,20250815_211617
1755260140.068515,7624896,1951973376,1951.973376,233,100,168,3,20250815_211617
1755260140.0787551,7624936,1951983616,1951.983616,236,100,168,3,20250815_211617
1755260140.088739,7624975,1951993600,1951.9936,239,100,169,3,20250815_211617
1755260140.098723,7625014,1952003584,1952.003584,242,101,168,3,20250815_211617
1755260140.108707,7625053,1952013568,1952.013568,245,101,168,3,20250815_211617
1755260140.118691,7625092,1952023552,1952.023552,249,101,168,3,20250815_211617
1755260140.128675,7625131,1952033536,1952.033536,252,101,168,3,20250815_211617
1755260140.138659,7625170,1952043520,1952.04352,0,101,168,3,20250815_211617
1755260140.148643,7625209,1952053504,1952.053504,3,102,168,3,20250815_211617
1755260140.158627,7625248,1952063488,1952.063488,6,101,168,3,20250815_211617
1755260140.168611,7625287,1952073472,1952.073472,10,101,168,3,20250815_211617
1755260140.178595,7625326,1952083456,1952.083456,13,100,167,3,20250815_211617
1755260140.188579,7625365,1952093440,1952.09344,16,101,167,3,20250815_211617
1755260140.198563,7625404,1952103424,1952.103424,19,101,166,3,20250815_211617
1755260140.208547,7625443,1952113408,1952.113408,22,100,164,3,20250815_211617
1755260140.218787,7625483,1952123648,1952.123648,26,100,162,3,20250815_211617
1755260140.228771,7625522,1952133632,1952.133632,29,101,160,3,20250815_211617
1755260140.238755,7625561,1952143616,1952.143616,32,100,155,3,20250815_211617
1755260140.248739,7625600,1952153600,1952.1536,35,100,150,3,20250815_211617
1755260140.258723,7625639,1952163584,1952.163584,38,101,142,3,20250815_211617
1755260140.268707,7625678,1952173568,1952.173568,41,100,136,3,20250815_211617
1755260140.278691,7625717,1952183552,1952.183552,45,99,128,3,20250815_211617
1755260140.288675,7625756,1952193536,1952.193536,48,100,121,3,20250815_211617
1755260140.298659,7625795,1952203520,1952.20352,51,101,112,3,20250815_211617
1755260140.308643,7625834,1952213504,1952.213504,54,100,106,3,20250815_211617
1755260140.318627,7625873,1952223488,1952.223488,57,100,102,3,20250815_211617
1755260140.3286111,7625912,1952233472,1952.233472,61,100,97,3,20250815_211617
1755260140.338595,7625951,1952243456,1952.243456,64,101,96,3,20250815_211617
1755260140.348579,7625990,1952253440,1952.25344,67,101,96,3,20250815_211617
1755260140.358563,7626029,1952263424,1952.263424,70,100,98,3,20250815_211617
1755260140.368803,7626069,1952273664,1952.273664,73,101,99,3,20250815_211617
1755260140.378787,7626108,1952283648,1952.283648,77,101,97,3,20250815_211617
1755260140.388771,7626147,1952293632,1952.293632,80,100,96,3,20250815_211617
1755260140.398755,7626186,1952303616,1952.303616,83,101,95,3,20250815_211617
1755260140.408739,7626225,1952313600,1952.3136,86,100,97,3,20250815_211617
1755260140.418723,7626264,1952323584,1952.323584,89,101,97,3,20250815_211617
1755260140.4287071,7626303,1952333568,1952.333568,92,100,96,3,20250815_211617
1755260140.4386911,7626342,1952343552,1952.343552,96,100,97,3,20250815_211617
1755260140.448675,7626381,1952353536,1952.353536,99,101,97,3,20250815_211617
1755260140.458659,7626420,1952363520,1952.36352,102,101,96,3,20250815_211617
1755260140.468643,7626459,1952373504,1952.373504,105,100,97,3,20250815_211617
1755260140.478627,7626498,1952383488,1952.383488,108,95,96,3,20250815_211617
1755260140.488611,7626537,1952393472,1952.393472,112,101,97,3,20250815_211617
1755260140.498595,7626576,1952403456,1952.403456,115,101,98,3,20250815_211617
1755260140.508835,7626616,1952413696,1952.413696,118,100,97,3,20250815_211617
1755260140.518819,7626655,1952423680,1952.42368,121,102,97,3,20250815_211617
1755260140.528803,7626694,1952433664,1952.433664,124,101,97,3,20250815_211617
1755260140.5387871,7626733,1952443648,1952.443648,127,90,98,3,20250815_211617
1755260140.5487711,7626772,1952453632,1952.453632,131,89,99,3,20250815_211617
1755260140.558755,7626811,1952463616,1952.463616,134,90,99,3,20250815_211617
1755260140.568739,7626850,1952473600,1952.4736,137,96,98,3,20250815_211617
1755260140.578723,7626889,1952483584,1952.483584,140,101,100,3,20250815_211617
1755260140.588707,7626928,1952493568,1952.493568,143,101,101,3,20250815_211617
1755260140.598691,7626967,1952503552,1952.503552,147,101,102,3,20250815_211617
1755260140.608675,7627006,1952513536,1952.513536,150,100,103,3,20250815_211617
1755260140.618659,7627045,1952523520,1952.52352,153,100,105,3,20250815_211617
1755260140.628643,7627084,1952533504,1952.533504,156,101,107,3,20250815_211617
1755260140.638627,7627123,1952543488,1952.543488,159,100,109,3,20250815_211617
1755260140.648611,7627162,1952553472,1952.553472,163,100,111,3,20250815_211617
1755260140.658851,7627202,1952563712,1952.563712,166,100,115,3,20250815_211617
1755260140.668835,7627241,1952573696,1952.573696,169,100,120,3,20250815_211617
1755260140.678819,7627280,1952583680,1952.58368,172,101,127,3,20250815_211617
1755260140.688803,7627319,1952593664,1952.593664,175,101,132,3,20250815_211617
1755260140.698787,7627358,1952603648,1952.603648,178,101,140,3,20250815_211617
1755260140.708771,7627397,1952613632,1952.613632,182,100,146,3,20250815_211617
1755260140.718755,7627436,1952623616,1952.623616,185,101,150,3,20250815_211617
1755260140.728739,7627475,1952633600,1952.6336,188,100,155,3,20250815_211617
1755260140.738723,7627514,1952643584,1952.643584,191,100,160,3,20250815_211617
1755260140.748707,7627553,1952653568,1952.653568,194,101,162,3,20250815_211617
1755260140.758691,7627592,1952663552,1952.663552,198,100,163,3,20250815_211617
1755260140.768675,7627631,1952673536,1952.673536,201,99,163,3,20250815_211617
1755260140.778659,7627670,1952683520,1952.68352,204,100,163,3,20250815_211617
1755260140.7886431,7627709,1952693504,1952.693504,207,100,164,3,20250815_211617
1755260140.798883,7627749,1952703744,1952.703744,210,100,164,3,20250815_211617
1755260140.808867,7627788,1952713728,1952.713728,214,100,165,3,20250815_211617
1755260140.818851,7627827,1952723712,1952.723712,217,100,166,3,20250815_211617
1755260140.828835,7627866,1952733696,1952.733696,220,100,166,3,20250815_211617
1755260140.838819,7627905,1952743680,1952.74368,223,101,167,3,20250815_211617
1755260140.848803,7627944,1952753664,1952.753664,226,101,167,3,20250815_211617
1755260140.858787,7627983,1952763648,1952.763648,229,100,168,3,20250815_211617
1755260140.868771,7628022,1952773632,1952.773632,233,100,167,3,20250815_211617
1755260140.878755,7628061,1952783616,1952.783616,236,101,168,3,20250815_211617
1755260140.888739,7628100,1952793600,1952.7936,239,101,169,3,20250815_211617
1755260140.8987231,7628139,1952803584,1952.803584,242,101,168,3,20250815_211617
1755260140.9087071,7628178,1952813568,1952.813568,245,101,168,3,20250815_211617
1755260140.918691,7628217,1952823552,1952.823552,249,103,168,3,20250815_211617
1755260140.928675,7628256,1952833536,1952.833536,252,102,169,3,20250815_211617
1755260140.938659,7628295,1952843520,1952.84352,0,104,168,3,20250815_211617
1755260140.948899,7628335,1952853760,1952.85376,3,102,169,3,20250815_211617
1755260140.958883,7628374,1952863744,1952.863744,6,103,168,3,20250815_211617
1755260140.968867,7628413,1952873728,1952.873728,10,102,169,3,20250815_211617
1755260140.978851,7628452,1952883712,1952.883712,13,104,168,3,20250815_211617
1755260140.988835,7628491,1952893696,1952.893696,16,101,169,3,20250815_211617
1755260140.998819,7628530,1952903680,1952.90368,19,104,168,3,20250815_211617
1755260141.0088031,7628569,1952913664,1952.913664,22,101,166,3,20250815_211617
1755260141.0187871,7628608,1952923648,1952.923648,25,104,166,3,20250815_211617
1755260141.028771,7628647,1952933632,1952.933632,29,101,165,3,20250815_211617
1755260141.038755,7628686,1952943616,1952.943616,32,101,163,3,20250815_211617
1755260141.048739,7628725,1952953600,1952.9536,35,102,159,3,20250815_211617
1755260141.058723,7628764,1952963584,1952.963584,38,100,152,3,20250815_211617
1755260141.068707,7628803,1952973568,1952.973568,41,102,145,3,20250815_211617
1755260141.078691,7628842,1952983552,1952.983552,45,100,137,3,20250815_211617
1755260141.088931,7628882,1952993792,1952.993792,48,99,128,3,20250815_211617
1755260141.098915,7628921,1953003776,1953.003776,51,101,120,3,20250815_211617
1755260141.108899,7628960,1953013760,1953.01376,54,100,112,3,20250815_211617
1755260141.1188831,7628999,1953023744,1953.023744,57,101,105,3,20250815_211617
1755260141.128867,7629038,1953033728,1953.033728,60,100,100,3,20250815_211617
1755260141.138851,7629077,1953043712,1953.043712,64,101,96,3,20250815_211617
1755260141.148835,7629116,1953053696,1953.053696,67,101,95,3,20250815_211617
1755260141.158819,7629155,1953063680,1953.06368,70,101,96,3,20250815_211617
1755260141.168803,7629194,1953073664,1953.073664,73,101,99,3,20250815_211617
1755260141.178787,7629233,1953083648,1953.083648,76,101,98,3,20250815_211617
1755260141.188771,7629272,1953093632,1953.093632,80,101,96,3,20250815_211617
1755260141.198755,7629311,1953103616,1953.103616,83,101,96,3,20250815_211617
1755260141.208739,7629350,1953113600,1953.1136,86,101,96,3,20250815_211617
1755260141.218723,7629389,1953123584,1953.123584,89,101,97,3,20250815_211617
1755260141.2289631,7629429,1953133824,1953.133824,92,101,97,3,20250815_211617
1755260141.238947,7629468,1953143808,1953.143808,96,101,97,3,20250815_211617
1755260141.248931,7629507,1953153792,1953.153792,99,101,97,3,20250815_211617
1755260141.258915,7629546,1953163776,1953.163776,102,101,97,3,20250815_211617
1755260141.268899,7629585,1953173760,1953.17376,105,101,98,3,20250815_211617
1755260141.278883,7629624,1953183744,1953.183744,108,101,96,3,20250815_211617
1755260141.288867,7629663,1953193728,1953.193728,111,101,97,3,20250815_211617
1755260141.298851,7629702,1953203712,1953.203712,115,101,98,3,20250815_211617
1755260141.308835,7629741,1953213696,1953.213696,118,101,98,3,20250815_211617
1755260141.318819,7629780,1953223680,1953.22368,121,101,96,3,20250815_211617
1755260141.328803,7629819,1953233664,1953.233664,124,100,98,3,20250815_211617
1755260141.338787,7629858,1953243648,1953.243648,127,101,99,3,20250815_211617
1755260141.348771,7629897,1953253632,1953.253632,131,101,99,3,20250815_211617
1755260141.358755,7629936,1953263616,1953.263616,134,101,100,3,20250815_211617
1755260141.368995,7629976,1953273856,1953.273856,137,101,99,3,20250815_211617
1755260141.378979,7630015,1953283840,1953.28384,140,101,100,3,20250815_211617
1755260141.388963,7630054,1953293824,1953.293824,143,101,101,3,20250815_211617
1755260141.398947,7630093,1953303808,1953.303808,147,101,102,3,20250815_211617
1755260141.408931,7630132,1953313792,1953.313792,150,101,104,3,20250815_211617
1755260141.418915,7630171,1953323776,1953.323776,153,101,106,3,20250815_211617
1755260141.428899,7630210,1953333760,1953.33376,156,101,109,3,20250815_211617
1755260141.438883,7630249,1953343744,1953.343744,159,101,111,3,20250815_211617
1755260141.448867,7630288,1953353728,1953.353728,162,100,112,3,20250815_211617
1755260141.458851,7630327,1953363712,1953.363712,166,101,117,3,20250815_211617
1755260141.468835,7630366,1953373696,1953.373696,169,100,122,3,20250815_211617
1755260141.4788191,7630405,1953383680,1953.38368,172,102,128,3,20250815_211617
1755260141.488803,7630444,1953393664,1953.393664,175,101,134,3,20250815_211617
1755260141.498787,7630483,1953403648,1953.403648,178,101,142,3,20250815_211617
1755260141.508771,7630522,1953413632,1953.413632,182,101,148,3,20250815_211617
1755260141.519011,7630562,1953423872,1953.423872,185,101,152,3,20250815_211617
1755260141.528995,7630601,1953433856,1953.433856,188,102,157,3,20250815_211617
1755260141.538979,7630640,1953443840,1953.44384,191,101,162,3,20250815_211617
1755260141.548963,7630679,1953453824,1953.453824,194,101,163,3,20250815_211617
1755260141.558947,7630718,1953463808,1953.463808,198,101,164,3,20250815_211617
1755260141.568931,7630757,1953473792,1953.473792,201,101,164,3,20250815_211617
1755260141.578915,7630796,1953483776,1953.483776,204,101,165,3,20250815_211617
1755260141.5888991,7630835,1953493760,1953.49376,207,101,165,3,20250815_211617
1755260141.598883,7630874,1953503744,1953.503744,210,102,166,3,20250815_211617
1755260141.608867,7630913,1953513728,1953.513728,213,101,167,3,20250815_211617
1755260141.618851,7630952,1953523712,1953.523712,217,101,167,3,20250815_211617
1755260141.628835,7630991,1953533696,1953.533696,220,101,167,3,20250815_211617
1755260141.638819,7631030,1953543680,1953.54368,223,104,168,3,20250815_211617
1755260141.648803,7631069,1953553664,1953.553664,226,102,168,3,20250815_211617
1755260141.659043,7631109,1953563904,1953.563904,229,104,168,3,20250815_211617
1755260141.669027,7631148,1953573888,1953.573888,233,101,168,3,20250815_211617
1755260141.679011,7631187,1953583872,1953.583872,236,104,169,3,20250815_211617
1755260141.6889951,7631226,1953593856,1953.593856,239,101,168,3,20250815_211617
1755260141.6989791,7631265,1953603840,1953.60384,242,104,168,3,20250815_211617
1755260141.708963,7631304,1953613824,1953.613824,245,103,169,3,20250815_211617
1755260141.718947,7631343,1953623808,1953.623808,248,104,168,3,20250815_211617
1755260141.728931,7631382,1953633792,1953.633792,252,102,169,3,20250815_211617
1755260141.738915,7631421,1953643776,1953.643776,0,103,168,3,20250815_211617
1755260141.748899,7631460,1953653760,1953.65376,3,102,169,3,20250815_211617
1755260141.758883,7631499,1953663744,1953.663744,6,104,169,3,20250815_211617
1755260141.768867,7631538,1953673728,1953.673728,9,102,169,3,20250815_211617
1755260141.778851,7631577,1953683712,1953.683712,13,104,169,3,20250815_211617
1755260141.788835,7631616,1953693696,1953.693696,16,102,169,3,20250815_211617
1755260141.7990751,7631656,1953703936,1953.703936,19,104,168,3,20250815_211617
1755260141.8090591,7631695,1953713920,1953.71392,22,102,168,3,20250815_211617
1755260141.819043,7631734,1953723904,1953.723904,25,103,167,3,20250815_211617
1755260141.829027,7631773,1953733888,1953.733888,29,102,167,3,20250815_211617
1755260141.839011,7631812,1953743872,1953.743872,32,104,165,3,20250815_211617
1755260141.848995,7631851,1953753856,1953.753856,35,101,163,3,20250815_211617
1755260141.858979,7631890,1953763840,1953.76384,38,104,159,3,20250815_211617
1755260141.868963,7631929,1953773824,1953.773824,41,101,155,3,20250815_211617
1755260141.878947,7631968,1953783808,1953.783808,44,104,146,3,20250815_211617
1755260141.888931,7632007,1953793792,1953.793792,48,102,138,3,20250815_211617
1755260141.898915,7632046,1953803776,1953.803776,51,104,129,3,20250815_211617
1755260141.908899,7632085,1953813760,1953.81376,54,101,121,3,20250815_211617
1755260141.918883,7632124,1953823744,1953.823744,57,101,114,3,20250815_211617
1755260141.928867,7632163,1953833728,1953.833728,60,101,107,3,20250815_211617
1755260141.938851,7632202,1953843712,1953.843712,64,101,102,3,20250815_211617
1755260141.949091,7632242,1953853952,1953.853952,67,101,98,3,20250815_211617
1755260141.959075,7632281,1953863936,1953.863936,70,102,95,3,20250815_211617
1755260141.969059,7632320,1953873920,1953.87392,73,101,96,3,20250815_211617
1755260141.979043,7632359,1953883904,1953.883904,76,101,98,3,20250815_211617
1755260141.989027,7632398,1953893888,1953.893888,80,101,98,3,20250815_211617
1755260141.999011,7632437,1953903872,1953.903872,83,101,96,3,20250815_211617
1755260142.008995,7632476,1953913856,1953.913856,86,101,96,3,20250815_211617
1755260142.018979,7632515,1953923840,1953.92384,89,101,96,3,20250815_211617
1755260142.028963,7632554,1953933824,1953.933824,92,101,97,3,20250815_211617
1755260142.038947,7632593,1953943808,1953.943808,95,101,96,3,20250815_211617
1755260142.0489311,7632632,1953953792,1953.953792,99,101,95,3,20250815_211617
1755260142.0589151,7632671,1953963776,1953.963776,102,101,97,3,20250815_211617
1755260142.068899,7632710,1953973760,1953.97376,105,100,98,3,20250815_211617
1755260142.078883,7632749,1953983744,1953.983744,108,98,97,3,20250815_211617
1755260142.089123,7632789,1953993984,1953.993984,111,101,97,3,20250815_211617
1755260142.099107,7632828,1954003968,1954.003968,115,101,97,3,20250815_211617
1755260142.109091,7632867,1954013952,1954.013952,118,101,98,3,20250815_211617
1755260142.119075,7632906,1954023936,1954.023936,121,97,97,3,20250815_211617
1755260142.129059,7632945,1954033920,1954.03392,124,101,98,3,20250815_211617
1755260142.139043,7632984,1954043904,1954.043904,127,101,99,3,20250815_211617
1755260142.149027,7633023,1954053888,1954.053888,131,101,99,3,20250815_211617
1755260142.1590111,7633062,1954063872,1954.063872,134,101,99,3,20250815_211617
1755260142.1689951,7633101,1954073856,1954.073856,137,101,100,3,20250815_211617
1755260142.178979,7633140,1954083840,1954.08384,140,101,100,3,20250815_211617
1755260142.188963,7633179,1954093824,1954.093824,143,98,108,3,20250815_211617
1755260142.198947,7633218,1954103808,1954.103808,146,102,104,3,20250815_211617
1755260142.208931,7633257,1954113792,1954.113792,150,100,105,3,20250815_211617
1755260142.218915,7633296,1954123776,1954.123776,153,101,107,3,20250815_211617
1755260142.229155,7633336,1954134016,1954.134016,156,102,110,3,20250815_211617
1755260142.239139,7633375,1954144000,1954.144,159,102,114,3,20250815_211617
1755260142.249123,7633414,1954153984,1954.153984,162,102,115,3,20250815_211617
1755260142.259107,7633453,1954163968,1954.163968,166,101,120,3,20250815_211617
1755260142.2690911,7633492,1954173952,1954.173952,169,100,127,3,20250815_211617
1755260142.2790751,7633531,1954183936,1954.183936,172,101,132,3,20250815_211617
1755260142.289059,7633570,1954193920,1954.19392,175,101,139,3,20250815_211617
1755260142.299043,7633609,1954203904,1954.203904,178,101,148,3,20250815_211617
1755260142.309027,7633648,1954213888,1954.213888,181,100,152,3,20250815_211617
1755260142.319011,7633687,1954223872,1954.223872,185,101,157,3,20250815_211617
1755260142.328995,7633726,1954233856,1954.233856,188,101,162,3,20250815_211617
1755260142.338979,7633765,1954243840,1954.24384,191,101,163,3,20250815_211617
1755260142.348963,7633804,1954253824,1954.253824,194,101,163,3,20250815_211617
1755260142.358947,7633843,1954263808,1954.263808,197,101,164,3,20250815_211617
1755260142.368931,7633882,1954273792,1954.273792,201,100,165,3,20250815_211617
1755260142.3791711,7633922,1954284032,1954.284032,204,104,165,3,20250815_211617
1755260142.389155,7633961,1954294016,1954.294016,207,101,166,3,20250815_211617
1755260142.399139,7634000,1954304000,1954.304,210,104,166,3,20250815_211617
1755260142.409123,7634039,1954313984,1954.313984,213,102,168,3,20250815_211617
1755260142.419107,7634078,1954323968,1954.323968,217,103,168,3,20250815_211617
1755260142.429091,7634117,1954333952,1954.333952,220,101,168,3,20250815_211617
1755260142.439075,7634156,1954343936,1954.343936,223,102,168,3,20250815_211617
1755260142.449059,7634195,1954353920,1954.35392,226,101,169,3,20250815_211617
1755260142.459299,7634235,1954364160,1954.36416,229,103,169,3,20250815_211617
1755260142.469283,7634274,1954374144,1954.374144,233,101,169,3,20250815_211617
1755260142.4792671,7634313,1954384128,1954.384128,236,103,169,3,20250815_211617
1755260142.4892511,7634352,1954394112,1954.394112,239,101,169,3,20250815_211617
1755260142.499235,7634391,1954404096,1954.404096,242,104,169,3,20250815_211617
1755260142.509219,7634430,1954414080,1954.41408,245,101,169,3,20250815_211617
1755260142.519203,7634469,1954424064,1954.424064,248,103,169,3,20250815_211617
1755260142.529443,7634509,1954434304,1954.434304,252,101,169,3,20250815_211617
1755260142.539427,7634548,1954444288,1954.444288,0,103,169,3,20250815_211617
1755260142.549411,7634587,1954454272,1954.454272,3,101,169,3,20250815_211617
1755260142.559395,7634626,1954464256,1954.464256,6,101,169,3,20250815_211617
1755260142.569379,7634665,1954474240,1954.47424,9,100,168,3,20250815_211617
1755260142.579363,7634704,1954484224,1954.484224,13,104,169,3,20250815_211617
1755260142.5893471,7634743,1954494208,1954.494208,16,101,168,3,20250815_211617
1755260142.5993311,7634782,1954504192,1954.504192,19,102,168,3,20250815_211617
1755260142.609571,7634822,1954514432,1954.514432,22,100,167,3,20250815_211617
1755260142.619555,7634861,1954524416,1954.524416,25,103,167,3,20250815_211617
1755260142.629539,7634900,1954534400,1954.5344,29,101,166,3,20250815_211617
1755260142.639523,7634939,1954544384,1954.544384,32,102,165,3,20250815_211617
1755260142.649507,7634978,1954554368,1954.554368,35,97,161,3,20250815_211617
1755260142.659491,7635017,1954564352,1954.564352,38,102,157,3,20250815_211617
1755260142.669475,7635056,1954574336,1954.574336,41,101,151,3,20250815_211617
1755260142.679715,7635096,1954584576,1954.584576,45,104,143,3,20250815_211617
1755260142.689699,7635135,1954594560,1954.59456,48,101,136,3,20250815_211617
1755260142.699683,7635174,1954604544,1954.604544,51,103,127,3,20250815_211617
1755260142.709667,7635213,1954614528,1954.614528,54,94,119,3,20250815_211617
1755260142.719651,7635252,1954624512,1954.624512,57,93,111,3,20250815_211617
1755260142.729635,7635291,1954634496,1954.634496,61,93,106,3,20250815_211617
1755260142.739875,7635331,1954644736,1954.644736,64,103,100,3,20250815_211617
1755260142.749859,7635370,1954654720,1954.65472,67,101,96,3,20250815_211617
1755260142.759843,7635409,1954664704,1954.664704,70,103,96,3,20250815_211617
1755260142.7698271,7635448,1954674688,1954.674688,73,101,97,3,20250815_211617
1755260142.7798111,7635487,1954684672,1954.684672,76,103,98,3,20250815_211617
1755260142.789795,7635526,1954694656,1954.694656,80,101,98,3,20250815_211617
1755260142.799779,7635565,1954704640,1954.70464,83,103,96,3,20250815_211617
1755260142.809763,7635604,1954714624,1954.714624,86,100,95,3,20250815_211617
1755260142.820003,7635644,1954724864,1954.724864,89,95,96,3,20250815_211617
1755260142.829987,7635683,1954734848,1954.734848,92,97,97,3,20250815_211617
1755260142.839971,7635722,1954744832,1954.744832,96,103,96,3,20250815_211617
1755260142.849955,7635761,1954754816,1954.754816,99,101,96,3,20250815_211617
1755260142.859939,7635800,1954764800,1954.7648,102,102,96,3,20250815_211617
1755260142.869923,7635839,1954774784,1954.774784,105,102,98,3,20250815_211617
1755260142.8799071,7635878,1954784768,1954.784768,108,103,96,3,20250815_211617
1755260142.889891,7635917,1954794752,1954.794752,112,101,98,3,20250815_211617
1755260142.900131,7635957,1954804992,1954.804992,115,103,97,3,20250815_211617
1755260142.910115,7635996,1954814976,1954.814976,118,101,97,3,20250815_211617
1755260142.920099,7636035,1954824960,1954.82496,121,102,97,3,20250815_211617
1755260142.930083,7636074,1954834944,1954.834944,124,101,99,3,20250815_211617
1755260142.940067,7636113,1954844928,1954.844928,128,103,99,3,20250815_211617
1755260142.950051,7636152,1954854912,1954.854912,131,101,99,3,20250815_211617
1755260142.960035,7636191,1954864896,1954.864896,134,103,100,3,20250815_211617
1755260142.970019,7636230,1954874880,1954.87488,137,101,100,3,20250815_211617
1755260142.980003,7636269,1954884864,1954.884864,140,102,101,3,20250815_211617
1755260142.9899871,7636308,1954894848,1954.894848,143,101,102,3,20250815_211617
1755260142.999971,7636347,1954904832,1954.904832,147,102,104,3,20250815_211617
1755260143.009955,7636386,1954914816,1954.914816,150,101,105,3,20250815_211617
1755260143.019939,7636425,1954924800,1954.9248,153,103,108,3,20250815_211617
1755260143.030179,7636465,1954935040,1954.93504,156,101,110,3,20250815_211617
1755260143.040163,7636504,1954945024,1954.945024,159,103,113,3,20250815_211617
1755260143.050147,7636543,1954955008,1954.955008,163,101,116,3,20250815_211617
1755260143.060131,7636582,1954964992,1954.964992,166,103,122,3,20250815_211617
1755260143.070115,7636621,1954974976,1954.974976,169,101,127,3,20250815_211617
1755260143.080099,7636660,1954984960,1954.98496,172,103,134,3,20250815_211617
1755260143.0900831,7636699,1954994944,1954.994944,175,101,142,3,20250815_211617
1755260143.1000671,7636738,1955004928,1955.004928,179,103,148,3,20250815_211617
1755260143.110051,7636777,1955014912,1955.014912,182,100,152,3,20250815_211617
1755260143.120035,7636816,1955024896,1955.024896,185,103,158,3,20250815_211617
1755260143.130019,7636855,1955034880,1955.03488,188,100,162,3,20250815_211617
1755260143.140003,7636894,1955044864,1955.044864,191,102,163,3,20250815_211617
1755260143.149987,7636933,1955054848,1955.054848,194,100,163,3,20250815_211617
1755260143.159971,7636972,1955064832,1955.064832,198,102,163,3,20250815_211617
1755260143.170211,7637012,1955075072,1955.075072,201,100,165,3,20250815_211617
1755260143.180195,7637051,1955085056,1955.085056,204,102,164,3,20250815_211617
1755260143.190179,7637090,1955095040,1955.09504,207,100,166,3,20250815_211617
1755260143.2001631,7637129,1955105024,1955.105024,210,102,166,3,20250815_211617
1755260143.2101471,7637168,1955115008,1955.115008,214,101,167,3,20250815_211617
1755260143.220131,7637207,1955124992,1955.124992,217,103,168,3,20250815_211617
1755260143.230115,7637246,1955134976,1955.134976,220,100,168,3,20250815_211617
1755260143.240099,7637285,1955144960,1955.14496,223,102,168,3,20250815_211617
1755260143.250083,7637324,1955154944,1955.154944,226,101,169,3,20250815_211617
1755260143.260067,7637363,1955164928,1955.164928,229,102,169,3,20250815_211617
1755260143.270051,7637402,1955174912,1955.174912,233,100,169,3,20250815_211617
1755260143.280035,7637441,1955184896,1955.184896,236,102,169,3,20250815_211617
1755260143.290019,7637480,1955194880,1955.19488,239,101,169,3,20250815_211617
1755260143.300003,7637519,1955204864,1955.204864,242,103,170,3,20250815_211617
1755260143.309987,7637558,1955214848,1955.214848,245,101,170,3,20250815_211617
1755260143.320227,7637598,1955225088,1955.225088,249,103,169,3,20250815_211617
1755260143.330211,7637637,1955235072,1955.235072,252,101,169,3,20250815_211617
1755260143.340195,7637676,1955245056,1955.245056,0,103,169,3,20250815_211617
1755260143.350179,7637715,1955255040,1955.25504,3,100,169,3,20250815_211617
1755260143.360163,7637754,1955265024,1955.265024,6,103,169,3,20250815_211617
1755260143.370147,7637793,1955275008,1955.275008,10,101,169,3,20250815_211617
1755260143.380131,7637832,1955284992,1955.284992,13,103,169,3,20250815_211617
1755260143.390115,7637871,1955294976,1955.294976,16,100,167,3,20250815_211617
1755260143.400099,7637910,1955304960,1955.30496,19,103,169,3,20250815_211617
1755260143.410083,7637949,1955314944,1955.314944,22,101,167,3,20250815_211617
1755260143.420067,7637988,1955324928,1955.324928,25,103,168,3,20250815_211617
1755260143.430051,7638027,1955334912,1955.334912,29,101,168,3,20250815_211617
1755260143.440035,7638066,1955344896,1955.344896,32,102,166,3,20250815_211617
1755260143.4500191,7638105,1955354880,1955.35488,35,100,164,3,20250815_211617
1755260143.460259,7638145,1955365120,1955.36512,38,103,160,3,20250815_211617
1755260143.470243,7638184,1955375104,1955.375104,41,100,155,3,20250815_211617
1755260143.480227,7638223,1955385088,1955.385088,45,103,146,3,20250815_211617
1755260143.490211,7638262,1955395072,1955.395072,48,100,139,3,20250815_211617
1755260143.500195,7638301,1955405056,1955.405056,51,102,130,3,20250815_211617
1755260143.510179,7638340,1955415040,1955.41504,54,101,122,3,20250815_211617
1755260143.520163,7638379,1955425024,1955.425024,57,102,114,3,20250815_211617
1755260143.530147,7638418,1955435008,1955.435008,61,100,107,3,20250815_211617
1755260143.540131,7638457,1955444992,1955.444992,64,102,102,3,20250815_211617
1755260143.550115,7638496,1955454976,1955.454976,67,101,97,3,20250815_211617
1755260143.5600991,7638535,1955464960,1955.46496,70,103,96,3,20250815_211617
1755260143.5700831,7638574,1955474944,1955.474944,73,100,95,3,20250815_211617
1755260143.580067,7638613,1955484928,1955.484928,76,103,98,3,20250815_211617
1755260143.590307,7638653,1955495168,1955.495168,80,101,98,3,20250815_211617
1755260143.600291,7638692,1955505152,1955.505152,83,103,97,3,20250815_211617
1755260143.610275,7638731,1955515136,1955.515136,86,100,96,3,20250815_211617
1755260143.620259,7638770,1955525120,1955.52512,89,103,96,3,20250815_211617
1755260143.630243,7638809,1955535104,1955.535104,92,101,96,3,20250815_211617
1755260143.640227,7638848,1955545088,1955.545088,96,102,97,3,20250815_211617
1755260143.650211,7638887,1955555072,1955.555072,99,100,95,3,20250815_211617
1755260143.660195,7638926,1955565056,1955.565056,102,102,97,3,20250815_211617
1755260143.6701791,7638965,1955575040,1955.57504,105,100,98,3,20250815_211617
1755260143.6801631,7639004,1955585024,1955.585024,108,102,97,3,20250815_211617
1755260143.690147,7639043,1955595008,1955.595008,112,100,97,3,20250815_211617
1755260143.700131,7639082,1955604992,1955.604992,115,102,97,3,20250815_211617
1755260143.710115,7639121,1955614976,1955.614976,118,99,97,3,20250815_211617
1755260143.720099,7639160,1955624960,1955.62496,121,102,98,3,20250815_211617
1755260143.730083,7639199,1955634944,1955.634944,124,101,98,3,20250815_211617
1755260143.740323,7639239,1955645184,1955.645184,127,102,98,3,20250815_211617
1755260143.750307,7639278,1955655168,1955.655168,131,100,100,3,20250815_211617
1755260143.760291,7639317,1955665152,1955.665152,134,102,101,3,20250815_211617
1755260143.770275,7639356,1955675136,1955.675136,137,100,101,3,20250815_211617
1755260143.7802591,7639395,1955685120,1955.68512,140,102,102,3,20250815_211617
1755260143.790243,7639434,1955695104,1955.695104,143,100,103,3,20250815_211617
1755260143.800227,7639473,1955705088,1955.705088,147,102,104,3,20250815_211617
1755260143.810211,7639512,1955715072,1955.715072,150,100,106,3,20250815_211617
1755260143.820195,7639551,1955725056,1955.725056,153,102,108,3,20250815_211617
1755260143.830179,7639590,1955735040,1955.73504,156,100,110,3,20250815_211617
1755260143.840163,7639629,1955745024,1955.745024,159,101,114,3,20250815_211617
1755260143.850147,7639668,1955755008,1955.755008,162,99,116,3,20250815_211617
1755260143.860131,7639707,1955764992,1955.764992,166,102,121,3,20250815_211617
1755260143.870115,7639746,1955774976,1955.774976,169,100,127,3,20250815_211617
1755260143.8803551,7639786,1955785216,1955.785216,172,102,132,3,20250815_211617
1755260143.8903391,7639825,1955795200,1955.7952,175,100,141,3,20250815_211617
1755260143.900323,7639864,1955805184,1955.805184,178,102,148,3,20250815_211617
1755260143.910307,7639903,1955815168,1955.815168,182,100,152,3,20250815_211617
1755260143.920291,7639942,1955825152,1955.825152,185,102,157,3,20250815_211617
1755260143.930275,7639981,1955835136,1955.835136,188,99,161,3,20250815_211617
1755260143.940259,7640020,1955845120,1955.84512,191,102,164,3,20250815_211617
1755260143.950243,7640059,1955855104,1955.855104,194,99,164,3,20250815_211617
1755260143.960227,7640098,1955865088,1955.865088,198,102,164,3,20250815_211617
1755260143.970211,7640137,1955875072,1955.875072,201,99,164,3,20250815_211617
1755260143.980195,7640176,1955885056,1955.885056,204,101,165,3,20250815_211617
1755260143.990179,7640215,1955895040,1955.89504,207,100,166,3,20250815_211617
1755260144.000163,7640254,1955905024,1955.905024,210,101,166,3,20250815_211617
1755260144.010147,7640293,1955915008,1955.915008,213,100,167,3,20250815_211617
1755260144.020387,7640333,1955925248,1955.925248,217,101,168,3,20250815_211617
1755260144.030371,7640372,1955935232,1955.935232,220,100,168,3,20250815_211617
1755260144.040355,7640411,1955945216,1955.945216,223,102,169,3,20250815_211617
1755260144.050339,7640450,1955955200,1955.9552,226,100,168,3,20250815_211617
1755260144.060323,7640489,1955965184,1955.965184,229,102,168,3,20250815_211617
1755260144.070307,7640528,1955975168,1955.975168,233,100,168,3,20250815_211617
1755260144.080291,7640567,1955985152,1955.985152,236,102,169,3,20250815_211617
1755260144.090275,7640606,1955995136,1955.995136,239,101,170,3,20250815_211617
1755260144.100259,7640645,1956005120,1956.00512,242,102,169,3,20250815_211617
1755260144.110243,7640684,1956015104,1956.015104,245,100,169,3,20250815_211617
1755260144.120227,7640723,1956025088,1956.025088,249,102,169,3,20250815_211617
1755260144.130211,7640762,1956035072,1956.035072,252,100,169,3,20250815_211617
1755260144.1401951,7640801,1956045056,1956.045056,0,102,169,3,20250815_211617
1755260144.150179,7640840,1956055040,1956.05504,3,100,169,3,20250815_211617
1755260144.160419,7640880,1956065280,1956.06528,6,102,168,3,20250815_211617
1755260144.170403,7640919,1956075264,1956.075264,9,100,170,3,20250815_211617
1755260144.180387,7640958,1956085248,1956.085248,13,102,169,3,20250815_211617
1755260144.190371,7640997,1956095232,1956.095232,16,100,169,3,20250815_211617
1755260144.200355,7641036,1956105216,1956.105216,19,101,168,3,20250815_211617
1755260144.210339,7641075,1956115200,1956.1152,22,100,168,3,20250815_211617
1755260144.220323,7641114,1956125184,1956.125184,25,102,168,3,20250815_211617
1755260144.230307,7641153,1956135168,1956.135168,29,100,167,3,20250815_211617
1755260144.240291,7641192,1956145152,1956.145152,32,102,165,3,20250815_211617
1755260144.2502751,7641231,1956155136,1956.155136,35,100,162,3,20250815_211617
1755260144.260259,7641270,1956165120,1956.16512,38,102,157,3,20250815_211617
1755260144.270243,7641309,1956175104,1956.175104,41,99,151,3,20250815_211617
1755260144.280227,7641348,1956185088,1956.185088,45,102,142,3,20250815_211617
1755260144.290211,7641387,1956195072,1956.195072,48,100,134,3,20250815_211617
1755260144.300195,7641426,1956205056,1956.205056,51,102,127,3,20250815_211617
1755260144.310435,7641466,1956215296,1956.215296,54,99,119,3,20250815_211617
1755260144.320419,7641505,1956225280,1956.22528,57,103,111,3,20250815_211617
1755260144.330403,7641544,1956235264,1956.235264,60,99,104,3,20250815_211617
1755260144.340387,7641583,1956245248,1956.245248,64,102,99,3,20250815_211617
1755260144.3503711,7641622,1956255232,1956.255232,67,100,96,3,20250815_211617
1755260144.3603551,7641661,1956265216,1956.265216,70,102,96,3,20250815_211617
1755260144.370339,7641700,1956275200,1956.2752,73,100,97,3,20250815_211617
1755260144.380323,7641739,1956285184,1956.285184,76,102,97,3,20250815_211617
1755260144.390307,7641778,1956295168,1956.295168,80,99,97,3,20250815_211617
1755260144.400291,7641817,1956305152,1956.305152,83,102,96,3,20250815_211617
1755260144.410275,7641856,1956315136,1956.315136,86,100,96,3,20250815_211617
1755260144.420259,7641895,1956325120,1956.32512,89,102,96,3,20250815_211617
1755260144.430243,7641934,1956335104,1956.335104,92,100,96,3,20250815_211617
1755260144.440227,7641973,1956345088,1956.345088,95,102,96,3,20250815_211617
1755260144.450211,7642012,1956355072,1956.355072,99,100,96,3,20250815_211617
1755260144.4604511,7642052,1956365312,1956.365312,102,102,95,3,20250815_211617
1755260144.4704351,7642091,1956375296,1956.375296,105,100,96,3,20250815_211617
1755260144.480419,7642130,1956385280,1956.38528,108,102,96,3,20250815_211617
1755260144.490403,7642169,1956395264,1956.395264,111,100,97,3,20250815_211617
1755260144.500387,7642208,1956405248,1956.405248,115,101,97,3,20250815_211617
1755260144.510371,7642247,1956415232,1956.415232,118,99,96,3,20250815_211617
1755260144.520355,7642286,1956425216,1956.425216,121,101,96,3,20250815_211617
1755260144.530339,7642325,1956435200,1956.4352,124,100,98,3,20250815_211617
1755260144.540323,7642364,1956445184,1956.445184,127,101,98,3,20250815_211617
1755260144.550307,7642403,1956455168,1956.455168,131,99,98,3,20250815_211617
1755260144.560291,7642442,1956465152,1956.465152,134,101,99,3,20250815_211617
1755260144.570275,7642481,1956475136,1956.475136,137,99,100,3,20250815_211617
1755260144.580259,7642520,1956485120,1956.48512,140,101,100,3,20250815_211617
1755260144.590243,7642559,1956495104,1956.495104,143,99,101,3,20250815_211617
1755260144.600483,7642599,1956505344,1956.505344,146,101,102,3,20250815_211617
1755260144.610467,7642638,1956515328,1956.515328,150,99,103,3,20250815_211617
1755260144.620451,7642677,1956525312,1956.525312,153,101,106,3,20250815_211617
1755260144.630435,7642716,1956535296,1956.535296,156,98,107,3,20250815_211617
1755260144.640419,7642755,1956545280,1956.54528,159,101,111,3,20250815_211617
1755260144.650403,7642794,1956555264,1956.555264,162,98,113,3,20250815_211617
1755260144.660387,7642833,1956565248,1956.565248,166,100,117,3,20250815_211617
1755260144.670371,7642872,1956575232,1956.575232,169,97,123,3,20250815_211617
1755260144.680355,7642911,1956585216,1956.585216,172,100,127,3,20250815_211617
1755260144.690339,7642950,1956595200,1956.5952,175,98,135,3,20250815_211617
1755260144.700323,7642989,1956605184,1956.605184,178,100,144,3,20250815_211617
1755260144.7103071,7643028,1956615168,1956.615168,182,98,150,3,20250815_211617
1755260144.7202911,7643067,1956625152,1956.625152,185,100,152,3,20250815_211617
1755260144.730275,7643106,1956635136,1956.635136,188,97,158,3,20250815_211617
1755260144.740515,7643146,1956645376,1956.645376,191,100,163,3,20250815_211617
1755260144.750499,7643185,1956655360,1956.65536,194,98,164,3,20250815_211617
1755260144.760483,7643224,1956665344,1956.665344,197,100,164,3,20250815_211617
1755260144.770467,7643263,1956675328,1956.675328,201,97,164,3,20250815_211617
1755260144.780451,7643302,1956685312,1956.685312,204,100,165,3,20250815_211617
1755260144.790435,7643341,1956695296,1956.695296,207,98,166,3,20250815_211617
1755260144.800419,7643380,1956705280,1956.70528,210,100,167,3,20250815_211617
1755260144.810403,7643419,1956715264,1956.715264,213,98,167,3,20250815_211617
1755260144.8203871,7643458,1956725248,1956.725248,217,99,167,3,20250815_211617
1755260144.8303711,7643497,1956735232,1956.735232,220,98,168,3,20250815_211617
1755260144.840355,7643536,1956745216,1956.745216,223,100,168,3,20250815_211617
1755260144.850339,7643575,1956755200,1956.7552,226,98,168,3,20250815_211617
1755260144.860323,7643614,1956765184,1956.765184,229,100,168,3,20250815_211617
1755260144.870307,7643653,1956775168,1956.775168,233,98,167,3,20250815_211617
1755260144.880291,7643692,1956785152,1956.785152,236,100,169,3,20250815_211617
1755260144.890531,7643732,1956795392,1956.795392,239,98,169,3,20250815_211617
1755260144.900515,7643771,1956805376,1956.805376,242,100,169,3,20250815_211617
1755260144.910499,7643810,1956815360,1956.81536,245,98,169,3,20250815_211617
1755260144.920483,7643849,1956825344,1956.825344,248,100,168,3,20250815_211617
1755260144.9304671,7643888,1956835328,1956.835328,252,98,169,3,20250815_211617
1755260144.9404511,7643927,1956845312,1956.845312,0,100,168,3,20250815_211617
1755260144.950435,7643966,1956855296,1956.855296,3,99,169,3,20250815_211617
1755260144.960419,7644005,1956865280,1956.86528,6,101,169,3,20250815_211617
1755260144.970403,7644044,1956875264,1956.875264,9,99,168,3,20250815_211617
1755260144.980387,7644083,1956885248,1956.885248,13,101,170,3,20250815_211617
1755260144.990371,7644122,1956895232,1956.895232,16,99,169,3,20250815_211617
1755260145.000355,7644161,1956905216,1956.905216,19,101,169,3,20250815_211617
1755260145.010339,7644200,1956915200,1956.9152,22,99,168,3,20250815_211617
1755260145.020323,7644239,1956925184,1956.925184,25,101,168,3,20250815_211617
1755260145.030307,7644278,1956935168,1956.935168,28,99,167,3,20250815_211617
1755260145.0405471,7644318,1956945408,1956.945408,32,101,166,3,20250815_211617
1755260145.050531,7644357,1956955392,1956.955392,35,99,163,3,20250815_211617
1755260145.060515,7644396,1956965376,1956.965376,38,101,158,3,20250815_211617
1755260145.070499,7644435,1956975360,1956.97536,41,99,156,3,20250815_211617
1755260145.080483,7644474,1956985344,1956.985344,44,101,147,3,20250815_211617
1755260145.090467,7644513,1956995328,1956.995328,48,99,138,3,20250815_211617
1755260145.100451,7644552,1957005312,1957.005312,51,101,130,3,20250815_211617
1755260145.110435,7644591,1957015296,1957.015296,54,99,123,3,20250815_211617
1755260145.120419,7644630,1957025280,1957.02528,57,101,115,3,20250815_211617
1755260145.130403,7644669,1957035264,1957.035264,60,99,109,3,20250815_211617
1755260145.140387,7644708,1957045248,1957.045248,64,101,104,3,20250815_211617
1755260145.150371,7644747,1957055232,1957.055232,67,98,99,3,20250815_211617
1755260145.160355,7644786,1957065216,1957.065216,70,100,95,3,20250815_211617
1755260145.170339,7644825,1957075200,1957.0752,73,97,95,3,20250815_211617
1755260145.180579,7644865,1957085440,1957.08544,76,100,98,3,20250815_211617
1755260145.190563,7644904,1957095424,1957.095424,79,98,99,3,20250815_211617
1755260145.200547,7644943,1957105408,1957.105408,83,101,98,3,20250815_211617
1755260145.210531,7644982,1957115392,1957.115392,86,98,96,3,20250815_211617
1755260145.220515,7645021,1957125376,1957.125376,89,99,95,3,20250815_211617
1755260145.230499,7645060,1957135360,1957.13536,92,95,96,3,20250815_211617
1755260145.240483,7645099,1957145344,1957.145344,95,98,98,3,20250815_211617
1755260145.250467,7645138,1957155328,1957.155328,99,95,97,3,20250815_211617
1755260145.260451,7645177,1957165312,1957.165312,102,97,96,3,20250815_211617
1755260145.270435,7645216,1957175296,1957.175296,105,94,98,3,20250815_211617
1755260145.280419,7645255,1957185280,1957.18528,108,97,97,3,20250815_211617
1755260145.2904031,7645294,1957195264,1957.195264,111,95,98,3,20250815_211617
1755260145.3003871,7645333,1957205248,1957.205248,115,97,97,3,20250815_211617
1755260145.310371,7645372,1957215232,1957.215232,118,94,97,3,20250815_211617
1755260145.320611,7645412,1957225472,1957.225472,121,96,98,3,20250815_211617
1755260145.330595,7645451,1957235456,1957.235456,124,93,98,3,20250815_211617
1755260145.340579,7645490,1957245440,1957.24544,127,95,98,3,20250815_211617
1755260145.350563,7645529,1957255424,1957.255424,130,92,98,3,20250815_211617
1755260145.360547,7645568,1957265408,1957.265408,134,95,100,3,20250815_211617
1755260145.370531,7645607,1957275392,1957.275392,137,93,100,3,20250815_211617
1755260145.380515,7645646,1957285376,1957.285376,140,95,100,3,20250815_211617
1755260145.390499,7645685,1957295360,1957.29536,143,92,100,3,20250815_211617
1755260145.4004831,7645724,1957305344,1957.305344,146,95,102,3,20250815_211617
1755260145.410467,7645763,1957315328,1957.315328,150,92,103,3,20250815_211617
1755260145.420451,7645802,1957325312,1957.325312,153,95,104,3,20250815_211617
1755260145.430435,7645841,1957335296,1957.335296,156,92,107,3,20250815_211617
1755260145.440419,7645880,1957345280,1957.34528,159,95,110,3,20250815_211617
1755260145.450403,7645919,1957355264,1957.355264,162,93,112,3,20250815_211617
1755260145.460387,7645958,1957365248,1957.365248,166,95,116,3,20250815_211617
1755260145.470627,7645998,1957375488,1957.375488,169,93,121,3,20250815_211617
1755260145.480611,7646037,1957385472,1957.385472,172,96,127,3,20250815_211617
1755260145.490595,7646076,1957395456,1957.395456,175,92,134,3,20250815_211617
1755260145.500579,7646115,1957405440,1957.40544,178,96,142,3,20250815_211617
1755260145.5105631,7646154,1957415424,1957.415424,181,94,149,3,20250815_211617
1755260145.520547,7646193,1957425408,1957.425408,185,95,153,3,20250815_211617
1755260145.530531,7646232,1957435392,1957.435392,188,91,158,3,20250815_211617
1755260145.540515,7646271,1957445376,1957.445376,191,95,162,3,20250815_211617
1755260145.550499,7646310,1957455360,1957.45536,194,93,164,3,20250815_211617
1755260145.560483,7646349,1957465344,1957.465344,197,96,164,3,20250815_211617
1755260145.570467,7646388,1957475328,1957.475328,201,93,165,3,20250815_211617
1755260145.580451,7646427,1957485312,1957.485312,204,96,165,3,20250815_211617
1755260145.590435,7646466,1957495296,1957.495296,207,94,166,3,20250815_211617
1755260145.600419,7646505,1957505280,1957.50528,210,98,166,3,20250815_211617
1755260145.6106591,7646545,1957515520,1957.51552,213,95,167,3,20250815_211617
1755260145.6206431,7646584,1957525504,1957.525504,216,97,167,3,20250815_211617
1755260145.630627,7646623,1957535488,1957.535488,220,94,167,3,20250815_211617
1755260145.640611,7646662,1957545472,1957.545472,223,97,168,3,20250815_211617
1755260145.650595,7646701,1957555456,1957.555456,226,95,168,3,20250815_211617
1755260145.660579,7646740,1957565440,1957.56544,229,99,168,3,20250815_211617
1755260145.670563,7646779,1957575424,1957.575424,232,96,168,3,20250815_211617
1755260145.680547,7646818,1957585408,1957.585408,236,100,168,3,20250815_211617
1755260145.690531,7646857,1957595392,1957.595392,239,96,169,3,20250815_211617
1755260145.700515,7646896,1957605376,1957.605376,242,100,168,3,20250815_211617
1755260145.710499,7646935,1957615360,1957.61536,245,97,169,3,20250815_211617
1755260145.720483,7646974,1957625344,1957.625344,248,100,169,3,20250815_211617
1755260145.730467,7647013,1957635328,1957.635328,252,98,169,3,20250815_211617
1755260145.740451,7647052,1957645312,1957.645312,0,98,169,3,20250815_211617
1755260145.750691,7647092,1957655552,1957.655552,3,99,169,3,20250815_211617
1755260145.760675,7647131,1957665536,1957.665536,6,100,169,3,20250815_211617
1755260145.770659,7647170,1957675520,1957.67552,9,96,169,3,20250815_211617
1755260145.780643,7647209,1957685504,1957.685504,12,98,169,3,20250815_211617
1755260145.790627,7647248,1957695488,1957.695488,16,98,170,3,20250815_211617
1755260145.800611,7647287,1957705472,1957.705472,19,100,169,3,20250815_211617
1755260145.810595,7647326,1957715456,1957.715456,22,96,168,3,20250815_211617
1755260145.820579,7647365,1957725440,1957.72544,25,97,168,3,20250815_211617
1755260145.830563,7647404,1957735424,1957.735424,28,92,167,3,20250815_211617
1755260145.840547,7647443,1957745408,1957.745408,32,97,166,3,20250815_211617
1755260145.850531,7647482,1957755392,1957.755392,35,96,162,3,20250815_211617
1755260145.860515,7647521,1957765376,1957.765376,38,100,157,3,20250815_211617
1755260145.8704991,7647560,1957775360,1957.77536,41,95,151,3,20250815_211617
1755260145.880483,7647599,1957785344,1957.785344,44,95,144,3,20250815_211617
1755260145.890467,7647638,1957795328,1957.795328,48,94,136,3,20250815_211617
1755260145.900707,7647678,1957805568,1957.805568,51,94,127,3,20250815_211617
1755260145.910691,7647717,1957815552,1957.815552,54,94,121,3,20250815_211617
1755260145.920675,7647756,1957825536,1957.825536,57,94,112,3,20250815_211617
1755260145.930659,7647795,1957835520,1957.83552,60,92,107,3,20250815_211617
1755260145.940643,7647834,1957845504,1957.845504,63,92,102,3,20250815_211617
1755260145.950627,7647873,1957855488,1957.855488,67,91,98,3,20250815_211617
1755260145.960611,7647912,1957865472,1957.865472,70,91,96,3,20250815_211617
1755260145.9705951,7647951,1957875456,1957.875456,73,90,96,3,20250815_211617
1755260145.9805791,7647990,1957885440,1957.88544,76,91,97,3,20250815_211617
1755260145.990563,7648029,1957895424,1957.895424,79,90,98,3,20250815_211617
1755260146.000547,7648068,1957905408,1957.905408,83,90,96,3,20250815_211617
1755260146.010531,7648107,1957915392,1957.915392,86,89,96,3,20250815_211617
1755260146.020515,7648146,1957925376,1957.925376,89,90,96,3,20250815_211617
1755260146.030499,7648185,1957935360,1957.93536,92,89,96,3,20250815_211617
1755260146.040739,7648225,1957945600,1957.9456,95,87,96,3,20250815_211617
1755260146.050723,7648264,1957955584,1957.955584,99,88,96,3,20250815_211617
1755260146.060707,7648303,1957965568,1957.965568,102,89,96,3,20250815_211617
1755260146.070691,7648342,1957975552,1957.975552,105,89,97,3,20250815_211617
1755260146.0806751,7648381,1957985536,1957.985536,108,90,97,3,20250815_211617
1755260146.0906591,7648420,1957995520,1957.99552,111,89,98,3,20250815_211617
1755260146.100643,7648459,1958005504,1958.005504,114,90,96,3,20250815_211617
1755260146.110627,7648498,1958015488,1958.015488,118,90,97,3,20250815_211617
1755260146.120611,7648537,1958025472,1958.025472,121,90,97,3,20250815_211617
1755260146.130595,7648576,1958035456,1958.035456,124,89,98,3,20250815_211617
1755260146.140579,7648615,1958045440,1958.04544,127,89,98,3,20250815_211617
1755260146.150563,7648654,1958055424,1958.055424,130,88,99,3,20250815_211617
1755260146.160547,7648693,1958065408,1958.065408,134,89,100,3,20250815_211617
1755260146.170531,7648732,1958075392,1958.075392,137,89,100,3,20250815_211617
1755260146.180771,7648772,1958085632,1958.085632,140,89,99,3,20250815_211617
1755260146.1907551,7648811,1958095616,1958.095616,143,88,100,3,20250815_211617
1755260146.2007391,7648850,1958105600,1958.1056,146,90,102,3,20250815_211617
1755260146.210723,7648889,1958115584,1958.115584,149,89,104,3,20250815_211617
1755260146.220707,7648928,1958125568,1958.125568,153,90,105,3,20250815_211617
1755260146.230691,7648967,1958135552,1958.135552,156,89,107,3,20250815_211617
1755260146.240675,7649006,1958145536,1958.145536,159,90,110,3,20250815_211617
1755260146.250659,7649045,1958155520,1958.15552,162,89,113,3,20250815_211617
1755260146.260643,7649084,1958165504,1958.165504,165,90,117,3,20250815_211617
1755260146.270627,7649123,1958175488,1958.175488,169,88,122,3,20250815_211617
1755260146.280611,7649162,1958185472,1958.185472,172,89,127,3,20250815_211617
1755260146.290595,7649201,1958195456,1958.195456,175,88,136,3,20250815_211617
1755260146.300579,7649240,1958205440,1958.20544,178,89,145,3,20250815_211617
1755260146.310563,7649279,1958215424,1958.215424,181,87,149,3,20250815_211617
1755260146.320803,7649319,1958225664,1958.225664,185,88,154,3,20250815_211617
1755260146.330787,7649358,1958235648,1958.235648,188,87,160,3,20250815_211617
1755260146.340771,7649397,1958245632,1958.245632,191,88,163,3,20250815_211617
1755260146.350755,7649436,1958255616,1958.255616,194,87,164,3,20250815_211617
1755260146.360739,7649475,1958265600,1958.2656,197,89,164,3,20250815_211617
1755260146.370723,7649514,1958275584,1958.275584,200,89,165,3,20250815_211617
1755260146.380707,7649553,1958285568,1958.285568,204,89,165,3,20250815_211617
1755260146.390691,7649592,1958295552,1958.295552,207,88,166,3,20250815_211617
1755260146.400675,7649631,1958305536,1958.305536,210,89,167,3,20250815_211617
1755260146.410659,7649670,1958315520,1958.31552,213,88,167,3,20250815_211617
1755260146.420643,7649709,1958325504,1958.325504,216,89,167,3,20250815_211617
1755260146.430627,7649748,1958335488,1958.335488,220,88,168,3,20250815_211617
1755260146.4406111,7649787,1958345472,1958.345472,223,91,169,3,20250815_211617
1755260146.4505951,7649826,1958355456,1958.355456,226,88,168,3,20250815_211617
1755260146.460579,7649865,1958365440,1958.36544,229,89,168,3,20250815_211617
1755260146.470819,7649905,1958375680,1958.37568,232,89,168,3,20250815_211617
1755260146.480803,7649944,1958385664,1958.385664,236,91,168,3,20250815_211617
1755260146.490787,7649983,1958395648,1958.395648,239,91,168,3,20250815_211617
1755260146.500771,7650022,1958405632,1958.405632,242,93,170,3,20250815_211617
1755260146.510755,7650061,1958415616,1958.415616,245,90,169,3,20250815_211617
1755260146.520739,7650100,1958425600,1958.4256,248,91,169,3,20250815_211617
1755260146.530723,7650139,1958435584,1958.435584,251,90,169,3,20250815_211617
1755260146.540707,7650178,1958445568,1958.445568,0,91,169,3,20250815_211617
1755260146.5506911,7650217,1958455552,1958.455552,3,90,170,3,20250815_211617
1755260146.5606751,7650256,1958465536,1958.465536,6,91,169,3,20250815_211617
1755260146.570659,7650295,1958475520,1958.47552,9,89,169,3,20250815_211617
1755260146.580643,7650334,1958485504,1958.485504,12,90,169,3,20250815_211617
1755260146.590627,7650373,1958495488,1958.495488,16,89,168,3,20250815_211617
1755260146.600611,7650412,1958505472,1958.505472,19,91,169,3,20250815_211617
1755260146.610851,7650452,1958515712,1958.515712,22,90,168,3,20250815_211617
1755260146.620835,7650491,1958525696,1958.525696,25,92,168,3,20250815_211617
1755260146.630819,7650530,1958535680,1958.53568,28,91,167,3,20250815_211617
1755260146.640803,7650569,1958545664,1958.545664,32,93,166,3,20250815_211617
1755260146.650787,7650608,1958555648,1958.555648,35,90,162,3,20250815_211617
1755260146.6607711,7650647,1958565632,1958.565632,38,91,157,3,20250815_211617
1755260146.670755,7650686,1958575616,1958.575616,41,89,153,3,20250815_211617
1755260146.680739,7650725,1958585600,1958.5856,44,92,143,3,20250815_211617
1755260146.690723,7650764,1958595584,1958.595584,47,91,136,3,20250815_211617
1755260146.700707,7650803,1958605568,1958.605568,51,93,128,3,20250815_211617
1755260146.710691,7650842,1958615552,1958.615552,54,90,122,3,20250815_211617
1755260146.720675,7650881,1958625536,1958.625536,57,91,113,3,20250815_211617
1755260146.730659,7650920,1958635520,1958.63552,60,89,107,3,20250815_211617
1755260146.740643,7650959,1958645504,1958.645504,63,91,102,3,20250815_211617
1755260146.750627,7650998,1958655488,1958.655488,67,89,97,3,20250815_211617
1755260146.760867,7651038,1958665728,1958.665728,70,91,96,3,20250815_211617
1755260146.7708511,7651077,1958675712,1958.675712,73,89,95,3,20250815_211617
1755260146.780835,7651116,1958685696,1958.685696,76,91,96,3,20250815_211617
1755260146.790819,7651155,1958695680,1958.69568,79,89,97,3,20250815_211617
1755260146.800803,7651194,1958705664,1958.705664,83,91,96,3,20250815_211617
1755260146.810787,7651233,1958715648,1958.715648,86,89,96,3,20250815_211617
1755260146.820771,7651272,1958725632,1958.725632,89,88,95,3,20250815_211617
1755260146.830755,7651311,1958735616,1958.735616,92,87,95,3,20250815_211617
1755260146.840739,7651350,1958745600,1958.7456,95,88,95,3,20250815_211617
1755260146.850723,7651389,1958755584,1958.755584,98,87,96,3,20250815_211617
1755260146.860707,7651428,1958765568,1958.765568,102,88,95,3,20250815_211617
1755260146.870691,7651467,1958775552,1958.775552,105,87,95,3,20250815_211617
1755260146.880675,7651506,1958785536,1958.785536,108,89,97,3,20250815_211617
1755260146.890659,7651545,1958795520,1958.79552,111,87,96,3,20250815_211617
1755260146.900899,7651585,1958805760,1958.80576,114,87,96,3,20250815_211617
1755260146.910883,7651624,1958815744,1958.815744,118,85,96,3,20250815_211617
1755260146.920867,7651663,1958825728,1958.825728,121,87,96,3,20250815_211617
1755260146.930851,7651702,1958835712,1958.835712,124,85,98,3,20250815_211617
1755260146.940835,7651741,1958845696,1958.845696,127,86,98,3,20250815_211617
1755260146.950819,7651780,1958855680,1958.85568,130,84,99,3,20250815_211617
1755260146.960803,7651819,1958865664,1958.865664,133,87,100,3,20250815_211617
1755260146.970787,7651858,1958875648,1958.875648,137,86,101,3,20250815_211617
1755260146.980771,7651897,1958885632,1958.885632,140,86,102,3,20250815_211617
1755260146.990755,7651936,1958895616,1958.895616,143,84,103,3,20250815_211617
1755260147.000739,7651975,1958905600,1958.9056,146,86,104,3,20250815_211617
1755260147.010723,7652014,1958915584,1958.915584,149,84,106,3,20250815_211617
1755260147.0207071,7652053,1958925568,1958.925568,153,85,108,3,20250815_211617
1755260147.030691,7652092,1958935552,1958.935552,156,84,111,3,20250815_211617
1755260147.040931,7652132,1958945792,1958.945792,159,85,114,3,20250815_211617
1755260147.050915,7652171,1958955776,1958.955776,162,84,117,3,20250815_211617
1755260147.060899,7652210,1958965760,1958.96576,165,85,122,3,20250815_211617
1755260147.070883,7652249,1958975744,1958.975744,169,84,127,3,20250815_211617
1755260147.080867,7652288,1958985728,1958.985728,172,85,134,3,20250815_211617
1755260147.090851,7652327,1958995712,1958.995712,175,84,142,3,20250815_211617
1755260147.100835,7652366,1959005696,1959.005696,178,85,148,3,20250815_211617
1755260147.110819,7652405,1959015680,1959.01568,181,83,152,3,20250815_211617
1755260147.120803,7652444,1959025664,1959.025664,184,85,156,3,20250815_211617
1755260147.1307871,7652483,1959035648,1959.035648,188,83,162,3,20250815_211617
1755260147.140771,7652522,1959045632,1959.045632,191,86,164,3,20250815_211617
1755260147.150755,7652561,1959055616,1959.055616,194,83,164,3,20250815_211617
1755260147.160739,7652600,1959065600,1959.0656,197,85,164,3,20250815_211617
1755260147.170723,7652639,1959075584,1959.075584,200,82,165,3,20250815_211617
1755260147.180707,7652678,1959085568,1959.085568,204,85,166,3,20250815_211617
1755260147.190947,7652718,1959095808,1959.095808,207,84,166,3,20250815_211617
1755260147.200931,7652757,1959105792,1959.105792,210,86,167,3,20250815_211617
1755260147.210915,7652796,1959115776,1959.115776,213,85,167,3,20250815_211617
1755260147.220899,7652835,1959125760,1959.12576,216,88,168,3,20250815_211617
1755260147.2308831,7652874,1959135744,1959.135744,220,86,168,3,20250815_211617
1755260147.2408671,7652913,1959145728,1959.145728,223,87,168,3,20250815_211617
1755260147.250851,7652952,1959155712,1959.155712,226,85,168,3,20250815_211617
1755260147.260835,7652991,1959165696,1959.165696,229,88,168,3,20250815_211617
1755260147.270819,7653030,1959175680,1959.17568,232,86,169,3,20250815_211617
1755260147.280803,7653069,1959185664,1959.185664,235,89,169,3,20250815_211617
1755260147.290787,7653108,1959195648,1959.195648,239,87,169,3,20250815_211617
1755260147.300771,7653147,1959205632,1959.205632,242,90,170,3,20250815_211617
1755260147.310755,7653186,1959215616,1959.215616,245,88,169,3,20250815_211617
1755260147.320739,7653225,1959225600,1959.2256,248,90,169,3,20250815_211617
1755260147.330979,7653265,1959235840,1959.23584,251,89,169,3,20250815_211617
1755260147.3409631,7653304,1959245824,1959.245824,0,91,169,3,20250815_211617
1755260147.3509471,7653343,1959255808,1959.255808,3,88,169,3,20250815_211617
1755260147.360931,7653382,1959265792,1959.265792,6,91,169,3,20250815_211617
1755260147.370915,7653421,1959275776,1959.275776,9,89,169,3,20250815_211617
1755260147.380899,7653460,1959285760,1959.28576,12,91,169,3,20250815_211617
1755260147.390883,7653499,1959295744,1959.295744,16,88,169,3,20250815_211617
1755260147.400867,7653538,1959305728,1959.305728,19,90,168,3,20250815_211617
1755260147.410851,7653577,1959315712,1959.315712,22,88,168,3,20250815_211617
1755260147.420835,7653616,1959325696,1959.325696,25,90,167,3,20250815_211617
1755260147.430819,7653655,1959335680,1959.33568,28,87,167,3,20250815_211617
1755260147.440803,7653694,1959345664,1959.345664,31,89,166,3,20250815_211617
1755260147.450787,7653733,1959355648,1959.355648,35,87,162,3,20250815_211617
1755260147.460771,7653772,1959365632,1959.365632,38,89,158,3,20250815_211617
1755260147.470755,7653811,1959375616,1959.375616,41,86,153,3,20250815_211617
1755260147.480995,7653851,1959385856,1959.385856,44,88,146,3,20250815_211617
1755260147.490979,7653890,1959395840,1959.39584,47,85,139,3,20250815_211617
1755260147.500963,7653929,1959405824,1959.405824,51,88,131,3,20250815_211617
1755260147.510947,7653968,1959415808,1959.415808,54,85,124,3,20250815_211617
1755260147.520931,7654007,1959425792,1959.425792,57,87,116,3,20250815_211617
1755260147.530915,7654046,1959435776,1959.435776,60,84,110,3,20250815_211617
1755260147.540899,7654085,1959445760,1959.44576,63,86,104,3,20250815_211617
1755260147.550883,7654124,1959455744,1959.455744,66,84,100,3,20250815_211617
1755260147.560867,7654163,1959465728,1959.465728,70,86,97,3,20250815_211617
1755260147.570851,7654202,1959475712,1959.475712,73,84,96,3,20250815_211617
1755260147.580835,7654241,1959485696,1959.485696,76,85,97,3,20250815_211617
1755260147.5908191,7654280,1959495680,1959.49568,79,83,98,3,20250815_211617
1755260147.6008031,7654319,1959505664,1959.505664,82,84,98,3,20250815_211617
1755260147.610787,7654358,1959515648,1959.515648,86,82,97,3,20250815_211617
1755260147.621027,7654398,1959525888,1959.525888,89,84,96,3,20250815_211617
1755260147.631011,7654437,1959535872,1959.535872,92,81,97,3,20250815_211617
1755260147.640995,7654476,1959545856,1959.545856,95,83,97,3,20250815_211617
1755260147.650979,7654515,1959555840,1959.55584,98,81,97,3,20250815_211617
1755260147.660963,7654554,1959565824,1959.565824,102,82,95,3,20250815_211617
1755260147.670947,7654593,1959575808,1959.575808,105,81,98,3,20250815_211617
1755260147.680931,7654632,1959585792,1959.585792,108,83,98,3,20250815_211617
1755260147.690915,7654671,1959595776,1959.595776,111,81,98,3,20250815_211617
1755260147.7008991,7654710,1959605760,1959.60576,114,83,97,3,20250815_211617
1755260147.7108831,7654749,1959615744,1959.615744,117,80,97,3,20250815_211617
1755260147.720867,7654788,1959625728,1959.625728,121,83,97,3,20250815_211617
1755260147.730851,7654827,1959635712,1959.635712,124,81,98,3,20250815_211617
1755260147.740835,7654866,1959645696,1959.645696,127,82,99,3,20250815_211617
1755260147.750819,7654905,1959655680,1959.65568,130,80,100,3,20250815_211617
1755260147.761059,7654945,1959665920,1959.66592,133,83,100,3,20250815_211617
1755260147.771043,7654984,1959675904,1959.675904,137,81,100,3,20250815_211617
1755260147.781027,7655023,1959685888,1959.685888,140,84,100,3,20250815_211617
1755260147.791011,7655062,1959695872,1959.695872,143,82,102,3,20250815_211617
1755260147.800995,7655101,1959705856,1959.705856,146,84,104,3,20250815_211617
1755260147.8109791,7655140,1959715840,1959.71584,149,81,105,3,20250815_211617
1755260147.8209631,7655179,1959725824,1959.725824,153,84,108,3,20250815_211617
1755260147.830947,7655218,1959735808,1959.735808,156,80,110,3,20250815_211617
1755260147.840931,7655257,1959745792,1959.745792,159,83,112,3,20250815_211617
1755260147.850915,7655296,1959755776,1959.755776,162,80,115,3,20250815_211617
1755260147.860899,7655335,1959765760,1959.76576,165,83,119,3,20250815_211617
1755260147.870883,7655374,1959775744,1959.775744,168,81,125,3,20250815_211617
1755260147.880867,7655413,1959785728,1959.785728,172,83,130,3,20250815_211617
1755260147.890851,7655452,1959795712,1959.795712,175,80,137,3,20250815_211617
1755260147.900835,7655491,1959805696,1959.805696,178,83,146,3,20250815_211617
1755260147.911075,7655531,1959815936,1959.815936,181,80,150,3,20250815_211617
1755260147.9210591,7655570,1959825920,1959.82592,184,82,155,3,20250815_211617
1755260147.931043,7655609,1959835904,1959.835904,188,80,160,3,20250815_211617
1755260147.941027,7655648,1959845888,1959.845888,191,83,164,3,20250815_211617
1755260147.951011,7655687,1959855872,1959.855872,194,81,164,3,20250815_211617
1755260147.960995,7655726,1959865856,1959.865856,197,84,165,3,20250815_211617
1755260147.970979,7655765,1959875840,1959.87584,200,81,164,3,20250815_211617
1755260147.980963,7655804,1959885824,1959.885824,204,84,165,3,20250815_211617
1755260147.990947,7655843,1959895808,1959.895808,207,81,166,3,20250815_211617
1755260148.000931,7655882,1959905792,1959.905792,210,83,167,3,20250815_211617
1755260148.010915,7655921,1959915776,1959.915776,213,82,167,3,20250815_211617
1755260148.020899,7655960,1959925760,1959.92576,216,85,168,3,20250815_211617
1755260148.030883,7655999,1959935744,1959.935744,219,83,168,3,20250815_211617
1755260148.040867,7656038,1959945728,1959.945728,223,85,168,3,20250815_211617
1755260148.050851,7656077,1959955712,1959.955712,226,82,169,3,20250815_211617
1755260148.061091,7656117,1959965952,1959.965952,229,85,168,3,20250815_211617
1755260148.071075,7656156,1959975936,1959.975936,232,84,169,3,20250815_211617
1755260148.081059,7656195,1959985920,1959.98592,235,87,169,3,20250815_211617
1755260148.091043,7656234,1959995904,1959.995904,239,84,169,3,20250815_211617
1755260148.101027,7656273,1960005888,1960.005888,242,86,169,3,20250815_211617
1755260148.111011,7656312,1960015872,1960.015872,245,83,170,3,20250815_211617
1755260148.120995,7656351,1960025856,1960.025856,248,85,169,3,20250815_211617
1755260148.130979,7656390,1960035840,1960.03584,251,83,170,3,20250815_211617
1755260148.140963,7656429,1960045824,1960.045824,254,85,170,3,20250815_211617
1755260148.150947,7656468,1960055808,1960.055808,3,84,170,3,20250815_211617
1755260148.160931,7656507,1960065792,1960.065792,6,86,170,3,20250815_211617
1755260148.1709151,7656546,1960075776,1960.075776,9,83,170,3,20250815_211617
1755260148.1808991,7656585,1960085760,1960.08576,12,85,170,3,20250815_211617
1755260148.190883,7656624,1960095744,1960.095744,15,83,170,3,20250815_211617
1755260148.201123,7656664,1960105984,1960.105984,19,84,169,3,20250815_211617
1755260148.211107,7656703,1960115968,1960.115968,22,82,169,3,20250815_211617
1755260148.221091,7656742,1960125952,1960.125952,25,84,169,3,20250815_211617
1755260148.231075,7656781,1960135936,1960.135936,28,82,169,3,20250815_211617
1755260148.241059,7656820,1960145920,1960.14592,31,84,168,3,20250815_211617
1755260148.251043,7656859,1960155904,1960.155904,35,82,166,3,20250815_211617
1755260148.261027,7656898,1960165888,1960.165888,38,83,163,3,20250815_211617
1755260148.271011,7656937,1960175872,1960.175872,41,80,160,3,20250815_211617
1755260148.2809951,7656976,1960185856,1960.185856,44,83,152,3,20250815_211617
1755260148.290979,7657015,1960195840,1960.19584,47,80,144,3,20250815_211617
1755260148.300963,7657054,1960205824,1960.205824,50,83,136,3,20250815_211617
1755260148.310947,7657093,1960215808,1960.215808,54,80,128,3,20250815_211617
1755260148.320931,7657132,1960225792,1960.225792,57,82,122,3,20250815_211617
1755260148.330915,7657171,1960235776,1960.235776,60,79,114,3,20250815_211617
1755260148.341155,7657211,1960246016,1960.246016,63,83,107,3,20250815_211617
1755260148.351139,7657250,1960256000,1960.256,66,80,102,3,20250815_211617
1755260148.361123,7657289,1960265984,1960.265984,70,82,97,3,20250815_211617
1755260148.371107,7657328,1960275968,1960.275968,73,79,95,3,20250815_211617
1755260148.381091,7657367,1960285952,1960.285952,76,83,97,3,20250815_211617
1755260148.3910751,7657406,1960295936,1960.295936,79,80,101,3,20250815_211617
1755260148.401059,7657445,1960305920,1960.30592,82,83,99,3,20250815_211617
1755260148.411043,7657484,1960315904,1960.315904,86,80,98,3,20250815_211617
1755260148.421027,7657523,1960325888,1960.325888,89,82,96,3,20250815_211617
1755260148.431011,7657562,1960335872,1960.335872,92,79,96,3,20250815_211617
1755260148.440995,7657601,1960345856,1960.345856,95,82,97,3,20250815_211617
1755260148.450979,7657640,1960355840,1960.35584,98,79,97,3,20250815_211617
1755260148.460963,7657679,1960365824,1960.365824,101,81,97,3,20250815_211617
1755260148.470947,7657718,1960375808,1960.375808,105,79,98,3,20250815_211617
1755260148.480931,7657757,1960385792,1960.385792,108,81,96,3,20250815_211617
1755260148.4911711,7657797,1960396032,1960.396032,111,79,98,3,20250815_211617
1755260148.5011551,7657836,1960406016,1960.406016,114,82,97,3,20250815_211617
1755260148.511139,7657875,1960416000,1960.416,117,79,97,3,20250815_211617
1755260148.521123,7657914,1960425984,1960.425984,121,82,97,3,20250815_211617
1755260148.531107,7657953,1960435968,1960.435968,124,79,98,3,20250815_211617
1755260148.541091,7657992,1960445952,1960.445952,127,82,99,3,20250815_211617
1755260148.551075,7658031,1960455936,1960.455936,130,80,99,3,20250815_211617
1755260148.561059,7658070,1960465920,1960.46592,133,82,100,3,20250815_211617
1755260148.571043,7658109,1960475904,1960.475904,136,79,100,3,20250815_211617
1755260148.581027,7658148,1960485888,1960.485888,140,81,101,3,20250815_211617
1755260148.591011,7658187,1960495872,1960.495872,143,79,102,3,20250815_211617
1755260148.600995,7658226,1960505856,1960.505856,146,81,103,3,20250815_211617
1755260148.610979,7658265,1960515840,1960.51584,149,79,105,3,20250815_211617
1755260148.620963,7658304,1960525824,1960.525824,152,81,107,3,20250815_211617
1755260148.630947,7658343,1960535808,1960.535808,156,77,109,3,20250815_211617
1755260148.641187,7658383,1960546048,1960.546048,159,80,112,3,20250815_211617
1755260148.651171,7658422,1960556032,1960.556032,162,77,115,3,20250815_211617
1755260148.661155,7658461,1960566016,1960.566016,165,80,120,3,20250815_211617
1755260148.671139,7658500,1960576000,1960.576,168,77,126,3,20250815_211617
1755260148.681123,7658539,1960585984,1960.585984,172,81,131,3,20250815_211617
1755260148.691107,7658578,1960595968,1960.595968,175,77,140,3,20250815_211617
1755260148.701091,7658617,1960605952,1960.605952,178,80,148,3,20250815_211617
1755260148.711075,7658656,1960615936,1960.615936,181,77,152,3,20250815_211617
1755260148.721059,7658695,1960625920,1960.62592,184,79,156,3,20250815_211617
1755260148.731043,7658734,1960635904,1960.635904,187,76,162,3,20250815_211617
1755260148.741027,7658773,1960645888,1960.645888,191,79,164,3,20250815_211617
1755260148.7510111,7658812,1960655872,1960.655872,194,77,164,3,20250815_211617
1755260148.760995,7658851,1960665856,1960.665856,197,80,165,3,20250815_211617
1755260148.770979,7658890,1960675840,1960.67584,200,77,165,3,20250815_211617
1755260148.781219,7658930,1960686080,1960.68608,203,80,165,3,20250815_211617
1755260148.791203,7658969,1960696064,1960.696064,207,77,166,3,20250815_211617
1755260148.801187,7659008,1960706048,1960.706048,210,80,167,3,20250815_211617
1755260148.811171,7659047,1960716032,1960.716032,213,77,168,3,20250815_211617
1755260148.821155,7659086,1960726016,1960.726016,216,80,168,3,20250815_211617
1755260148.831139,7659125,1960736000,1960.736,219,78,168,3,20250815_211617
1755260148.841123,7659164,1960745984,1960.745984,223,82,169,3,20250815_211617
1755260148.8511071,7659203,1960755968,1960.755968,226,79,169,3,20250815_211617
1755260148.8610911,7659242,1960765952,1960.765952,229,82,169,3,20250815_211617
1755260148.871075,7659281,1960775936,1960.775936,232,79,169,3,20250815_211617
1755260148.881059,7659320,1960785920,1960.78592,235,82,169,3,20250815_211617
1755260148.891043,7659359,1960795904,1960.795904,238,79,170,3,20250815_211617
1755260148.901027,7659398,1960805888,1960.805888,242,82,169,3,20250815_211617
1755260148.911011,7659437,1960815872,1960.815872,245,81,170,3,20250815_211617
1755260148.920995,7659476,1960825856,1960.825856,248,83,169,3,20250815_211617
1755260148.931235,7659516,1960836096,1960.836096,251,81,170,3,20250815_211617
1755260148.941219,7659555,1960846080,1960.84608,254,84,169,3,20250815_211617
1755260148.951203,7659594,1960856064,1960.856064,3,81,170,3,20250815_211617
1755260148.9611871,7659633,1960866048,1960.866048,6,84,170,3,20250815_211617
1755260148.9711711,7659672,1960876032,1960.876032,9,81,169,3,20250815_211617
1755260148.981155,7659711,1960886016,1960.886016,12,84,170,3,20250815_211617
1755260148.991139,7659750,1960896000,1960.896,15,81,170,3,20250815_211617
1755260149.001123,7659789,1960905984,1960.905984,19,83,169,3,20250815_211617
1755260149.011107,7659828,1960915968,1960.915968,22,80,169,3,20250815_211617
1755260149.021091,7659867,1960925952,1960.925952,25,82,169,3,20250815_211617
1755260149.031075,7659906,1960935936,1960.935936,28,80,168,3,20250815_211617
1755260149.041059,7659945,1960945920,1960.94592,31,82,167,3,20250815_211617
1755260149.051043,7659984,1960955904,1960.955904,34,80,167,3,20250815_211617
1755260149.061027,7660023,1960965888,1960.965888,38,82,163,3,20250815_211617
1755260149.071011,7660062,1960975872,1960.975872,41,80,161,3,20250815_211617
1755260149.0812511,7660102,1960986112,1960.986112,44,82,153,3,20250815_211617
1755260149.091235,7660141,1960996096,1960.996096,47,80,145,3,20250815_211617
1755260149.101219,7660180,1961006080,1961.00608,50,82,137,3,20250815_211617
1755260149.111203,7660219,1961016064,1961.016064,54,79,130,3,20250815_211617
1755260149.121187,7660258,1961026048,1961.026048,57,82,122,3,20250815_211617
1755260149.131171,7660297,1961036032,1961.036032,60,78,115,3,20250815_211617
1755260149.141155,7660336,1961046016,1961.046016,63,82,107,3,20250815_211617
1755260149.151139,7660375,1961056000,1961.056,66,78,103,3,20250815_211617
1755260149.161123,7660414,1961065984,1961.065984,69,81,98,3,20250815_211617
1755260149.171107,7660453,1961075968,1961.075968,73,78,95,3,20250815_211617
1755260149.181091,7660492,1961085952,1961.085952,76,80,97,3,20250815_211617
1755260149.191075,7660531,1961095936,1961.095936,79,78,100,3,20250815_211617
1755260149.201059,7660570,1961105920,1961.10592,82,80,100,3,20250815_211617
1755260149.2110431,7660609,1961115904,1961.115904,85,79,99,3,20250815_211617
1755260149.221283,7660649,1961126144,1961.126144,89,81,97,3,20250815_211617
1755260149.231267,7660688,1961136128,1961.136128,92,77,96,3,20250815_211617
1755260149.241251,7660727,1961146112,1961.146112,95,80,97,3,20250815_211617
1755260149.251235,7660766,1961156096,1961.156096,98,77,97,3,20250815_211617
1755260149.261219,7660805,1961166080,1961.16608,101,79,96,3,20250815_211617
1755260149.271203,7660844,1961176064,1961.176064,105,76,97,3,20250815_211617
1755260149.281187,7660883,1961186048,1961.186048,108,79,97,3,20250815_211617
1755260149.291171,7660922,1961196032,1961.196032,111,77,97,3,20250815_211617
1755260149.301155,7660961,1961206016,1961.206016,114,79,98,3,20250815_211617
1755260149.311139,7661000,1961216000,1961.216,117,75,98,3,20250815_211617
1755260149.3211231,7661039,1961225984,1961.225984,120,78,98,3,20250815_211617
1755260149.3311071,7661078,1961235968,1961.235968,124,77,98,3,20250815_211617
1755260149.341091,7661117,1961245952,1961.245952,127,79,99,3,20250815_211617
1755260149.351075,7661156,1961255936,1961.255936,130,76,98,3,20250815_211617
1755260149.361059,7661195,1961265920,1961.26592,133,79,99,3,20250815_211617
1755260149.371299,7661235,1961276160,1961.27616,136,77,101,3,20250815_211617
1755260149.381283,7661274,1961286144,1961.286144,140,80,100,3,20250815_211617
1755260149.391267,7661313,1961296128,1961.296128,143,76,101,3,20250815_211617
1755260149.401251,7661352,1961306112,1961.306112,146,78,103,3,20250815_211617
1755260149.411235,7661391,1961316096,1961.316096,149,76,104,3,20250815_211617
1755260149.421219,7661430,1961326080,1961.32608,152,78,106,3,20250815_211617
1755260149.4312031,7661469,1961336064,1961.336064,156,76,108,3,20250815_211617
1755260149.4411871,7661508,1961346048,1961.346048,159,78,112,3,20250815_211617
1755260149.451171,7661547,1961356032,1961.356032,162,75,114,3,20250815_211617
1755260149.461155,7661586,1961366016,1961.366016,165,78,119,3,20250815_211617
1755260149.471139,7661625,1961376000,1961.376,168,76,126,3,20250815_211617
1755260149.481123,7661664,1961385984,1961.385984,171,80,131,3,20250815_211617
1755260149.491107,7661703,1961395968,1961.395968,175,76,139,3,20250815_211617
1755260149.501347,7661743,1961406208,1961.406208,178,79,148,3,20250815_211617
1755260149.511331,7661782,1961416192,1961.416192,181,77,151,3,20250815_211617
1755260149.521315,7661821,1961426176,1961.426176,184,80,156,3,20250815_211617
1755260149.531299,7661860,1961436160,1961.43616,187,76,162,3,20250815_211617
1755260149.5412831,7661899,1961446144,1961.446144,191,77,164,3,20250815_211617
1755260149.551267,7661938,1961456128,1961.456128,194,76,165,3,20250815_211617
1755260149.561251,7661977,1961466112,1961.466112,197,79,165,3,20250815_211617
1755260149.571491,7662017,1961476352,1961.476352,200,77,165,3,20250815_211617
1755260149.581475,7662056,1961486336,1961.486336,203,80,166,3,20250815_211617
1755260149.591459,7662095,1961496320,1961.49632,207,77,167,3,20250815_211617
1755260149.601443,7662134,1961506304,1961.506304,210,82,167,3,20250815_211617
1755260149.611427,7662173,1961516288,1961.516288,213,78,167,3,20250815_211617
1755260149.621411,7662212,1961526272,1961.526272,216,81,168,3,20250815_211617
1755260149.631395,7662251,1961536256,1961.536256,219,79,168,3,20250815_211617
1755260149.641635,7662291,1961546496,1961.546496,223,82,168,3,20250815_211617
1755260149.651619,7662330,1961556480,1961.55648,226,80,168,3,20250815_211617
1755260149.661603,7662369,1961566464,1961.566464,229,82,170,3,20250815_211617
1755260149.671587,7662408,1961576448,1961.576448,232,79,170,3,20250815_211617
1755260149.681571,7662447,1961586432,1961.586432,235,82,170,3,20250815_211617
1755260149.691555,7662486,1961596416,1961.596416,238,80,169,3,20250815_211617
1755260149.701539,7662525,1961606400,1961.6064,242,84,170,3,20250815_211617
1755260149.711523,7662564,1961616384,1961.616384,245,81,170,3,20250815_211617
1755260149.7217631,7662604,1961626624,1961.626624,248,84,170,3,20250815_211617
1755260149.731747,7662643,1961636608,1961.636608,251,82,170,3,20250815_211617
1755260149.741731,7662682,1961646592,1961.646592,254,84,170,3,20250815_211617
1755260149.751715,7662721,1961656576,1961.656576,3,81,170,3,20250815_211617
1755260149.761699,7662760,1961666560,1961.66656,6,83,170,3,20250815_211617
1755260149.771683,7662799,1961676544,1961.676544,9,81,170,3,20250815_211617
1755260149.781923,7662839,1961686784,1961.686784,12,85,170,3,20250815_211617
1755260149.791907,7662878,1961696768,1961.696768,15,83,170,3,20250815_211617
1755260149.801891,7662917,1961706752,1961.706752,19,85,170,3,20250815_211617
1755260149.811875,7662956,1961716736,1961.716736,22,82,169,3,20250815_211617
1755260149.8218591,7662995,1961726720,1961.72672,25,83,169,3,20250815_211617
1755260149.8318431,7663034,1961736704,1961.736704,28,81,169,3,20250815_211617
1755260149.841827,7663073,1961746688,1961.746688,31,82,168,3,20250815_211617
1755260149.852067,7663113,1961756928,1961.756928,35,79,167,3,20250815_211617
1755260149.862051,7663152,1961766912,1961.766912,38,83,165,3,20250815_211617
1755260149.872035,7663191,1961776896,1961.776896,41,81,163,3,20250815_211617
1755260149.882019,7663230,1961786880,1961.78688,44,84,155,3,20250815_211617
1755260149.892003,7663269,1961796864,1961.796864,47,81,146,3,20250815_211617
1755260149.901987,7663308,1961806848,1961.806848,51,83,137,3,20250815_211617
1755260149.911971,7663347,1961816832,1961.816832,54,80,131,3,20250815_211617
1755260149.921955,7663386,1961826816,1961.826816,57,81,124,3,20250815_211617
1755260149.9319391,7663425,1961836800,1961.8368,60,78,115,3,20250815_211617
1755260149.942179,7663465,1961847040,1961.84704,63,80,109,3,20250815_211617
1755260149.952163,7663504,1961857024,1961.857024,66,80,104,3,20250815_211617
1755260149.962147,7663543,1961867008,1961.867008,70,82,100,3,20250815_211617
1755260149.972131,7663582,1961876992,1961.876992,73,80,96,3,20250815_211617
1755260149.982115,7663621,1961886976,1961.886976,76,82,96,3,20250815_211617
1755260149.992099,7663660,1961896960,1961.89696,79,79,99,3,20250815_211617
1755260150.002083,7663699,1961906944,1961.906944,82,81,98,3,20250815_211617
1755260150.012067,7663738,1961916928,1961.916928,86,78,97,3,20250815_211617
1755260150.022051,7663777,1961926912,1961.926912,89,79,96,3,20250815_211617
1755260150.032035,7663816,1961936896,1961.936896,92,77,97,3,20250815_211617
1755260150.0420191,7663855,1961946880,1961.94688,95,79,97,3,20250815_211617
1755260150.0520031,7663894,1961956864,1961.956864,98,77,97,3,20250815_211617
1755260150.061987,7663933,1961966848,1961.966848,102,78,97,3,20250815_211617
1755260150.071971,7663972,1961976832,1961.976832,105,76,96,3,20250815_211617
1755260150.081955,7664011,1961986816,1961.986816,108,79,97,3,20250815_211617
1755260150.092195,7664051,1961997056,1961.997056,111,78,97,3,20250815_211617
1755260150.102179,7664090,1962007040,1962.00704,114,80,97,3,20250815_211617
1755260150.112163,7664129,1962017024,1962.017024,117,78,97,3,20250815_211617
1755260150.122147,7664168,1962027008,1962.027008,121,80,97,3,20250815_211617
1755260150.132131,7664207,1962036992,1962.036992,124,78,98,3,20250815_211617
1755260150.142115,7664246,1962046976,1962.046976,127,79,98,3,20250815_211617
1755260150.1520991,7664285,1962056960,1962.05696,130,77,98,3,20250815_211617
1755260150.162083,7664324,1962066944,1962.066944,133,82,99,3,20250815_211617
1755260150.172067,7664363,1962076928,1962.076928,137,76,99,3,20250815_211617
1755260150.182051,7664402,1962086912,1962.086912,140,80,100,3,20250815_211617
1755260150.192035,7664441,1962096896,1962.096896,143,78,101,3,20250815_211617
1755260150.202019,7664480,1962106880,1962.10688,146,80,102,3,20250815_211617
1755260150.212003,7664519,1962116864,1962.116864,149,78,104,3,20250815_211617
1755260150.221987,7664558,1962126848,1962.126848,153,80,106,3,20250815_211617
1755260150.232227,7664598,1962137088,1962.137088,156,78,107,3,20250815_211617
1755260150.242211,7664637,1962147072,1962.147072,159,80,111,3,20250815_211617
1755260150.2521951,7664676,1962157056,1962.157056,162,78,114,3,20250815_211617
1755260150.2621791,7664715,1962167040,1962.16704,165,80,117,3,20250815_211617
1755260150.272163,7664754,1962177024,1962.177024,168,77,124,3,20250815_211617
1755260150.282147,7664793,1962187008,1962.187008,172,79,129,3,20250815_211617
1755260150.292131,7664832,1962196992,1962.196992,175,77,136,3,20250815_211617
1755260150.302115,7664871,1962206976,1962.206976,178,79,146,3,20250815_211617
1755260150.312099,7664910,1962216960,1962.21696,181,78,151,3,20250815_211617
1755260150.322083,7664949,1962226944,1962.226944,184,79,156,3,20250815_211617
1755260150.332067,7664988,1962236928,1962.236928,188,77,160,3,20250815_211617
1755260150.342051,7665027,1962246912,1962.246912,191,79,164,3,20250815_211617
1755260150.352035,7665066,1962256896,1962.256896,194,77,164,3,20250815_211617
1755260150.362019,7665105,1962266880,1962.26688,197,80,165,3,20250815_211617
1755260150.372003,7665144,1962276864,1962.276864,200,77,165,3,20250815_211617
1755260150.382243,7665184,1962287104,1962.287104,203,80,166,3,20250815_211617
1755260150.392227,7665223,1962297088,1962.297088,207,78,167,3,20250815_211617
1755260150.402211,7665262,1962307072,1962.307072,210,81,167,3,20250815_211617
1755260150.412195,7665301,1962317056,1962.317056,213,79,167,3,20250815_211617
1755260150.422179,7665340,1962327040,1962.32704,216,81,168,3,20250815_211617
1755260150.432163,7665379,1962337024,1962.337024,219,79,168,3,20250815_211617
1755260150.442147,7665418,1962347008,1962.347008,223,81,168,3,20250815_211617
1755260150.452131,7665457,1962356992,1962.356992,226,78,169,3,20250815_211617
1755260150.462115,7665496,1962366976,1962.366976,229,81,169,3,20250815_211617
1755260150.472099,7665535,1962376960,1962.37696,232,78,169,3,20250815_211617
1755260150.482083,7665574,1962386944,1962.386944,235,82,169,3,20250815_211617
1755260150.492067,7665613,1962396928,1962.396928,239,80,169,3,20250815_211617
1755260150.502307,7665653,1962407168,1962.407168,242,82,170,3,20250815_211617
1755260150.512291,7665692,1962417152,1962.417152,245,80,169,3,20250815_211617
1755260150.522275,7665731,1962427136,1962.427136,248,82,170,3,20250815_211617
1755260150.532259,7665770,1962437120,1962.43712,251,80,170,3,20250815_211617
1755260150.542243,7665809,1962447104,1962.447104,254,82,170,3,20250815_211617
1755260150.552227,7665848,1962457088,1962.457088,3,78,169,3,20250815_211617
1755260150.562211,7665887,1962467072,1962.467072,6,81,169,3,20250815_211617
1755260150.572195,7665926,1962477056,1962.477056,9,79,171,3,20250815_211617
1755260150.582179,7665965,1962487040,1962.48704,12,80,170,3,20250815_211617
1755260150.592163,7666004,1962497024,1962.497024,15,78,169,3,20250815_211617
1755260150.602147,7666043,1962507008,1962.507008,19,78,170,3,20250815_211617
1755260150.612131,7666082,1962516992,1962.516992,22,77,170,3,20250815_211617
1755260150.6221151,7666121,1962526976,1962.526976,25,78,169,3,20250815_211617
1755260150.632099,7666160,1962536960,1962.53696,28,76,168,3,20250815_211617
1755260150.642339,7666200,1962547200,1962.5472,31,80,168,3,20250815_211617
1755260150.652323,7666239,1962557184,1962.557184,35,78,167,3,20250815_211617
1755260150.662307,7666278,1962567168,1962.567168,38,78,163,3,20250815_211617
1755260150.672291,7666317,1962577152,1962.577152,41,77,161,3,20250815_211617
1755260150.682275,7666356,1962587136,1962.587136,44,78,153,3,20250815_211617
1755260150.692259,7666395,1962597120,1962.59712,47,75,143,3,20250815_211617
1755260150.702243,7666434,1962607104,1962.607104,50,79,136,3,20250815_211617
1755260150.712227,7666473,1962617088,1962.617088,54,51,127,3,20250815_211617
1755260150.7222111,7666512,1962627072,1962.627072,57,65,119,3,20250815_211617
1755260150.7321951,7666551,1962637056,1962.637056,60,67,112,3,20250815_211617
1755260150.742179,7666590,1962647040,1962.64704,63,69,106,3,20250815_211617
1755260150.752163,7666629,1962657024,1962.657024,66,66,101,3,20250815_211617
1755260150.762147,7666668,1962667008,1962.667008,70,56,97,3,20250815_211617
1755260150.772131,7666707,1962676992,1962.676992,73,62,96,3,20250815_211617
1755260150.782115,7666746,1962686976,1962.686976,76,67,97,3,20250815_211617
1755260150.792355,7666786,1962697216,1962.697216,79,21,99,3,20250815_211617
1755260150.802339,7666825,1962707200,1962.7072,82,82,99,3,20250815_211617
1755260150.812323,7666864,1962717184,1962.717184,86,80,98,3,20250815_211617
1755260150.822307,7666903,1962727168,1962.727168,89,83,96,3,20250815_211617
1755260150.8322911,7666942,1962737152,1962.737152,92,80,97,3,20250815_211617
1755260150.8422751,7666981,1962747136,1962.747136,95,83,97,3,20250815_211617
1755260150.852259,7667020,1962757120,1962.75712,98,80,97,3,20250815_211617
1755260150.862243,7667059,1962767104,1962.767104,101,83,97,3,20250815_211617
1755260150.872227,7667098,1962777088,1962.777088,105,80,97,3,20250815_211617
1755260150.882211,7667137,1962787072,1962.787072,108,82,96,3,20250815_211617
1755260150.892195,7667176,1962797056,1962.797056,111,80,98,3,20250815_211617
1755260150.902179,7667215,1962807040,1962.80704,114,82,97,3,20250815_211617
1755260150.912163,7667254,1962817024,1962.817024,117,79,98,3,20250815_211617
1755260150.922147,7667293,1962827008,1962.827008,121,82,98,3,20250815_211617
1755260150.932387,7667333,1962837248,1962.837248,124,78,97,3,20250815_211617
1755260150.9423711,7667372,1962847232,1962.847232,127,82,99,3,20250815_211617
1755260150.952355,7667411,1962857216,1962.857216,130,78,99,3,20250815_211617
1755260150.962339,7667450,1962867200,1962.8672,133,82,100,3,20250815_211617
1755260150.972323,7667489,1962877184,1962.877184,136,78,100,3,20250815_211617
1755260150.982307,7667528,1962887168,1962.887168,140,81,100,3,20250815_211617
1755260150.992291,7667567,1962897152,1962.897152,143,78,101,3,20250815_211617
1755260151.002275,7667606,1962907136,1962.907136,146,81,102,3,20250815_211617
1755260151.012259,7667645,1962917120,1962.91712,149,77,104,3,20250815_211617
1755260151.022243,7667684,1962927104,1962.927104,152,81,106,3,20250815_211617
1755260151.032227,7667723,1962937088,1962.937088,156,77,109,3,20250815_211617
1755260151.042211,7667762,1962947072,1962.947072,159,80,112,3,20250815_211617
1755260151.052195,7667801,1962957056,1962.957056,162,76,114,3,20250815_211617
1755260151.062179,7667840,1962967040,1962.96704,165,80,119,3,20250815_211617
1755260151.072163,7667879,1962977024,1962.977024,168,77,125,3,20250815_211617
1755260151.082403,7667919,1962987264,1962.987264,172,80,130,3,20250815_211617
1755260151.092387,7667958,1962997248,1962.997248,175,77,139,3,20250815_211617
1755260151.102371,7667997,1963007232,1963.007232,178,80,147,3,20250815_211617
1755260151.112355,7668036,1963017216,1963.017216,181,78,151,3,20250815_211617
1755260151.122339,7668075,1963027200,1963.0272,184,80,156,3,20250815_211617
1755260151.132323,7668114,1963037184,1963.037184,187,78,162,3,20250815_211617
1755260151.142307,7668153,1963047168,1963.047168,191,81,164,3,20250815_211617
1755260151.152291,7668192,1963057152,1963.057152,194,78,165,3,20250815_211617
1755260151.162275,7668231,1963067136,1963.067136,197,81,165,3,20250815_211617
1755260151.172259,7668270,1963077120,1963.07712,200,78,165,3,20250815_211617
1755260151.182243,7668309,1963087104,1963.087104,203,82,166,3,20250815_211617
1755260151.1922271,7668348,1963097088,1963.097088,207,78,165,3,20250815_211617
1755260151.2022111,7668387,1963107072,1963.107072,210,82,167,3,20250815_211617
1755260151.212195,7668426,1963117056,1963.117056,213,79,168,3,20250815_211617
1755260151.222179,7668465,1963127040,1963.12704,216,83,168,3,20250815_211617
1755260151.232419,7668505,1963137280,1963.13728,219,80,168,3,20250815_211617
1755260151.242403,7668544,1963147264,1963.147264,223,84,168,3,20250815_211617
1755260151.252387,7668583,1963157248,1963.157248,226,81,168,3,20250815_211617
1755260151.262371,7668622,1963167232,1963.167232,229,84,169,3,20250815_211617
1755260151.272355,7668661,1963177216,1963.177216,232,82,169,3,20250815_211617
1755260151.282339,7668700,1963187200,1963.1872,235,85,169,3,20250815_211617
1755260151.292323,7668739,1963197184,1963.197184,238,82,170,3,20250815_211617
1755260151.3023071,7668778,1963207168,1963.207168,242,86,169,3,20250815_211617
1755260151.3122911,7668817,1963217152,1963.217152,245,83,170,3,20250815_211617
1755260151.322275,7668856,1963227136,1963.227136,248,86,170,3,20250815_211617
1755260151.332259,7668895,1963237120,1963.23712,251,83,170,3,20250815_211617
1755260151.342243,7668934,1963247104,1963.247104,254,86,171,3,20250815_211617
1755260151.352227,7668973,1963257088,1963.257088,3,82,170,3,20250815_211617
1755260151.362211,7669012,1963267072,1963.267072,6,85,170,3,20250815_211617
1755260151.372451,7669052,1963277312,1963.277312,9,82,170,3,20250815_211617
1755260151.382435,7669091,1963287296,1963.287296,12,86,170,3,20250815_211617
1755260151.392419,7669130,1963297280,1963.29728,15,82,170,3,20250815_211617
1755260151.402403,7669169,1963307264,1963.307264,19,85,170,3,20250815_211617
1755260151.4123871,7669208,1963317248,1963.317248,22,81,170,3,20250815_211617
1755260151.422371,7669247,1963327232,1963.327232,25,84,168,3,20250815_211617
1755260151.432355,7669286,1963337216,1963.337216,28,81,168,3,20250815_211617
1755260151.442339,7669325,1963347200,1963.3472,31,83,167,3,20250815_211617
1755260151.452323,7669364,1963357184,1963.357184,34,81,166,3,20250815_211617
1755260151.462307,7669403,1963367168,1963.367168,38,83,162,3,20250815_211617
1755260151.472291,7669442,1963377152,1963.377152,41,81,159,3,20250815_211617
1755260151.482275,7669481,1963387136,1963.387136,44,83,151,3,20250815_211617
1755260151.492259,7669520,1963397120,1963.39712,47,80,142,3,20250815_211617
1755260151.502243,7669559,1963407104,1963.407104,50,83,134,3,20250815_211617
1755260151.5124831,7669599,1963417344,1963.417344,54,80,126,3,20250815_211617
1755260151.5224671,7669638,1963427328,1963.427328,57,83,118,3,20250815_211617
1755260151.532451,7669677,1963437312,1963.437312,60,79,111,3,20250815_211617
1755260151.542435,7669716,1963447296,1963.447296,63,82,105,3,20250815_211617
1755260151.552419,7669755,1963457280,1963.45728,66,80,101,3,20250815_211617
1755260151.562403,7669794,1963467264,1963.467264,69,82,96,3,20250815_211617
1755260151.572387,7669833,1963477248,1963.477248,73,79,96,3,20250815_211617
1755260151.582371,7669872,1963487232,1963.487232,76,81,97,3,20250815_211617
1755260151.592355,7669911,1963497216,1963.497216,79,78,99,3,20250815_211617
1755260151.602339,7669950,1963507200,1963.5072,82,82,97,3,20250815_211617
1755260151.612323,7669989,1963517184,1963.517184,85,79,97,3,20250815_211617
1755260151.622307,7670028,1963527168,1963.527168,89,81,96,3,20250815_211617
1755260151.632291,7670067,1963537152,1963.537152,92,78,97,3,20250815_211617
1755260151.642275,7670106,1963547136,1963.547136,95,81,97,3,20250815_211617
1755260151.652259,7670145,1963557120,1963.55712,98,79,95,3,20250815_211617
1755260151.662499,7670185,1963567360,1963.56736,101,82,97,3,20250815_211617
1755260151.672483,7670224,1963577344,1963.577344,105,79,98,3,20250815_211617
1755260151.682467,7670263,1963587328,1963.587328,108,81,98,3,20250815_211617
1755260151.692451,7670302,1963597312,1963.597312,111,78,98,3,20250815_211617
1755260151.702435,7670341,1963607296,1963.607296,114,82,97,3,20250815_211617
1755260151.712419,7670380,1963617280,1963.61728,117,79,98,3,20250815_211617
1755260151.722403,7670419,1963627264,1963.627264,120,82,98,3,20250815_211617
1755260151.732387,7670458,1963637248,1963.637248,124,79,98,3,20250815_211617
1755260151.742371,7670497,1963647232,1963.647232,127,82,99,3,20250815_211617
1755260151.752355,7670536,1963657216,1963.657216,130,79,99,3,20250815_211617
1755260151.762339,7670575,1963667200,1963.6672,133,82,100,3,20250815_211617
1755260151.7723231,7670614,1963677184,1963.677184,136,79,101,3,20250815_211617
1755260151.782307,7670653,1963687168,1963.687168,140,81,101,3,20250815_211617
1755260151.792291,7670692,1963697152,1963.697152,143,78,102,3,20250815_211617
1755260151.802531,7670732,1963707392,1963.707392,146,82,104,3,20250815_211617
1755260151.812515,7670771,1963717376,1963.717376,149,79,105,3,20250815_211617
1755260151.822499,7670810,1963727360,1963.72736,152,82,107,3,20250815_211617
1755260151.832483,7670849,1963737344,1963.737344,156,79,110,3,20250815_211617
1755260151.842467,7670888,1963747328,1963.747328,159,80,113,3,20250815_211617
1755260151.852451,7670927,1963757312,1963.757312,162,78,115,3,20250815_211617
1755260151.862435,7670966,1963767296,1963.767296,165,81,120,3,20250815_211617
1755260151.872419,7671005,1963777280,1963.77728,168,77,127,3,20250815_211617
1755260151.8824031,7671044,1963787264,1963.787264,171,82,132,3,20250815_211617
1755260151.892387,7671083,1963797248,1963.797248,175,78,139,3,20250815_211617
1755260151.902371,7671122,1963807232,1963.807232,178,81,148,3,20250815_211617
1755260151.912355,7671161,1963817216,1963.817216,181,77,151,3,20250815_211617
1755260151.922339,7671200,1963827200,1963.8272,184,80,156,3,20250815_211617
1755260151.932323,7671239,1963837184,1963.837184,187,76,161,3,20250815_211617
1755260151.942307,7671278,1963847168,1963.847168,191,80,164,3,20250815_211617
1755260151.952547,7671318,1963857408,1963.857408,194,78,165,3,20250815_211617
1755260151.962531,7671357,1963867392,1963.867392,197,81,166,3,20250815_211617
1755260151.972515,7671396,1963877376,1963.877376,200,77,165,3,20250815_211617
1755260151.9824991,7671435,1963887360,1963.88736,203,81,165,3,20250815_211617
1755260151.9924831,7671474,1963897344,1963.897344,207,78,166,3,20250815_211617
1755260152.002467,7671513,1963907328,1963.907328,210,82,167,3,20250815_211617
1755260152.012451,7671552,1963917312,1963.917312,213,78,168,3,20250815_211617
1755260152.022435,7671591,1963927296,1963.927296,216,82,168,3,20250815_211617
1755260152.032419,7671630,1963937280,1963.93728,219,79,168,3,20250815_211617
1755260152.042403,7671669,1963947264,1963.947264,222,84,169,3,20250815_211617
1755260152.052387,7671708,1963957248,1963.957248,226,80,169,3,20250815_211617
1755260152.062371,7671747,1963967232,1963.967232,229,84,169,3,20250815_211617
1755260152.072355,7671786,1963977216,1963.977216,232,80,168,3,20250815_211617
1755260152.082339,7671825,1963987200,1963.9872,235,85,169,3,20250815_211617
1755260152.0925791,7671865,1963997440,1963.99744,238,82,169,3,20250815_211617
1755260152.1025631,7671904,1964007424,1964.007424,242,86,170,3,20250815_211617
1755260152.112547,7671943,1964017408,1964.017408,245,82,170,3,20250815_211617
1755260152.122531,7671982,1964027392,1964.027392,248,87,170,3,20250815_211617
1755260152.132515,7672021,1964037376,1964.037376,251,83,170,3,20250815_211617
1755260152.142499,7672060,1964047360,1964.04736,254,86,170,3,20250815_211617
1755260152.152483,7672099,1964057344,1964.057344,2,83,170,3,20250815_211617
1755260152.162467,7672138,1964067328,1964.067328,6,87,170,3,20250815_211617
1755260152.172451,7672177,1964077312,1964.077312,9,83,170,3,20250815_211617
1755260152.182435,7672216,1964087296,1964.087296,12,86,170,3,20250815_211617
1755260152.192419,7672255,1964097280,1964.09728,15,82,169,3,20250815_211617
1755260152.202403,7672294,1964107264,1964.107264,18,85,169,3,20250815_211617
1755260152.212387,7672333,1964117248,1964.117248,22,82,170,3,20250815_211617
1755260152.222371,7672372,1964127232,1964.127232,25,86,169,3,20250815_211617
1755260152.232355,7672411,1964137216,1964.137216,28,82,169,3,20250815_211617
1755260152.242595,7672451,1964147456,1964.147456,31,85,168,3,20250815_211617
1755260152.252579,7672490,1964157440,1964.15744,34,81,167,3,20250815_211617
1755260152.262563,7672529,1964167424,1964.167424,38,84,164,3,20250815_211617
1755260152.272547,7672568,1964177408,1964.177408,41,81,162,3,20250815_211617
1755260152.282531,7672607,1964187392,1964.187392,44,84,154,3,20250815_211617
1755260152.292515,7672646,1964197376,1964.197376,47,80,145,3,20250815_211617
1755260152.302499,7672685,1964207360,1964.20736,50,83,138,3,20250815_211617
1755260152.312483,7672724,1964217344,1964.217344,53,79,129,3,20250815_211617
1755260152.322467,7672763,1964227328,1964.227328,57,82,122,3,20250815_211617
1755260152.332451,7672802,1964237312,1964.237312,60,79,113,3,20250815_211617
1755260152.3424351,7672841,1964247296,1964.247296,63,82,107,3,20250815_211617
1755260152.3524191,7672880,1964257280,1964.25728,66,78,100,3,20250815_211617
1755260152.362403,7672919,1964267264,1964.267264,69,82,98,3,20250815_211617
1755260152.372387,7672958,1964277248,1964.277248,73,78,95,3,20250815_211617
1755260152.382627,7672998,1964287488,1964.287488,76,82,96,3,20250815_211617
1755260152.392611,7673037,1964297472,1964.297472,79,78,99,3,20250815_211617
1755260152.402595,7673076,1964307456,1964.307456,82,81,99,3,20250815_211617
1755260152.412579,7673115,1964317440,1964.31744,85,79,98,3,20250815_211617
1755260152.422563,7673154,1964327424,1964.327424,89,82,96,3,20250815_211617
1755260152.432547,7673193,1964337408,1964.337408,92,78,96,3,20250815_211617
1755260152.442531,7673232,1964347392,1964.347392,95,82,97,3,20250815_211617
1755260152.4525151,7673271,1964357376,1964.357376,98,78,97,3,20250815_211617
1755260152.4624991,7673310,1964367360,1964.36736,101,81,97,3,20250815_211617
1755260152.472483,7673349,1964377344,1964.377344,104,77,98,3,20250815_211617
1755260152.482467,7673388,1964387328,1964.387328,108,82,98,3,20250815_211617
1755260152.492451,7673427,1964397312,1964.397312,111,78,97,3,20250815_211617
1755260152.502435,7673466,1964407296,1964.407296,114,81,96,3,20250815_211617
1755260152.512419,7673505,1964417280,1964.41728,117,78,97,3,20250815_211617
1755260152.522403,7673544,1964427264,1964.427264,120,81,99,3,20250815_211617
1755260152.532643,7673584,1964437504,1964.437504,124,79,98,3,20250815_211617
1755260152.542627,7673623,1964447488,1964.447488,127,82,99,3,20250815_211617
1755260152.552611,7673662,1964457472,1964.457472,130,78,100,3,20250815_211617
1755260152.5625951,7673701,1964467456,1964.467456,133,82,100,3,20250815_211617
1755260152.5725791,7673740,1964477440,1964.47744,136,78,100,3,20250815_211617
1755260152.582563,7673779,1964487424,1964.487424,140,82,100,3,20250815_211617
1755260152.592547,7673818,1964497408,1964.497408,143,78,102,3,20250815_211617
1755260152.602531,7673857,1964507392,1964.507392,146,82,104,3,20250815_211617
1755260152.612515,7673896,1964517376,1964.517376,149,78,105,3,20250815_211617
1755260152.622499,7673935,1964527360,1964.52736,152,81,107,3,20250815_211617
1755260152.632483,7673974,1964537344,1964.537344,155,78,109,3,20250815_211617
1755260152.642467,7674013,1964547328,1964.547328,159,81,113,3,20250815_211617
1755260152.652451,7674052,1964557312,1964.557312,162,78,116,3,20250815_211617
1755260152.662435,7674091,1964567296,1964.567296,165,81,119,3,20250815_211617
1755260152.6726751,7674131,1964577536,1964.577536,168,78,127,3,20250815_211617
1755260152.682659,7674170,1964587520,1964.58752,171,81,132,3,20250815_211617
1755260152.692643,7674209,1964597504,1964.597504,175,77,140,3,20250815_211617
1755260152.702627,7674248,1964607488,1964.607488,178,81,148,3,20250815_211617
1755260152.712611,7674287,1964617472,1964.617472,181,78,152,3,20250815_211617
1755260152.722595,7674326,1964627456,1964.627456,184,81,156,3,20250815_211617
1755260152.732579,7674365,1964637440,1964.63744,187,78,162,3,20250815_211617
1755260152.742563,7674404,1964647424,1964.647424,190,81,164,3,20250815_211617
1755260152.752547,7674443,1964657408,1964.657408,194,77,165,3,20250815_211617
1755260152.762531,7674482,1964667392,1964.667392,197,79,165,3,20250815_211617
1755260152.772515,7674521,1964677376,1964.677376,200,77,166,3,20250815_211617
1755260152.782499,7674560,1964687360,1964.68736,203,81,166,3,20250815_211617
1755260152.792483,7674599,1964697344,1964.697344,206,78,167,3,20250815_211617
1755260152.802467,7674638,1964707328,1964.707328,210,81,168,3,20250815_211617
1755260152.8124511,7674677,1964717312,1964.717312,213,78,168,3,20250815_211617
1755260152.822691,7674717,1964727552,1964.727552,216,83,168,3,20250815_211617
1755260152.832675,7674756,1964737536,1964.737536,219,79,169,3,20250815_211617
1755260152.842659,7674795,1964747520,1964.74752,222,83,169,3,20250815_211617
1755260152.852643,7674834,1964757504,1964.757504,226,80,169,3,20250815_211617
1755260152.862627,7674873,1964767488,1964.767488,229,84,169,3,20250815_211617
1755260152.872611,7674912,1964777472,1964.777472,232,81,169,3,20250815_211617
1755260152.882595,7674951,1964787456,1964.787456,235,85,169,3,20250815_211617
1755260152.892579,7674990,1964797440,1964.79744,238,82,169,3,20250815_211617
1755260152.902563,7675029,1964807424,1964.807424,241,85,170,3,20250815_211617
1755260152.912547,7675068,1964817408,1964.817408,245,82,170,3,20250815_211617
1755260152.9225311,7675107,1964827392,1964.827392,248,85,170,3,20250815_211617
1755260152.9325151,7675146,1964837376,1964.837376,251,81,170,3,20250815_211617
1755260152.942499,7675185,1964847360,1964.84736,254,85,170,3,20250815_211617
1755260152.952483,7675224,1964857344,1964.857344,2,81,170,3,20250815_211617
1755260152.962723,7675264,1964867584,1964.867584,6,81,170,3,20250815_211617
1755260152.972707,7675303,1964877568,1964.877568,9,81,169,3,20250815_211617
1755260152.982691,7675342,1964887552,1964.887552,12,84,170,3,20250815_211617
1755260152.992675,7675381,1964897536,1964.897536,15,81,170,3,20250815_211617
1755260153.002659,7675420,1964907520,1964.90752,18,83,169,3,20250815_211617
1755260153.012643,7675459,1964917504,1964.917504,22,80,169,3,20250815_211617
1755260153.022627,7675498,1964927488,1964.927488,25,81,169,3,20250815_211617
1755260153.0326111,7675537,1964937472,1964.937472,28,80,168,3,20250815_211617
1755260153.042595,7675576,1964947456,1964.947456,31,83,168,3,20250815_211617
1755260153.052579,7675615,1964957440,1964.95744,34,79,167,3,20250815_211617
1755260153.062563,7675654,1964967424,1964.967424,37,82,163,3,20250815_211617
1755260153.072547,7675693,1964977408,1964.977408,41,80,160,3,20250815_211617
1755260153.082531,7675732,1964987392,1964.987392,44,83,151,3,20250815_211617
1755260153.092515,7675771,1964997376,1964.997376,47,80,145,3,20250815_211617
1755260153.102755,7675811,1965007616,1965.007616,50,83,137,3,20250815_211617
1755260153.112739,7675850,1965017600,1965.0176,53,80,128,3,20250815_211617
1755260153.122723,7675889,1965027584,1965.027584,57,83,120,3,20250815_211617
1755260153.132707,7675928,1965037568,1965.037568,60,80,112,3,20250815_211617
1755260153.1426911,7675967,1965047552,1965.047552,63,82,106,3,20250815_211617
1755260153.152675,7676006,1965057536,1965.057536,66,79,101,3,20250815_211617
1755260153.162659,7676045,1965067520,1965.06752,69,82,96,3,20250815_211617
1755260153.172643,7676084,1965077504,1965.077504,73,79,96,3,20250815_211617
1755260153.182627,7676123,1965087488,1965.087488,76,82,98,3,20250815_211617
1755260153.192611,7676162,1965097472,1965.097472,79,79,100,3,20250815_211617
1755260153.202595,7676201,1965107456,1965.107456,82,81,100,3,20250815_211617
1755260153.212579,7676240,1965117440,1965.11744,85,79,97,3,20250815_211617
1755260153.222563,7676279,1965127424,1965.127424,88,82,96,3,20250815_211617
1755260153.232547,7676318,1965137408,1965.137408,92,79,97,3,20250815_211617
1755260153.2427871,7676358,1965147648,1965.147648,95,81,98,3,20250815_211617
1755260153.2527711,7676397,1965157632,1965.157632,98,78,97,3,20250815_211617
1755260153.262755,7676436,1965167616,1965.167616,101,81,97,3,20250815_211617
1755260153.272739,7676475,1965177600,1965.1776,104,78,98,3,20250815_211617
1755260153.282723,7676514,1965187584,1965.187584,108,81,99,3,20250815_211617
1755260153.292707,7676553,1965197568,1965.197568,111,78,98,3,20250815_211617
1755260153.302691,7676592,1965207552,1965.207552,114,81,97,3,20250815_211617
1755260153.312675,7676631,1965217536,1965.217536,117,78,97,3,20250815_211617
1755260153.322659,7676670,1965227520,1965.22752,120,81,98,3,20250815_211617
1755260153.332643,7676709,1965237504,1965.237504,123,78,98,3,20250815_211617
1755260153.342627,7676748,1965247488,1965.247488,127,79,99,3,20250815_211617
1755260153.352611,7676787,1965257472,1965.257472,130,78,100,3,20250815_211617
1755260153.362595,7676826,1965267456,1965.267456,133,78,100,3,20250815_211617
1755260153.372579,7676865,1965277440,1965.27744,136,78,101,3,20250815_211617
1755260153.382563,7676904,1965287424,1965.287424,139,81,101,3,20250815_211617
1755260153.392803,7676944,1965297664,1965.297664,143,79,102,3,20250815_211617
1755260153.402787,7676983,1965307648,1965.307648,146,82,103,3,20250815_211617
1755260153.412771,7677022,1965317632,1965.317632,149,79,105,3,20250815_211617
1755260153.422755,7677061,1965327616,1965.327616,152,82,107,3,20250815_211617
1755260153.432739,7677100,1965337600,1965.3376,155,79,110,3,20250815_211617
1755260153.442723,7677139,1965347584,1965.347584,159,79,112,3,20250815_211617
1755260153.452707,7677178,1965357568,1965.357568,162,78,115,3,20250815_211617
1755260153.462691,7677217,1965367552,1965.367552,165,81,119,3,20250815_211617
1755260153.472675,7677256,1965377536,1965.377536,168,78,125,3,20250815_211617
1755260153.482659,7677295,1965387520,1965.38752,171,81,129,3,20250815_211617
1755260153.492643,7677334,1965397504,1965.397504,174,79,138,3,20250815_211617
1755260153.5026271,7677373,1965407488,1965.407488,178,81,146,3,20250815_211617
1755260153.512611,7677412,1965417472,1965.417472,181,78,151,3,20250815_211617
1755260153.522595,7677451,1965427456,1965.427456,184,81,156,3,20250815_211617
1755260153.532835,7677491,1965437696,1965.437696,187,78,161,3,20250815_211617
1755260153.542819,7677530,1965447680,1965.44768,190,81,164,3,20250815_211617
1755260153.552803,7677569,1965457664,1965.457664,194,78,165,3,20250815_211617
1755260153.562787,7677608,1965467648,1965.467648,197,81,165,3,20250815_211617
1755260153.572771,7677647,1965477632,1965.477632,200,80,165,3,20250815_211617
1755260153.582755,7677686,1965487616,1965.487616,203,82,166,3,20250815_211617
1755260153.592739,7677725,1965497600,1965.4976,206,79,166,3,20250815_211617
1755260153.6027231,7677764,1965507584,1965.507584,210,81,167,3,20250815_211617
1755260153.6127071,7677803,1965517568,1965.517568,213,79,168,3,20250815_211617
1755260153.622691,7677842,1965527552,1965.527552,216,83,168,3,20250815_211617
1755260153.632675,7677881,1965537536,1965.537536,219,80,169,3,20250815_211617
1755260153.642659,7677920,1965547520,1965.54752,222,84,169,3,20250815_211617
1755260153.652643,7677959,1965557504,1965.557504,225,80,169,3,20250815_211617
1755260153.662627,7677998,1965567488,1965.567488,229,85,169,3,20250815_211617
1755260153.672611,7678037,1965577472,1965.577472,232,82,170,3,20250815_211617
1755260153.682851,7678077,1965587712,1965.587712,235,85,169,3,20250815_211617
1755260153.692835,7678116,1965597696,1965.597696,238,83,170,3,20250815_211617
1755260153.702819,7678155,1965607680,1965.60768,241,85,170,3,20250815_211617
1755260153.7128031,7678194,1965617664,1965.617664,245,82,170,3,20250815_211617
1755260153.7227871,7678233,1965627648,1965.627648,248,86,170,3,20250815_211617
1755260153.732771,7678272,1965637632,1965.637632,251,83,170,3,20250815_211617
1755260153.742755,7678311,1965647616,1965.647616,254,86,171,3,20250815_211617
1755260153.752739,7678350,1965657600,1965.6576,2,82,170,3,20250815_211617
1755260153.762723,7678389,1965667584,1965.667584,6,85,170,3,20250815_211617
1755260153.772707,7678428,1965677568,1965.677568,9,82,170,3,20250815_211617
1755260153.782691,7678467,1965687552,1965.687552,12,85,170,3,20250815_211617
1755260153.792675,7678506,1965697536,1965.697536,15,81,171,3,20250815_211617
1755260153.802659,7678545,1965707520,1965.70752,18,84,170,3,20250815_211617
1755260153.812643,7678584,1965717504,1965.717504,21,81,170,3,20250815_211617
1755260153.8228831,7678624,1965727744,1965.727744,25,84,169,3,20250815_211617
1755260153.8328671,7678663,1965737728,1965.737728,28,80,168,3,20250815_211617
1755260153.842851,7678702,1965747712,1965.747712,31,84,168,3,20250815_211617
1755260153.852835,7678741,1965757696,1965.757696,34,79,166,3,20250815_211617
1755260153.862819,7678780,1965767680,1965.76768,37,84,163,3,20250815_211617
1755260153.872803,7678819,1965777664,1965.777664,41,80,160,3,20250815_211617
1755260153.882787,7678858,1965787648,1965.787648,44,83,152,3,20250815_211617
1755260153.892771,7678897,1965797632,1965.797632,47,80,144,3,20250815_211617
1755260153.902755,7678936,1965807616,1965.807616,50,83,136,3,20250815_211617
1755260153.912739,7678975,1965817600,1965.8176,53,79,127,3,20250815_211617
1755260153.922723,7679014,1965827584,1965.827584,56,83,120,3,20250815_211617
1755260153.932707,7679053,1965837568,1965.837568,60,80,111,3,20250815_211617
1755260153.942691,7679092,1965847552,1965.847552,63,83,106,3,20250815_211617
1755260153.952675,7679131,1965857536,1965.857536,66,81,101,3,20250815_211617
1755260153.962915,7679171,1965867776,1965.867776,69,83,96,3,20250815_211617
1755260153.972899,7679210,1965877760,1965.87776,72,80,96,3,20250815_211617
1755260153.982883,7679249,1965887744,1965.887744,76,83,97,3,20250815_211617
1755260153.992867,7679288,1965897728,1965.897728,79,79,98,3,20250815_211617
1755260154.002851,7679327,1965907712,1965.907712,82,82,98,3,20250815_211617
1755260154.012835,7679366,1965917696,1965.917696,85,79,97,3,20250815_211617
1755260154.022819,7679405,1965927680,1965.92768,88,82,96,3,20250815_211617
1755260154.032803,7679444,1965937664,1965.937664,92,79,96,3,20250815_211617
1755260154.042787,7679483,1965947648,1965.947648,95,83,98,3,20250815_211617
1755260154.052771,7679522,1965957632,1965.957632,98,79,97,3,20250815_211617
1755260154.062755,7679561,1965967616,1965.967616,101,82,96,3,20250815_211617
1755260154.0727391,7679600,1965977600,1965.9776,104,79,98,3,20250815_211617
1755260154.0827231,7679639,1965987584,1965.987584,107,82,98,3,20250815_211617
1755260154.092707,7679678,1965997568,1965.997568,111,80,98,3,20250815_211617
1755260154.102691,7679717,1966007552,1966.007552,114,84,96,3,20250815_211617
1755260154.112931,7679757,1966017792,1966.017792,117,80,97,3,20250815_211617
1755260154.122915,7679796,1966027776,1966.027776,120,83,98,3,20250815_211617
1755260154.132899,7679835,1966037760,1966.03776,123,80,98,3,20250815_211617
1755260154.142883,7679874,1966047744,1966.047744,127,84,99,3,20250815_211617
1755260154.152867,7679913,1966057728,1966.057728,130,80,100,3,20250815_211617
1755260154.162851,7679952,1966067712,1966.067712,133,83,100,3,20250815_211617
1755260154.172835,7679991,1966077696,1966.077696,136,79,100,3,20250815_211617
1755260154.1828191,7680030,1966087680,1966.08768,139,82,101,3,20250815_211617
1755260154.1928031,7680069,1966097664,1966.097664,143,79,103,3,20250815_211617
1755260154.202787,7680108,1966107648,1966.107648,146,83,104,3,20250815_211617
1755260154.212771,7680147,1966117632,1966.117632,149,79,106,3,20250815_211617
1755260154.222755,7680186,1966127616,1966.127616,152,83,108,3,20250815_211617
1755260154.232739,7680225,1966137600,1966.1376,155,79,110,3,20250815_211617
1755260154.242723,7680264,1966147584,1966.147584,158,82,113,3,20250815_211617
1755260154.252963,7680304,1966157824,1966.157824,162,78,116,3,20250815_211617
1755260154.262947,7680343,1966167808,1966.167808,165,81,120,3,20250815_211617
1755260154.272931,7680382,1966177792,1966.177792,168,78,127,3,20250815_211617
1755260154.282915,7680421,1966187776,1966.187776,171,80,132,3,20250815_211617
1755260154.2928991,7680460,1966197760,1966.19776,174,78,140,3,20250815_211617
1755260154.302883,7680499,1966207744,1966.207744,178,81,148,3,20250815_211617
1755260154.312867,7680538,1966217728,1966.217728,181,77,152,3,20250815_211617
1755260154.322851,7680577,1966227712,1966.227712,184,80,158,3,20250815_211617
1755260154.332835,7680616,1966237696,1966.237696,187,77,162,3,20250815_211617
1755260154.342819,7680655,1966247680,1966.24768,190,80,165,3,20250815_211617
1755260154.352803,7680694,1966257664,1966.257664,194,77,165,3,20250815_211617
1755260154.362787,7680733,1966267648,1966.267648,197,80,165,3,20250815_211617
1755260154.372771,7680772,1966277632,1966.277632,200,78,166,3,20250815_211617
1755260154.382755,7680811,1966287616,1966.287616,203,81,166,3,20250815_211617
1755260154.392739,7680850,1966297600,1966.2976,206,78,167,3,20250815_211617
1755260154.4029791,7680890,1966307840,1966.30784,209,80,168,3,20250815_211617
1755260154.412963,7680929,1966317824,1966.317824,213,78,168,3,20250815_211617
1755260154.422947,7680968,1966327808,1966.327808,216,82,168,3,20250815_211617
1755260154.432931,7681007,1966337792,1966.337792,219,79,167,3,20250815_211617
1755260154.442915,7681046,1966347776,1966.347776,222,83,168,3,20250815_211617
1755260154.452899,7681085,1966357760,1966.35776,225,80,169,3,20250815_211617
1755260154.462883,7681124,1966367744,1966.367744,229,84,169,3,20250815_211617
1755260154.472867,7681163,1966377728,1966.377728,232,82,170,3,20250815_211617
1755260154.482851,7681202,1966387712,1966.387712,235,85,170,3,20250815_211617
1755260154.492835,7681241,1966397696,1966.397696,238,83,170,3,20250815_211617
1755260154.502819,7681280,1966407680,1966.40768,241,86,170,3,20250815_211617
1755260154.512803,7681319,1966417664,1966.417664,244,83,169,3,20250815_211617
1755260154.522787,7681358,1966427648,1966.427648,248,87,169,3,20250815_211617
1755260154.532771,7681397,1966437632,1966.437632,251,84,170,3,20250815_211617
1755260154.543011,7681437,1966447872,1966.447872,254,87,170,3,20250815_211617
1755260154.552995,7681476,1966457856,1966.457856,2,84,170,3,20250815_211617
1755260154.562979,7681515,1966467840,1966.46784,5,87,170,3,20250815_211617
1755260154.572963,7681554,1966477824,1966.477824,9,84,170,3,20250815_211617
1755260154.582947,7681593,1966487808,1966.487808,12,87,170,3,20250815_211617
1755260154.592931,7681632,1966497792,1966.497792,15,84,170,3,20250815_211617
1755260154.602915,7681671,1966507776,1966.507776,18,87,170,3,20250815_211617
1755260154.612899,7681710,1966517760,1966.51776,21,83,170,3,20250815_211617
1755260154.622883,7681749,1966527744,1966.527744,25,86,170,3,20250815_211617
1755260154.632867,7681788,1966537728,1966.537728,28,82,169,3,20250815_211617
1755260154.642851,7681827,1966547712,1966.547712,31,85,168,3,20250815_211617
1755260154.6528351,7681866,1966557696,1966.557696,34,81,168,3,20250815_211617
1755260154.662819,7681905,1966567680,1966.56768,37,85,165,3,20250815_211617
1755260154.672803,7681944,1966577664,1966.577664,40,81,163,3,20250815_211617
1755260154.683043,7681984,1966587904,1966.587904,44,83,156,3,20250815_211617
1755260154.693027,7682023,1966597888,1966.597888,47,81,148,3,20250815_211617
1755260154.703011,7682062,1966607872,1966.607872,50,85,141,3,20250815_211617
1755260154.712995,7682101,1966617856,1966.617856,53,80,131,3,20250815_211617
1755260154.722979,7682140,1966627840,1966.62784,56,84,125,3,20250815_211617
1755260154.732963,7682179,1966637824,1966.637824,60,81,115,3,20250815_211617
1755260154.742947,7682218,1966647808,1966.647808,63,82,108,3,20250815_211617
1755260154.752931,7682257,1966657792,1966.657792,66,80,103,3,20250815_211617
1755260154.7629151,7682296,1966667776,1966.667776,69,84,99,3,20250815_211617
1755260154.772899,7682335,1966677760,1966.67776,72,80,97,3,20250815_211617
1755260154.782883,7682374,1966687744,1966.687744,76,82,96,3,20250815_211617
1755260154.792867,7682413,1966697728,1966.697728,79,81,100,3,20250815_211617
1755260154.802851,7682452,1966707712,1966.707712,82,83,99,3,20250815_211617
1755260154.812835,7682491,1966717696,1966.717696,85,78,98,3,20250815_211617
1755260154.822819,7682530,1966727680,1966.72768,88,81,96,3,20250815_211617
1755260154.833059,7682570,1966737920,1966.73792,91,80,97,3,20250815_211617
1755260154.843043,7682609,1966747904,1966.747904,95,82,97,3,20250815_211617
1755260154.853027,7682648,1966757888,1966.757888,98,77,97,3,20250815_211617
1755260154.8630111,7682687,1966767872,1966.767872,101,80,96,3,20250815_211617
1755260154.8729951,7682726,1966777856,1966.777856,104,78,98,3,20250815_211617
1755260154.882979,7682765,1966787840,1966.78784,107,82,98,3,20250815_211617
1755260154.892963,7682804,1966797824,1966.797824,111,78,97,3,20250815_211617
1755260154.902947,7682843,1966807808,1966.807808,114,80,97,3,20250815_211617
1755260154.912931,7682882,1966817792,1966.817792,117,77,97,3,20250815_211617
1755260154.922915,7682921,1966827776,1966.827776,120,82,98,3,20250815_211617
1755260154.932899,7682960,1966837760,1966.83776,123,79,97,3,20250815_211617
1755260154.942883,7682999,1966847744,1966.847744,127,83,99,3,20250815_211617
1755260154.952867,7683038,1966857728,1966.857728,130,79,100,3,20250815_211617
1755260154.962851,7683077,1966867712,1966.867712,133,81,101,3,20250815_211617
1755260154.9730911,7683117,1966877952,1966.877952,136,77,100,3,20250815_211617
1755260154.9830751,7683156,1966887936,1966.887936,139,80,101,3,20250815_211617
1755260154.993059,7683195,1966897920,1966.89792,142,78,103,3,20250815_211617
1755260155.003043,7683234,1966907904,1966.907904,146,82,105,3,20250815_211617
1755260155.013027,7683273,1966917888,1966.917888,149,78,106,3,20250815_211617
1755260155.023011,7683312,1966927872,1966.927872,152,82,108,3,20250815_211617
1755260155.032995,7683351,1966937856,1966.937856,155,78,111,3,20250815_211617
1755260155.042979,7683390,1966947840,1966.94784,158,81,115,3,20250815_211617
1755260155.052963,7683429,1966957824,1966.957824,162,76,118,3,20250815_211617
1755260155.062947,7683468,1966967808,1966.967808,165,81,122,3,20250815_211617
1755260155.072931,7683507,1966977792,1966.977792,168,78,127,3,20250815_211617
1755260155.082915,7683546,1966987776,1966.987776,171,81,134,3,20250815_211617
1755260155.092899,7683585,1966997760,1966.99776,174,78,143,3,20250815_211617
1755260155.102883,7683624,1967007744,1967.007744,177,81,150,3,20250815_211617
1755260155.113123,7683664,1967017984,1967.017984,181,78,154,3,20250815_211617
1755260155.123107,7683703,1967027968,1967.027968,184,81,159,3,20250815_211617
1755260155.133091,7683742,1967037952,1967.037952,187,78,164,3,20250815_211617
1755260155.143075,7683781,1967047936,1967.047936,190,81,165,3,20250815_211617
1755260155.153059,7683820,1967057920,1967.05792,193,77,165,3,20250815_211617
1755260155.163043,7683859,1967067904,1967.067904,197,81,166,3,20250815_211617
1755260155.173027,7683898,1967077888,1967.077888,200,78,166,3,20250815_211617
1755260155.183011,7683937,1967087872,1967.087872,203,80,167,3,20250815_211617
1755260155.192995,7683976,1967097856,1967.097856,206,78,167,3,20250815_211617
1755260155.202979,7684015,1967107840,1967.10784,209,82,168,3,20250815_211617
1755260155.212963,7684054,1967117824,1967.117824,213,80,168,3,20250815_211617
1755260155.2229471,7684093,1967127808,1967.127808,216,83,169,3,20250815_211617
1755260155.2329311,7684132,1967137792,1967.137792,219,80,168,3,20250815_211617
1755260155.242915,7684171,1967147776,1967.147776,222,83,169,3,20250815_211617
1755260155.253155,7684211,1967158016,1967.158016,225,80,169,3,20250815_211617
1755260155.263139,7684250,1967168000,1967.168,228,84,169,3,20250815_211617
1755260155.273123,7684289,1967177984,1967.177984,232,81,169,3,20250815_211617
1755260155.283107,7684328,1967187968,1967.187968,235,85,170,3,20250815_211617
1755260155.293091,7684367,1967197952,1967.197952,238,82,170,3,20250815_211617
1755260155.303075,7684406,1967207936,1967.207936,241,85,170,3,20250815_211617
1755260155.313059,7684445,1967217920,1967.21792,244,82,170,3,20250815_211617
1755260155.323043,7684484,1967227904,1967.227904,248,86,170,3,20250815_211617
1755260155.3330271,7684523,1967237888,1967.237888,251,83,170,3,20250815_211617
1755260155.3430111,7684562,1967247872,1967.247872,254,86,171,3,20250815_211617
1755260155.352995,7684601,1967257856,1967.257856,2,83,170,3,20250815_211617
1755260155.362979,7684640,1967267840,1967.26784,5,86,170,3,20250815_211617
1755260155.372963,7684679,1967277824,1967.277824,9,82,170,3,20250815_211617
1755260155.382947,7684718,1967287808,1967.287808,12,84,169,3,20250815_211617
1755260155.393187,7684758,1967298048,1967.298048,15,80,170,3,20250815_211617
1755260155.403171,7684797,1967308032,1967.308032,18,84,169,3,20250815_211617
1755260155.413155,7684836,1967318016,1967.318016,21,80,169,3,20250815_211617
1755260155.423139,7684875,1967328000,1967.328,24,84,169,3,20250815_211617
1755260155.433123,7684914,1967337984,1967.337984,28,81,168,3,20250815_211617
1755260155.4431071,7684953,1967347968,1967.347968,31,84,168,3,20250815_211617
1755260155.4530911,7684992,1967357952,1967.357952,34,81,167,3,20250815_211617
1755260155.463075,7685031,1967367936,1967.367936,37,83,164,3,20250815_211617
1755260155.473059,7685070,1967377920,1967.37792,40,79,160,3,20250815_211617
1755260155.483043,7685109,1967387904,1967.387904,44,82,154,3,20250815_211617
1755260155.493027,7685148,1967397888,1967.397888,47,79,145,3,20250815_211617
1755260155.503011,7685187,1967407872,1967.407872,50,82,138,3,20250815_211617
1755260155.512995,7685226,1967417856,1967.417856,53,79,129,3,20250815_211617
1755260155.522979,7685265,1967427840,1967.42784,56,83,122,3,20250815_211617
1755260155.532963,7685304,1967437824,1967.437824,60,79,114,3,20250815_211617
1755260155.543203,7685344,1967448064,1967.448064,63,82,107,3,20250815_211617
1755260155.5531871,7685383,1967458048,1967.458048,66,79,104,3,20250815_211617
1755260155.563171,7685422,1967468032,1967.468032,69,81,98,3,20250815_211617
1755260155.573155,7685461,1967478016,1967.478016,72,78,96,3,20250815_211617
1755260155.583139,7685500,1967488000,1967.488,75,81,96,3,20250815_211617
1755260155.593123,7685539,1967497984,1967.497984,79,78,100,3,20250815_211617
1755260155.603107,7685578,1967507968,1967.507968,82,81,100,3,20250815_211617
1755260155.613091,7685617,1967517952,1967.517952,85,78,99,3,20250815_211617
1755260155.623075,7685656,1967527936,1967.527936,88,81,98,3,20250815_211617
1755260155.633059,7685695,1967537920,1967.53792,91,78,96,3,20250815_211617
1755260155.643043,7685734,1967547904,1967.547904,95,80,97,3,20250815_211617
1755260155.653027,7685773,1967557888,1967.557888,98,78,97,3,20250815_211617
1755260155.663011,7685812,1967567872,1967.567872,101,82,96,3,20250815_211617
1755260155.672995,7685851,1967577856,1967.577856,104,79,96,3,20250815_211617
1755260155.682979,7685890,1967587840,1967.58784,107,82,97,3,20250815_211617
1755260155.693219,7685930,1967598080,1967.59808,110,79,96,3,20250815_211617
1755260155.703203,7685969,1967608064,1967.608064,114,81,97,3,20250815_211617
1755260155.713187,7686008,1967618048,1967.618048,117,78,98,3,20250815_211617
1755260155.723171,7686047,1967628032,1967.628032,120,81,98,3,20250815_211617
1755260155.733155,7686086,1967638016,1967.638016,123,78,98,3,20250815_211617
1755260155.743139,7686125,1967648000,1967.648,126,82,99,3,20250815_211617
1755260155.753123,7686164,1967657984,1967.657984,130,79,100,3,20250815_211617
1755260155.763107,7686203,1967667968,1967.667968,133,83,100,3,20250815_211617
1755260155.773091,7686242,1967677952,1967.677952,136,79,101,3,20250815_211617
1755260155.783075,7686281,1967687936,1967.687936,139,82,101,3,20250815_211617
1755260155.793059,7686320,1967697920,1967.69792,142,78,102,3,20250815_211617
1755260155.8030431,7686359,1967707904,1967.707904,146,82,104,3,20250815_211617
1755260155.8130271,7686398,1967717888,1967.717888,149,79,105,3,20250815_211617
1755260155.823011,7686437,1967727872,1967.727872,152,82,107,3,20250815_211617
1755260155.832995,7686476,1967737856,1967.737856,155,79,110,3,20250815_211617
1755260155.843235,7686516,1967748096,1967.748096,158,82,113,3,20250815_211617
1755260155.853219,7686555,1967758080,1967.75808,161,78,116,3,20250815_211617
1755260155.863203,7686594,1967768064,1967.768064,165,82,121,3,20250815_211617
1755260155.873187,7686633,1967778048,1967.778048,168,77,126,3,20250815_211617
1755260155.883171,7686672,1967788032,1967.788032,171,81,132,3,20250815_211617
1755260155.893155,7686711,1967798016,1967.798016,174,78,140,3,20250815_211617
1755260155.903139,7686750,1967808000,1967.808,177,81,148,3,20250815_211617
1755260155.9131231,7686789,1967817984,1967.817984,181,78,151,3,20250815_211617
1755260155.923363,7686829,1967828224,1967.828224,184,81,157,3,20250815_211617
1755260155.933347,7686868,1967838208,1967.838208,187,78,163,3,20250815_211617
1755260155.943331,7686907,1967848192,1967.848192,190,81,164,3,20250815_211617
1755260155.953315,7686946,1967858176,1967.858176,193,77,165,3,20250815_211617
1755260155.963299,7686985,1967868160,1967.86816,197,80,165,3,20250815_211617
1755260155.973283,7687024,1967878144,1967.878144,200,77,166,3,20250815_211617
1755260155.9835231,7687064,1967888384,1967.888384,203,80,166,3,20250815_211617
1755260155.993507,7687103,1967898368,1967.898368,206,78,168,3,20250815_211617
1755260156.003491,7687142,1967908352,1967.908352,209,80,168,3,20250815_211617
1755260156.013475,7687181,1967918336,1967.918336,213,78,168,3,20250815_211617
1755260156.023459,7687220,1967928320,1967.92832,216,81,168,3,20250815_211617
1755260156.033443,7687259,1967938304,1967.938304,219,78,169,3,20250815_211617
1755260156.043427,7687298,1967948288,1967.948288,222,82,168,3,20250815_211617
1755260156.053411,7687337,1967958272,1967.958272,225,80,169,3,20250815_211617
1755260156.063651,7687377,1967968512,1967.968512,229,83,169,3,20250815_211617
1755260156.073635,7687416,1967978496,1967.978496,232,81,170,3,20250815_211617
1755260156.083619,7687455,1967988480,1967.98848,235,85,169,3,20250815_211617
1755260156.0936031,7687494,1967998464,1967.998464,238,82,170,3,20250815_211617
1755260156.103587,7687533,1968008448,1968.008448,241,85,170,3,20250815_211617
1755260156.113571,7687572,1968018432,1968.018432,244,83,170,3,20250815_211617
1755260156.123811,7687612,1968028672,1968.028672,248,86,170,3,20250815_211617
1755260156.133795,7687651,1968038656,1968.038656,251,83,170,3,20250815_211617
1755260156.143779,7687690,1968048640,1968.04864,254,86,170,3,20250815_211617
1755260156.153763,7687729,1968058624,1968.058624,2,84,171,3,20250815_211617
1755260156.163747,7687768,1968068608,1968.068608,5,86,170,3,20250815_211617
1755260156.173731,7687807,1968078592,1968.078592,9,83,170,3,20250815_211617
1755260156.183715,7687846,1968088576,1968.088576,12,86,170,3,20250815_211617
1755260156.193955,7687886,1968098816,1968.098816,15,83,170,3,20250815_211617
1755260156.203939,7687925,1968108800,1968.1088,18,85,170,3,20250815_211617
1755260156.213923,7687964,1968118784,1968.118784,21,83,170,3,20250815_211617
1755260156.223907,7688003,1968128768,1968.128768,25,87,169,3,20250815_211617
1755260156.233891,7688042,1968138752,1968.138752,28,83,169,3,20250815_211617
1755260156.243875,7688081,1968148736,1968.148736,31,85,168,3,20250815_211617
1755260156.254115,7688121,1968158976,1968.158976,34,81,168,3,20250815_211617
1755260156.2640991,7688160,1968168960,1968.16896,37,84,165,3,20250815_211617
1755260156.2740831,7688199,1968178944,1968.178944,41,81,163,3,20250815_211617
1755260156.284067,7688238,1968188928,1968.188928,44,84,156,3,20250815_211617
1755260156.294051,7688277,1968198912,1968.198912,47,83,148,3,20250815_211617
1755260156.304035,7688316,1968208896,1968.208896,50,84,140,3,20250815_211617
1755260156.314019,7688355,1968218880,1968.21888,53,82,133,3,20250815_211617
1755260156.324003,7688394,1968228864,1968.228864,57,84,127,3,20250815_211617
1755260156.333987,7688433,1968238848,1968.238848,60,82,118,3,20250815_211617
1755260156.343971,7688472,1968248832,1968.248832,63,84,111,3,20250815_211617
1755260156.354211,7688512,1968259072,1968.259072,66,81,106,3,20250815_211617
1755260156.364195,7688551,1968269056,1968.269056,69,83,102,3,20250815_211617
1755260156.3741791,7688590,1968279040,1968.27904,72,81,97,3,20250815_211617
1755260156.3841631,7688629,1968289024,1968.289024,76,83,96,3,20250815_211617
1755260156.394147,7688668,1968299008,1968.299008,79,81,98,3,20250815_211617
1755260156.404131,7688707,1968308992,1968.308992,82,83,98,3,20250815_211617
1755260156.414115,7688746,1968318976,1968.318976,85,80,96,3,20250815_211617
1755260156.424099,7688785,1968328960,1968.32896,88,82,96,3,20250815_211617
1755260156.434083,7688824,1968338944,1968.338944,92,79,96,3,20250815_211617
1755260156.444067,7688863,1968348928,1968.348928,95,82,97,3,20250815_211617
1755260156.454051,7688902,1968358912,1968.358912,98,79,96,3,20250815_211617
1755260156.464035,7688941,1968368896,1968.368896,101,81,97,3,20250815_211617
1755260156.474019,7688980,1968378880,1968.37888,104,78,98,3,20250815_211617
1755260156.484003,7689019,1968388864,1968.388864,108,81,98,3,20250815_211617
1755260156.4942431,7689059,1968399104,1968.399104,111,78,97,3,20250815_211617
1755260156.504227,7689098,1968409088,1968.409088,114,81,97,3,20250815_211617
1755260156.514211,7689137,1968419072,1968.419072,117,78,97,3,20250815_211617
1755260156.524195,7689176,1968429056,1968.429056,120,81,98,3,20250815_211617
1755260156.534179,7689215,1968439040,1968.43904,123,79,98,3,20250815_211617
1755260156.544163,7689254,1968449024,1968.449024,127,81,99,3,20250815_211617
1755260156.554147,7689293,1968459008,1968.459008,130,79,100,3,20250815_211617
1755260156.564131,7689332,1968468992,1968.468992,133,81,100,3,20250815_211617
1755260156.574115,7689371,1968478976,1968.478976,136,78,101,3,20250815_211617
1755260156.584099,7689410,1968488960,1968.48896,139,81,101,3,20250815_211617
1755260156.594083,7689449,1968498944,1968.498944,143,78,102,3,20250815_211617
1755260156.604067,7689488,1968508928,1968.508928,146,82,104,3,20250815_211617
1755260156.614051,7689527,1968518912,1968.518912,149,79,106,3,20250815_211617
1755260156.6240351,7689566,1968528896,1968.528896,152,82,107,3,20250815_211617
1755260156.6340191,7689605,1968538880,1968.53888,155,79,110,3,20250815_211617
1755260156.644259,7689645,1968549120,1968.54912,158,81,113,3,20250815_211617
1755260156.654243,7689684,1968559104,1968.559104,162,78,117,3,20250815_211617
1755260156.664227,7689723,1968569088,1968.569088,165,81,122,3,20250815_211617
1755260156.674211,7689762,1968579072,1968.579072,168,78,127,3,20250815_211617
1755260156.684195,7689801,1968589056,1968.589056,171,81,134,3,20250815_211617
1755260156.694179,7689840,1968599040,1968.59904,174,78,142,3,20250815_211617
1755260156.704163,7689879,1968609024,1968.609024,178,81,150,3,20250815_211617
1755260156.714147,7689918,1968619008,1968.619008,181,79,154,3,20250815_211617
1755260156.724131,7689957,1968628992,1968.628992,184,81,159,3,20250815_211617
1755260156.7341151,7689996,1968638976,1968.638976,187,79,163,3,20250815_211617
1755260156.7440991,7690035,1968648960,1968.64896,190,82,165,3,20250815_211617
1755260156.754083,7690074,1968658944,1968.658944,194,79,165,3,20250815_211617
1755260156.764067,7690113,1968668928,1968.668928,197,81,166,3,20250815_211617
1755260156.774051,7690152,1968678912,1968.678912,200,79,166,3,20250815_211617
1755260156.784291,7690192,1968689152,1968.689152,203,82,167,3,20250815_211617
1755260156.794275,7690231,1968699136,1968.699136,206,80,167,3,20250815_211617
1755260156.804259,7690270,1968709120,1968.70912,209,82,168,3,20250815_211617
1755260156.814243,7690309,1968719104,1968.719104,213,80,170,3,20250815_211617
1755260156.824227,7690348,1968729088,1968.729088,216,84,169,3,20250815_211617
1755260156.834211,7690387,1968739072,1968.739072,219,81,169,3,20250815_211617
1755260156.8441951,7690426,1968749056,1968.749056,222,83,169,3,20250815_211617
1755260156.8541791,7690465,1968759040,1968.75904,225,81,169,3,20250815_211617
1755260156.864163,7690504,1968769024,1968.769024,229,85,169,3,20250815_211617
1755260156.874147,7690543,1968779008,1968.779008,232,84,169,3,20250815_211617
1755260156.884131,7690582,1968788992,1968.788992,235,86,170,3,20250815_211617
1755260156.894115,7690621,1968798976,1968.798976,238,84,170,3,20250815_211617
1755260156.904099,7690660,1968808960,1968.80896,241,86,170,3,20250815_211617
1755260156.914083,7690699,1968818944,1968.818944,245,84,171,3,20250815_211617
1755260156.924323,7690739,1968829184,1968.829184,248,86,170,3,20250815_211617
1755260156.934307,7690778,1968839168,1968.839168,251,84,170,3,20250815_211617
1755260156.944291,7690817,1968849152,1968.849152,254,87,171,3,20250815_211617
1755260156.9542751,7690856,1968859136,1968.859136,2,83,170,3,20250815_211617
1755260156.964259,7690895,1968869120,1968.86912,5,86,170,3,20250815_211617
1755260156.974243,7690934,1968879104,1968.879104,9,83,171,3,20250815_211617
1755260156.984227,7690973,1968889088,1968.889088,12,85,171,3,20250815_211617
1755260156.994211,7691012,1968899072,1968.899072,15,82,170,3,20250815_211617
1755260157.004195,7691051,1968909056,1968.909056,18,85,170,3,20250815_211617
1755260157.014179,7691090,1968919040,1968.91904,21,82,170,3,20250815_211617
1755260157.024163,7691129,1968929024,1968.929024,25,85,170,3,20250815_211617
1755260157.034147,7691168,1968939008,1968.939008,28,82,169,3,20250815_211617
1755260157.044131,7691207,1968948992,1968.948992,31,84,169,3,20250815_211617
1755260157.054115,7691246,1968958976,1968.958976,34,81,168,3,20250815_211617
1755260157.064099,7691285,1968968960,1968.96896,37,84,166,3,20250815_211617
1755260157.074339,7691325,1968979200,1968.9792,41,81,162,3,20250815_211617
1755260157.084323,7691364,1968989184,1968.989184,44,82,155,3,20250815_211617
1755260157.094307,7691403,1968999168,1968.999168,47,80,148,3,20250815_211617
1755260157.104291,7691442,1969009152,1969.009152,50,82,141,3,20250815_211617
1755260157.114275,7691481,1969019136,1969.019136,53,80,132,3,20250815_211617
1755260157.124259,7691520,1969029120,1969.02912,56,83,125,3,20250815_211617
1755260157.134243,7691559,1969039104,1969.039104,60,82,116,3,20250815_211617
1755260157.144227,7691598,1969049088,1969.049088,63,84,109,3,20250815_211617
1755260157.154211,7691637,1969059072,1969.059072,66,81,104,3,20250815_211617
1755260157.164195,7691676,1969069056,1969.069056,69,83,99,3,20250815_211617
1755260157.174179,7691715,1969079040,1969.07904,72,80,96,3,20250815_211617
1755260157.184163,7691754,1969089024,1969.089024,76,83,96,3,20250815_211617
1755260157.194147,7691793,1969099008,1969.099008,79,80,99,3,20250815_211617
1755260157.2041311,7691832,1969108992,1969.108992,82,84,100,3,20250815_211617
1755260157.214371,7691872,1969119232,1969.119232,85,81,98,3,20250815_211617
1755260157.224355,7691911,1969129216,1969.129216,88,83,97,3,20250815_211617
1755260157.234339,7691950,1969139200,1969.1392,91,81,96,3,20250815_211617
1755260157.244323,7691989,1969149184,1969.149184,95,83,97,3,20250815_211617
1755260157.254307,7692028,1969159168,1969.159168,98,81,97,3,20250815_211617
1755260157.264291,7692067,1969169152,1969.169152,101,83,96,3,20250815_211617
1755260157.274275,7692106,1969179136,1969.179136,104,80,96,3,20250815_211617
1755260157.284259,7692145,1969189120,1969.18912,107,84,97,3,20250815_211617
1755260157.294243,7692184,1969199104,1969.199104,111,81,97,3,20250815_211617
1755260157.304227,7692223,1969209088,1969.209088,114,84,97,3,20250815_211617
1755260157.3142111,7692262,1969219072,1969.219072,117,81,97,3,20250815_211617
1755260157.324195,7692301,1969229056,1969.229056,120,83,98,3,20250815_211617
1755260157.334179,7692340,1969239040,1969.23904,123,80,99,3,20250815_211617
1755260157.344163,7692379,1969249024,1969.249024,127,84,99,3,20250815_211617
1755260157.354403,7692419,1969259264,1969.259264,130,81,100,3,20250815_211617
1755260157.364387,7692458,1969269248,1969.269248,133,82,100,3,20250815_211617
1755260157.374371,7692497,1969279232,1969.279232,136,79,101,3,20250815_211617
1755260157.384355,7692536,1969289216,1969.289216,139,82,102,3,20250815_211617
1755260157.394339,7692575,1969299200,1969.2992,142,79,102,3,20250815_211617
1755260157.404323,7692614,1969309184,1969.309184,146,82,105,3,20250815_211617
1755260157.414307,7692653,1969319168,1969.319168,149,80,105,3,20250815_211617
1755260157.4242911,7692692,1969329152,1969.329152,152,82,107,3,20250815_211617
1755260157.434275,7692731,1969339136,1969.339136,155,78,110,3,20250815_211617
1755260157.444259,7692770,1969349120,1969.34912,158,81,113,3,20250815_211617
1755260157.454243,7692809,1969359104,1969.359104,162,78,116,3,20250815_211617
1755260157.464227,7692848,1969369088,1969.369088,165,81,120,3,20250815_211617
1755260157.474211,7692887,1969379072,1969.379072,168,77,127,3,20250815_211617
1755260157.484195,7692926,1969389056,1969.389056,171,79,132,3,20250815_211617
1755260157.494179,7692965,1969399040,1969.39904,174,77,141,3,20250815_211617
1755260157.504419,7693005,1969409280,1969.40928,178,80,148,3,20250815_211617
1755260157.514403,7693044,1969419264,1969.419264,181,78,152,3,20250815_211617
1755260157.5243871,7693083,1969429248,1969.429248,184,79,157,3,20250815_211617
1755260157.5343711,7693122,1969439232,1969.439232,187,76,162,3,20250815_211617
1755260157.544355,7693161,1969449216,1969.449216,190,78,164,3,20250815_211617
1755260157.554339,7693200,1969459200,1969.4592,193,77,165,3,20250815_211617
1755260157.564323,7693239,1969469184,1969.469184,197,80,165,3,20250815_211617
1755260157.574307,7693278,1969479168,1969.479168,200,78,165,3,20250815_211617
1755260157.584291,7693317,1969489152,1969.489152,203,80,166,3,20250815_211617
1755260157.594275,7693356,1969499136,1969.499136,206,78,167,3,20250815_211617
1755260157.604259,7693395,1969509120,1969.50912,209,80,168,3,20250815_211617
1755260157.614243,7693434,1969519104,1969.519104,213,79,168,3,20250815_211617
1755260157.624227,7693473,1969529088,1969.529088,216,82,168,3,20250815_211617
1755260157.634211,7693512,1969539072,1969.539072,219,80,169,3,20250815_211617
1755260157.6444511,7693552,1969549312,1969.549312,222,84,169,3,20250815_211617
1755260157.654435,7693591,1969559296,1969.559296,225,81,170,3,20250815_211617
1755260157.664419,7693630,1969569280,1969.56928,229,84,170,3,20250815_211617
1755260157.674403,7693669,1969579264,1969.579264,232,83,170,3,20250815_211617
1755260157.684387,7693708,1969589248,1969.589248,235,87,170,3,20250815_211617
1755260157.694371,7693747,1969599232,1969.599232,238,85,170,3,20250815_211617
1755260157.704355,7693786,1969609216,1969.609216,241,87,169,3,20250815_211617
1755260157.714339,7693825,1969619200,1969.6192,244,86,170,3,20250815_211617
1755260157.724323,7693864,1969629184,1969.629184,248,88,169,3,20250815_211617
1755260157.734307,7693903,1969639168,1969.639168,251,85,170,3,20250815_211617
1755260157.744291,7693942,1969649152,1969.649152,254,88,169,3,20250815_211617
1755260157.754275,7693981,1969659136,1969.659136,2,85,170,3,20250815_211617
1755260157.764259,7694020,1969669120,1969.66912,5,89,170,3,20250815_211617
1755260157.774243,7694059,1969679104,1969.679104,9,87,170,3,20250815_211617
1755260157.784483,7694099,1969689344,1969.689344,12,90,170,3,20250815_211617
1755260157.794467,7694138,1969699328,1969.699328,15,86,170,3,20250815_211617
1755260157.804451,7694177,1969709312,1969.709312,18,88,170,3,20250815_211617
1755260157.814435,7694216,1969719296,1969.719296,21,85,169,3,20250815_211617
1755260157.824419,7694255,1969729280,1969.72928,24,85,169,3,20250815_211617
1755260157.834403,7694294,1969739264,1969.739264,28,83,170,3,20250815_211617
1755260157.844387,7694333,1969749248,1969.749248,31,86,168,3,20250815_211617
1755260157.854371,7694372,1969759232,1969.759232,34,83,168,3,20250815_211617
1755260157.864355,7694411,1969769216,1969.769216,37,85,166,3,20250815_211617
1755260157.874339,7694450,1969779200,1969.7792,40,82,162,3,20250815_211617
1755260157.8843231,7694489,1969789184,1969.789184,44,85,156,3,20250815_211617
1755260157.8943071,7694528,1969799168,1969.799168,47,82,147,3,20250815_211617
1755260157.904291,7694567,1969809152,1969.809152,50,83,140,3,20250815_211617
1755260157.914275,7694606,1969819136,1969.819136,53,80,131,3,20250815_211617
1755260157.924259,7694645,1969829120,1969.82912,56,83,125,3,20250815_211617
1755260157.934499,7694685,1969839360,1969.83936,60,81,116,3,20250815_211617
1755260157.944483,7694724,1969849344,1969.849344,63,83,110,3,20250815_211617
1755260157.954467,7694763,1969859328,1969.859328,66,81,104,3,20250815_211617
1755260157.964451,7694802,1969869312,1969.869312,69,83,99,3,20250815_211617
1755260157.974435,7694841,1969879296,1969.879296,72,80,97,3,20250815_211617
1755260157.984419,7694880,1969889280,1969.88928,75,82,96,3,20250815_211617
1755260157.9944031,7694919,1969899264,1969.899264,79,79,100,3,20250815_211617
1755260158.0043871,7694958,1969909248,1969.909248,82,81,99,3,20250815_211617
1755260158.014371,7694997,1969919232,1969.919232,85,79,98,3,20250815_211617
1755260158.024355,7695036,1969929216,1969.929216,88,81,96,3,20250815_211617
1755260158.034339,7695075,1969939200,1969.9392,91,78,96,3,20250815_211617
1755260158.044323,7695114,1969949184,1969.949184,95,81,97,3,20250815_211617
1755260158.054307,7695153,1969959168,1969.959168,98,79,98,3,20250815_211617
1755260158.064291,7695192,1969969152,1969.969152,101,82,97,3,20250815_211617
1755260158.074275,7695231,1969979136,1969.979136,104,79,97,3,20250815_211617
1755260158.084515,7695271,1969989376,1969.989376,107,81,98,3,20250815_211617
1755260158.094499,7695310,1969999360,1969.99936,111,79,97,3,20250815_211617
1755260158.1044831,7695349,1970009344,1970.009344,114,81,98,3,20250815_211617
1755260158.1144671,7695388,1970019328,1970.019328,117,78,97,3,20250815_211617
1755260158.124451,7695427,1970029312,1970.029312,120,81,98,3,20250815_211617
1755260158.134435,7695466,1970039296,1970.039296,123,80,98,3,20250815_211617
1755260158.144419,7695505,1970049280,1970.04928,126,82,99,3,20250815_211617
1755260158.154403,7695544,1970059264,1970.059264,130,79,99,3,20250815_211617
1755260158.164387,7695583,1970069248,1970.069248,133,81,100,3,20250815_211617
1755260158.174371,7695622,1970079232,1970.079232,136,79,100,3,20250815_211617
1755260158.184355,7695661,1970089216,1970.089216,139,82,101,3,20250815_211617
1755260158.194339,7695700,1970099200,1970.0992,142,80,102,3,20250815_211617
1755260158.204323,7695739,1970109184,1970.109184,146,82,105,3,20250815_211617
1755260158.214307,7695778,1970119168,1970.119168,149,79,105,3,20250815_211617
1755260158.224547,7695818,1970129408,1970.129408,152,81,107,3,20250815_211617
1755260158.234531,7695857,1970139392,1970.139392,155,79,109,3,20250815_211617
1755260158.244515,7695896,1970149376,1970.149376,158,82,112,3,20250815_211617
1755260158.254499,7695935,1970159360,1970.15936,162,79,116,3,20250815_211617
1755260158.264483,7695974,1970169344,1970.169344,165,82,120,3,20250815_211617
1755260158.274467,7696013,1970179328,1970.179328,168,80,127,3,20250815_211617
1755260158.284451,7696052,1970189312,1970.189312,171,83,132,3,20250815_211617
1755260158.294435,7696091,1970199296,1970.199296,174,80,141,3,20250815_211617
1755260158.304419,7696130,1970209280,1970.20928,177,82,148,3,20250815_211617
1755260158.314403,7696169,1970219264,1970.219264,181,79,152,3,20250815_211617
1755260158.324387,7696208,1970229248,1970.229248,184,81,157,3,20250815_211617
1755260158.334371,7696247,1970239232,1970.239232,187,79,162,3,20250815_211617
1755260158.344355,7696286,1970249216,1970.249216,190,82,164,3,20250815_211617
1755260158.3543391,7696325,1970259200,1970.2592,193,79,165,3,20250815_211617
1755260158.364579,7696365,1970269440,1970.26944,197,81,166,3,20250815_211617
1755260158.374563,7696404,1970279424,1970.279424,200,78,166,3,20250815_211617
1755260158.384547,7696443,1970289408,1970.289408,203,80,167,3,20250815_211617
1755260158.394531,7696482,1970299392,1970.299392,206,78,167,3,20250815_211617
1755260158.404515,7696521,1970309376,1970.309376,209,81,168,3,20250815_211617
1755260158.414499,7696560,1970319360,1970.31936,212,80,168,3,20250815_211617
1755260158.424483,7696599,1970329344,1970.329344,216,83,168,3,20250815_211617
1755260158.434467,7696638,1970339328,1970.339328,219,80,168,3,20250815_211617
1755260158.444451,7696677,1970349312,1970.349312,222,83,169,3,20250815_211617
1755260158.454435,7696716,1970359296,1970.359296,225,80,170,3,20250815_211617
1755260158.4644191,7696755,1970369280,1970.36928,228,83,170,3,20250815_211617
1755260158.4744031,7696794,1970379264,1970.379264,232,80,169,3,20250815_211617
1755260158.484387,7696833,1970389248,1970.389248,235,83,170,3,20250815_211617
1755260158.494371,7696872,1970399232,1970.399232,238,81,170,3,20250815_211617
1755260158.504355,7696911,1970409216,1970.409216,241,84,170,3,20250815_211617
1755260158.514595,7696951,1970419456,1970.419456,244,82,170,3,20250815_211617
1755260158.524579,7696990,1970429440,1970.42944,248,85,170,3,20250815_211617
1755260158.534563,7697029,1970439424,1970.439424,251,83,170,3,20250815_211617
1755260158.544547,7697068,1970449408,1970.449408,254,85,170,3,20250815_211617
1755260158.554531,7697107,1970459392,1970.459392,2,83,170,3,20250815_211617
1755260158.564515,7697146,1970469376,1970.469376,5,86,170,3,20250815_211617
1755260158.5744991,7697185,1970479360,1970.47936,8,83,170,3,20250815_211617
1755260158.584483,7697224,1970489344,1970.489344,12,86,170,3,20250815_211617
1755260158.594467,7697263,1970499328,1970.499328,15,82,170,3,20250815_211617
1755260158.604451,7697302,1970509312,1970.509312,18,85,170,3,20250815_211617
1755260158.614435,7697341,1970519296,1970.519296,21,82,170,3,20250815_211617
1755260158.624419,7697380,1970529280,1970.52928,24,85,170,3,20250815_211617
1755260158.634403,7697419,1970539264,1970.539264,28,82,169,3,20250815_211617
1755260158.644387,7697458,1970549248,1970.549248,31,84,168,3,20250815_211617
1755260158.654627,7697498,1970559488,1970.559488,34,82,167,3,20250815_211617
1755260158.664611,7697537,1970569472,1970.569472,37,84,165,3,20250815_211617
1755260158.674595,7697576,1970579456,1970.579456,40,82,161,3,20250815_211617
1755260158.6845791,7697615,1970589440,1970.58944,44,84,152,3,20250815_211617
1755260158.694563,7697654,1970599424,1970.599424,47,82,144,3,20250815_211617
1755260158.704547,7697693,1970609408,1970.609408,50,84,138,3,20250815_211617
1755260158.714531,7697732,1970619392,1970.619392,53,82,127,3,20250815_211617
1755260158.724515,7697771,1970629376,1970.629376,56,85,121,3,20250815_211617
1755260158.734499,7697810,1970639360,1970.63936,59,83,113,3,20250815_211617
1755260158.744483,7697849,1970649344,1970.649344,63,85,107,3,20250815_211617
1755260158.754467,7697888,1970659328,1970.659328,66,82,102,3,20250815_211617
1755260158.764451,7697927,1970669312,1970.669312,69,85,99,3,20250815_211617
1755260158.774435,7697966,1970679296,1970.679296,72,83,96,3,20250815_211617
1755260158.784419,7698005,1970689280,1970.68928,75,85,96,3,20250815_211617
1755260158.794403,7698044,1970699264,1970.699264,79,82,99,3,20250815_211617
1755260158.804643,7698084,1970709504,1970.709504,82,84,100,3,20250815_211617
1755260158.814627,7698123,1970719488,1970.719488,85,82,98,3,20250815_211617
1755260158.824611,7698162,1970729472,1970.729472,88,84,97,3,20250815_211617
1755260158.834595,7698201,1970739456,1970.739456,91,81,96,3,20250815_211617
1755260158.844579,7698240,1970749440,1970.74944,95,83,97,3,20250815_211617
1755260158.854563,7698279,1970759424,1970.759424,98,80,98,3,20250815_211617
1755260158.864547,7698318,1970769408,1970.769408,101,83,97,3,20250815_211617
1755260158.874531,7698357,1970779392,1970.779392,104,80,98,3,20250815_211617
1755260158.884515,7698396,1970789376,1970.789376,107,82,97,3,20250815_211617
1755260158.894499,7698435,1970799360,1970.79936,110,79,97,3,20250815_211617
1755260158.904483,7698474,1970809344,1970.809344,114,81,98,3,20250815_211617
1755260158.914467,7698513,1970819328,1970.819328,117,78,97,3,20250815_211617
1755260158.924451,7698552,1970829312,1970.829312,120,81,99,3,20250815_211617
1755260158.9344351,7698591,1970839296,1970.839296,123,78,98,3,20250815_211617
1755260158.944675,7698631,1970849536,1970.849536,126,81,100,3,20250815_211617
1755260158.954659,7698670,1970859520,1970.85952,130,77,101,3,20250815_211617
1755260158.964643,7698709,1970869504,1970.869504,133,80,100,3,20250815_211617
1755260158.974627,7698748,1970879488,1970.879488,136,76,100,3,20250815_211617
1755260158.984611,7698787,1970889472,1970.889472,139,79,101,3,20250815_211617
1755260158.994595,7698826,1970899456,1970.899456,142,76,102,3,20250815_211617
1755260159.004579,7698865,1970909440,1970.90944,145,79,104,3,20250815_211617
1755260159.014563,7698904,1970919424,1970.919424,149,76,106,3,20250815_211617
1755260159.024547,7698943,1970929408,1970.929408,152,79,108,3,20250815_211617
1755260159.034531,7698982,1970939392,1970.939392,155,76,110,3,20250815_211617
1755260159.0445151,7699021,1970949376,1970.949376,158,79,113,3,20250815_211617
1755260159.054499,7699060,1970959360,1970.95936,161,76,116,3,20250815_211617
1755260159.064483,7699099,1970969344,1970.969344,165,79,120,3,20250815_211617
1755260159.074467,7699138,1970979328,1970.979328,168,76,126,3,20250815_211617
1755260159.084707,7699178,1970989568,1970.989568,171,79,131,3,20250815_211617
1755260159.094691,7699217,1970999552,1970.999552,174,76,140,3,20250815_211617
1755260159.104675,7699256,1971009536,1971.009536,177,79,148,3,20250815_211617
1755260159.114659,7699295,1971019520,1971.01952,181,76,152,3,20250815_211617
1755260159.124643,7699334,1971029504,1971.029504,184,79,157,3,20250815_211617
1755260159.134627,7699373,1971039488,1971.039488,187,76,162,3,20250815_211617
1755260159.1446111,7699412,1971049472,1971.049472,190,79,164,3,20250815_211617
1755260159.1545951,7699451,1971059456,1971.059456,193,78,166,3,20250815_211617
1755260159.164579,7699490,1971069440,1971.06944,196,80,165,3,20250815_211617
1755260159.174563,7699529,1971079424,1971.079424,200,78,166,3,20250815_211617
1755260159.184547,7699568,1971089408,1971.089408,203,81,166,3,20250815_211617
1755260159.194531,7699607,1971099392,1971.099392,206,80,167,3,20250815_211617
1755260159.204515,7699646,1971109376,1971.109376,209,83,168,3,20250815_211617
1755260159.214499,7699685,1971119360,1971.11936,212,81,168,3,20250815_211617
1755260159.224483,7699724,1971129344,1971.129344,216,84,168,3,20250815_211617
1755260159.234723,7699764,1971139584,1971.139584,219,82,169,3,20250815_211617
1755260159.244707,7699803,1971149568,1971.149568,222,85,169,3,20250815_211617
1755260159.2546911,7699842,1971159552,1971.159552,225,84,169,3,20250815_211617
1755260159.2646751,7699881,1971169536,1971.169536,228,87,170,3,20250815_211617
1755260159.274659,7699920,1971179520,1971.17952,232,86,169,3,20250815_211617
1755260159.284643,7699959,1971189504,1971.189504,235,89,169,3,20250815_211617
1755260159.294627,7699998,1971199488,1971.199488,238,86,170,3,20250815_211617
1755260159.304611,7700037,1971209472,1971.209472,241,89,170,3,20250815_211617
1755260159.314595,7700076,1971219456,1971.219456,244,87,170,3,20250815_211617
1755260159.324579,7700115,1971229440,1971.22944,247,89,170,3,20250815_211617
1755260159.334563,7700154,1971239424,1971.239424,251,87,171,3,20250815_211617
1755260159.344547,7700193,1971249408,1971.249408,254,89,170,3,20250815_211617
1755260159.354531,7700232,1971259392,1971.259392,2,87,170,3,20250815_211617
1755260159.364515,7700271,1971269376,1971.269376,5,88,170,3,20250815_211617
1755260159.3747551,7700311,1971279616,1971.279616,8,86,170,3,20250815_211617
1755260159.384739,7700350,1971289600,1971.2896,12,87,170,3,20250815_211617
1755260159.394723,7700389,1971299584,1971.299584,15,83,169,3,20250815_211617
1755260159.404707,7700428,1971309568,1971.309568,18,86,169,3,20250815_211617
1755260159.414691,7700467,1971319552,1971.319552,21,83,169,3,20250815_211617
1755260159.424675,7700506,1971329536,1971.329536,24,85,170,3,20250815_211617
1755260159.434659,7700545,1971339520,1971.33952,28,81,169,3,20250815_211617
1755260159.444643,7700584,1971349504,1971.349504,31,83,168,3,20250815_211617
1755260159.454627,7700623,1971359488,1971.359488,34,80,167,3,20250815_211617
1755260159.464611,7700662,1971369472,1971.369472,37,82,164,3,20250815_211617
1755260159.474595,7700701,1971379456,1971.379456,40,81,161,3,20250815_211617
1755260159.484579,7700740,1971389440,1971.38944,43,82,155,3,20250815_211617
1755260159.494563,7700779,1971399424,1971.399424,47,80,146,3,20250815_211617
1755260159.504547,7700818,1971409408,1971.409408,50,82,138,3,20250815_211617
1755260159.5145311,7700857,1971419392,1971.419392,53,79,129,3,20250815_211617
1755260159.524771,7700897,1971429632,1971.429632,56,81,122,3,20250815_211617
1755260159.534755,7700936,1971439616,1971.439616,59,78,113,3,20250815_211617
1755260159.544739,7700975,1971449600,1971.4496,63,81,108,3,20250815_211617
1755260159.554723,7701014,1971459584,1971.459584,66,78,103,3,20250815_211617
1755260159.564707,7701053,1971469568,1971.469568,69,81,98,3,20250815_211617
1755260159.574691,7701092,1971479552,1971.479552,72,78,96,3,20250815_211617
1755260159.584675,7701131,1971489536,1971.489536,75,81,97,3,20250815_211617
1755260159.594659,7701170,1971499520,1971.49952,78,80,100,3,20250815_211617
1755260159.604643,7701209,1971509504,1971.509504,82,82,100,3,20250815_211617
1755260159.6146271,7701248,1971519488,1971.519488,85,79,98,3,20250815_211617
1755260159.6246111,7701287,1971529472,1971.529472,88,81,97,3,20250815_211617
1755260159.634595,7701326,1971539456,1971.539456,91,79,96,3,20250815_211617
1755260159.644579,7701365,1971549440,1971.54944,94,82,98,3,20250815_211617
1755260159.654563,7701404,1971559424,1971.559424,98,80,98,3,20250815_211617
1755260159.664803,7701444,1971569664,1971.569664,101,82,96,3,20250815_211617
1755260159.674787,7701483,1971579648,1971.579648,104,79,98,3,20250815_211617
1755260159.684771,7701522,1971589632,1971.589632,107,82,98,3,20250815_211617
1755260159.694755,7701561,1971599616,1971.599616,110,79,98,3,20250815_211617
1755260159.704739,7701600,1971609600,1971.6096,114,83,98,3,20250815_211617
1755260159.714723,7701639,1971619584,1971.619584,117,81,97,3,20250815_211617
1755260159.7247071,7701678,1971629568,1971.629568,120,84,98,3,20250815_211617
1755260159.7346911,7701717,1971639552,1971.639552,123,82,99,3,20250815_211617
1755260159.744675,7701756,1971649536,1971.649536,126,84,99,3,20250815_211617
1755260159.754659,7701795,1971659520,1971.65952,129,81,100,3,20250815_211617
1755260159.764643,7701834,1971669504,1971.669504,133,84,101,3,20250815_211617
1755260159.774627,7701873,1971679488,1971.679488,136,81,101,3,20250815_211617
1755260159.784611,7701912,1971689472,1971.689472,139,83,101,3,20250815_211617
1755260159.794595,7701951,1971699456,1971.699456,142,81,102,3,20250815_211617
1755260159.804835,7701991,1971709696,1971.709696,145,83,104,3,20250815_211617
1755260159.814819,7702030,1971719680,1971.71968,149,80,105,3,20250815_211617
1755260159.824803,7702069,1971729664,1971.729664,152,83,109,3,20250815_211617
1755260159.8347871,7702108,1971739648,1971.739648,155,81,110,3,20250815_211617
1755260159.844771,7702147,1971749632,1971.749632,158,81,112,3,20250815_211617
1755260159.854755,7702186,1971759616,1971.759616,161,79,116,3,20250815_211617
1755260159.864739,7702225,1971769600,1971.7696,165,83,120,3,20250815_211617
1755260159.874723,7702264,1971779584,1971.779584,168,79,127,3,20250815_211617
1755260159.884707,7702303,1971789568,1971.789568,171,80,131,3,20250815_211617
1755260159.894691,7702342,1971799552,1971.799552,174,78,141,3,20250815_211617
1755260159.904675,7702381,1971809536,1971.809536,177,81,148,3,20250815_211617
1755260159.914659,7702420,1971819520,1971.81952,180,78,154,3,20250815_211617
1755260159.924643,7702459,1971829504,1971.829504,184,80,158,3,20250815_211617
1755260159.934627,7702498,1971839488,1971.839488,187,78,163,3,20250815_211617
1755260159.944611,7702537,1971849472,1971.849472,190,79,165,3,20250815_211617
1755260159.954851,7702577,1971859712,1971.859712,193,78,165,3,20250815_211617
1755260159.964835,7702616,1971869696,1971.869696,196,81,165,3,20250815_211617
1755260159.974819,7702655,1971879680,1971.87968,200,78,166,3,20250815_211617
1755260159.984803,7702694,1971889664,1971.889664,203,79,166,3,20250815_211617
1755260159.994787,7702733,1971899648,1971.899648,206,77,167,3,20250815_211617
1755260160.004771,7702772,1971909632,1971.909632,209,81,168,3,20250815_211617
1755260160.014755,7702811,1971919616,1971.919616,212,78,168,3,20250815_211617
1755260160.024739,7702850,1971929600,1971.9296,216,81,168,3,20250815_211617
1755260160.034723,7702889,1971939584,1971.939584,219,79,170,3,20250815_211617
1755260160.044707,7702928,1971949568,1971.949568,222,82,169,3,20250815_211617
1755260160.054691,7702967,1971959552,1971.959552,225,80,170,3,20250815_211617
1755260160.064675,7703006,1971969536,1971.969536,228,82,169,3,20250815_211617
1755260160.074659,7703045,1971979520,1971.97952,231,80,169,3,20250815_211617
1755260160.0846431,7703084,1971989504,1971.989504,235,84,170,3,20250815_211617
1755260160.094883,7703124,1971999744,1971.999744,238,82,170,3,20250815_211617
1755260160.104867,7703163,1972009728,1972.009728,241,85,169,3,20250815_211617
1755260160.114851,7703202,1972019712,1972.019712,244,83,170,3,20250815_211617
1755260160.124835,7703241,1972029696,1972.029696,247,86,170,3,20250815_211617
1755260160.134819,7703280,1972039680,1972.03968,251,85,170,3,20250815_211617
1755260160.144803,7703319,1972049664,1972.049664,254,88,170,3,20250815_211617
1755260160.154787,7703358,1972059648,1972.059648,2,85,170,3,20250815_211617
1755260160.164771,7703397,1972069632,1972.069632,5,86,170,3,20250815_211617
1755260160.174755,7703436,1972079616,1972.079616,8,83,170,3,20250815_211617
1755260160.184739,7703475,1972089600,1972.0896,11,86,170,3,20250815_211617
1755260160.1947231,7703514,1972099584,1972.099584,15,83,169,3,20250815_211617
1755260160.2047071,7703553,1972109568,1972.109568,18,87,170,3,20250815_211617
1755260160.214691,7703592,1972119552,1972.119552,21,84,169,3,20250815_211617
1755260160.224675,7703631,1972129536,1972.129536,24,87,168,3,20250815_211617
1755260160.234659,7703670,1972139520,1972.13952,27,85,168,3,20250815_211617
1755260160.244899,7703710,1972149760,1972.14976,31,87,168,3,20250815_211617
1755260160.254883,7703749,1972159744,1972.159744,34,83,166,3,20250815_211617
1755260160.264867,7703788,1972169728,1972.169728,37,85,162,3,20250815_211617
1755260160.274851,7703827,1972179712,1972.179712,40,82,159,3,20250815_211617
1755260160.284835,7703866,1972189696,1972.189696,43,84,152,3,20250815_211617
1755260160.294819,7703905,1972199680,1972.19968,47,82,143,3,20250815_211617
1755260160.3048031,7703944,1972209664,1972.209664,50,84,135,3,20250815_211617
1755260160.314787,7703983,1972219648,1972.219648,53,82,127,3,20250815_211617
1755260160.324771,7704022,1972229632,1972.229632,56,84,121,3,20250815_211617
1755260160.334755,7704061,1972239616,1972.239616,59,82,113,3,20250815_211617
1755260160.344739,7704100,1972249600,1972.2496,62,83,106,3,20250815_211617
1755260160.354723,7704139,1972259584,1972.259584,66,81,101,3,20250815_211617
1755260160.364707,7704178,1972269568,1972.269568,69,83,98,3,20250815_211617
1755260160.374691,7704217,1972279552,1972.279552,72,80,96,3,20250815_211617
1755260160.384931,7704257,1972289792,1972.289792,75,83,97,3,20250815_211617
1755260160.394915,7704296,1972299776,1972.299776,78,80,98,3,20250815_211617
1755260160.4048991,7704335,1972309760,1972.30976,82,83,98,3,20250815_211617
1755260160.4148831,7704374,1972319744,1972.319744,85,80,97,3,20250815_211617
1755260160.424867,7704413,1972329728,1972.329728,88,82,96,3,20250815_211617
1755260160.434851,7704452,1972339712,1972.339712,91,80,97,3,20250815_211617
1755260160.444835,7704491,1972349696,1972.349696,94,83,98,3,20250815_211617
1755260160.454819,7704530,1972359680,1972.35968,98,80,97,3,20250815_211617
1755260160.464803,7704569,1972369664,1972.369664,101,81,95,3,20250815_211617
1755260160.474787,7704608,1972379648,1972.379648,104,78,96,3,20250815_211617
1755260160.484771,7704647,1972389632,1972.389632,107,81,97,3,20250815_211617
1755260160.494755,7704686,1972399616,1972.399616,110,79,98,3,20250815_211617
1755260160.504739,7704725,1972409600,1972.4096,113,81,98,3,20250815_211617
1755260160.514723,7704764,1972419584,1972.419584,117,79,98,3,20250815_211617
1755260160.5249631,7704804,1972429824,1972.429824,120,82,98,3,20250815_211617
1755260160.534947,7704843,1972439808,1972.439808,123,80,98,3,20250815_211617
1755260160.544931,7704882,1972449792,1972.449792,126,81,99,3,20250815_211617
1755260160.554915,7704921,1972459776,1972.459776,129,79,100,3,20250815_211617
1755260160.564899,7704960,1972469760,1972.46976,133,81,102,3,20250815_211617
1755260160.574883,7704999,1972479744,1972.479744,136,79,100,3,20250815_211617
1755260160.584867,7705038,1972489728,1972.489728,139,82,101,3,20250815_211617
1755260160.594851,7705077,1972499712,1972.499712,142,79,101,3,20250815_211617
1755260160.604835,7705116,1972509696,1972.509696,145,82,103,3,20250815_211617
1755260160.614819,7705155,1972519680,1972.51968,149,80,104,3,20250815_211617
1755260160.624803,7705194,1972529664,1972.529664,152,82,106,3,20250815_211617
1755260160.634787,7705233,1972539648,1972.539648,155,79,107,3,20250815_211617
1755260160.644771,7705272,1972549632,1972.549632,158,81,111,3,20250815_211617
1755260160.654755,7705311,1972559616,1972.559616,161,79,114,3,20250815_211617
1755260160.6647391,7705350,1972569600,1972.5696,164,81,117,3,20250815_211617
1755260160.674979,7705390,1972579840,1972.57984,168,79,124,3,20250815_211617
1755260160.684963,7705429,1972589824,1972.589824,171,81,128,3,20250815_211617
1755260160.694947,7705468,1972599808,1972.599808,174,78,136,3,20250815_211617
1755260160.704931,7705507,1972609792,1972.609792,177,81,144,3,20250815_211617
1755260160.714915,7705546,1972619776,1972.619776,180,79,151,3,20250815_211617
1755260160.724899,7705585,1972629760,1972.62976,184,81,156,3,20250815_211617
1755260160.734883,7705624,1972639744,1972.639744,187,79,160,3,20250815_211617
1755260160.744867,7705663,1972649728,1972.649728,190,81,164,3,20250815_211617
1755260160.754851,7705702,1972659712,1972.659712,193,79,165,3,20250815_211617
1755260160.7648351,7705741,1972669696,1972.669696,196,81,165,3,20250815_211617
1755260160.7748191,7705780,1972679680,1972.67968,199,79,165,3,20250815_211617
1755260160.784803,7705819,1972689664,1972.689664,203,82,165,3,20250815_211617
1755260160.794787,7705858,1972699648,1972.699648,206,79,166,3,20250815_211617
1755260160.804771,7705897,1972709632,1972.709632,209,82,167,3,20250815_211617
1755260160.815011,7705937,1972719872,1972.719872,212,79,167,3,20250815_211617
1755260160.824995,7705976,1972729856,1972.729856,215,83,169,3,20250815_211617
1755260160.834979,7706015,1972739840,1972.73984,219,81,169,3,20250815_211617
1755260160.844963,7706054,1972749824,1972.749824,222,84,169,3,20250815_211617
1755260160.854947,7706093,1972759808,1972.759808,225,82,169,3,20250815_211617
1755260160.864931,7706132,1972769792,1972.769792,228,84,169,3,20250815_211617
1755260160.8749151,7706171,1972779776,1972.779776,231,83,170,3,20250815_211617
1755260160.8848991,7706210,1972789760,1972.78976,235,87,169,3,20250815_211617
1755260160.894883,7706249,1972799744,1972.799744,238,85,170,3,20250815_211617
1755260160.904867,7706288,1972809728,1972.809728,241,86,170,3,20250815_211617
1755260160.914851,7706327,1972819712,1972.819712,244,85,170,3,20250815_211617
1755260160.924835,7706366,1972829696,1972.829696,247,87,171,3,20250815_211617
1755260160.934819,7706405,1972839680,1972.83968,250,85,170,3,20250815_211617
1755260160.944803,7706444,1972849664,1972.849664,254,87,171,3,20250815_211617
1755260160.954787,7706483,1972859648,1972.859648,2,85,170,3,20250815_211617
1755260160.965027,7706523,1972869888,1972.869888,5,87,170,3,20250815_211617
1755260160.975011,7706562,1972879872,1972.879872,8,85,171,3,20250815_211617
1755260160.9849951,7706601,1972889856,1972.889856,11,87,170,3,20250815_211617
1755260160.9949791,7706640,1972899840,1972.89984,15,85,170,3,20250815_211617
1755260161.004963,7706679,1972909824,1972.909824,18,87,170,3,20250815_211617
1755260161.014947,7706718,1972919808,1972.919808,21,84,170,3,20250815_211617
1755260161.024931,7706757,1972929792,1972.929792,24,86,169,3,20250815_211617
1755260161.034915,7706796,1972939776,1972.939776,27,83,169,3,20250815_211617
1755260161.044899,7706835,1972949760,1972.94976,31,86,170,3,20250815_211617
1755260161.054883,7706874,1972959744,1972.959744,34,82,167,3,20250815_211617
1755260161.064867,7706913,1972969728,1972.969728,37,85,165,3,20250815_211617
1755260161.074851,7706952,1972979712,1972.979712,40,83,162,3,20250815_211617
1755260161.084835,7706991,1972989696,1972.989696,43,85,155,3,20250815_211617
1755260161.094819,7707030,1972999680,1972.99968,46,83,146,3,20250815_211617
1755260161.105059,7707070,1973009920,1973.00992,50,85,138,3,20250815_211617
1755260161.115043,7707109,1973019904,1973.019904,53,83,129,3,20250815_211617
1755260161.125027,7707148,1973029888,1973.029888,56,84,122,3,20250815_211617
1755260161.135011,7707187,1973039872,1973.039872,59,82,114,3,20250815_211617
1755260161.144995,7707226,1973049856,1973.049856,62,83,108,3,20250815_211617
1755260161.154979,7707265,1973059840,1973.05984,66,81,103,3,20250815_211617
1755260161.164963,7707304,1973069824,1973.069824,69,83,98,3,20250815_211617
1755260161.174947,7707343,1973079808,1973.079808,72,81,96,3,20250815_211617
1755260161.184931,7707382,1973089792,1973.089792,75,83,96,3,20250815_211617
1755260161.194915,7707421,1973099776,1973.099776,78,81,98,3,20250815_211617
1755260161.204899,7707460,1973109760,1973.10976,82,83,98,3,20250815_211617
1755260161.214883,7707499,1973119744,1973.119744,85,80,97,3,20250815_211617
1755260161.224867,7707538,1973129728,1973.129728,88,83,97,3,20250815_211617
1755260161.2348511,7707577,1973139712,1973.139712,91,80,96,3,20250815_211617
1755260161.245091,7707617,1973149952,1973.149952,94,82,98,3,20250815_211617
1755260161.255075,7707656,1973159936,1973.159936,97,79,96,3,20250815_211617
1755260161.265059,7707695,1973169920,1973.16992,101,81,96,3,20250815_211617
1755260161.275043,7707734,1973179904,1973.179904,104,80,98,3,20250815_211617
1755260161.285027,7707773,1973189888,1973.189888,107,81,97,3,20250815_211617
1755260161.295011,7707812,1973199872,1973.199872,110,79,98,3,20250815_211617
1755260161.304995,7707851,1973209856,1973.209856,113,81,97,3,20250815_211617
1755260161.314979,7707890,1973219840,1973.21984,117,78,98,3,20250815_211617
1755260161.324963,7707929,1973229824,1973.229824,120,81,99,3,20250815_211617
1755260161.334947,7707968,1973239808,1973.239808,123,78,98,3,20250815_211617
1755260161.3449311,7708007,1973249792,1973.249792,126,80,99,3,20250815_211617
1755260161.3549151,7708046,1973259776,1973.259776,129,78,100,3,20250815_211617
1755260161.364899,7708085,1973269760,1973.26976,132,81,101,3,20250815_211617
1755260161.374883,7708124,1973279744,1973.279744,136,78,101,3,20250815_211617
1755260161.384867,7708163,1973289728,1973.289728,139,81,101,3,20250815_211617
1755260161.395107,7708203,1973299968,1973.299968,142,78,102,3,20250815_211617
1755260161.405091,7708242,1973309952,1973.309952,145,81,104,3,20250815_211617
1755260161.415075,7708281,1973319936,1973.319936,148,78,106,3,20250815_211617
1755260161.425059,7708320,1973329920,1973.32992,152,80,107,3,20250815_211617
1755260161.435043,7708359,1973339904,1973.339904,155,77,110,3,20250815_211617
1755260161.445027,7708398,1973349888,1973.349888,158,80,113,3,20250815_211617
1755260161.4550111,7708437,1973359872,1973.359872,161,77,116,3,20250815_211617
1755260161.4649951,7708476,1973369856,1973.369856,164,80,119,3,20250815_211617
1755260161.474979,7708515,1973379840,1973.37984,168,79,126,3,20250815_211617
1755260161.484963,7708554,1973389824,1973.389824,171,81,131,3,20250815_211617
1755260161.494947,7708593,1973399808,1973.399808,174,79,139,3,20250815_211617
1755260161.504931,7708632,1973409792,1973.409792,177,81,148,3,20250815_211617
1755260161.514915,7708671,1973419776,1973.419776,180,78,152,3,20250815_211617
1755260161.524899,7708710,1973429760,1973.42976,183,80,157,3,20250815_211617
1755260161.535139,7708750,1973440000,1973.44,187,77,163,3,20250815_211617
1755260161.545123,7708789,1973449984,1973.449984,190,80,164,3,20250815_211617
1755260161.555107,7708828,1973459968,1973.459968,193,78,166,3,20250815_211617
1755260161.5650911,7708867,1973469952,1973.469952,196,81,165,3,20250815_211617
1755260161.575075,7708906,1973479936,1973.479936,199,79,166,3,20250815_211617
1755260161.585059,7708945,1973489920,1973.48992,203,82,166,3,20250815_211617
1755260161.595043,7708984,1973499904,1973.499904,206,80,167,3,20250815_211617
1755260161.605027,7709023,1973509888,1973.509888,209,83,168,3,20250815_211617
1755260161.615011,7709062,1973519872,1973.519872,212,81,168,3,20250815_211617
1755260161.624995,7709101,1973529856,1973.529856,215,83,169,3,20250815_211617
1755260161.634979,7709140,1973539840,1973.53984,219,82,169,3,20250815_211617
1755260161.644963,7709179,1973549824,1973.549824,222,85,169,3,20250815_211617
1755260161.654947,7709218,1973559808,1973.559808,225,83,169,3,20250815_211617
1755260161.664931,7709257,1973569792,1973.569792,228,86,170,3,20250815_211617
1755260161.6751711,7709297,1973580032,1973.580032,231,85,169,3,20250815_211617
1755260161.685155,7709336,1973590016,1973.590016,234,89,170,3,20250815_211617
1755260161.695139,7709375,1973600000,1973.6,238,86,170,3,20250815_211617
1755260161.705123,7709414,1973609984,1973.609984,241,88,170,3,20250815_211617
1755260161.715107,7709453,1973619968,1973.619968,244,86,170,3,20250815_211617
1755260161.725091,7709492,1973629952,1973.629952,247,88,170,3,20250815_211617
1755260161.735075,7709531,1973639936,1973.639936,250,86,170,3,20250815_211617
1755260161.745059,7709570,1973649920,1973.64992,254,88,170,3,20250815_211617
1755260161.755043,7709609,1973659904,1973.659904,2,85,170,3,20250815_211617
1755260161.765027,7709648,1973669888,1973.669888,5,88,170,3,20250815_211617
1755260161.775011,7709687,1973679872,1973.679872,8,86,171,3,20250815_211617
1755260161.784995,7709726,1973689856,1973.689856,11,88,171,3,20250815_211617
1755260161.794979,7709765,1973699840,1973.69984,15,85,171,3,20250815_211617
1755260161.804963,7709804,1973709824,1973.709824,18,87,170,3,20250815_211617
1755260161.815203,7709844,1973720064,1973.720064,21,84,170,3,20250815_211617
1755260161.825187,7709883,1973730048,1973.730048,24,87,171,3,20250815_211617
1755260161.835171,7709922,1973740032,1973.740032,27,84,170,3,20250815_211617
1755260161.845155,7709961,1973750016,1973.750016,30,85,169,3,20250815_211617
1755260161.855139,7710000,1973760000,1973.76,34,82,168,3,20250815_211617
1755260161.865123,7710039,1973769984,1973.769984,37,85,166,3,20250815_211617
1755260161.875107,7710078,1973779968,1973.779968,40,82,163,3,20250815_211617
1755260161.885091,7710117,1973789952,1973.789952,43,84,157,3,20250815_211617
1755260161.895075,7710156,1973799936,1973.799936,46,82,148,3,20250815_211617
1755260161.905059,7710195,1973809920,1973.80992,50,85,141,3,20250815_211617
1755260161.915043,7710234,1973819904,1973.819904,53,81,132,3,20250815_211617
1755260161.9250271,7710273,1973829888,1973.829888,56,83,125,3,20250815_211617
1755260161.935011,7710312,1973839872,1973.839872,59,81,116,3,20250815_211617
1755260161.944995,7710351,1973849856,1973.849856,62,83,110,3,20250815_211617
1755260161.955235,7710391,1973860096,1973.860096,66,81,104,3,20250815_211617
1755260161.965219,7710430,1973870080,1973.87008,69,83,100,3,20250815_211617
1755260161.975203,7710469,1973880064,1973.880064,72,81,96,3,20250815_211617
1755260161.985187,7710508,1973890048,1973.890048,75,83,96,3,20250815_211617
1755260161.995171,7710547,1973900032,1973.900032,78,81,99,3,20250815_211617
1755260162.005155,7710586,1973910016,1973.910016,81,83,99,3,20250815_211617
1755260162.015139,7710625,1973920000,1973.92,85,80,98,3,20250815_211617
1755260162.0251231,7710664,1973929984,1973.929984,88,82,97,3,20250815_211617
1755260162.0351071,7710703,1973939968,1973.939968,91,80,97,3,20250815_211617
1755260162.045091,7710742,1973949952,1973.949952,94,83,98,3,20250815_211617
1755260162.055075,7710781,1973959936,1973.959936,97,81,97,3,20250815_211617
1755260162.065059,7710820,1973969920,1973.96992,101,83,97,3,20250815_211617
1755260162.075043,7710859,1973979904,1973.979904,104,81,99,3,20250815_211617
1755260162.085027,7710898,1973989888,1973.989888,107,82,98,3,20250815_211617
1755260162.095011,7710937,1973999872,1973.999872,110,80,98,3,20250815_211617
1755260162.105251,7710977,1974010112,1974.010112,113,81,98,3,20250815_211617
1755260162.115235,7711016,1974020096,1974.020096,116,80,97,3,20250815_211617
1755260162.125219,7711055,1974030080,1974.03008,120,82,98,3,20250815_211617
1755260162.1352031,7711094,1974040064,1974.040064,123,80,98,3,20250815_211617
1755260162.1451871,7711133,1974050048,1974.050048,126,82,99,3,20250815_211617
1755260162.155171,7711172,1974060032,1974.060032,129,80,101,3,20250815_211617
1755260162.165155,7711211,1974070016,1974.070016,132,82,101,3,20250815_211617
1755260162.175139,7711250,1974080000,1974.08,136,80,101,3,20250815_211617
1755260162.185123,7711289,1974089984,1974.089984,139,82,101,3,20250815_211617
1755260162.195107,7711328,1974099968,1974.099968,142,80,103,3,20250815_211617
1755260162.205091,7711367,1974109952,1974.109952,145,83,104,3,20250815_211617
1755260162.215075,7711406,1974119936,1974.119936,148,80,106,3,20250815_211617
1755260162.225315,7711446,1974130176,1974.130176,152,82,109,3,20250815_211617
1755260162.235299,7711485,1974140160,1974.14016,155,80,111,3,20250815_211617
1755260162.2452831,7711524,1974150144,1974.150144,158,83,114,3,20250815_211617
1755260162.2552671,7711563,1974160128,1974.160128,161,81,116,3,20250815_211617
1755260162.265251,7711602,1974170112,1974.170112,164,83,121,3,20250815_211617
1755260162.275235,7711641,1974180096,1974.180096,168,81,127,3,20250815_211617
1755260162.285219,7711680,1974190080,1974.19008,171,82,132,3,20250815_211617
1755260162.295459,7711720,1974200320,1974.20032,174,80,142,3,20250815_211617
1755260162.305443,7711759,1974210304,1974.210304,177,83,148,3,20250815_211617
1755260162.315427,7711798,1974220288,1974.220288,180,81,153,3,20250815_211617
1755260162.325411,7711837,1974230272,1974.230272,183,84,158,3,20250815_211617
1755260162.335395,7711876,1974240256,1974.240256,187,82,163,3,20250815_211617
1755260162.345379,7711915,1974250240,1974.25024,190,84,165,3,20250815_211617
1755260162.3553631,7711954,1974260224,1974.260224,193,82,166,3,20250815_211617
1755260162.365603,7711994,1974270464,1974.270464,196,85,166,3,20250815_211617
1755260162.375587,7712033,1974280448,1974.280448,199,83,165,3,20250815_211617
1755260162.385571,7712072,1974290432,1974.290432,203,85,166,3,20250815_211617
1755260162.395555,7712111,1974300416,1974.300416,206,84,167,3,20250815_211617
1755260162.405539,7712150,1974310400,1974.3104,209,86,168,3,20250815_211617
1755260162.415523,7712189,1974320384,1974.320384,212,85,168,3,20250815_211617
1755260162.425507,7712228,1974330368,1974.330368,215,88,169,3,20250815_211617
1755260162.435747,7712268,1974340608,1974.340608,219,87,169,3,20250815_211617
1755260162.445731,7712307,1974350592,1974.350592,222,90,169,3,20250815_211617
1755260162.455715,7712346,1974360576,1974.360576,225,90,170,3,20250815_211617
1755260162.465699,7712385,1974370560,1974.37056,228,92,169,3,20250815_211617
1755260162.475683,7712424,1974380544,1974.380544,231,91,170,3,20250815_211617
1755260162.485667,7712463,1974390528,1974.390528,235,94,169,3,20250815_211617
1755260162.495651,7712502,1974400512,1974.400512,238,93,170,3,20250815_211617
1755260162.505635,7712541,1974410496,1974.410496,241,95,170,3,20250815_211617
1755260162.515875,7712581,1974420736,1974.420736,244,95,170,3,20250815_211617
1755260162.525859,7712620,1974430720,1974.43072,247,96,169,3,20250815_211617
1755260162.5358431,7712659,1974440704,1974.440704,251,95,170,3,20250815_211617
1755260162.545827,7712698,1974450688,1974.450688,254,97,170,3,20250815_211617
1755260162.555811,7712737,1974460672,1974.460672,2,96,170,3,20250815_211617
1755260162.565795,7712776,1974470656,1974.470656,5,97,170,3,20250815_211617
1755260162.575779,7712815,1974480640,1974.48064,8,95,170,3,20250815_211617
1755260162.586019,7712855,1974490880,1974.49088,11,97,170,3,20250815_211617
1755260162.596003,7712894,1974500864,1974.500864,15,95,171,3,20250815_211617
1755260162.605987,7712933,1974510848,1974.510848,18,97,170,3,20250815_211617
1755260162.615971,7712972,1974520832,1974.520832,21,95,170,3,20250815_211617
1755260162.625955,7713011,1974530816,1974.530816,24,97,169,3,20250815_211617
1755260162.6359391,7713050,1974540800,1974.5408,27,95,169,3,20250815_211617
1755260162.6459231,7713089,1974550784,1974.550784,31,96,168,3,20250815_211617
1755260162.656163,7713129,1974561024,1974.561024,34,95,167,3,20250815_211617
1755260162.666147,7713168,1974571008,1974.571008,37,95,165,3,20250815_211617
1755260162.676131,7713207,1974580992,1974.580992,40,94,162,3,20250815_211617
1755260162.686115,7713246,1974590976,1974.590976,43,95,154,3,20250815_211617
1755260162.696099,7713285,1974600960,1974.60096,47,95,146,3,20250815_211617
1755260162.706083,7713324,1974610944,1974.610944,50,95,139,3,20250815_211617
1755260162.716067,7713363,1974620928,1974.620928,53,94,130,3,20250815_211617
1755260162.726051,7713402,1974630912,1974.630912,56,95,123,3,20250815_211617
1755260162.736035,7713441,1974640896,1974.640896,59,94,114,3,20250815_211617
1755260162.7460191,7713480,1974650880,1974.65088,63,94,108,3,20250815_211617
1755260162.756259,7713520,1974661120,1974.66112,66,94,103,3,20250815_211617
1755260162.766243,7713559,1974671104,1974.671104,69,94,98,3,20250815_211617
1755260162.776227,7713598,1974681088,1974.681088,72,93,97,3,20250815_211617
1755260162.786211,7713637,1974691072,1974.691072,75,94,96,3,20250815_211617
1755260162.796195,7713676,1974701056,1974.701056,78,93,98,3,20250815_211617
1755260162.806179,7713715,1974711040,1974.71104,82,93,99,3,20250815_211617
1755260162.816163,7713754,1974721024,1974.721024,85,93,97,3,20250815_211617
1755260162.826147,7713793,1974731008,1974.731008,88,94,98,3,20250815_211617
1755260162.836131,7713832,1974740992,1974.740992,91,93,96,3,20250815_211617
1755260162.846115,7713871,1974750976,1974.750976,94,94,99,3,20250815_211617
1755260162.8560991,7713910,1974760960,1974.76096,98,92,96,3,20250815_211617
1755260162.8660831,7713949,1974770944,1974.770944,101,93,96,3,20250815_211617
1755260162.876067,7713988,1974780928,1974.780928,104,92,98,3,20250815_211617
1755260162.886051,7714027,1974790912,1974.790912,107,93,98,3,20250815_211617
1755260162.896291,7714067,1974801152,1974.801152,110,93,98,3,20250815_211617
1755260162.906275,7714106,1974811136,1974.811136,113,93,97,3,20250815_211617
1755260162.916259,7714145,1974821120,1974.82112,117,92,97,3,20250815_211617
1755260162.926243,7714184,1974831104,1974.831104,120,93,98,3,20250815_211617
1755260162.936227,7714223,1974841088,1974.841088,123,93,98,3,20250815_211617
1755260162.946211,7714262,1974851072,1974.851072,126,93,99,3,20250815_211617
1755260162.956195,7714301,1974861056,1974.861056,129,92,100,3,20250815_211617
1755260162.9661791,7714340,1974871040,1974.87104,133,93,100,3,20250815_211617
1755260162.976163,7714379,1974881024,1974.881024,136,93,100,3,20250815_211617
1755260162.986147,7714418,1974891008,1974.891008,139,94,102,3,20250815_211617
1755260162.996131,7714457,1974900992,1974.900992,142,91,103,3,20250815_211617
1755260163.006115,7714496,1974910976,1974.910976,145,94,104,3,20250815_211617
1755260163.016099,7714535,1974920960,1974.92096,149,93,106,3,20250815_211617
1755260163.026083,7714574,1974930944,1974.930944,152,94,108,3,20250815_211617
1755260163.036323,7714614,1974941184,1974.941184,155,93,111,3,20250815_211617
1755260163.046307,7714653,1974951168,1974.951168,158,94,113,3,20250815_211617
1755260163.056291,7714692,1974961152,1974.961152,161,92,116,3,20250815_211617
1755260163.0662751,7714731,1974971136,1974.971136,164,93,120,3,20250815_211617
1755260163.0762591,7714770,1974981120,1974.98112,168,92,127,3,20250815_211617
1755260163.086243,7714809,1974991104,1974.991104,171,93,132,3,20250815_211617
1755260163.096227,7714848,1975001088,1975.001088,174,92,140,3,20250815_211617
1755260163.106211,7714887,1975011072,1975.011072,177,93,148,3,20250815_211617
1755260163.116195,7714926,1975021056,1975.021056,180,92,152,3,20250815_211617
1755260163.126179,7714965,1975031040,1975.03104,184,92,158,3,20250815_211617
1755260163.136163,7715004,1975041024,1975.041024,187,92,163,3,20250815_211617
1755260163.146147,7715043,1975051008,1975.051008,190,92,164,3,20250815_211617
1755260163.156131,7715082,1975060992,1975.060992,193,92,165,3,20250815_211617
1755260163.166115,7715121,1975070976,1975.070976,196,93,166,3,20250815_211617
1755260163.1763551,7715161,1975081216,1975.081216,200,93,166,3,20250815_211617
1755260163.1863391,7715200,1975091200,1975.0912,203,93,166,3,20250815_211617
1755260163.196323,7715239,1975101184,1975.101184,206,93,168,3,20250815_211617
1755260163.206307,7715278,1975111168,1975.111168,209,94,167,3,20250815_211617
1755260163.216291,7715317,1975121152,1975.121152,212,93,168,3,20250815_211617
1755260163.226275,7715356,1975131136,1975.131136,215,95,169,3,20250815_211617
1755260163.236259,7715395,1975141120,1975.14112,219,94,170,3,20250815_211617
1755260163.246243,7715434,1975151104,1975.151104,222,95,169,3,20250815_211617
1755260163.256227,7715473,1975161088,1975.161088,225,95,169,3,20250815_211617
1755260163.266211,7715512,1975171072,1975.171072,228,96,169,3,20250815_211617
1755260163.276195,7715551,1975181056,1975.181056,231,95,169,3,20250815_211617
1755260163.286179,7715590,1975191040,1975.19104,235,98,170,3,20250815_211617
1755260163.296163,7715629,1975201024,1975.201024,238,97,170,3,20250815_211617
1755260163.306147,7715668,1975211008,1975.211008,241,98,170,3,20250815_211617
1755260163.316131,7715707,1975220992,1975.220992,244,97,170,3,20250815_211617
1755260163.326371,7715747,1975231232,1975.231232,247,98,170,3,20250815_211617
1755260163.336355,7715786,1975241216,1975.241216,251,97,170,3,20250815_211617
1755260163.346339,7715825,1975251200,1975.2512,254,98,170,3,20250815_211617
1755260163.356323,7715864,1975261184,1975.261184,2,97,171,3,20250815_211617
1755260163.366307,7715903,1975271168,1975.271168,5,99,170,3,20250815_211617
1755260163.376291,7715942,1975281152,1975.281152,8,98,170,3,20250815_211617
1755260163.386275,7715981,1975291136,1975.291136,11,99,170,3,20250815_211617
1755260163.396259,7716020,1975301120,1975.30112,15,98,170,3,20250815_211617
1755260163.406243,7716059,1975311104,1975.311104,18,98,170,3,20250815_211617
1755260163.416227,7716098,1975321088,1975.321088,21,95,170,3,20250815_211617
1755260163.426211,7716137,1975331072,1975.331072,24,96,169,3,20250815_211617
1755260163.4361951,7716176,1975341056,1975.341056,27,97,169,3,20250815_211617
1755260163.446179,7716215,1975351040,1975.35104,31,97,168,3,20250815_211617
1755260163.456163,7716254,1975361024,1975.361024,34,97,166,3,20250815_211617
1755260163.466403,7716294,1975371264,1975.371264,37,97,163,3,20250815_211617
1755260163.476387,7716333,1975381248,1975.381248,40,96,158,3,20250815_211617
1755260163.486371,7716372,1975391232,1975.391232,43,97,151,3,20250815_211617
1755260163.496355,7716411,1975401216,1975.401216,47,96,143,3,20250815_211617
1755260163.506339,7716450,1975411200,1975.4112,50,97,135,3,20250815_211617
1755260163.516323,7716489,1975421184,1975.421184,53,92,127,3,20250815_211617
1755260163.526307,7716528,1975431168,1975.431168,56,96,119,3,20250815_211617
1755260163.5362911,7716567,1975441152,1975.441152,59,94,111,3,20250815_211617
1755260163.5462751,7716606,1975451136,1975.451136,62,96,107,3,20250815_211617
1755260163.556259,7716645,1975461120,1975.46112,66,95,102,3,20250815_211617
1755260163.566243,7716684,1975471104,1975.471104,69,97,97,3,20250815_211617
1755260163.576227,7716723,1975481088,1975.481088,72,96,96,3,20250815_211617
1755260163.586211,7716762,1975491072,1975.491072,75,97,98,3,20250815_211617
1755260163.596195,7716801,1975501056,1975.501056,78,96,99,3,20250815_211617
1755260163.606435,7716841,1975511296,1975.511296,82,95,98,3,20250815_211617
1755260163.616419,7716880,1975521280,1975.52128,85,96,96,3,20250815_211617
1755260163.626403,7716919,1975531264,1975.531264,88,97,97,3,20250815_211617
1755260163.636387,7716958,1975541248,1975.541248,91,97,97,3,20250815_211617
1755260163.6463711,7716997,1975551232,1975.551232,94,97,98,3,20250815_211617
1755260163.6563551,7717036,1975561216,1975.561216,97,97,96,3,20250815_211617
1755260163.666339,7717075,1975571200,1975.5712,101,97,96,3,20250815_211617
1755260163.676323,7717114,1975581184,1975.581184,104,96,98,3,20250815_211617
1755260163.686307,7717153,1975591168,1975.591168,107,96,98,3,20250815_211617
1755260163.696291,7717192,1975601152,1975.601152,110,95,98,3,20250815_211617
1755260163.706275,7717231,1975611136,1975.611136,113,95,98,3,20250815_211617
1755260163.716259,7717270,1975621120,1975.62112,117,95,98,3,20250815_211617
1755260163.726243,7717309,1975631104,1975.631104,120,96,98,3,20250815_211617
1755260163.736227,7717348,1975641088,1975.641088,123,96,98,3,20250815_211617
1755260163.746467,7717388,1975651328,1975.651328,126,95,99,3,20250815_211617
1755260163.7564511,7717427,1975661312,1975.661312,129,94,100,3,20250815_211617
1755260163.766435,7717466,1975671296,1975.671296,133,95,100,3,20250815_211617
1755260163.776419,7717505,1975681280,1975.68128,136,93,101,3,20250815_211617
1755260163.786403,7717544,1975691264,1975.691264,139,94,102,3,20250815_211617
1755260163.796387,7717583,1975701248,1975.701248,142,93,102,3,20250815_211617
1755260163.806371,7717622,1975711232,1975.711232,145,94,105,3,20250815_211617
1755260163.816355,7717661,1975721216,1975.721216,148,93,106,3,20250815_211617
1755260163.826339,7717700,1975731200,1975.7312,152,93,108,3,20250815_211617
1755260163.836323,7717739,1975741184,1975.741184,155,93,111,3,20250815_211617
1755260163.846307,7717778,1975751168,1975.751168,158,93,114,3,20250815_211617
1755260163.856291,7717817,1975761152,1975.761152,161,93,116,3,20250815_211617
1755260163.866275,7717856,1975771136,1975.771136,164,92,120,3,20250815_211617
1755260163.876259,7717895,1975781120,1975.78112,168,92,127,3,20250815_211617
1755260163.886243,7717934,1975791104,1975.791104,171,91,131,3,20250815_211617
1755260163.896483,7717974,1975801344,1975.801344,174,91,140,3,20250815_211617
1755260163.906467,7718013,1975811328,1975.811328,177,93,148,3,20250815_211617
1755260163.916451,7718052,1975821312,1975.821312,180,93,152,3,20250815_211617
1755260163.926435,7718091,1975831296,1975.831296,184,94,157,3,20250815_211617
1755260163.936419,7718130,1975841280,1975.84128,187,94,162,3,20250815_211617
1755260163.946403,7718169,1975851264,1975.851264,190,94,164,3,20250815_211617
1755260163.956387,7718208,1975861248,1975.861248,193,93,165,3,20250815_211617
1755260163.966371,7718247,1975871232,1975.871232,196,93,166,3,20250815_211617
1755260163.976355,7718286,1975881216,1975.881216,199,94,166,3,20250815_211617
1755260163.986339,7718325,1975891200,1975.8912,203,94,167,3,20250815_211617
1755260163.996323,7718364,1975901184,1975.901184,206,95,167,3,20250815_211617
1755260164.0063071,7718403,1975911168,1975.911168,209,95,167,3,20250815_211617
1755260164.0162911,7718442,1975921152,1975.921152,212,97,168,3,20250815_211617
1755260164.026275,7718481,1975931136,1975.931136,215,99,169,3,20250815_211617
1755260164.036515,7718521,1975941376,1975.941376,219,99,168,3,20250815_211617
1755260164.046499,7718560,1975951360,1975.95136,222,98,169,3,20250815_211617
1755260164.056483,7718599,1975961344,1975.961344,225,98,169,3,20250815_211617
1755260164.066467,7718638,1975971328,1975.971328,228,99,169,3,20250815_211617
1755260164.076451,7718677,1975981312,1975.981312,231,101,169,3,20250815_211617
1755260164.086435,7718716,1975991296,1975.991296,235,103,169,3,20250815_211617
1755260164.096419,7718755,1976001280,1976.00128,238,103,169,3,20250815_211617
1755260164.106403,7718794,1976011264,1976.011264,241,104,170,3,20250815_211617
1755260164.1163871,7718833,1976021248,1976.021248,244,104,171,3,20250815_211617
1755260164.1263711,7718872,1976031232,1976.031232,247,105,170,3,20250815_211617
1755260164.136355,7718911,1976041216,1976.041216,250,106,170,3,20250815_211617
1755260164.146339,7718950,1976051200,1976.0512,254,107,169,3,20250815_211617
1755260164.156323,7718989,1976061184,1976.061184,2,106,170,3,20250815_211617
1755260164.166307,7719028,1976071168,1976.071168,5,106,170,3,20250815_211617
1755260164.176291,7719067,1976081152,1976.081152,8,105,170,3,20250815_211617
1755260164.186531,7719107,1976091392,1976.091392,11,105,170,3,20250815_211617
1755260164.196515,7719146,1976101376,1976.101376,15,104,171,3,20250815_211617
1755260164.206499,7719185,1976111360,1976.11136,18,104,170,3,20250815_211617
1755260164.216483,7719224,1976121344,1976.121344,21,103,170,3,20250815_211617
1755260164.2264671,7719263,1976131328,1976.131328,24,104,169,3,20250815_211617
1755260164.236451,7719302,1976141312,1976.141312,27,103,169,3,20250815_211617
1755260164.246435,7719341,1976151296,1976.151296,31,102,168,3,20250815_211617
1755260164.256419,7719380,1976161280,1976.16128,34,102,166,3,20250815_211617
1755260164.266403,7719419,1976171264,1976.171264,37,102,164,3,20250815_211617
1755260164.276387,7719458,1976181248,1976.181248,40,101,162,3,20250815_211617
1755260164.286627,7719498,1976191488,1976.191488,43,101,153,3,20250815_211617
1755260164.296611,7719537,1976201472,1976.201472,46,100,145,3,20250815_211617
1755260164.306595,7719576,1976211456,1976.211456,50,100,138,3,20250815_211617
1755260164.316579,7719615,1976221440,1976.22144,53,99,128,3,20250815_211617
1755260164.3265631,7719654,1976231424,1976.231424,56,99,121,3,20250815_211617
1755260164.3365471,7719693,1976241408,1976.241408,59,99,113,3,20250815_211617
1755260164.346531,7719732,1976251392,1976.251392,62,99,108,3,20250815_211617
1755260164.356515,7719771,1976261376,1976.261376,66,99,102,3,20250815_211617
1755260164.366499,7719810,1976271360,1976.27136,69,98,98,3,20250815_211617
1755260164.376483,7719849,1976281344,1976.281344,72,98,96,3,20250815_211617
1755260164.386467,7719888,1976291328,1976.291328,75,98,97,3,20250815_211617
1755260164.396451,7719927,1976301312,1976.301312,78,102,98,3,20250815_211617
1755260164.406435,7719966,1976311296,1976.311296,81,99,97,3,20250815_211617
1755260164.416419,7720005,1976321280,1976.32128,85,100,97,3,20250815_211617
1755260164.426403,7720044,1976331264,1976.331264,88,100,96,3,20250815_211617
1755260164.4366431,7720084,1976341504,1976.341504,91,100,97,3,20250815_211617
1755260164.4466271,7720123,1976351488,1976.351488,94,100,97,3,20250815_211617
1755260164.456611,7720162,1976361472,1976.361472,97,100,97,3,20250815_211617
1755260164.466595,7720201,1976371456,1976.371456,101,100,95,3,20250815_211617
1755260164.476579,7720240,1976381440,1976.38144,104,100,98,3,20250815_211617
1755260164.486563,7720279,1976391424,1976.391424,107,100,97,3,20250815_211617
1755260164.496547,7720318,1976401408,1976.401408,110,99,97,3,20250815_211617
1755260164.506531,7720357,1976411392,1976.411392,113,99,97,3,20250815_211617
1755260164.516515,7720396,1976421376,1976.421376,117,99,98,3,20250815_211617
1755260164.526499,7720435,1976431360,1976.43136,120,100,98,3,20250815_211617
1755260164.536483,7720474,1976441344,1976.441344,123,101,98,3,20250815_211617
1755260164.546467,7720513,1976451328,1976.451328,126,101,99,3,20250815_211617
1755260164.556451,7720552,1976461312,1976.461312,129,101,99,3,20250815_211617
1755260164.566435,7720591,1976471296,1976.471296,132,100,100,3,20250815_211617
1755260164.576675,7720631,1976481536,1976.481536,136,100,102,3,20250815_211617
1755260164.586659,7720670,1976491520,1976.49152,139,99,101,3,20250815_211617
1755260164.596643,7720709,1976501504,1976.501504,142,98,101,3,20250815_211617
1755260164.606627,7720748,1976511488,1976.511488,145,99,103,3,20250815_211617
1755260164.616611,7720787,1976521472,1976.521472,148,100,105,3,20250815_211617
1755260164.626595,7720826,1976531456,1976.531456,152,100,108,3,20250815_211617
1755260164.636579,7720865,1976541440,1976.54144,155,98,110,3,20250815_211617
1755260164.646563,7720904,1976551424,1976.551424,158,97,112,3,20250815_211617
1755260164.656547,7720943,1976561408,1976.561408,161,99,115,3,20250815_211617
1755260164.666531,7720982,1976571392,1976.571392,164,99,118,3,20250815_211617
1755260164.676515,7721021,1976581376,1976.581376,168,98,124,3,20250815_211617
1755260164.686499,7721060,1976591360,1976.59136,171,97,128,3,20250815_211617
1755260164.6964831,7721099,1976601344,1976.601344,174,98,137,3,20250815_211617
1755260164.706467,7721138,1976611328,1976.611328,177,98,146,3,20250815_211617
1755260164.716451,7721177,1976621312,1976.621312,180,99,151,3,20250815_211617
1755260164.726691,7721217,1976631552,1976.631552,183,98,156,3,20250815_211617
1755260164.736675,7721256,1976641536,1976.641536,187,98,160,3,20250815_211617
1755260164.746659,7721295,1976651520,1976.65152,190,97,164,3,20250815_211617
1755260164.756643,7721334,1976661504,1976.661504,193,98,165,3,20250815_211617
1755260164.766627,7721373,1976671488,1976.671488,196,98,165,3,20250815_211617
1755260164.776611,7721412,1976681472,1976.681472,199,99,165,3,20250815_211617
1755260164.786595,7721451,1976691456,1976.691456,203,100,166,3,20250815_211617
1755260164.7965791,7721490,1976701440,1976.70144,206,100,167,3,20250815_211617
1755260164.8065631,7721529,1976711424,1976.711424,209,101,168,3,20250815_211617
1755260164.816547,7721568,1976721408,1976.721408,212,102,168,3,20250815_211617
1755260164.826531,7721607,1976731392,1976.731392,215,102,168,3,20250815_211617
1755260164.836515,7721646,1976741376,1976.741376,219,102,169,3,20250815_211617
1755260164.846499,7721685,1976751360,1976.75136,222,103,169,3,20250815_211617
1755260164.856483,7721724,1976761344,1976.761344,225,104,170,3,20250815_211617
1755260164.866723,7721764,1976771584,1976.771584,228,106,169,3,20250815_211617
1755260164.876707,7721803,1976781568,1976.781568,231,108,170,3,20250815_211617
1755260164.886691,7721842,1976791552,1976.791552,234,111,170,3,20250815_211617
1755260164.896675,7721881,1976801536,1976.801536,238,111,169,3,20250815_211617
1755260164.9066591,7721920,1976811520,1976.81152,241,111,170,3,20250815_211617
1755260164.9166431,7721959,1976821504,1976.821504,244,111,170,3,20250815_211617
1755260164.926627,7721998,1976831488,1976.831488,247,111,170,3,20250815_211617
1755260164.936611,7722037,1976841472,1976.841472,250,110,169,3,20250815_211617
1755260164.946595,7722076,1976851456,1976.851456,254,111,170,3,20250815_211617
1755260164.956579,7722115,1976861440,1976.86144,2,113,170,3,20250815_211617
1755260164.966563,7722154,1976871424,1976.871424,5,114,170,3,20250815_211617
1755260164.976547,7722193,1976881408,1976.881408,8,113,170,3,20250815_211617
1755260164.986531,7722232,1976891392,1976.891392,11,112,169,3,20250815_211617
1755260164.996515,7722271,1976901376,1976.901376,14,112,170,3,20250815_211617
1755260165.006499,7722310,1976911360,1976.91136,18,110,171,3,20250815_211617
1755260165.0167391,7722350,1976921600,1976.9216,21,109,170,3,20250815_211617
1755260165.026723,7722389,1976931584,1976.931584,24,109,169,3,20250815_211617
1755260165.036707,7722428,1976941568,1976.941568,27,109,170,3,20250815_211617
1755260165.046691,7722467,1976951552,1976.951552,30,108,168,3,20250815_211617
1755260165.056675,7722506,1976961536,1976.961536,34,108,168,3,20250815_211617
1755260165.066659,7722545,1976971520,1976.97152,37,107,165,3,20250815_211617
1755260165.076643,7722584,1976981504,1976.981504,40,106,161,3,20250815_211617
1755260165.086627,7722623,1976991488,1976.991488,43,105,154,3,20250815_211617
1755260165.096611,7722662,1977001472,1977.001472,46,104,145,3,20250815_211617
1755260165.106595,7722701,1977011456,1977.011456,50,104,137,3,20250815_211617
1755260165.116579,7722740,1977021440,1977.02144,53,104,129,3,20250815_211617
1755260165.126563,7722779,1977031424,1977.031424,56,103,123,3,20250815_211617
1755260165.136547,7722818,1977041408,1977.041408,59,104,115,3,20250815_211617
1755260165.146531,7722857,1977051392,1977.051392,62,104,109,3,20250815_211617
1755260165.156771,7722897,1977061632,1977.061632,65,105,104,3,20250815_211617
1755260165.166755,7722936,1977071616,1977.071616,69,104,98,3,20250815_211617
1755260165.176739,7722975,1977081600,1977.0816,72,103,97,3,20250815_211617
1755260165.186723,7723014,1977091584,1977.091584,75,101,96,3,20250815_211617
1755260165.196707,7723053,1977101568,1977.101568,78,101,99,3,20250815_211617
1755260165.206691,7723092,1977111552,1977.111552,81,102,99,3,20250815_211617
1755260165.216675,7723131,1977121536,1977.121536,85,103,97,3,20250815_211617
1755260165.226659,7723170,1977131520,1977.13152,88,103,97,3,20250815_211617
1755260165.236643,7723209,1977141504,1977.141504,91,102,97,3,20250815_211617
1755260165.246627,7723248,1977151488,1977.151488,94,101,98,3,20250815_211617
1755260165.256611,7723287,1977161472,1977.161472,97,100,97,3,20250815_211617
1755260165.2665951,7723326,1977171456,1977.171456,101,99,96,3,20250815_211617
1755260165.2765791,7723365,1977181440,1977.18144,104,100,98,3,20250815_211617
1755260165.286563,7723404,1977191424,1977.191424,107,99,98,3,20250815_211617
1755260165.296547,7723443,1977201408,1977.201408,110,100,98,3,20250815_211617
1755260165.306787,7723483,1977211648,1977.211648,113,101,97,3,20250815_211617
1755260165.316771,7723522,1977221632,1977.221632,116,101,99,3,20250815_211617
1755260165.326755,7723561,1977231616,1977.231616,120,102,99,3,20250815_211617
1755260165.336739,7723600,1977241600,1977.2416,123,102,98,3,20250815_211617
1755260165.346723,7723639,1977251584,1977.251584,126,101,100,3,20250815_211617
1755260165.356707,7723678,1977261568,1977.261568,129,101,100,3,20250815_211617
1755260165.366691,7723717,1977271552,1977.271552,132,100,101,3,20250815_211617
1755260165.3766751,7723756,1977281536,1977.281536,136,100,101,3,20250815_211617
1755260165.3866591,7723795,1977291520,1977.29152,139,100,101,3,20250815_211617
1755260165.396643,7723834,1977301504,1977.301504,142,100,102,3,20250815_211617
1755260165.406627,7723873,1977311488,1977.311488,145,100,103,3,20250815_211617
1755260165.416611,7723912,1977321472,1977.321472,148,100,105,3,20250815_211617
1755260165.426595,7723951,1977331456,1977.331456,152,100,106,3,20250815_211617
1755260165.436579,7723990,1977341440,1977.34144,155,101,110,3,20250815_211617
1755260165.446819,7724030,1977351680,1977.35168,158,101,112,3,20250815_211617
1755260165.456803,7724069,1977361664,1977.361664,161,102,115,3,20250815_211617
1755260165.466787,7724108,1977371648,1977.371648,164,101,119,3,20250815_211617
1755260165.476771,7724147,1977381632,1977.381632,167,102,125,3,20250815_211617
1755260165.4867551,7724186,1977391616,1977.391616,171,101,130,3,20250815_211617
1755260165.496739,7724225,1977401600,1977.4016,174,102,139,3,20250815_211617
1755260165.506723,7724264,1977411584,1977.411584,177,101,147,3,20250815_211617
1755260165.516707,7724303,1977421568,1977.421568,180,101,152,3,20250815_211617
1755260165.526691,7724342,1977431552,1977.431552,183,101,157,3,20250815_211617
1755260165.536675,7724381,1977441536,1977.441536,187,101,162,3,20250815_211617
1755260165.546659,7724420,1977451520,1977.45152,190,101,165,3,20250815_211617
1755260165.556643,7724459,1977461504,1977.461504,193,102,165,3,20250815_211617
1755260165.566627,7724498,1977471488,1977.471488,196,102,166,3,20250815_211617
1755260165.576611,7724537,1977481472,1977.481472,199,103,166,3,20250815_211617
1755260165.586595,7724576,1977491456,1977.491456,202,103,166,3,20250815_211617
1755260165.5968351,7724616,1977501696,1977.501696,206,103,167,3,20250815_211617
1755260165.606819,7724655,1977511680,1977.51168,209,103,168,3,20250815_211617
1755260165.616803,7724694,1977521664,1977.521664,212,104,168,3,20250815_211617
1755260165.626787,7724733,1977531648,1977.531648,215,104,170,3,20250815_211617
1755260165.636771,7724772,1977541632,1977.541632,218,104,169,3,20250815_211617
1755260165.646755,7724811,1977551616,1977.551616,222,104,169,3,20250815_211617
1755260165.656739,7724850,1977561600,1977.5616,225,103,169,3,20250815_211617
1755260165.666723,7724889,1977571584,1977.571584,228,106,170,3,20250815_211617
1755260165.676707,7724928,1977581568,1977.581568,231,107,171,3,20250815_211617
1755260165.686691,7724967,1977591552,1977.591552,234,108,170,3,20250815_211617
1755260165.696675,7725006,1977601536,1977.601536,238,109,170,3,20250815_211617
1755260165.706659,7725045,1977611520,1977.61152,241,108,170,3,20250815_211617
1755260165.716643,7725084,1977621504,1977.621504,244,111,170,3,20250815_211617
1755260165.726627,7725123,1977631488,1977.631488,247,110,170,3,20250815_211617
1755260165.736867,7725163,1977641728,1977.641728,250,110,170,3,20250815_211617
1755260165.746851,7725202,1977651712,1977.651712,253,109,171,3,20250815_211617
1755260165.756835,7725241,1977661696,1977.661696,2,109,171,3,20250815_211617
1755260165.766819,7725280,1977671680,1977.67168,5,110,170,3,20250815_211617
1755260165.776803,7725319,1977681664,1977.681664,8,109,170,3,20250815_211617
1755260165.786787,7725358,1977691648,1977.691648,11,108,171,3,20250815_211617
1755260165.796771,7725397,1977701632,1977.701632,14,109,171,3,20250815_211617
1755260165.806755,7725436,1977711616,1977.711616,18,108,170,3,20250815_211617
1755260165.816739,7725475,1977721600,1977.7216,21,108,170,3,20250815_211617
1755260165.826723,7725514,1977731584,1977.731584,24,107,169,3,20250815_211617
1755260165.836707,7725553,1977741568,1977.741568,27,107,169,3,20250815_211617
1755260165.8466911,7725592,1977751552,1977.751552,30,106,169,3,20250815_211617
1755260165.856675,7725631,1977761536,1977.761536,34,106,167,3,20250815_211617
1755260165.866659,7725670,1977771520,1977.77152,37,106,165,3,20250815_211617
1755260165.876643,7725709,1977781504,1977.781504,40,105,161,3,20250815_211617
1755260165.886883,7725749,1977791744,1977.791744,43,104,154,3,20250815_211617
1755260165.896867,7725788,1977801728,1977.801728,46,106,147,3,20250815_211617
1755260165.906851,7725827,1977811712,1977.811712,49,107,139,3,20250815_211617
1755260165.916835,7725866,1977821696,1977.821696,53,106,130,3,20250815_211617
1755260165.926819,7725905,1977831680,1977.83168,56,106,123,3,20250815_211617
1755260165.936803,7725944,1977841664,1977.841664,59,107,114,3,20250815_211617
1755260165.946787,7725983,1977851648,1977.851648,62,106,108,3,20250815_211617
1755260165.9567711,7726022,1977861632,1977.861632,65,107,103,3,20250815_211617
1755260165.966755,7726061,1977871616,1977.871616,69,105,98,3,20250815_211617
1755260165.976739,7726100,1977881600,1977.8816,72,105,96,3,20250815_211617
1755260165.986723,7726139,1977891584,1977.891584,75,105,96,3,20250815_211617
1755260165.996707,7726178,1977901568,1977.901568,78,106,99,3,20250815_211617
1755260166.006691,7726217,1977911552,1977.911552,81,106,99,3,20250815_211617
1755260166.016675,7726256,1977921536,1977.921536,85,107,97,3,20250815_211617
1755260166.026915,7726296,1977931776,1977.931776,88,107,96,3,20250815_211617
1755260166.036899,7726335,1977941760,1977.94176,91,108,98,3,20250815_211617
1755260166.046883,7726374,1977951744,1977.951744,94,107,98,3,20250815_211617
1755260166.0568671,7726413,1977961728,1977.961728,97,106,97,3,20250815_211617
1755260166.0668511,7726452,1977971712,1977.971712,100,105,96,3,20250815_211617
1755260166.076835,7726491,1977981696,1977.981696,104,106,98,3,20250815_211617
1755260166.086819,7726530,1977991680,1977.99168,107,105,98,3,20250815_211617
1755260166.096803,7726569,1978001664,1978.001664,110,104,98,3,20250815_211617
1755260166.106787,7726608,1978011648,1978.011648,113,103,98,3,20250815_211617
1755260166.116771,7726647,1978021632,1978.021632,116,104,98,3,20250815_211617
1755260166.126755,7726686,1978031616,1978.031616,120,105,99,3,20250815_211617
1755260166.136739,7726725,1978041600,1978.0416,123,106,98,3,20250815_211617
1755260166.146723,7726764,1978051584,1978.051584,126,105,99,3,20250815_211617
1755260166.156707,7726803,1978061568,1978.061568,129,104,99,3,20250815_211617
1755260166.166691,7726842,1978071552,1978.071552,132,103,100,3,20250815_211617
1755260166.1769311,7726882,1978081792,1978.081792,135,103,101,3,20250815_211617
1755260166.186915,7726921,1978091776,1978.091776,139,104,101,3,20250815_211617
1755260166.196899,7726960,1978101760,1978.10176,142,104,102,3,20250815_211617
1755260166.206883,7726999,1978111744,1978.111744,145,103,103,3,20250815_211617
1755260166.216867,7727038,1978121728,1978.121728,148,102,104,3,20250815_211617
1755260166.226851,7727077,1978131712,1978.131712,151,103,106,3,20250815_211617
1755260166.236835,7727116,1978141696,1978.141696,155,103,108,3,20250815_211617
1755260166.246819,7727155,1978151680,1978.15168,158,103,110,3,20250815_211617
1755260166.256803,7727194,1978161664,1978.161664,161,103,113,3,20250815_211617
1755260166.266787,7727233,1978171648,1978.171648,164,102,117,3,20250815_211617
1755260166.276771,7727272,1978181632,1978.181632,167,103,123,3,20250815_211617
1755260166.286755,7727311,1978191616,1978.191616,171,103,127,3,20250815_211617
1755260166.296739,7727350,1978201600,1978.2016,174,103,134,3,20250815_211617
1755260166.306723,7727389,1978211584,1978.211584,177,103,143,3,20250815_211617
1755260166.316963,7727429,1978221824,1978.221824,180,104,149,3,20250815_211617
1755260166.326947,7727468,1978231808,1978.231808,183,103,155,3,20250815_211617
1755260166.336931,7727507,1978241792,1978.241792,186,103,159,3,20250815_211617
1755260166.346915,7727546,1978251776,1978.251776,190,102,164,3,20250815_211617
1755260166.356899,7727585,1978261760,1978.26176,193,104,165,3,20250815_211617
1755260166.366883,7727624,1978271744,1978.271744,196,103,165,3,20250815_211617
1755260166.376867,7727663,1978281728,1978.281728,199,104,166,3,20250815_211617
1755260166.386851,7727702,1978291712,1978.291712,202,105,166,3,20250815_211617
1755260166.396835,7727741,1978301696,1978.301696,206,106,167,3,20250815_211617
1755260166.406819,7727780,1978311680,1978.31168,209,106,167,3,20250815_211617
1755260166.4168031,7727819,1978321664,1978.321664,212,107,168,3,20250815_211617
1755260166.4267871,7727858,1978331648,1978.331648,215,107,168,3,20250815_211617
1755260166.436771,7727897,1978341632,1978.341632,218,109,169,3,20250815_211617
1755260166.446755,7727936,1978351616,1978.351616,222,109,168,3,20250815_211617
1755260166.456995,7727976,1978361856,1978.361856,225,111,169,3,20250815_211617
1755260166.466979,7728015,1978371840,1978.37184,228,112,171,3,20250815_211617
1755260166.476963,7728054,1978381824,1978.381824,231,113,170,3,20250815_211617
1755260166.486947,7728093,1978391808,1978.391808,234,114,170,3,20250815_211617
1755260166.496931,7728132,1978401792,1978.401792,237,116,170,3,20250815_211617
1755260166.506915,7728171,1978411776,1978.411776,241,116,170,3,20250815_211617
1755260166.516899,7728210,1978421760,1978.42176,244,117,170,3,20250815_211617
1755260166.5268831,7728249,1978431744,1978.431744,247,117,170,3,20250815_211617
1755260166.5368671,7728288,1978441728,1978.441728,250,119,170,3,20250815_211617
1755260166.546851,7728327,1978451712,1978.451712,253,118,171,3,20250815_211617
1755260166.556835,7728366,1978461696,1978.461696,2,119,170,3,20250815_211617
1755260166.566819,7728405,1978471680,1978.47168,5,118,170,3,20250815_211617
1755260166.576803,7728444,1978481664,1978.481664,8,118,170,3,20250815_211617
1755260166.586787,7728483,1978491648,1978.491648,11,117,171,3,20250815_211617
1755260166.596771,7728522,1978501632,1978.501632,14,117,171,3,20250815_211617
1755260166.607011,7728562,1978511872,1978.511872,18,116,171,3,20250815_211617
1755260166.616995,7728601,1978521856,1978.521856,21,116,170,3,20250815_211617
1755260166.626979,7728640,1978531840,1978.53184,24,115,170,3,20250815_211617
1755260166.6369631,7728679,1978541824,1978.541824,27,116,169,3,20250815_211617
1755260166.6469471,7728718,1978551808,1978.551808,30,115,169,3,20250815_211617
1755260166.656931,7728757,1978561792,1978.561792,33,115,168,3,20250815_211617
1755260166.666915,7728796,1978571776,1978.571776,37,113,165,3,20250815_211617
1755260166.676899,7728835,1978581760,1978.58176,40,114,163,3,20250815_211617
1755260166.686883,7728874,1978591744,1978.591744,43,111,157,3,20250815_211617
1755260166.696867,7728913,1978601728,1978.601728,46,112,149,3,20250815_211617
1755260166.706851,7728952,1978611712,1978.611712,49,110,142,3,20250815_211617
1755260166.716835,7728991,1978621696,1978.621696,53,111,132,3,20250815_211617
1755260166.726819,7729030,1978631680,1978.63168,56,110,124,3,20250815_211617
1755260166.736803,7729069,1978641664,1978.641664,59,111,115,3,20250815_211617
1755260166.7470431,7729109,1978651904,1978.651904,62,109,108,3,20250815_211617
1755260166.757027,7729148,1978661888,1978.661888,65,110,104,3,20250815_211617
1755260166.767011,7729187,1978671872,1978.671872,68,108,100,3,20250815_211617
1755260166.776995,7729226,1978681856,1978.681856,72,110,97,3,20250815_211617
1755260166.786979,7729265,1978691840,1978.69184,75,108,96,3,20250815_211617
1755260166.796963,7729304,1978701824,1978.701824,78,109,99,3,20250815_211617
1755260166.806947,7729343,1978711808,1978.711808,81,107,100,3,20250815_211617
1755260166.816931,7729382,1978721792,1978.721792,84,108,98,3,20250815_211617
1755260166.826915,7729421,1978731776,1978.731776,88,107,97,3,20250815_211617
1755260166.836899,7729460,1978741760,1978.74176,91,108,97,3,20250815_211617
1755260166.846883,7729499,1978751744,1978.751744,94,107,98,3,20250815_211617
1755260166.856867,7729538,1978761728,1978.761728,97,107,97,3,20250815_211617
1755260166.866851,7729577,1978771712,1978.771712,100,106,97,3,20250815_211617
1755260166.876835,7729616,1978781696,1978.781696,104,106,96,3,20250815_211617
1755260166.887075,7729656,1978791936,1978.791936,107,106,97,3,20250815_211617
1755260166.897059,7729695,1978801920,1978.80192,110,107,98,3,20250815_211617
1755260166.907043,7729734,1978811904,1978.811904,113,105,97,3,20250815_211617
1755260166.917027,7729773,1978821888,1978.821888,116,107,98,3,20250815_211617
1755260166.927011,7729812,1978831872,1978.831872,119,106,98,3,20250815_211617
1755260166.936995,7729851,1978841856,1978.841856,123,107,98,3,20250815_211617
1755260166.946979,7729890,1978851840,1978.85184,126,107,98,3,20250815_211617
1755260166.956963,7729929,1978861824,1978.861824,129,107,99,3,20250815_211617
1755260166.966947,7729968,1978871808,1978.871808,132,105,100,3,20250815_211617
1755260166.976931,7730007,1978881792,1978.881792,135,107,100,3,20250815_211617
1755260166.986915,7730046,1978891776,1978.891776,139,105,101,3,20250815_211617
1755260166.9968991,7730085,1978901760,1978.90176,142,105,102,3,20250815_211617
1755260167.0068831,7730124,1978911744,1978.911744,145,107,103,3,20250815_211617
1755260167.016867,7730163,1978921728,1978.921728,148,111,106,3,20250815_211617
1755260167.026851,7730202,1978931712,1978.931712,151,107,107,3,20250815_211617
1755260167.037091,7730242,1978941952,1978.941952,155,108,109,3,20250815_211617
1755260167.047075,7730281,1978951936,1978.951936,158,107,112,3,20250815_211617
1755260167.057059,7730320,1978961920,1978.96192,161,108,115,3,20250815_211617
1755260167.067043,7730359,1978971904,1978.971904,164,106,119,3,20250815_211617
1755260167.077027,7730398,1978981888,1978.981888,167,106,125,3,20250815_211617
1755260167.087011,7730437,1978991872,1978.991872,170,106,130,3,20250815_211617
1755260167.096995,7730476,1979001856,1979.001856,174,107,138,3,20250815_211617
1755260167.1069791,7730515,1979011840,1979.01184,177,107,146,3,20250815_211617
1755260167.116963,7730554,1979021824,1979.021824,180,107,151,3,20250815_211617
1755260167.126947,7730593,1979031808,1979.031808,183,108,156,3,20250815_211617
1755260167.136931,7730632,1979041792,1979.041792,186,107,161,3,20250815_211617
1755260167.146915,7730671,1979051776,1979.051776,190,107,165,3,20250815_211617
1755260167.156899,7730710,1979061760,1979.06176,193,108,165,3,20250815_211617
1755260167.166883,7730749,1979071744,1979.071744,196,109,166,3,20250815_211617
1755260167.177123,7730789,1979081984,1979.081984,199,107,166,3,20250815_211617
1755260167.187107,7730828,1979091968,1979.091968,202,107,166,3,20250815_211617
1755260167.197091,7730867,1979101952,1979.101952,206,109,167,3,20250815_211617
1755260167.207075,7730906,1979111936,1979.111936,209,109,168,3,20250815_211617
1755260167.2170591,7730945,1979121920,1979.12192,212,110,168,3,20250815_211617
1755260167.227043,7730984,1979131904,1979.131904,215,110,169,3,20250815_211617
1755260167.237027,7731023,1979141888,1979.141888,218,111,170,3,20250815_211617
1755260167.247011,7731062,1979151872,1979.151872,221,111,170,3,20250815_211617
1755260167.256995,7731101,1979161856,1979.161856,225,113,170,3,20250815_211617
1755260167.266979,7731140,1979171840,1979.17184,228,112,170,3,20250815_211617
1755260167.276963,7731179,1979181824,1979.181824,231,114,170,3,20250815_211617
1755260167.286947,7731218,1979191808,1979.191808,234,113,170,3,20250815_211617
1755260167.296931,7731257,1979201792,1979.201792,237,113,170,3,20250815_211617
1755260167.306915,7731296,1979211776,1979.211776,241,112,170,3,20250815_211617
1755260167.316899,7731335,1979221760,1979.22176,244,114,170,3,20250815_211617
1755260167.3271391,7731375,1979232000,1979.232,247,114,170,3,20250815_211617
1755260167.337123,7731414,1979241984,1979.241984,250,115,170,3,20250815_211617
1755260167.347107,7731453,1979251968,1979.251968,253,114,171,3,20250815_211617
1755260167.357091,7731492,1979261952,1979.261952,1,115,171,3,20250815_211617
1755260167.367075,7731531,1979271936,1979.271936,5,112,171,3,20250815_211617
1755260167.377059,7731570,1979281920,1979.28192,8,113,171,3,20250815_211617
1755260167.387043,7731609,1979291904,1979.291904,11,112,170,3,20250815_211617
1755260167.397027,7731648,1979301888,1979.301888,14,113,171,3,20250815_211617
1755260167.407011,7731687,1979311872,1979.311872,17,112,171,3,20250815_211617
1755260167.416995,7731726,1979321856,1979.321856,21,114,171,3,20250815_211617
1755260167.426979,7731765,1979331840,1979.33184,24,113,170,3,20250815_211617
1755260167.436963,7731804,1979341824,1979.341824,27,113,170,3,20250815_211617
1755260167.446947,7731843,1979351808,1979.351808,30,112,169,3,20250815_211617
1755260167.456931,7731882,1979361792,1979.361792,33,113,168,3,20250815_211617
1755260167.467171,7731922,1979372032,1979.372032,37,111,166,3,20250815_211617
1755260167.477155,7731961,1979382016,1979.382016,40,112,163,3,20250815_211617
1755260167.487139,7732000,1979392000,1979.392,43,111,159,3,20250815_211617
1755260167.497123,7732039,1979401984,1979.401984,46,112,151,3,20250815_211617
1755260167.507107,7732078,1979411968,1979.411968,49,110,143,3,20250815_211617
1755260167.517091,7732117,1979421952,1979.421952,52,111,134,3,20250815_211617
1755260167.527075,7732156,1979431936,1979.431936,56,110,127,3,20250815_211617
1755260167.537059,7732195,1979441920,1979.44192,59,111,118,3,20250815_211617
1755260167.547043,7732234,1979451904,1979.451904,62,110,112,3,20250815_211617
1755260167.557027,7732273,1979461888,1979.461888,65,111,106,3,20250815_211617
1755260167.567011,7732312,1979471872,1979.471872,68,110,101,3,20250815_211617
1755260167.5769951,7732351,1979481856,1979.481856,72,111,97,3,20250815_211617
1755260167.586979,7732390,1979491840,1979.49184,75,110,96,3,20250815_211617
1755260167.596963,7732429,1979501824,1979.501824,78,111,99,3,20250815_211617
1755260167.607203,7732469,1979512064,1979.512064,81,109,98,3,20250815_211617
1755260167.617187,7732508,1979522048,1979.522048,84,111,97,3,20250815_211617
1755260167.627171,7732547,1979532032,1979.532032,88,110,97,3,20250815_211617
1755260167.637155,7732586,1979542016,1979.542016,91,111,96,3,20250815_211617
1755260167.647139,7732625,1979552000,1979.552,94,109,97,3,20250815_211617
1755260167.657123,7732664,1979561984,1979.561984,97,110,97,3,20250815_211617
1755260167.667107,7732703,1979571968,1979.571968,100,109,95,3,20250815_211617
1755260167.6770911,7732742,1979581952,1979.581952,103,111,98,3,20250815_211617
1755260167.6870751,7732781,1979591936,1979.591936,107,110,96,3,20250815_211617
1755260167.697059,7732820,1979601920,1979.60192,110,112,98,3,20250815_211617
1755260167.707043,7732859,1979611904,1979.611904,113,111,98,3,20250815_211617
1755260167.717027,7732898,1979621888,1979.621888,116,112,98,3,20250815_211617
1755260167.727011,7732937,1979631872,1979.631872,119,111,98,3,20250815_211617
1755260167.736995,7732976,1979641856,1979.641856,123,113,98,3,20250815_211617
1755260167.747235,7733016,1979652096,1979.652096,126,111,99,3,20250815_211617
1755260167.757219,7733055,1979662080,1979.66208,129,111,99,3,20250815_211617
1755260167.767203,7733094,1979672064,1979.672064,132,111,99,3,20250815_211617
1755260167.777187,7733133,1979682048,1979.682048,135,110,100,3,20250815_211617
1755260167.7871711,7733172,1979692032,1979.692032,139,110,101,3,20250815_211617
1755260167.7971551,7733211,1979702016,1979.702016,142,113,102,3,20250815_211617
1755260167.807139,7733250,1979712000,1979.712,145,112,104,3,20250815_211617
1755260167.817123,7733289,1979721984,1979.721984,148,112,105,3,20250815_211617
1755260167.827107,7733328,1979731968,1979.731968,151,112,107,3,20250815_211617
1755260167.837091,7733367,1979741952,1979.741952,154,113,110,3,20250815_211617
1755260167.847075,7733406,1979751936,1979.751936,158,112,113,3,20250815_211617
1755260167.857059,7733445,1979761920,1979.76192,161,113,116,3,20250815_211617
1755260167.867043,7733484,1979771904,1979.771904,164,112,119,3,20250815_211617
1755260167.877027,7733523,1979781888,1979.781888,167,114,125,3,20250815_211617
1755260167.887267,7733563,1979792128,1979.792128,170,112,129,3,20250815_211617
1755260167.8972511,7733602,1979802112,1979.802112,174,113,139,3,20250815_211617
1755260167.9072351,7733641,1979812096,1979.812096,177,112,148,3,20250815_211617
1755260167.917219,7733680,1979822080,1979.82208,180,113,153,3,20250815_211617
1755260167.927203,7733719,1979832064,1979.832064,183,112,157,3,20250815_211617
1755260167.937187,7733758,1979842048,1979.842048,186,113,164,3,20250815_211617
1755260167.947171,7733797,1979852032,1979.852032,189,112,165,3,20250815_211617
1755260167.957155,7733836,1979862016,1979.862016,193,113,166,3,20250815_211617
1755260167.967139,7733875,1979872000,1979.872,196,112,166,3,20250815_211617
1755260167.977123,7733914,1979881984,1979.881984,199,114,166,3,20250815_211617
1755260167.987107,7733953,1979891968,1979.891968,202,113,167,3,20250815_211617
1755260167.997091,7733992,1979901952,1979.901952,205,114,167,3,20250815_211617
1755260168.007075,7734031,1979911936,1979.911936,209,113,167,3,20250815_211617
1755260168.017059,7734070,1979921920,1979.92192,212,114,168,3,20250815_211617
1755260168.027043,7734109,1979931904,1979.931904,215,113,169,3,20250815_211617
1755260168.037283,7734149,1979942144,1979.942144,218,115,169,3,20250815_211617
1755260168.047267,7734188,1979952128,1979.952128,221,115,170,3,20250815_211617
1755260168.057251,7734227,1979962112,1979.962112,225,116,170,3,20250815_211617
1755260168.067235,7734266,1979972096,1979.972096,228,115,169,3,20250815_211617
1755260168.077219,7734305,1979982080,1979.98208,231,116,170,3,20250815_211617
1755260168.087203,7734344,1979992064,1979.992064,234,116,170,3,20250815_211617
1755260168.097187,7734383,1980002048,1980.002048,237,117,171,3,20250815_211617
1755260168.107171,7734422,1980012032,1980.012032,241,116,170,3,20250815_211617
1755260168.1174111,7734462,1980022272,1980.022272,244,117,170,3,20250815_211617
1755260168.127395,7734501,1980032256,1980.032256,247,116,169,3,20250815_211617
1755260168.137379,7734540,1980042240,1980.04224,250,116,170,3,20250815_211617
1755260168.147363,7734579,1980052224,1980.052224,253,116,172,3,20250815_211617
1755260168.157347,7734618,1980062208,1980.062208,1,117,171,3,20250815_211617
1755260168.167331,7734657,1980072192,1980.072192,5,116,170,3,20250815_211617
1755260168.177571,7734697,1980082432,1980.082432,8,117,170,3,20250815_211617
1755260168.187555,7734736,1980092416,1980.092416,11,117,170,3,20250815_211617
1755260168.197539,7734775,1980102400,1980.1024,14,117,170,3,20250815_211617
1755260168.207523,7734814,1980112384,1980.112384,17,116,170,3,20250815_211617
1755260168.2175071,7734853,1980122368,1980.122368,21,117,170,3,20250815_211617
1755260168.2274911,7734892,1980132352,1980.132352,24,116,169,3,20250815_211617
1755260168.237731,7734932,1980142592,1980.142592,27,117,168,3,20250815_211617
1755260168.247715,7734971,1980152576,1980.152576,30,116,167,3,20250815_211617
1755260168.257699,7735010,1980162560,1980.16256,33,117,165,3,20250815_211617
1755260168.267683,7735049,1980172544,1980.172544,37,116,162,3,20250815_211617
1755260168.277667,7735088,1980182528,1980.182528,40,116,158,3,20250815_211617
1755260168.287651,7735127,1980192512,1980.192512,43,116,151,3,20250815_211617
1755260168.297635,7735166,1980202496,1980.202496,46,116,142,3,20250815_211617
1755260168.307619,7735205,1980212480,1980.21248,49,117,135,3,20250815_211617
1755260168.317859,7735245,1980222720,1980.22272,53,116,127,3,20250815_211617
1755260168.327843,7735284,1980232704,1980.232704,56,116,120,3,20250815_211617
1755260168.337827,7735323,1980242688,1980.242688,59,116,112,3,20250815_211617
1755260168.347811,7735362,1980252672,1980.252672,62,116,107,3,20250815_211617
1755260168.357795,7735401,1980262656,1980.262656,65,116,100,3,20250815_211617
1755260168.367779,7735440,1980272640,1980.27264,69,116,97,3,20250815_211617
1755260168.377763,7735479,1980282624,1980.282624,72,116,96,3,20250815_211617
1755260168.388003,7735519,1980292864,1980.292864,75,116,98,3,20250815_211617
1755260168.3979871,7735558,1980302848,1980.302848,78,116,99,3,20250815_211617
1755260168.4079711,7735597,1980312832,1980.312832,81,115,99,3,20250815_211617
1755260168.417955,7735636,1980322816,1980.322816,84,116,96,3,20250815_211617
1755260168.427939,7735675,1980332800,1980.3328,88,115,96,3,20250815_211617
1755260168.437923,7735714,1980342784,1980.342784,91,116,97,3,20250815_211617
1755260168.447907,7735753,1980352768,1980.352768,94,113,97,3,20250815_211617
1755260168.458147,7735793,1980363008,1980.363008,97,115,98,3,20250815_211617
1755260168.468131,7735832,1980372992,1980.372992,100,112,97,3,20250815_211617
1755260168.478115,7735871,1980382976,1980.382976,104,113,97,3,20250815_211617
1755260168.488099,7735910,1980392960,1980.39296,107,109,98,3,20250815_211617
1755260168.498083,7735949,1980402944,1980.402944,110,110,97,3,20250815_211617
1755260168.5080671,7735988,1980412928,1980.412928,113,103,97,3,20250815_211617
1755260168.518051,7736027,1980422912,1980.422912,116,102,98,3,20250815_211617
1755260168.528035,7736066,1980432896,1980.432896,120,96,98,3,20250815_211617
1755260168.538019,7736105,1980442880,1980.44288,123,92,99,3,20250815_211617
1755260168.548003,7736144,1980452864,1980.452864,126,81,100,3,20250815_211617
1755260168.558243,7736184,1980463104,1980.463104,129,74,101,3,20250815_211617
1755260168.568227,7736223,1980473088,1980.473088,132,66,102,3,20250815_211617
1755260168.578211,7736262,1980483072,1980.483072,136,63,104,3,20250815_211617
1755260168.588195,7736301,1980493056,1980.493056,139,60,104,3,20250815_211617
1755260168.598179,7736340,1980503040,1980.50304,142,60,104,3,20250815_211617
1755260168.608163,7736379,1980513024,1980.513024,145,58,105,3,20250815_211617
1755260168.6181471,7736418,1980523008,1980.523008,148,57,105,3,20250815_211617
1755260168.628131,7736457,1980532992,1980.532992,151,56,104,3,20250815_211617
1755260168.638115,7736496,1980542976,1980.542976,155,56,104,3,20250815_211617
1755260168.648099,7736535,1980552960,1980.55296,158,56,104,3,20250815_211617
1755260168.658083,7736574,1980562944,1980.562944,161,56,101,3,20250815_211617
1755260168.668067,7736613,1980572928,1980.572928,164,55,100,3,20250815_211617
1755260168.678051,7736652,1980582912,1980.582912,167,56,102,3,20250815_211617
1755260168.688035,7736691,1980592896,1980.592896,171,55,106,3,20250815_211617
1755260168.698019,7736730,1980602880,1980.60288,174,56,112,3,20250815_211617
1755260168.708259,7736770,1980613120,1980.61312,177,55,117,3,20250815_211617
1755260168.7182431,7736809,1980623104,1980.623104,180,56,121,3,20250815_211617
1755260168.7282271,7736848,1980633088,1980.633088,183,55,126,3,20250815_211617
1755260168.738211,7736887,1980643072,1980.643072,186,57,131,3,20250815_211617
1755260168.748195,7736926,1980653056,1980.653056,190,56,138,3,20250815_211617
1755260168.758179,7736965,1980663040,1980.66304,193,57,146,3,20250815_211617
1755260168.768163,7737004,1980673024,1980.673024,196,57,152,3,20250815_211617
1755260168.778147,7737043,1980683008,1980.683008,199,57,155,3,20250815_211617
1755260168.788131,7737082,1980692992,1980.692992,202,57,159,3,20250815_211617
1755260168.798115,7737121,1980702976,1980.702976,206,58,164,3,20250815_211617
1755260168.808099,7737160,1980712960,1980.71296,209,58,165,3,20250815_211617
1755260168.818083,7737199,1980722944,1980.722944,212,59,165,3,20250815_211617
1755260168.828067,7737238,1980732928,1980.732928,215,59,166,3,20250815_211617
1755260168.838051,7737277,1980742912,1980.742912,218,60,166,3,20250815_211617
1755260168.848291,7737317,1980753152,1980.753152,222,59,167,3,20250815_211617
1755260168.858275,7737356,1980763136,1980.763136,225,59,167,3,20250815_211617
1755260168.868259,7737395,1980773120,1980.77312,228,59,168,3,20250815_211617
1755260168.878243,7737434,1980783104,1980.783104,231,59,168,3,20250815_211617
1755260168.888227,7737473,1980793088,1980.793088,234,60,168,3,20250815_211617
1755260168.898211,7737512,1980803072,1980.803072,237,60,168,3,20250815_211617
1755260168.908195,7737551,1980813056,1980.813056,241,60,169,3,20250815_211617
1755260168.918179,7737590,1980823040,1980.82304,244,60,168,3,20250815_211617
1755260168.928163,7737629,1980833024,1980.833024,247,60,168,3,20250815_211617
1755260168.938147,7737668,1980843008,1980.843008,250,61,169,3,20250815_211617
1755260168.948131,7737707,1980852992,1980.852992,253,61,169,3,20250815_211617
1755260168.958115,7737746,1980862976,1980.862976,2,62,169,3,20250815_211617
1755260168.968099,7737785,1980872960,1980.87296,5,62,169,3,20250815_211617
1755260168.9780831,7737824,1980882944,1980.882944,8,61,168,3,20250815_211617
1755260168.988067,7737863,1980892928,1980.892928,11,62,168,3,20250815_211617
1755260168.998307,7737903,1980903168,1980.903168,14,62,168,3,20250815_211617
1755260169.008291,7737942,1980913152,1980.913152,18,62,168,3,20250815_211617
1755260169.018275,7737981,1980923136,1980.923136,21,62,167,3,20250815_211617
1755260169.028259,7738020,1980933120,1980.93312,24,61,165,3,20250815_211617
1755260169.038243,7738059,1980943104,1980.943104,27,62,162,3,20250815_211617
1755260169.048227,7738098,1980953088,1980.953088,30,62,158,3,20250815_211617
1755260169.058211,7738137,1980963072,1980.963072,33,68,152,3,20250815_211617
1755260169.068195,7738176,1980973056,1980.973056,37,108,145,3,20250815_211617
1755260169.0781791,7738215,1980983040,1980.98304,40,111,137,3,20250815_211617
1755260169.0881631,7738254,1980993024,1980.993024,43,113,128,3,20250815_211617
1755260169.098147,7738293,1981003008,1981.003008,46,113,122,3,20250815_211617
1755260169.108131,7738332,1981012992,1981.012992,49,115,114,3,20250815_211617
1755260169.118115,7738371,1981022976,1981.022976,53,114,107,3,20250815_211617
1755260169.128099,7738410,1981032960,1981.03296,56,115,102,3,20250815_211617
1755260169.138339,7738450,1981043200,1981.0432,59,114,98,3,20250815_211617
1755260169.148323,7738489,1981053184,1981.053184,62,116,96,3,20250815_211617
1755260169.158307,7738528,1981063168,1981.063168,65,119,96,3,20250815_211617
1755260169.168291,7738567,1981073152,1981.073152,69,116,95,3,20250815_211617
1755260169.178275,7738606,1981083136,1981.083136,72,118,92,3,20250815_211617
1755260169.1882591,7738645,1981093120,1981.09312,75,109,93,3,20250815_211617
1755260169.1982431,7738684,1981103104,1981.103104,78,117,97,3,20250815_211617
1755260169.208227,7738723,1981113088,1981.113088,81,102,96,3,20250815_211617
1755260169.218211,7738762,1981123072,1981.123072,84,116,94,3,20250815_211617
1755260169.228195,7738801,1981133056,1981.133056,88,116,96,3,20250815_211617
1755260169.238179,7738840,1981143040,1981.14304,91,116,95,3,20250815_211617
1755260169.248163,7738879,1981153024,1981.153024,94,116,95,3,20250815_211617
1755260169.258147,7738918,1981163008,1981.163008,97,118,96,3,20250815_211617
1755260169.268131,7738957,1981172992,1981.172992,100,107,95,3,20250815_211617
1755260169.278371,7738997,1981183232,1981.183232,104,78,96,3,20250815_211617
1755260169.288355,7739036,1981193216,1981.193216,107,106,96,3,20250815_211617
1755260169.2983391,7739075,1981203200,1981.2032,110,114,96,3,20250815_211617
1755260169.3083231,7739114,1981213184,1981.213184,113,100,94,3,20250815_211617
1755260169.318307,7739153,1981223168,1981.223168,116,94,95,3,20250815_211617
1755260169.328291,7739192,1981233152,1981.233152,119,113,96,3,20250815_211617
1755260169.338275,7739231,1981243136,1981.243136,123,115,95,3,20250815_211617
1755260169.348259,7739270,1981253120,1981.25312,126,115,96,3,20250815_211617
1755260169.358243,7739309,1981263104,1981.263104,129,116,96,3,20250815_211617
1755260169.368227,7739348,1981273088,1981.273088,132,115,95,3,20250815_211617
1755260169.378211,7739387,1981283072,1981.283072,135,116,94,3,20250815_211617
1755260169.388195,7739426,1981293056,1981.293056,139,116,96,3,20250815_211617
1755260169.398179,7739465,1981303040,1981.30304,142,115,95,3,20250815_211617
1755260169.408163,7739504,1981313024,1981.313024,145,116,96,3,20250815_211617
1755260169.418147,7739543,1981323008,1981.323008,148,117,95,3,20250815_211617
1755260169.428387,7739583,1981333248,1981.333248,151,116,96,3,20250815_211617
1755260169.438371,7739622,1981343232,1981.343232,155,117,96,3,20250815_211617
1755260169.448355,7739661,1981353216,1981.353216,158,117,96,3,20250815_211617
1755260169.458339,7739700,1981363200,1981.3632,161,117,96,3,20250815_211617
1755260169.468323,7739739,1981373184,1981.373184,164,116,96,3,20250815_211617
1755260169.478307,7739778,1981383168,1981.383168,167,116,96,3,20250815_211617
1755260169.488291,7739817,1981393152,1981.393152,170,117,97,3,20250815_211617
1755260169.498275,7739856,1981403136,1981.403136,174,117,96,3,20250815_211617
1755260169.508259,7739895,1981413120,1981.41312,177,116,97,3,20250815_211617
1755260169.518243,7739934,1981423104,1981.423104,180,117,97,3,20250815_211617
1755260169.528227,7739973,1981433088,1981.433088,183,117,98,3,20250815_211617
1755260169.538211,7740012,1981443072,1981.443072,186,118,97,3,20250815_211617
1755260169.5481951,7740051,1981453056,1981.453056,190,118,98,3,20250815_211617
1755260169.5581791,7740090,1981463040,1981.46304,193,118,97,3,20250815_211617
1755260169.568419,7740130,1981473280,1981.47328,196,118,98,3,20250815_211617
1755260169.578403,7740169,1981483264,1981.483264,199,118,99,3,20250815_211617
1755260169.588387,7740208,1981493248,1981.493248,202,117,99,3,20250815_211617
1755260169.598371,7740247,1981503232,1981.503232,206,119,98,3,20250815_211617
1755260169.608355,7740286,1981513216,1981.513216,209,118,101,3,20250815_211617
1755260169.618339,7740325,1981523200,1981.5232,212,120,103,3,20250815_211617
1755260169.628323,7740364,1981533184,1981.533184,215,118,103,3,20250815_211617
1755260169.638307,7740403,1981543168,1981.543168,218,119,104,3,20250815_211617
1755260169.648291,7740442,1981553152,1981.553152,221,119,106,3,20250815_211617
1755260169.6582751,7740481,1981563136,1981.563136,225,119,108,3,20250815_211617
1755260169.6682591,7740520,1981573120,1981.57312,228,118,109,3,20250815_211617
1755260169.678243,7740559,1981583104,1981.583104,231,118,111,3,20250815_211617
1755260169.688227,7740598,1981593088,1981.593088,234,118,112,3,20250815_211617
1755260169.698211,7740637,1981603072,1981.603072,237,119,114,3,20250815_211617
1755260169.708195,7740676,1981613056,1981.613056,241,119,115,3,20250815_211617
1755260169.718435,7740716,1981623296,1981.623296,244,118,114,3,20250815_211617
1755260169.728419,7740755,1981633280,1981.63328,247,119,116,3,20250815_211617
1755260169.738403,7740794,1981643264,1981.643264,250,119,116,3,20250815_211617
1755260169.748387,7740833,1981653248,1981.653248,253,119,117,3,20250815_211617
1755260169.758371,7740872,1981663232,1981.663232,2,119,117,3,20250815_211617
1755260169.7683551,7740911,1981673216,1981.673216,5,117,119,3,20250815_211617
1755260169.778339,7740950,1981683200,1981.6832,8,119,119,3,20250815_211617
1755260169.788323,7740989,1981693184,1981.693184,11,118,120,3,20250815_211617
1755260169.798307,7741028,1981703168,1981.703168,14,118,121,3,20250815_211617
1755260169.808291,7741067,1981713152,1981.713152,17,117,122,3,20250815_211617
1755260169.818275,7741106,1981723136,1981.723136,21,119,122,3,20250815_211617
1755260169.828259,7741145,1981733120,1981.73312,24,118,123,3,20250815_211617
1755260169.838243,7741184,1981743104,1981.743104,27,118,124,3,20250815_211617
1755260169.848227,7741223,1981753088,1981.753088,30,118,123,3,20250815_211617
1755260169.858467,7741263,1981763328,1981.763328,33,118,124,3,20250815_211617
1755260169.868451,7741302,1981773312,1981.773312,37,118,125,3,20250815_211617
1755260169.8784351,7741341,1981783296,1981.783296,40,118,125,3,20250815_211617
1755260169.888419,7741380,1981793280,1981.79328,43,118,126,3,20250815_211617
1755260169.898403,7741419,1981803264,1981.803264,46,119,126,3,20250815_211617
1755260169.908387,7741458,1981813248,1981.813248,49,118,126,3,20250815_211617
1755260169.918371,7741497,1981823232,1981.823232,52,118,126,3,20250815_211617
1755260169.928355,7741536,1981833216,1981.833216,56,117,125,3,20250815_211617
1755260169.938339,7741575,1981843200,1981.8432,59,118,124,3,20250815_211617
1755260169.948323,7741614,1981853184,1981.853184,62,118,124,3,20250815_211617
1755260169.958307,7741653,1981863168,1981.863168,65,118,125,3,20250815_211617
1755260169.968291,7741692,1981873152,1981.873152,68,118,125,3,20250815_211617
1755260169.978275,7741731,1981883136,1981.883136,72,118,126,3,20250815_211617
1755260169.988259,7741770,1981893120,1981.89312,75,118,127,3,20250815_211617
1755260169.998243,7741809,1981903104,1981.903104,78,118,127,3,20250815_211617
1755260170.008483,7741849,1981913344,1981.913344,81,117,127,3,20250815_211617
1755260170.018467,7741888,1981923328,1981.923328,84,118,127,3,20250815_211617
1755260170.028451,7741927,1981933312,1981.933312,88,118,127,3,20250815_211617
1755260170.038435,7741966,1981943296,1981.943296,91,118,127,3,20250815_211617
1755260170.048419,7742005,1981953280,1981.95328,94,116,127,3,20250815_211617
1755260170.058403,7742044,1981963264,1981.963264,97,117,124,3,20250815_211617
1755260170.068387,7742083,1981973248,1981.973248,100,115,122,3,20250815_211617
1755260170.078371,7742122,1981983232,1981.983232,103,116,119,3,20250815_211617
1755260170.088355,7742161,1981993216,1981.993216,107,116,119,3,20250815_211617
1755260170.098339,7742200,1982003200,1982.0032,110,117,121,3,20250815_211617
1755260170.108323,7742239,1982013184,1982.013184,113,116,121,3,20250815_211617
1755260170.118307,7742278,1982023168,1982.023168,116,117,122,3,20250815_211617
1755260170.1282911,7742317,1982033152,1982.033152,119,116,123,3,20250815_211617
1755260170.138275,7742356,1982043136,1982.043136,123,117,123,3,20250815_211617
1755260170.148515,7742396,1982053376,1982.053376,126,117,121,3,20250815_211617
1755260170.158499,7742435,1982063360,1982.06336,129,117,118,3,20250815_211617
1755260170.168483,7742474,1982073344,1982.073344,132,117,116,3,20250815_211617
1755260170.178467,7742513,1982083328,1982.083328,135,116,112,3,20250815_211617
1755260170.188451,7742552,1982093312,1982.093312,139,116,108,3,20250815_211617
1755260170.198435,7742591,1982103296,1982.103296,142,116,106,3,20250815_211617
1755260170.208419,7742630,1982113280,1982.11328,145,117,109,3,20250815_211617
1755260170.218403,7742669,1982123264,1982.123264,148,117,110,3,20250815_211617
1755260170.228387,7742708,1982133248,1982.133248,151,116,110,3,20250815_211617
1755260170.2383711,7742747,1982143232,1982.143232,154,117,109,3,20250815_211617
1755260170.248355,7742786,1982153216,1982.153216,158,116,108,3,20250815_211617
1755260170.258339,7742825,1982163200,1982.1632,161,116,107,3,20250815_211617
1755260170.268323,7742864,1982173184,1982.173184,164,115,106,3,20250815_211617
1755260170.278307,7742903,1982183168,1982.183168,167,116,105,3,20250815_211617
1755260170.288291,7742942,1982193152,1982.193152,170,115,105,3,20250815_211617
1755260170.298531,7742982,1982203392,1982.203392,174,116,105,3,20250815_211617
1755260170.308515,7743021,1982213376,1982.213376,177,115,103,3,20250815_211617
1755260170.318499,7743060,1982223360,1982.22336,180,113,103,3,20250815_211617
1755260170.328483,7743099,1982233344,1982.233344,183,113,104,3,20250815_211617
1755260170.3384671,7743138,1982243328,1982.243328,186,114,106,3,20250815_211617
1755260170.3484511,7743177,1982253312,1982.253312,190,114,107,3,20250815_211617
1755260170.358435,7743216,1982263296,1982.263296,193,114,107,3,20250815_211617
1755260170.368419,7743255,1982273280,1982.27328,196,114,108,3,20250815_211617
1755260170.378403,7743294,1982283264,1982.283264,199,114,108,3,20250815_211617
1755260170.388387,7743333,1982293248,1982.293248,202,114,109,3,20250815_211617
1755260170.398371,7743372,1982303232,1982.303232,205,114,109,3,20250815_211617
1755260170.408355,7743411,1982313216,1982.313216,209,114,109,3,20250815_211617
1755260170.418339,7743450,1982323200,1982.3232,212,114,107,3,20250815_211617
1755260170.428323,7743489,1982333184,1982.333184,215,114,106,3,20250815_211617
1755260170.438563,7743529,1982343424,1982.343424,218,114,106,3,20250815_211617
1755260170.4485471,7743568,1982353408,1982.353408,221,114,109,3,20250815_211617
1755260170.4585311,7743607,1982363392,1982.363392,225,116,114,3,20250815_211617
1755260170.468515,7743646,1982373376,1982.373376,228,115,116,3,20250815_211617
1755260170.478499,7743685,1982383360,1982.38336,231,115,119,3,20250815_211617
1755260170.488483,7743724,1982393344,1982.393344,234,115,121,3,20250815_211617
1755260170.498467,7743763,1982403328,1982.403328,237,115,123,3,20250815_211617
1755260170.508451,7743802,1982413312,1982.413312,240,116,124,3,20250815_211617
1755260170.518435,7743841,1982423296,1982.423296,244,115,127,3,20250815_211617
1755260170.528419,7743880,1982433280,1982.43328,247,115,127,3,20250815_211617
1755260170.538403,7743919,1982443264,1982.443264,250,116,129,3,20250815_211617
1755260170.548387,7743958,1982453248,1982.453248,253,115,131,3,20250815_211617
1755260170.558371,7743997,1982463232,1982.463232,1,116,133,3,20250815_211617
1755260170.568355,7744036,1982473216,1982.473216,5,115,135,3,20250815_211617
1755260170.578339,7744075,1982483200,1982.4832,8,115,135,3,20250815_211617
1755260170.588579,7744115,1982493440,1982.49344,11,115,135,3,20250815_211617
1755260170.598563,7744154,1982503424,1982.503424,14,116,136,3,20250815_211617
1755260170.608547,7744193,1982513408,1982.513408,17,115,136,3,20250815_211617
1755260170.618531,7744232,1982523392,1982.523392,21,116,136,3,20250815_211617
1755260170.628515,7744271,1982533376,1982.533376,24,115,136,3,20250815_211617
1755260170.638499,7744310,1982543360,1982.54336,27,117,137,3,20250815_211617
1755260170.648483,7744349,1982553344,1982.553344,30,116,138,3,20250815_211617
1755260170.658467,7744388,1982563328,1982.563328,33,117,136,3,20250815_211617
1755260170.668451,7744427,1982573312,1982.573312,36,115,139,3,20250815_211617
1755260170.678435,7744466,1982583296,1982.583296,40,116,139,3,20250815_211617
1755260170.688419,7744505,1982593280,1982.59328,43,115,141,3,20250815_211617
1755260170.6984031,7744544,1982603264,1982.603264,46,115,142,3,20250815_211617
1755260170.7083871,7744583,1982613248,1982.613248,49,116,142,3,20250815_211617
1755260170.718371,7744622,1982623232,1982.623232,52,115,143,3,20250815_211617
1755260170.728611,7744662,1982633472,1982.633472,56,114,142,3,20250815_211617
1755260170.738595,7744701,1982643456,1982.643456,59,114,143,3,20250815_211617
1755260170.748579,7744740,1982653440,1982.65344,62,114,143,3,20250815_211617
1755260170.758563,7744779,1982663424,1982.663424,65,114,142,3,20250815_211617
1755260170.768547,7744818,1982673408,1982.673408,68,114,139,3,20250815_211617
1755260170.778531,7744857,1982683392,1982.683392,72,114,138,3,20250815_211617
1755260170.788515,7744896,1982693376,1982.693376,75,115,136,3,20250815_211617
1755260170.798499,7744935,1982703360,1982.70336,78,114,136,3,20250815_211617
1755260170.8084831,7744974,1982713344,1982.713344,81,112,135,3,20250815_211617
1755260170.8184671,7745013,1982723328,1982.723328,84,115,134,3,20250815_211617
1755260170.828451,7745052,1982733312,1982.733312,87,115,133,3,20250815_211617
1755260170.838435,7745091,1982743296,1982.743296,91,114,133,3,20250815_211617
1755260170.848419,7745130,1982753280,1982.75328,94,113,131,3,20250815_211617
1755260170.858403,7745169,1982763264,1982.763264,97,113,130,3,20250815_211617
1755260170.868387,7745208,1982773248,1982.773248,100,111,129,3,20250815_211617
1755260170.878627,7745248,1982783488,1982.783488,103,110,128,3,20250815_211617
1755260170.888611,7745287,1982793472,1982.793472,107,98,128,3,20250815_211617
1755260170.898595,7745326,1982803456,1982.803456,110,84,127,3,20250815_211617
1755260170.908579,7745365,1982813440,1982.81344,113,76,127,3,20250815_211617
1755260170.9185631,7745404,1982823424,1982.823424,116,75,127,3,20250815_211617
1755260170.9285471,7745443,1982833408,1982.833408,119,69,127,3,20250815_211617
1755260170.938531,7745482,1982843392,1982.843392,123,68,126,3,20250815_211617
1755260170.948515,7745521,1982853376,1982.853376,126,64,127,3,20250815_211617
1755260170.958499,7745560,1982863360,1982.86336,129,65,127,3,20250815_211617
1755260170.968483,7745599,1982873344,1982.873344,132,61,127,3,20250815_211617
1755260170.978467,7745638,1982883328,1982.883328,135,63,127,3,20250815_211617
1755260170.988451,7745677,1982893312,1982.893312,138,60,127,3,20250815_211617
1755260170.998435,7745716,1982903296,1982.903296,142,61,124,3,20250815_211617
1755260171.008419,7745755,1982913280,1982.91328,145,58,115,3,20250815_211617
1755260171.018659,7745795,1982923520,1982.92352,148,60,118,3,20250815_211617
1755260171.0286431,7745834,1982933504,1982.933504,151,58,125,3,20250815_211617
1755260171.038627,7745873,1982943488,1982.943488,154,59,124,3,20250815_211617
1755260171.048611,7745912,1982953472,1982.953472,158,57,122,3,20250815_211617
1755260171.058595,7745951,1982963456,1982.963456,161,58,121,3,20250815_211617
1755260171.068579,7745990,1982973440,1982.97344,164,57,121,3,20250815_211617
1755260171.078563,7746029,1982983424,1982.983424,167,59,122,3,20250815_211617
1755260171.088547,7746068,1982993408,1982.993408,170,56,121,3,20250815_211617
1755260171.098531,7746107,1983003392,1983.003392,173,58,118,3,20250815_211617
1755260171.108515,7746146,1983013376,1983.013376,177,57,118,3,20250815_211617
1755260171.118499,7746185,1983023360,1983.02336,180,54,117,3,20250815_211617
1755260171.128483,7746224,1983033344,1983.033344,183,94,112,3,20250815_211617
1755260171.138467,7746263,1983043328,1983.043328,186,53,108,3,20250815_211617
1755260171.148451,7746302,1983053312,1983.053312,189,70,107,3,20250815_211617
1755260136.4691627,7625938,1952240128,1952.240128,200,36,97,4,20250815_211623
1755260136.4791467,7625977,1952250112,1952.250112,203,35,98,4,20250815_211623
1755260136.4891307,7626016,1952260096,1952.260096,207,36,98,4,20250815_211623
1755260136.4991148,7626055,1952270080,1952.27008,210,32,97,4,20250815_211623
1755260136.5090988,7626094,1952280064,1952.280064,213,34,98,4,20250815_211623
1755260136.5190823,7626133,1952290048,1952.290048,216,32,97,4,20250815_211623
1755260136.5290666,7626172,1952300032,1952.300032,219,33,99,4,20250815_211623
1755260136.5393066,7626212,1952310272,1952.310272,223,31,102,4,20250815_211623
1755260136.549291,7626251,1952320256,1952.320256,226,34,107,4,20250815_211623
1755260136.559275,7626290,1952330240,1952.33024,229,35,112,4,20250815_211623
1755260136.5692587,7626329,1952340224,1952.340224,232,38,117,4,20250815_211623
1755260136.5792427,7626368,1952350208,1952.350208,235,37,120,4,20250815_211623
1755260136.5892267,7626407,1952360192,1952.360192,239,38,123,4,20250815_211623
1755260136.5992107,7626446,1952370176,1952.370176,242,35,125,4,20250815_211623
1755260136.6091948,7626485,1952380160,1952.38016,245,34,127,4,20250815_211623
1755260136.6191788,7626524,1952390144,1952.390144,248,31,127,4,20250815_211623
1755260136.6291623,7626563,1952400128,1952.400128,251,33,127,4,20250815_211623
1755260136.6391466,7626602,1952410112,1952.410112,3,33,128,4,20250815_211623
1755260136.6491306,7626641,1952420096,1952.420096,6,35,128,4,20250815_211623
1755260136.6591146,7626680,1952430080,1952.43008,9,31,129,4,20250815_211623
1755260136.6690986,7626719,1952440064,1952.440064,12,32,129,4,20250815_211623
1755260136.6790826,7626758,1952450048,1952.450048,15,32,129,4,20250815_211623
1755260136.6893227,7626798,1952460288,1952.460288,19,33,128,4,20250815_211623
1755260136.6993067,7626837,1952470272,1952.470272,22,31,127,4,20250815_211623
1755260136.7092907,7626876,1952480256,1952.480256,25,33,124,4,20250815_211623
1755260136.7192748,7626915,1952490240,1952.49024,28,31,116,4,20250815_211623
1755260136.7292588,7626954,1952500224,1952.500224,31,33,111,4,20250815_211623
1755260136.7392426,7626993,1952510208,1952.510208,35,31,108,4,20250815_211623
1755260136.7492266,7627032,1952520192,1952.520192,38,33,105,4,20250815_211623
1755260136.7592106,7627071,1952530176,1952.530176,41,33,104,4,20250815_211623
1755260136.7691946,7627110,1952540160,1952.54016,44,35,105,4,20250815_211623
1755260136.7791786,7627149,1952550144,1952.550144,47,33,106,4,20250815_211623
1755260136.7891626,7627188,1952560128,1952.560128,50,34,107,4,20250815_211623
1755260136.799147,7627227,1952570112,1952.570112,54,32,109,4,20250815_211623
1755260136.809131,7627266,1952580096,1952.580096,57,34,113,4,20250815_211623
1755260136.8191147,7627305,1952590080,1952.59008,60,32,116,4,20250815_211623
1755260136.8293548,7627345,1952600320,1952.60032,63,35,120,4,20250815_211623
1755260136.8393388,7627384,1952610304,1952.610304,66,34,126,4,20250815_211623
1755260136.8493226,7627423,1952620288,1952.620288,70,37,127,4,20250815_211623
1755260136.8593066,7627462,1952630272,1952.630272,73,34,129,4,20250815_211623
1755260136.8692906,7627501,1952640256,1952.640256,76,37,130,4,20250815_211623
1755260136.8792746,7627540,1952650240,1952.65024,79,36,131,4,20250815_211623
1755260136.8892586,7627579,1952660224,1952.660224,82,39,133,4,20250815_211623
1755260136.8992426,7627618,1952670208,1952.670208,85,36,133,4,20250815_211623
1755260136.909227,7627657,1952680192,1952.680192,89,37,135,4,20250815_211623
1755260136.919211,7627696,1952690176,1952.690176,92,35,135,4,20250815_211623
1755260136.9291947,7627735,1952700160,1952.70016,95,37,135,4,20250815_211623
1755260136.9391787,7627774,1952710144,1952.710144,98,35,134,4,20250815_211623
1755260136.9491627,7627813,1952720128,1952.720128,101,37,134,4,20250815_211623
1755260136.9591467,7627852,1952730112,1952.730112,105,36,134,4,20250815_211623
1755260136.9691308,7627891,1952740096,1952.740096,108,38,133,4,20250815_211623
1755260136.9793706,7627931,1952750336,1952.750336,111,35,133,4,20250815_211623
1755260136.9893546,7627970,1952760320,1952.76032,114,35,129,4,20250815_211623
1755260136.9993386,7628009,1952770304,1952.770304,117,34,127,4,20250815_211623
1755260137.0093226,7628048,1952780288,1952.780288,121,36,127,4,20250815_211623
1755260137.019307,7628087,1952790272,1952.790272,124,35,125,4,20250815_211623
1755260137.029291,7628126,1952800256,1952.800256,127,36,122,4,20250815_211623
1755260137.0392747,7628165,1952810240,1952.81024,130,35,122,4,20250815_211623
1755260137.0492587,7628204,1952820224,1952.820224,133,35,120,4,20250815_211623
1755260137.0592427,7628243,1952830208,1952.830208,136,35,121,4,20250815_211623
1755260137.0692267,7628282,1952840192,1952.840192,140,36,122,4,20250815_211623
1755260137.0792108,7628321,1952850176,1952.850176,143,34,122,4,20250815_211623
1755260137.0891948,7628360,1952860160,1952.86016,146,35,121,4,20250815_211623
1755260137.0991786,7628399,1952870144,1952.870144,149,35,122,4,20250815_211623
1755260137.1091626,7628438,1952880128,1952.880128,152,36,120,4,20250815_211623
1755260137.1194026,7628478,1952890368,1952.890368,156,32,120,4,20250815_211623
1755260137.129387,7628517,1952900352,1952.900352,159,32,124,4,20250815_211623
1755260137.139371,7628556,1952910336,1952.910336,162,31,127,4,20250815_211623
1755260137.1493547,7628595,1952920320,1952.92032,165,33,127,4,20250815_211623
1755260137.1593387,7628634,1952930304,1952.930304,168,34,127,4,20250815_211623
1755260137.1693227,7628673,1952940288,1952.940288,172,36,128,4,20250815_211623
1755260137.1793067,7628712,1952950272,1952.950272,175,36,132,4,20250815_211623
1755260137.1892908,7628751,1952960256,1952.960256,178,38,138,4,20250815_211623
1755260137.1992748,7628790,1952970240,1952.97024,181,35,143,4,20250815_211623
1755260137.2092586,7628829,1952980224,1952.980224,184,31,145,4,20250815_211623
1755260137.2192426,7628868,1952990208,1952.990208,187,44,146,4,20250815_211623
1755260137.2292266,7628907,1953000192,1953.000192,191,38,147,4,20250815_211623
1755260137.2392106,7628946,1953010176,1953.010176,194,38,147,4,20250815_211623
1755260137.2491946,7628985,1953020160,1953.02016,197,38,148,4,20250815_211623
1755260137.2591786,7629024,1953030144,1953.030144,200,37,148,4,20250815_211623
1755260137.2694187,7629064,1953040384,1953.040384,203,37,149,4,20250815_211623
1755260137.2794027,7629103,1953050368,1953.050368,207,36,149,4,20250815_211623
1755260137.2893867,7629142,1953060352,1953.060352,210,36,149,4,20250815_211623
1755260137.2993708,7629181,1953070336,1953.070336,213,34,150,4,20250815_211623
1755260137.3093543,7629220,1953080320,1953.08032,216,34,149,4,20250815_211623
1755260137.3193386,7629259,1953090304,1953.090304,219,32,149,4,20250815_211623
1755260137.3293226,7629298,1953100288,1953.100288,223,33,150,4,20250815_211623
1755260137.3393066,7629337,1953110272,1953.110272,226,32,151,4,20250815_211623
1755260137.3492906,7629376,1953120256,1953.120256,229,33,152,4,20250815_211623
1755260137.3592746,7629415,1953130240,1953.13024,232,31,151,4,20250815_211623
1755260137.3692586,7629454,1953140224,1953.140224,235,33,152,4,20250815_211623
1755260137.379243,7629493,1953150208,1953.150208,238,32,152,4,20250815_211623
1755260137.389227,7629532,1953160192,1953.160192,242,32,152,4,20250815_211623
1755260137.3992107,7629571,1953170176,1953.170176,245,33,153,4,20250815_211623
1755260137.4094508,7629611,1953180416,1953.180416,248,33,153,4,20250815_211623
1755260137.4194343,7629650,1953190400,1953.1904,251,32,153,4,20250815_211623
1755260137.4294186,7629689,1953200384,1953.200384,254,31,154,4,20250815_211623
1755260137.4394026,7629728,1953210368,1953.210368,3,31,152,4,20250815_211623
1755260137.4493866,7629767,1953220352,1953.220352,6,31,153,4,20250815_211623
1755260137.4593706,7629806,1953230336,1953.230336,9,31,154,4,20250815_211623
1755260137.4693546,7629845,1953240320,1953.24032,12,31,152,4,20250815_211623
1755260137.4793386,7629884,1953250304,1953.250304,15,32,152,4,20250815_211623
1755260137.489323,7629923,1953260288,1953.260288,18,32,152,4,20250815_211623
1755260137.499307,7629962,1953270272,1953.270272,22,32,152,4,20250815_211623
1755260137.5092907,7630001,1953280256,1953.280256,25,33,150,4,20250815_211623
1755260137.5192747,7630040,1953290240,1953.29024,28,32,147,4,20250815_211623
1755260137.5292587,7630079,1953300224,1953.300224,31,33,146,4,20250815_211623
1755260137.5392427,7630118,1953310208,1953.310208,34,32,143,4,20250815_211623
1755260137.5494826,7630158,1953320448,1953.320448,38,32,136,4,20250815_211623
1755260137.5594666,7630197,1953330432,1953.330432,41,32,126,4,20250815_211623
1755260137.5694506,7630236,1953340416,1953.340416,44,33,112,4,20250815_211623
1755260137.5794346,7630275,1953350400,1953.3504,47,32,101,4,20250815_211623
1755260137.5894186,7630314,1953360384,1953.360384,50,32,94,4,20250815_211623
1755260137.599403,7630353,1953370368,1953.370368,54,31,88,4,20250815_211623
1755260137.6093867,7630392,1953380352,1953.380352,57,32,86,4,20250815_211623
1755260137.6193707,7630431,1953390336,1953.390336,60,32,85,4,20250815_211623
1755260137.6293547,7630470,1953400320,1953.40032,63,32,88,4,20250815_211623
1755260137.6393387,7630509,1953410304,1953.410304,66,32,89,4,20250815_211623
1755260137.6493227,7630548,1953420288,1953.420288,69,32,89,4,20250815_211623
1755260137.6593068,7630587,1953430272,1953.430272,73,32,84,4,20250815_211623
1755260137.6692908,7630626,1953440256,1953.440256,76,34,86,4,20250815_211623
1755260137.6792746,7630665,1953450240,1953.45024,79,34,88,4,20250815_211623
1755260137.6892586,7630704,1953460224,1953.460224,82,34,87,4,20250815_211623
1755260137.699499,7630744,1953470464,1953.470464,85,34,86,4,20250815_211623
1755260137.709483,7630783,1953480448,1953.480448,89,34,87,4,20250815_211623
1755260137.7194667,7630822,1953490432,1953.490432,92,33,88,4,20250815_211623
1755260137.7294507,7630861,1953500416,1953.500416,95,33,87,4,20250815_211623
1755260137.7394347,7630900,1953510400,1953.5104,98,32,86,4,20250815_211623
1755260137.7494187,7630939,1953520384,1953.520384,101,32,87,4,20250815_211623
1755260137.7594028,7630978,1953530368,1953.530368,105,31,87,4,20250815_211623
1755260137.7693868,7631017,1953540352,1953.540352,108,31,87,4,20250815_211623
1755260137.7793703,7631056,1953550336,1953.550336,111,31,87,4,20250815_211623
1755260137.7893546,7631095,1953560320,1953.56032,114,31,88,4,20250815_211623
1755260137.7993386,7631134,1953570304,1953.570304,117,31,87,4,20250815_211623
1755260137.8093226,7631173,1953580288,1953.580288,120,31,87,4,20250815_211623
1755260137.8193066,7631212,1953590272,1953.590272,124,31,86,4,20250815_211623
1755260137.8292906,7631251,1953600256,1953.600256,127,31,88,4,20250815_211623
1755260137.8395307,7631291,1953610496,1953.610496,130,31,89,4,20250815_211623
1755260137.8495147,7631330,1953620480,1953.62048,133,33,90,4,20250815_211623
1755260137.8594987,7631369,1953630464,1953.630464,136,32,90,4,20250815_211623
1755260137.8694828,7631408,1953640448,1953.640448,140,33,90,4,20250815_211623
1755260137.8794668,7631447,1953650432,1953.650432,143,33,90,4,20250815_211623
1755260137.8894506,7631486,1953660416,1953.660416,146,33,90,4,20250815_211623
1755260137.8994346,7631525,1953670400,1953.6704,149,33,91,4,20250815_211623
1755260137.9094186,7631564,1953680384,1953.680384,152,34,92,4,20250815_211623
1755260137.9194026,7631603,1953690368,1953.690368,156,34,93,4,20250815_211623
1755260137.9293866,7631642,1953700352,1953.700352,159,35,94,4,20250815_211623
1755260137.9393706,7631681,1953710336,1953.710336,162,34,96,4,20250815_211623
1755260137.9493546,7631720,1953720320,1953.72032,165,35,98,4,20250815_211623
1755260137.959339,7631759,1953730304,1953.730304,168,37,102,4,20250815_211623
1755260137.9693227,7631798,1953740288,1953.740288,171,36,107,4,20250815_211623
1755260137.9795628,7631838,1953750528,1953.750528,175,37,116,4,20250815_211623
1755260137.9895468,7631877,1953760512,1953.760512,178,36,121,4,20250815_211623
1755260137.9995306,7631916,1953770496,1953.770496,181,36,126,4,20250815_211623
1755260138.0095146,7631955,1953780480,1953.78048,184,36,129,4,20250815_211623
1755260138.0194986,7631994,1953790464,1953.790464,187,36,137,4,20250815_211623
1755260138.0294826,7632033,1953800448,1953.800448,191,36,143,4,20250815_211623
1755260138.0394666,7632072,1953810432,1953.810432,194,36,145,4,20250815_211623
1755260138.0494506,7632111,1953820416,1953.820416,197,36,145,4,20250815_211623
1755260138.059435,7632150,1953830400,1953.8304,200,36,146,4,20250815_211623
1755260138.069419,7632189,1953840384,1953.840384,203,36,147,4,20250815_211623
1755260138.0794027,7632228,1953850368,1953.850368,206,37,149,4,20250815_211623
1755260138.0893867,7632267,1953860352,1953.860352,210,37,150,4,20250815_211623
1755260138.0993707,7632306,1953870336,1953.870336,213,37,150,4,20250815_211623
1755260138.1093547,7632345,1953880320,1953.88032,216,38,150,4,20250815_211623
1755260138.1193388,7632384,1953890304,1953.890304,219,38,151,4,20250815_211623
1755260138.1295786,7632424,1953900544,1953.900544,222,38,151,4,20250815_211623
1755260138.1395626,7632463,1953910528,1953.910528,226,38,151,4,20250815_211623
1755260138.1495466,7632502,1953920512,1953.920512,229,37,152,4,20250815_211623
1755260138.1595306,7632541,1953930496,1953.930496,232,36,152,4,20250815_211623
1755260138.169515,7632580,1953940480,1953.94048,235,37,152,4,20250815_211623
1755260138.179499,7632619,1953950464,1953.950464,238,37,153,4,20250815_211623
1755260138.1894827,7632658,1953960448,1953.960448,242,36,152,4,20250815_211623
1755260138.1994667,7632697,1953970432,1953.970432,245,36,152,4,20250815_211623
1755260138.2094507,7632736,1953980416,1953.980416,248,36,153,4,20250815_211623
1755260138.2194347,7632775,1953990400,1953.9904,251,36,153,4,20250815_211623
1755260138.2294188,7632814,1954000384,1954.000384,254,36,152,4,20250815_211623
1755260138.2394028,7632853,1954010368,1954.010368,2,35,152,4,20250815_211623
1755260138.2493863,7632892,1954020352,1954.020352,6,35,153,4,20250815_211623
1755260138.2593706,7632931,1954030336,1954.030336,9,35,152,4,20250815_211623
1755260138.2696106,7632971,1954040576,1954.040576,12,36,152,4,20250815_211623
1755260138.279595,7633010,1954050560,1954.05056,15,35,151,4,20250815_211623
1755260138.289579,7633049,1954060544,1954.060544,18,35,151,4,20250815_211623
1755260138.2995627,7633088,1954070528,1954.070528,22,36,151,4,20250815_211623
1755260138.3095467,7633127,1954080512,1954.080512,25,36,151,4,20250815_211623
1755260138.3195307,7633166,1954090496,1954.090496,28,36,151,4,20250815_211623
1755260138.3295147,7633205,1954100480,1954.10048,31,36,151,4,20250815_211623
1755260138.3394988,7633244,1954110464,1954.110464,34,36,149,4,20250815_211623
1755260138.3494828,7633283,1954120448,1954.120448,38,36,147,4,20250815_211623
1755260138.3594666,7633322,1954130432,1954.130432,41,36,146,4,20250815_211623
1755260138.3694506,7633361,1954140416,1954.140416,44,37,143,4,20250815_211623
1755260138.3794346,7633400,1954150400,1954.1504,47,37,139,4,20250815_211623
1755260138.3894186,7633439,1954160384,1954.160384,50,37,134,4,20250815_211623
1755260138.3994026,7633478,1954170368,1954.170368,53,38,128,4,20250815_211623
1755260138.4093866,7633517,1954180352,1954.180352,57,40,122,4,20250815_211623
1755260138.4196267,7633557,1954190592,1954.190592,60,39,111,4,20250815_211623
1755260138.4296107,7633596,1954200576,1954.200576,63,39,100,4,20250815_211623
1755260138.4395947,7633635,1954210560,1954.21056,66,41,96,4,20250815_211623
1755260138.4495788,7633674,1954220544,1954.220544,69,41,91,4,20250815_211623
1755260138.4595628,7633713,1954230528,1954.230528,73,42,88,4,20250815_211623
1755260138.4695466,7633752,1954240512,1954.240512,76,43,86,4,20250815_211623
1755260138.4795306,7633791,1954250496,1954.250496,79,43,85,4,20250815_211623
1755260138.4895146,7633830,1954260480,1954.26048,82,43,86,4,20250815_211623
1755260138.4994986,7633869,1954270464,1954.270464,85,42,88,4,20250815_211623
1755260138.5094826,7633908,1954280448,1954.280448,89,43,89,4,20250815_211623
1755260138.5194666,7633947,1954290432,1954.290432,92,42,87,4,20250815_211623
1755260138.529451,7633986,1954300416,1954.300416,95,42,87,4,20250815_211623
1755260138.539435,7634025,1954310400,1954.3104,98,41,89,4,20250815_211623
1755260138.5494187,7634064,1954320384,1954.320384,101,41,89,4,20250815_211623
1755260138.5594027,7634103,1954330368,1954.330368,104,42,89,4,20250815_211623
1755260138.5696423,7634143,1954340608,1954.340608,108,40,87,4,20250815_211623
1755260138.5796266,7634182,1954350592,1954.350592,111,40,87,4,20250815_211623
1755260138.5896106,7634221,1954360576,1954.360576,114,40,88,4,20250815_211623
1755260138.5995946,7634260,1954370560,1954.37056,117,40,89,4,20250815_211623
1755260138.6095786,7634299,1954380544,1954.380544,120,41,90,4,20250815_211623
1755260138.6195626,7634338,1954390528,1954.390528,124,41,90,4,20250815_211623
1755260138.6295466,7634377,1954400512,1954.400512,127,43,90,4,20250815_211623
1755260138.639531,7634416,1954410496,1954.410496,130,42,90,4,20250815_211623
1755260138.649515,7634455,1954420480,1954.42048,133,44,90,4,20250815_211623
1755260138.6594987,7634494,1954430464,1954.430464,136,44,90,4,20250815_211623
1755260138.6694827,7634533,1954440448,1954.440448,139,45,90,4,20250815_211623
1755260138.6794667,7634572,1954450432,1954.450432,143,44,91,4,20250815_211623
1755260138.6894507,7634611,1954460416,1954.460416,146,45,92,4,20250815_211623
1755260138.6994348,7634650,1954470400,1954.4704,149,45,92,4,20250815_211623
1755260138.7096746,7634690,1954480640,1954.48064,152,46,93,4,20250815_211623
1755260138.7196586,7634729,1954490624,1954.490624,155,45,95,4,20250815_211623
1755260138.7296426,7634768,1954500608,1954.500608,159,45,98,4,20250815_211623
1755260138.7396266,7634807,1954510592,1954.510592,162,46,102,4,20250815_211623
1755260138.749611,7634846,1954520576,1954.520576,165,46,106,4,20250815_211623
1755260138.759595,7634885,1954530560,1954.53056,168,45,110,4,20250815_211623
1755260138.7695787,7634924,1954540544,1954.540544,171,46,118,4,20250815_211623
1755260138.7795627,7634963,1954550528,1954.550528,175,46,124,4,20250815_211623
1755260138.7895467,7635002,1954560512,1954.560512,178,46,127,4,20250815_211623
1755260138.7995307,7635041,1954570496,1954.570496,181,45,130,4,20250815_211623
1755260138.8095148,7635080,1954580480,1954.58048,184,46,134,4,20250815_211623
1755260138.8194988,7635119,1954590464,1954.590464,187,46,142,4,20250815_211623
1755260138.8294826,7635158,1954600448,1954.600448,190,46,146,4,20250815_211623
1755260138.8394666,7635197,1954610432,1954.610432,194,45,145,4,20250815_211623
1755260138.8494506,7635236,1954620416,1954.620416,197,46,146,4,20250815_211623
1755260138.859691,7635276,1954630656,1954.630656,200,46,148,4,20250815_211623
1755260138.8696747,7635315,1954640640,1954.64064,203,47,149,4,20250815_211623
1755260138.8796587,7635354,1954650624,1954.650624,206,47,150,4,20250815_211623
1755260138.8896427,7635393,1954660608,1954.660608,210,47,152,4,20250815_211623
1755260138.8996267,7635432,1954670592,1954.670592,213,47,152,4,20250815_211623
1755260138.9096107,7635471,1954680576,1954.680576,216,47,152,4,20250815_211623
1755260138.9195948,7635510,1954690560,1954.69056,219,46,151,4,20250815_211623
1755260138.9295788,7635549,1954700544,1954.700544,222,47,154,4,20250815_211623
1755260138.9395626,7635588,1954710528,1954.710528,226,47,152,4,20250815_211623
1755260138.9495466,7635627,1954720512,1954.720512,229,46,152,4,20250815_211623
1755260138.9595306,7635666,1954730496,1954.730496,232,46,153,4,20250815_211623
1755260138.9695146,7635705,1954740480,1954.74048,235,47,154,4,20250815_211623
1755260138.9794986,7635744,1954750464,1954.750464,238,45,154,4,20250815_211623
1755260138.9894826,7635783,1954760448,1954.760448,241,47,154,4,20250815_211623
1755260138.9997227,7635823,1954770688,1954.770688,245,45,155,4,20250815_211623
1755260139.0097067,7635862,1954780672,1954.780672,248,45,154,4,20250815_211623
1755260139.0196908,7635901,1954790656,1954.790656,251,44,155,4,20250815_211623
1755260139.0296748,7635940,1954800640,1954.80064,254,44,154,4,20250815_211623
1755260139.0396583,7635979,1954810624,1954.810624,2,44,154,4,20250815_211623
1755260139.0496426,7636018,1954820608,1954.820608,6,44,154,4,20250815_211623
1755260139.0596266,7636057,1954830592,1954.830592,9,44,154,4,20250815_211623
1755260139.0696106,7636096,1954840576,1954.840576,12,45,154,4,20250815_211623
1755260139.0795946,7636135,1954850560,1954.85056,15,44,154,4,20250815_211623
1755260139.0895786,7636174,1954860544,1954.860544,18,44,154,4,20250815_211623
1755260139.0995626,7636213,1954870528,1954.870528,21,43,154,4,20250815_211623
1755260139.109547,7636252,1954880512,1954.880512,25,43,154,4,20250815_211623
1755260139.119531,7636291,1954890496,1954.890496,28,43,153,4,20250815_211623
1755260139.1295147,7636330,1954900480,1954.90048,31,44,151,4,20250815_211623
1755260139.1394987,7636369,1954910464,1954.910464,34,44,151,4,20250815_211623
1755260139.1497386,7636409,1954920704,1954.920704,37,45,150,4,20250815_211623
1755260139.1597226,7636448,1954930688,1954.930688,41,46,148,4,20250815_211623
1755260139.1697066,7636487,1954940672,1954.940672,44,47,145,4,20250815_211623
1755260139.1796906,7636526,1954950656,1954.950656,47,47,142,4,20250815_211623
1755260139.1896746,7636565,1954960640,1954.96064,50,49,139,4,20250815_211623
1755260139.1996586,7636604,1954970624,1954.970624,53,49,131,4,20250815_211623
1755260139.2096426,7636643,1954980608,1954.980608,57,50,121,4,20250815_211623
1755260139.219627,7636682,1954990592,1954.990592,60,51,112,4,20250815_211623
1755260139.2296107,7636721,1955000576,1955.000576,63,52,104,4,20250815_211623
1755260139.2395947,7636760,1955010560,1955.01056,66,51,98,4,20250815_211623
1755260139.2495787,7636799,1955020544,1955.020544,69,52,92,4,20250815_211623
1755260139.2595627,7636838,1955030528,1955.030528,72,52,89,4,20250815_211623
1755260139.2695467,7636877,1955040512,1955.040512,76,52,87,4,20250815_211623
1755260139.2795308,7636916,1955050496,1955.050496,79,52,85,4,20250815_211623
1755260139.2897706,7636956,1955060736,1955.060736,82,53,87,4,20250815_211623
1755260139.2997546,7636995,1955070720,1955.07072,85,51,89,4,20250815_211623
1755260139.3097386,7637034,1955080704,1955.080704,88,51,90,4,20250815_211623
1755260139.319723,7637073,1955090688,1955.090688,92,50,90,4,20250815_211623
1755260139.329707,7637112,1955100672,1955.100672,95,51,89,4,20250815_211623
1755260139.3396907,7637151,1955110656,1955.110656,98,50,88,4,20250815_211623
1755260139.3496747,7637190,1955120640,1955.12064,101,51,88,4,20250815_211623
1755260139.3596587,7637229,1955130624,1955.130624,104,50,90,4,20250815_211623
1755260139.3696427,7637268,1955140608,1955.140608,108,50,90,4,20250815_211623
1755260139.3796268,7637307,1955150592,1955.150592,111,48,89,4,20250815_211623
1755260139.3896108,7637346,1955160576,1955.160576,114,48,89,4,20250815_211623
1755260139.3995943,7637385,1955170560,1955.17056,117,49,89,4,20250815_211623
1755260139.4095786,7637424,1955180544,1955.180544,120,49,89,4,20250815_211623
1755260139.4195626,7637463,1955190528,1955.190528,123,50,90,4,20250815_211623
1755260139.429803,7637503,1955200768,1955.200768,127,52,90,4,20250815_211623
1755260139.439787,7637542,1955210752,1955.210752,130,52,90,4,20250815_211623
1755260139.4497707,7637581,1955220736,1955.220736,133,54,91,4,20250815_211623
1755260139.4597547,7637620,1955230720,1955.23072,136,54,90,4,20250815_211623
1755260139.4697387,7637659,1955240704,1955.240704,139,55,90,4,20250815_211623
1755260139.4797227,7637698,1955250688,1955.250688,143,56,91,4,20250815_211623
1755260139.4897068,7637737,1955260672,1955.260672,146,61,92,4,20250815_211623
1755260139.4996908,7637776,1955270656,1955.270656,149,68,92,4,20250815_211623
1755260139.5096743,7637815,1955280640,1955.28064,152,73,92,4,20250815_211623
1755260139.5196586,7637854,1955290624,1955.290624,155,76,94,4,20250815_211623
1755260139.5296426,7637893,1955300608,1955.300608,159,71,94,4,20250815_211623
1755260139.5396266,7637932,1955310592,1955.310592,162,61,98,4,20250815_211623
1755260139.5496106,7637971,1955320576,1955.320576,165,58,101,4,20250815_211623
1755260139.5595946,7638010,1955330560,1955.33056,168,58,106,4,20250815_211623
1755260139.5695786,7638049,1955340544,1955.340544,171,58,110,4,20250815_211623
1755260139.5798187,7638089,1955350784,1955.350784,174,58,117,4,20250815_211623
1755260139.5898027,7638128,1955360768,1955.360768,178,57,124,4,20250815_211623
1755260139.5997868,7638167,1955370752,1955.370752,181,55,127,4,20250815_211623
1755260139.6097708,7638206,1955380736,1955.380736,184,63,132,4,20250815_211623
1755260139.6197546,7638245,1955390720,1955.39072,187,64,136,4,20250815_211623
1755260139.6297386,7638284,1955400704,1955.400704,190,70,143,4,20250815_211623
1755260139.6397226,7638323,1955410688,1955.410688,194,75,147,4,20250815_211623
1755260139.6497066,7638362,1955420672,1955.420672,197,90,147,4,20250815_211623
1755260139.6596906,7638401,1955430656,1955.430656,200,75,147,4,20250815_211623
1755260139.6696746,7638440,1955440640,1955.44064,203,73,148,4,20250815_211623
1755260139.679659,7638479,1955450624,1955.450624,206,69,151,4,20250815_211623
1755260139.689643,7638518,1955460608,1955.460608,209,78,152,4,20250815_211623
1755260139.6996267,7638557,1955470592,1955.470592,213,77,153,4,20250815_211623
1755260139.7096107,7638596,1955480576,1955.480576,216,77,151,4,20250815_211623
1755260139.7198508,7638636,1955490816,1955.490816,219,70,152,4,20250815_211623
1755260139.7298346,7638675,1955500800,1955.5008,222,69,154,4,20250815_211623
1755260139.7398186,7638714,1955510784,1955.510784,225,68,154,4,20250815_211623
1755260139.7498026,7638753,1955520768,1955.520768,229,70,153,4,20250815_211623
1755260139.7597866,7638792,1955530752,1955.530752,232,66,154,4,20250815_211623
1755260139.7697706,7638831,1955540736,1955.540736,235,66,154,4,20250815_211623
1755260139.7797546,7638870,1955550720,1955.55072,238,64,155,4,20250815_211623
1755260139.789739,7638909,1955560704,1955.560704,241,64,156,4,20250815_211623
1755260139.799723,7638948,1955570688,1955.570688,245,61,155,4,20250815_211623
1755260139.8097067,7638987,1955580672,1955.580672,248,54,156,4,20250815_211623
1755260139.8196907,7639026,1955590656,1955.590656,251,52,155,4,20250815_211623
1755260139.8296747,7639065,1955600640,1955.60064,254,52,155,4,20250815_211623
1755260139.8396587,7639104,1955610624,1955.610624,2,51,155,4,20250815_211623
1755260139.8496428,7639143,1955620608,1955.620608,5,51,155,4,20250815_211623
1755260139.8598826,7639183,1955630848,1955.630848,9,51,155,4,20250815_211623
1755260139.8698666,7639222,1955640832,1955.640832,12,51,155,4,20250815_211623
1755260139.8798506,7639261,1955650816,1955.650816,15,51,153,4,20250815_211623
1755260139.8898346,7639300,1955660800,1955.6608,18,51,154,4,20250815_211623
1755260139.899819,7639339,1955670784,1955.670784,21,51,154,4,20250815_211623
1755260139.909803,7639378,1955680768,1955.680768,25,51,153,4,20250815_211623
1755260139.9197867,7639417,1955690752,1955.690752,28,51,152,4,20250815_211623
1755260139.9297707,7639456,1955700736,1955.700736,31,51,151,4,20250815_211623
1755260139.9397547,7639495,1955710720,1955.71072,34,52,150,4,20250815_211623
1755260139.9497387,7639534,1955720704,1955.720704,37,52,148,4,20250815_211623
1755260139.9597228,7639573,1955730688,1955.730688,41,52,146,4,20250815_211623
1755260139.9697068,7639612,1955740672,1955.740672,44,53,142,4,20250815_211623
1755260139.9796906,7639651,1955750656,1955.750656,47,53,134,4,20250815_211623
1755260139.9896746,7639690,1955760640,1955.76064,50,55,128,4,20250815_211623
1755260139.9996586,7639729,1955770624,1955.770624,53,61,124,4,20250815_211623
1755260140.009899,7639769,1955780864,1955.780864,56,63,113,4,20250815_211623
1755260140.019883,7639808,1955790848,1955.790848,60,63,104,4,20250815_211623
1755260140.0298667,7639847,1955800832,1955.800832,63,66,97,4,20250815_211623
1755260140.0398507,7639886,1955810816,1955.810816,66,68,93,4,20250815_211623
1755260140.0498347,7639925,1955820800,1955.8208,69,73,89,4,20250815_211623
1755260140.0598187,7639964,1955830784,1955.830784,72,73,87,4,20250815_211623
1755260140.0698028,7640003,1955840768,1955.840768,76,75,86,4,20250815_211623
1755260140.0797868,7640042,1955850752,1955.850752,79,75,87,4,20250815_211623
1755260140.0897706,7640081,1955860736,1955.860736,82,74,89,4,20250815_211623
1755260140.0997546,7640120,1955870720,1955.87072,85,74,90,4,20250815_211623
1755260140.1097386,7640159,1955880704,1955.880704,88,73,89,4,20250815_211623
1755260140.1197226,7640198,1955890688,1955.890688,92,74,88,4,20250815_211623
1755260140.1297066,7640237,1955900672,1955.900672,95,75,88,4,20250815_211623
1755260140.1396906,7640276,1955910656,1955.910656,98,76,90,4,20250815_211623
1755260140.1499307,7640316,1955920896,1955.920896,101,76,90,4,20250815_211623
1755260140.1599147,7640355,1955930880,1955.93088,104,76,89,4,20250815_211623
1755260140.1698987,7640394,1955940864,1955.940864,107,66,89,4,20250815_211623
1755260140.1798828,7640433,1955950848,1955.950848,111,56,89,4,20250815_211623
1755260140.1898668,7640472,1955960832,1955.960832,114,57,91,4,20250815_211623
1755260140.1998506,7640511,1955970816,1955.970816,117,58,90,4,20250815_211623
1755260140.2098346,7640550,1955980800,1955.9808,120,59,90,4,20250815_211623
1755260140.2198186,7640589,1955990784,1955.990784,123,72,90,4,20250815_211623
1755260140.2298026,7640628,1956000768,1956.000768,127,92,89,4,20250815_211623
1755260140.2397866,7640667,1956010752,1956.010752,130,88,89,4,20250815_211623
1755260140.2497706,7640706,1956020736,1956.020736,133,91,91,4,20250815_211623
1755260140.259755,7640745,1956030720,1956.03072,136,101,90,4,20250815_211623
1755260140.269739,7640784,1956040704,1956.040704,139,90,91,4,20250815_211623
1755260140.2797227,7640823,1956050688,1956.050688,143,96,91,4,20250815_211623
1755260140.2899628,7640863,1956060928,1956.060928,146,96,92,4,20250815_211623
1755260140.2999463,7640902,1956070912,1956.070912,149,81,92,4,20250815_211623
1755260140.3099306,7640941,1956080896,1956.080896,152,84,93,4,20250815_211623
1755260140.3199146,7640980,1956090880,1956.09088,155,85,93,4,20250815_211623
1755260140.3298986,7641019,1956100864,1956.100864,158,88,94,4,20250815_211623
1755260140.3398826,7641058,1956110848,1956.110848,162,87,96,4,20250815_211623
1755260140.3498666,7641097,1956120832,1956.120832,165,92,97,4,20250815_211623
1755260140.3598506,7641136,1956130816,1956.130816,168,93,101,4,20250815_211623
1755260140.369835,7641175,1956140800,1956.1408,171,95,104,4,20250815_211623
1755260140.379819,7641214,1956150784,1956.150784,174,82,110,4,20250815_211623
1755260140.3898027,7641253,1956160768,1956.160768,178,86,118,4,20250815_211623
1755260140.3997867,7641292,1956170752,1956.170752,181,73,122,4,20250815_211623
1755260140.4097707,7641331,1956180736,1956.180736,184,67,127,4,20250815_211623
1755260140.4197547,7641370,1956190720,1956.19072,187,65,129,4,20250815_211623
1755260140.4297388,7641409,1956200704,1956.200704,190,65,134,4,20250815_211623
1755260140.4399786,7641449,1956210944,1956.210944,193,63,140,4,20250815_211623
1755260140.4499626,7641488,1956220928,1956.220928,197,62,145,4,20250815_211623
1755260140.4599466,7641527,1956230912,1956.230912,200,61,148,4,20250815_211623
1755260140.4699306,7641566,1956240896,1956.240896,203,79,147,4,20250815_211623
1755260140.479915,7641605,1956250880,1956.25088,206,84,147,4,20250815_211623
1755260140.4898987,7641644,1956260864,1956.260864,209,85,149,4,20250815_211623
1755260140.4998827,7641683,1956270848,1956.270848,213,75,151,4,20250815_211623
1755260140.5098667,7641722,1956280832,1956.280832,216,86,152,4,20250815_211623
1755260140.5198507,7641761,1956290816,1956.290816,219,82,152,4,20250815_211623
1755260140.5298347,7641800,1956300800,1956.3008,222,87,154,4,20250815_211623
1755260140.5398188,7641839,1956310784,1956.310784,225,93,155,4,20250815_211623
1755260140.5498028,7641878,1956320768,1956.320768,229,83,153,4,20250815_211623
1755260140.5597866,7641917,1956330752,1956.330752,232,80,154,4,20250815_211623
1755260140.5697706,7641956,1956340736,1956.340736,235,78,154,4,20250815_211623
1755260140.580011,7641996,1956350976,1956.350976,238,64,154,4,20250815_211623
1755260140.589995,7642035,1956360960,1956.36096,241,63,154,4,20250815_211623
1755260140.5999787,7642074,1956370944,1956.370944,244,62,155,4,20250815_211623
1755260140.6099627,7642113,1956380928,1956.380928,248,62,155,4,20250815_211623
1755260140.6199467,7642152,1956390912,1956.390912,251,60,156,4,20250815_211623
1755260140.6299307,7642191,1956400896,1956.400896,254,60,156,4,20250815_211623
1755260140.6399148,7642230,1956410880,1956.41088,2,60,156,4,20250815_211623
1755260140.6498988,7642269,1956420864,1956.420864,5,61,154,4,20250815_211623
1755260140.6598823,7642308,1956430848,1956.430848,9,65,155,4,20250815_211623
1755260140.6698666,7642347,1956440832,1956.440832,12,70,155,4,20250815_211623
1755260140.6798506,7642386,1956450816,1956.450816,15,71,154,4,20250815_211623
1755260140.6898346,7642425,1956460800,1956.4608,18,74,153,4,20250815_211623
1755260140.6998186,7642464,1956470784,1956.470784,21,73,153,4,20250815_211623
1755260140.7098026,7642503,1956480768,1956.480768,25,76,152,4,20250815_211623
1755260140.7197866,7642542,1956490752,1956.490752,28,74,151,4,20250815_211623
1755260140.7300267,7642582,1956500992,1956.500992,31,73,150,4,20250815_211623
1755260140.7400107,7642621,1956510976,1956.510976,34,70,149,4,20250815_211623
1755260140.7499948,7642660,1956520960,1956.52096,37,67,147,4,20250815_211623
1755260140.7599788,7642699,1956530944,1956.530944,40,60,145,4,20250815_211623
1755260140.7699623,7642738,1956540928,1956.540928,44,61,142,4,20250815_211623
1755260140.7799466,7642777,1956550912,1956.550912,47,60,131,4,20250815_211623
1755260140.7899306,7642816,1956560896,1956.560896,50,61,127,4,20250815_211623
1755260140.7999146,7642855,1956570880,1956.57088,53,61,119,4,20250815_211623
1755260140.8098986,7642894,1956580864,1956.580864,56,62,109,4,20250815_211623
1755260140.8198826,7642933,1956590848,1956.590848,60,72,100,4,20250815_211623
1755260140.8298666,7642972,1956600832,1956.600832,63,87,93,4,20250815_211623
1755260140.839851,7643011,1956610816,1956.610816,66,82,91,4,20250815_211623
1755260140.849835,7643050,1956620800,1956.6208,69,80,88,4,20250815_211623
1755260140.8598187,7643089,1956630784,1956.630784,72,81,87,4,20250815_211623
1755260140.8700588,7643129,1956641024,1956.641024,76,90,87,4,20250815_211623
1755260140.8800426,7643168,1956651008,1956.651008,79,97,88,4,20250815_211623
1755260140.8900266,7643207,1956660992,1956.660992,82,86,89,4,20250815_211623
1755260140.9000106,7643246,1956670976,1956.670976,85,93,89,4,20250815_211623
1755260140.9099946,7643285,1956680960,1956.68096,88,98,89,4,20250815_211623
1755260140.9199786,7643324,1956690944,1956.690944,91,95,88,4,20250815_211623
1755260140.9299626,7643363,1956700928,1956.700928,95,91,89,4,20250815_211623
1755260140.939947,7643402,1956710912,1956.710912,98,80,90,4,20250815_211623
1755260140.949931,7643441,1956720896,1956.720896,101,61,90,4,20250815_211623
1755260140.9599147,7643480,1956730880,1956.73088,104,61,88,4,20250815_211623
1755260140.9698987,7643519,1956740864,1956.740864,107,62,90,4,20250815_211623
1755260140.9798827,7643558,1956750848,1956.750848,111,62,89,4,20250815_211623
1755260140.9898667,7643597,1956760832,1956.760832,114,64,90,4,20250815_211623
1755260140.9998507,7643636,1956770816,1956.770816,117,66,89,4,20250815_211623
1755260141.0100906,7643676,1956781056,1956.781056,120,77,89,4,20250815_211623
1755260141.0200746,7643715,1956791040,1956.79104,123,69,90,4,20250815_211623
1755260141.0300586,7643754,1956801024,1956.801024,126,90,90,4,20250815_211623
1755260141.0400426,7643793,1956811008,1956.811008,130,80,91,4,20250815_211623
1755260141.050027,7643832,1956820992,1956.820992,133,73,90,4,20250815_211623
1755260141.060011,7643871,1956830976,1956.830976,136,72,90,4,20250815_211623
1755260141.0699947,7643910,1956840960,1956.84096,139,75,90,4,20250815_211623
1755260141.0799787,7643949,1956850944,1956.850944,142,76,91,4,20250815_211623
1755260141.0899627,7643988,1956860928,1956.860928,146,78,92,4,20250815_211623
1755260141.0999467,7644027,1956870912,1956.870912,149,77,91,4,20250815_211623
1755260141.1099308,7644066,1956880896,1956.880896,152,80,92,4,20250815_211623
1755260141.1199148,7644105,1956890880,1956.89088,155,79,92,4,20250815_211623
1755260141.1298983,7644144,1956900864,1956.900864,158,81,92,4,20250815_211623
1755260141.1398826,7644183,1956910848,1956.910848,162,80,94,4,20250815_211623
1755260141.1498666,7644222,1956920832,1956.920832,165,78,96,4,20250815_211623
1755260141.160107,7644262,1956931072,1956.931072,168,77,98,4,20250815_211623
1755260141.170091,7644301,1956941056,1956.941056,171,79,103,4,20250815_211623
1755260141.1800747,7644340,1956951040,1956.95104,174,83,107,4,20250815_211623
1755260141.1900587,7644379,1956961024,1956.961024,177,83,114,4,20250815_211623
1755260141.2000427,7644418,1956971008,1956.971008,181,88,121,4,20250815_211623
1755260141.2100267,7644457,1956980992,1956.980992,184,92,126,4,20250815_211623
1755260141.2200108,7644496,1956990976,1956.990976,187,83,128,4,20250815_211623
1755260141.2299948,7644535,1957000960,1957.00096,190,84,133,4,20250815_211623
1755260141.2399786,7644574,1957010944,1957.010944,193,77,138,4,20250815_211623
1755260141.2499626,7644613,1957020928,1957.020928,197,75,145,4,20250815_211623
1755260141.2599466,7644652,1957030912,1957.030912,200,71,148,4,20250815_211623
1755260141.2699306,7644691,1957040896,1957.040896,203,69,147,4,20250815_211623
1755260141.2799146,7644730,1957050880,1957.05088,206,67,148,4,20250815_211623
1755260141.2898986,7644769,1957060864,1957.060864,209,66,148,4,20250815_211623
1755260141.299883,7644808,1957070848,1957.070848,213,66,150,4,20250815_211623
1755260141.3101227,7644848,1957081088,1957.081088,216,71,152,4,20250815_211623
1755260141.3201067,7644887,1957091072,1957.091072,219,80,153,4,20250815_211623
1755260141.3300908,7644926,1957101056,1957.101056,222,79,153,4,20250815_211623
1755260141.3400748,7644965,1957111040,1957.11104,225,73,154,4,20250815_211623
1755260141.3500586,7645004,1957121024,1957.121024,228,70,154,4,20250815_211623
1755260141.3600426,7645043,1957131008,1957.131008,232,67,155,4,20250815_211623
1755260141.3700266,7645082,1957140992,1957.140992,235,67,156,4,20250815_211623
1755260141.3800106,7645121,1957150976,1957.150976,238,67,155,4,20250815_211623
1755260141.3899946,7645160,1957160960,1957.16096,241,67,155,4,20250815_211623
1755260141.3999786,7645199,1957170944,1957.170944,244,67,155,4,20250815_211623
1755260141.4102187,7645239,1957181184,1957.181184,248,66,156,4,20250815_211623
1755260141.4202027,7645278,1957191168,1957.191168,251,66,156,4,20250815_211623
1755260141.4301867,7645317,1957201152,1957.201152,254,70,156,4,20250815_211623
1755260141.4401708,7645356,1957211136,1957.211136,2,72,156,4,20250815_211623
1755260141.4501548,7645395,1957221120,1957.22112,5,75,155,4,20250815_211623
1755260141.4601386,7645434,1957231104,1957.231104,9,73,154,4,20250815_211623
1755260141.4703786,7645474,1957241344,1957.241344,12,71,154,4,20250815_211623
1755260141.480363,7645513,1957251328,1957.251328,15,70,154,4,20250815_211623
1755260141.490347,7645552,1957261312,1957.261312,18,71,152,4,20250815_211623
1755260141.5003307,7645591,1957271296,1957.271296,21,73,152,4,20250815_211623
1755260141.5103147,7645630,1957281280,1957.28128,25,73,151,4,20250815_211623
1755260141.5202987,7645669,1957291264,1957.291264,28,71,150,4,20250815_211623
1755260141.5302827,7645708,1957301248,1957.301248,31,73,149,4,20250815_211623
1755260141.5405226,7645748,1957311488,1957.311488,34,72,148,4,20250815_211623
1755260141.5505066,7645787,1957321472,1957.321472,37,74,144,4,20250815_211623
1755260141.5604906,7645826,1957331456,1957.331456,40,67,142,4,20250815_211623
1755260141.5704746,7645865,1957341440,1957.34144,44,63,132,4,20250815_211623
1755260141.5804586,7645904,1957351424,1957.351424,47,61,127,4,20250815_211623
1755260141.590443,7645943,1957361408,1957.361408,50,62,120,4,20250815_211623
1755260141.600427,7645982,1957371392,1957.371392,53,62,114,4,20250815_211623
1755260141.6106668,7646022,1957381632,1957.381632,56,64,103,4,20250815_211623
1755260141.6206508,7646061,1957391616,1957.391616,60,70,96,4,20250815_211623
1755260141.6306343,7646100,1957401600,1957.4016,63,81,91,4,20250815_211623
1755260141.6406186,7646139,1957411584,1957.411584,66,81,88,4,20250815_211623
1755260141.6506026,7646178,1957421568,1957.421568,69,84,87,4,20250815_211623
1755260141.6605866,7646217,1957431552,1957.431552,72,84,87,4,20250815_211623
1755260141.6705706,7646256,1957441536,1957.441536,76,83,88,4,20250815_211623
1755260141.6808107,7646296,1957451776,1957.451776,79,84,89,4,20250815_211623
1755260141.6907947,7646335,1957461760,1957.46176,82,85,89,4,20250815_211623
1755260141.7007787,7646374,1957471744,1957.471744,85,81,87,4,20250815_211623
1755260141.7107627,7646413,1957481728,1957.481728,88,79,88,4,20250815_211623
1755260141.7207468,7646452,1957491712,1957.491712,92,75,88,4,20250815_211623
1755260141.7307308,7646491,1957501696,1957.501696,95,64,88,4,20250815_211623
1755260141.7407146,7646530,1957511680,1957.51168,98,62,89,4,20250815_211623
1755260141.7509546,7646570,1957521920,1957.52192,101,63,89,4,20250815_211623
1755260141.7609386,7646609,1957531904,1957.531904,104,63,90,4,20250815_211623
1755260141.770923,7646648,1957541888,1957.541888,108,65,89,4,20250815_211623
1755260141.780907,7646687,1957551872,1957.551872,111,71,89,4,20250815_211623
1755260141.7908907,7646726,1957561856,1957.561856,114,79,89,4,20250815_211623
1755260141.8008747,7646765,1957571840,1957.57184,117,79,90,4,20250815_211623
1755260141.8108587,7646804,1957581824,1957.581824,120,81,90,4,20250815_211623
1755260141.8208427,7646843,1957591808,1957.591808,123,82,89,4,20250815_211623
1755260141.8310826,7646883,1957602048,1957.602048,127,78,90,4,20250815_211623
1755260141.8410666,7646922,1957612032,1957.612032,130,73,90,4,20250815_211623
1755260141.8510506,7646961,1957622016,1957.622016,133,76,89,4,20250815_211623
1755260141.8610346,7647000,1957632000,1957.632,136,76,90,4,20250815_211623
1755260141.8710186,7647039,1957641984,1957.641984,139,78,91,4,20250815_211623
1755260141.881003,7647078,1957651968,1957.651968,143,77,91,4,20250815_211623
1755260141.8909867,7647117,1957661952,1957.661952,146,79,91,4,20250815_211623
1755260141.9009707,7647156,1957671936,1957.671936,149,79,92,4,20250815_211623
1755260141.9109547,7647195,1957681920,1957.68192,152,80,93,4,20250815_211623
1755260141.9209387,7647234,1957691904,1957.691904,155,79,94,4,20250815_211623
1755260141.9309227,7647273,1957701888,1957.701888,159,80,94,4,20250815_211623
1755260141.9409068,7647312,1957711872,1957.711872,162,79,96,4,20250815_211623
1755260141.9508908,7647351,1957721856,1957.721856,165,80,98,4,20250815_211623
1755260141.9608746,7647390,1957731840,1957.73184,168,77,101,4,20250815_211623
1755260141.9711146,7647430,1957742080,1957.74208,171,76,105,4,20250815_211623
1755260141.981099,7647469,1957752064,1957.752064,174,80,109,4,20250815_211623
1755260141.991083,7647508,1957762048,1957.762048,178,88,117,4,20250815_211623
1755260142.0010667,7647547,1957772032,1957.772032,181,85,122,4,20250815_211623
1755260142.0110507,7647586,1957782016,1957.782016,184,87,127,4,20250815_211623
1755260142.0210347,7647625,1957792000,1957.792,187,86,131,4,20250815_211623
1755260142.0310187,7647664,1957801984,1957.801984,190,87,135,4,20250815_211623
1755260142.0410028,7647703,1957811968,1957.811968,194,73,142,4,20250815_211623
1755260142.0509868,7647742,1957821952,1957.821952,197,73,148,4,20250815_211623
1755260142.0609703,7647781,1957831936,1957.831936,200,68,148,4,20250815_211623
1755260142.0709546,7647820,1957841920,1957.84192,203,67,147,4,20250815_211623
1755260142.0809386,7647859,1957851904,1957.851904,206,65,149,4,20250815_211623
1755260142.0909226,7647898,1957861888,1957.861888,210,64,149,4,20250815_211623
1755260142.1009066,7647937,1957871872,1957.871872,213,64,151,4,20250815_211623
1755260142.1108906,7647976,1957881856,1957.881856,216,70,153,4,20250815_211623
1755260142.1211307,7648016,1957892096,1957.892096,219,78,153,4,20250815_211623
1755260142.1311147,7648055,1957902080,1957.90208,222,82,154,4,20250815_211623
1755260142.1410987,7648094,1957912064,1957.912064,225,71,154,4,20250815_211623
1755260142.1510828,7648133,1957922048,1957.922048,229,67,154,4,20250815_211623
1755260142.1610668,7648172,1957932032,1957.932032,232,65,155,4,20250815_211623
1755260142.1710503,7648211,1957942016,1957.942016,235,66,155,4,20250815_211623
1755260142.1810346,7648250,1957952000,1957.952,238,66,156,4,20250815_211623
1755260142.1910186,7648289,1957961984,1957.961984,241,66,154,4,20250815_211623
1755260142.2010026,7648328,1957971968,1957.971968,245,67,156,4,20250815_211623
1755260142.2109866,7648367,1957981952,1957.981952,248,67,156,4,20250815_211623
1755260142.2209706,7648406,1957991936,1957.991936,251,66,157,4,20250815_211623
1755260142.2309546,7648445,1958001920,1958.00192,254,69,157,4,20250815_211623
1755260142.240939,7648484,1958011904,1958.011904,2,73,156,4,20250815_211623
1755260142.250923,7648523,1958021888,1958.021888,6,78,156,4,20250815_211623
1755260142.2611628,7648563,1958032128,1958.032128,9,79,156,4,20250815_211623
1755260142.2711468,7648602,1958042112,1958.042112,12,79,154,4,20250815_211623
1755260142.2811306,7648641,1958052096,1958.052096,15,79,154,4,20250815_211623
1755260142.2911146,7648680,1958062080,1958.06208,18,77,153,4,20250815_211623
1755260142.3010986,7648719,1958072064,1958.072064,21,78,153,4,20250815_211623
1755260142.3110826,7648758,1958082048,1958.082048,25,78,152,4,20250815_211623
1755260142.3210666,7648797,1958092032,1958.092032,28,73,152,4,20250815_211623
1755260142.3310506,7648836,1958102016,1958.102016,31,78,150,4,20250815_211623
1755260142.341035,7648875,1958112000,1958.112,34,75,149,4,20250815_211623
1755260142.351019,7648914,1958121984,1958.121984,37,71,146,4,20250815_211623
1755260142.3610027,7648953,1958131968,1958.131968,41,67,142,4,20250815_211623
1755260142.3709867,7648992,1958141952,1958.141952,44,63,135,4,20250815_211623
1755260142.3809707,7649031,1958151936,1958.151936,47,62,127,4,20250815_211623
1755260142.3909547,7649070,1958161920,1958.16192,50,62,122,4,20250815_211623
1755260142.4009387,7649109,1958171904,1958.171904,53,62,111,4,20250815_211623
1755260142.4111786,7649149,1958182144,1958.182144,56,63,101,4,20250815_211623
1755260142.4211626,7649188,1958192128,1958.192128,60,74,95,4,20250815_211623
1755260142.4311466,7649227,1958202112,1958.202112,63,84,90,4,20250815_211623
1755260142.4411306,7649266,1958212096,1958.212096,66,81,87,4,20250815_211623
1755260142.451115,7649305,1958222080,1958.22208,69,82,86,4,20250815_211623
1755260142.461099,7649344,1958232064,1958.232064,72,81,86,4,20250815_211623
1755260142.4710827,7649383,1958242048,1958.242048,76,84,88,4,20250815_211623
1755260142.4810667,7649422,1958252032,1958.252032,79,83,88,4,20250815_211623
1755260142.4910507,7649461,1958262016,1958.262016,82,87,88,4,20250815_211623
1755260142.5010347,7649500,1958272000,1958.272,85,84,89,4,20250815_211623
1755260142.5110188,7649539,1958281984,1958.281984,88,82,88,4,20250815_211623
1755260142.5210028,7649578,1958291968,1958.291968,92,77,88,4,20250815_211623
1755260142.5309863,7649617,1958301952,1958.301952,95,68,88,4,20250815_211623
1755260142.5409706,7649656,1958311936,1958.311936,98,61,89,4,20250815_211623
1755260142.5512106,7649696,1958322176,1958.322176,101,63,90,4,20250815_211623
1755260142.561195,7649735,1958332160,1958.33216,104,63,88,4,20250815_211623
1755260142.571179,7649774,1958342144,1958.342144,107,65,88,4,20250815_211623
1755260142.5811627,7649813,1958352128,1958.352128,111,67,89,4,20250815_211623
1755260142.5911467,7649852,1958362112,1958.362112,114,82,89,4,20250815_211623
1755260142.6011307,7649891,1958372096,1958.372096,117,83,89,4,20250815_211623
1755260142.6111147,7649930,1958382080,1958.38208,120,80,88,4,20250815_211623
1755260142.6210988,7649969,1958392064,1958.392064,123,87,90,4,20250815_211623
1755260142.6310828,7650008,1958402048,1958.402048,127,82,89,4,20250815_211623
1755260142.6410666,7650047,1958412032,1958.412032,130,72,89,4,20250815_211623
1755260142.6510506,7650086,1958422016,1958.422016,133,74,90,4,20250815_211623
1755260142.6610346,7650125,1958432000,1958.432,136,75,90,4,20250815_211623
1755260142.6710186,7650164,1958441984,1958.441984,139,77,90,4,20250815_211623
1755260142.6810026,7650203,1958451968,1958.451968,143,77,90,4,20250815_211623
1755260142.6912427,7650243,1958462208,1958.462208,146,79,91,4,20250815_211623
1755260142.7012267,7650282,1958472192,1958.472192,149,79,91,4,20250815_211623
1755260142.7112107,7650321,1958482176,1958.482176,152,82,91,4,20250815_211623
1755260142.7211947,7650360,1958492160,1958.49216,155,83,91,4,20250815_211623
1755260142.7311788,7650399,1958502144,1958.502144,158,83,92,4,20250815_211623
1755260142.7411628,7650438,1958512128,1958.512128,162,82,94,4,20250815_211623
1755260142.7511466,7650477,1958522112,1958.522112,165,83,96,4,20250815_211623
1755260142.7611306,7650516,1958532096,1958.532096,168,81,98,4,20250815_211623
1755260142.7711146,7650555,1958542080,1958.54208,171,80,102,4,20250815_211623
1755260142.7810986,7650594,1958552064,1958.552064,174,78,105,4,20250815_211623
1755260142.7910826,7650633,1958562048,1958.562048,178,95,112,4,20250815_211623
1755260142.8010666,7650672,1958572032,1958.572032,181,107,120,4,20250815_211623
1755260142.811051,7650711,1958582016,1958.582016,184,96,126,4,20250815_211623
1755260142.821035,7650750,1958592000,1958.592,187,96,128,4,20250815_211623
1755260142.8312747,7650790,1958602240,1958.60224,190,102,133,4,20250815_211623
1755260142.8412588,7650829,1958612224,1958.612224,194,81,138,4,20250815_211623
1755260142.8512428,7650868,1958622208,1958.622208,197,77,146,4,20250815_211623
1755260142.8612266,7650907,1958632192,1958.632192,200,73,148,4,20250815_211623
1755260142.8712106,7650946,1958642176,1958.642176,203,71,147,4,20250815_211623
1755260142.8811946,7650985,1958652160,1958.65216,206,69,147,4,20250815_211623
1755260142.8911786,7651024,1958662144,1958.662144,209,67,150,4,20250815_211623
1755260142.9011626,7651063,1958672128,1958.672128,213,67,152,4,20250815_211623
1755260142.9111466,7651102,1958682112,1958.682112,216,79,154,4,20250815_211623
1755260142.921131,7651141,1958692096,1958.692096,219,84,152,4,20250815_211623
1755260142.931115,7651180,1958702080,1958.70208,222,87,155,4,20250815_211623
1755260142.9410987,7651219,1958712064,1958.712064,225,81,155,4,20250815_211623
1755260142.9510827,7651258,1958722048,1958.722048,229,73,155,4,20250815_211623
1755260142.9610667,7651297,1958732032,1958.732032,232,68,156,4,20250815_211623
1755260142.9710507,7651336,1958742016,1958.742016,235,68,155,4,20250815_211623
1755260142.9812906,7651376,1958752256,1958.752256,238,67,156,4,20250815_211623
1755260142.9912746,7651415,1958762240,1958.76224,241,68,156,4,20250815_211623
1755260143.0012586,7651454,1958772224,1958.772224,244,66,155,4,20250815_211623
1755260143.0112426,7651493,1958782208,1958.782208,248,67,157,4,20250815_211623
1755260143.0212266,7651532,1958792192,1958.792192,251,66,157,4,20250815_211623
1755260143.031211,7651571,1958802176,1958.802176,254,68,157,4,20250815_211623
1755260143.041195,7651610,1958812160,1958.81216,2,71,155,4,20250815_211623
1755260143.0511787,7651649,1958822144,1958.822144,5,77,155,4,20250815_211623
1755260143.0611627,7651688,1958832128,1958.832128,9,77,155,4,20250815_211623
1755260143.0711467,7651727,1958842112,1958.842112,12,77,155,4,20250815_211623
1755260143.0811307,7651766,1958852096,1958.852096,15,76,153,4,20250815_211623
1755260143.0911148,7651805,1958862080,1958.86208,18,78,153,4,20250815_211623
1755260143.1010988,7651844,1958872064,1958.872064,21,75,152,4,20250815_211623
1755260143.1110826,7651883,1958882048,1958.882048,25,76,151,4,20250815_211623
1755260143.1213226,7651923,1958892288,1958.892288,28,76,152,4,20250815_211623
1755260143.1313066,7651962,1958902272,1958.902272,31,75,150,4,20250815_211623
1755260143.141291,7652001,1958912256,1958.912256,34,73,147,4,20250815_211623
1755260143.1512747,7652040,1958922240,1958.92224,37,70,145,4,20250815_211623
1755260143.1612587,7652079,1958932224,1958.932224,40,64,141,4,20250815_211623
1755260143.1712427,7652118,1958942208,1958.942208,44,62,135,4,20250815_211623
1755260143.1812267,7652157,1958952192,1958.952192,47,62,127,4,20250815_211623
1755260143.1912107,7652196,1958962176,1958.962176,50,62,121,4,20250815_211623
1755260143.2011948,7652235,1958972160,1958.97216,53,63,112,4,20250815_211623
1755260143.2111788,7652274,1958982144,1958.982144,56,65,102,4,20250815_211623
1755260143.2211626,7652313,1958992128,1958.992128,60,81,95,4,20250815_211623
1755260143.2311466,7652352,1959002112,1959.002112,63,87,90,4,20250815_211623
1755260143.2411306,7652391,1959012096,1959.012096,66,89,88,4,20250815_211623
1755260143.2511146,7652430,1959022080,1959.02208,69,86,86,4,20250815_211623
1755260143.2610986,7652469,1959032064,1959.032064,72,88,86,4,20250815_211623
1755260143.2713387,7652509,1959042304,1959.042304,76,93,89,4,20250815_211623
1755260143.2813227,7652548,1959052288,1959.052288,79,93,89,4,20250815_211623
1755260143.2913067,7652587,1959062272,1959.062272,82,92,88,4,20250815_211623
1755260143.3012908,7652626,1959072256,1959.072256,85,88,88,4,20250815_211623
1755260143.3112748,7652665,1959082240,1959.08224,88,88,89,4,20250815_211623
1755260143.3212583,7652704,1959092224,1959.092224,91,84,89,4,20250815_211623
1755260143.3312426,7652743,1959102208,1959.102208,95,84,89,4,20250815_211623
1755260143.3412266,7652782,1959112192,1959.112192,98,66,88,4,20250815_211623
1755260143.3512106,7652821,1959122176,1959.122176,101,63,90,4,20250815_211623
1755260143.3611946,7652860,1959132160,1959.13216,104,62,90,4,20250815_211623
1755260143.3711786,7652899,1959142144,1959.142144,107,64,90,4,20250815_211623
1755260143.3811626,7652938,1959152128,1959.152128,111,63,90,4,20250815_211623
1755260143.391147,7652977,1959162112,1959.162112,114,68,90,4,20250815_211623
1755260143.401131,7653016,1959172096,1959.172096,117,80,90,4,20250815_211623
1755260143.4113708,7653056,1959182336,1959.182336,120,84,90,4,20250815_211623
1755260143.4213548,7653095,1959192320,1959.19232,123,83,90,4,20250815_211623
1755260143.4313383,7653134,1959202304,1959.202304,127,85,90,4,20250815_211623
1755260143.4413226,7653173,1959212288,1959.212288,130,82,90,4,20250815_211623
1755260143.4513066,7653212,1959222272,1959.222272,133,77,90,4,20250815_211623
1755260143.4612906,7653251,1959232256,1959.232256,136,72,90,4,20250815_211623
1755260143.4712746,7653290,1959242240,1959.24224,139,74,90,4,20250815_211623
1755260143.4812586,7653329,1959252224,1959.252224,142,75,91,4,20250815_211623
1755260143.4912426,7653368,1959262208,1959.262208,146,76,91,4,20250815_211623
1755260143.501227,7653407,1959272192,1959.272192,149,76,91,4,20250815_211623
1755260143.511211,7653446,1959282176,1959.282176,152,77,92,4,20250815_211623
1755260143.5211947,7653485,1959292160,1959.29216,155,77,93,4,20250815_211623
1755260143.5311787,7653524,1959302144,1959.302144,158,77,94,4,20250815_211623
1755260143.5411627,7653563,1959312128,1959.312128,162,80,96,4,20250815_211623
1755260143.5511467,7653602,1959322112,1959.322112,165,77,97,4,20250815_211623
1755260143.5613866,7653642,1959332352,1959.332352,168,76,100,4,20250815_211623
1755260143.5713706,7653681,1959342336,1959.342336,171,76,106,4,20250815_211623
1755260143.5813546,7653720,1959352320,1959.35232,174,88,111,4,20250815_211623
1755260143.5913386,7653759,1959362304,1959.362304,177,93,118,4,20250815_211623
1755260143.601323,7653798,1959372288,1959.372288,181,91,124,4,20250815_211623
1755260143.611307,7653837,1959382272,1959.382272,184,93,127,4,20250815_211623
1755260143.6212907,7653876,1959392256,1959.392256,187,90,132,4,20250815_211623
1755260143.6312747,7653915,1959402240,1959.40224,190,77,136,4,20250815_211623
1755260143.6412587,7653954,1959412224,1959.412224,193,72,143,4,20250815_211623
1755260143.6512427,7653993,1959422208,1959.422208,197,71,149,4,20250815_211623
1755260143.6612267,7654032,1959432192,1959.432192,200,69,148,4,20250815_211623
1755260143.6712108,7654071,1959442176,1959.442176,203,67,149,4,20250815_211623
1755260143.6811943,7654110,1959452160,1959.45216,206,65,149,4,20250815_211623
1755260143.6911786,7654149,1959462144,1959.462144,209,67,152,4,20250815_211623
1755260143.7011626,7654188,1959472128,1959.472128,213,72,152,4,20250815_211623
1755260143.711403,7654228,1959482368,1959.482368,216,82,153,4,20250815_211623
1755260143.721387,7654267,1959492352,1959.492352,219,84,152,4,20250815_211623
1755260143.7313707,7654306,1959502336,1959.502336,222,84,153,4,20250815_211623
1755260143.7413547,7654345,1959512320,1959.51232,225,81,156,4,20250815_211623
1755260143.7513387,7654384,1959522304,1959.522304,228,76,155,4,20250815_211623
1755260143.7613227,7654423,1959532288,1959.532288,232,69,156,4,20250815_211623
1755260143.7713068,7654462,1959542272,1959.542272,235,66,155,4,20250815_211623
1755260143.7812908,7654501,1959552256,1959.552256,238,64,155,4,20250815_211623
1755260143.7912743,7654540,1959562240,1959.56224,241,65,155,4,20250815_211623
1755260143.8012586,7654579,1959572224,1959.572224,244,64,156,4,20250815_211623
1755260143.8112426,7654618,1959582208,1959.582208,248,64,157,4,20250815_211623
1755260143.8212266,7654657,1959592192,1959.592192,251,63,157,4,20250815_211623
1755260143.8312106,7654696,1959602176,1959.602176,254,64,157,4,20250815_211623
1755260143.8411946,7654735,1959612160,1959.61216,2,66,156,4,20250815_211623
1755260143.8514347,7654775,1959622400,1959.6224,5,73,158,4,20250815_211623
1755260143.8614187,7654814,1959632384,1959.632384,9,74,156,4,20250815_211623
1755260143.8714027,7654853,1959642368,1959.642368,12,75,155,4,20250815_211623
1755260143.8813868,7654892,1959652352,1959.652352,15,74,154,4,20250815_211623
1755260143.8913708,7654931,1959662336,1959.662336,18,74,154,4,20250815_211623
1755260143.9013546,7654970,1959672320,1959.67232,21,71,153,4,20250815_211623
1755260143.9113386,7655009,1959682304,1959.682304,24,74,152,4,20250815_211623
1755260143.9213226,7655048,1959692288,1959.692288,28,70,152,4,20250815_211623
1755260143.9313066,7655087,1959702272,1959.702272,31,72,150,4,20250815_211623
1755260143.9412906,7655126,1959712256,1959.712256,34,70,148,4,20250815_211623
1755260143.9512746,7655165,1959722240,1959.72224,37,69,146,4,20250815_211623
1755260143.9612586,7655204,1959732224,1959.732224,40,63,144,4,20250815_211623
1755260143.971243,7655243,1959742208,1959.742208,44,60,136,4,20250815_211623
1755260143.9812267,7655282,1959752192,1959.752192,47,60,127,4,20250815_211623
1755260143.9912107,7655321,1959762176,1959.762176,50,61,121,4,20250815_211623
1755260144.0014508,7655361,1959772416,1959.772416,53,61,110,4,20250815_211623
1755260144.0114346,7655400,1959782400,1959.7824,56,62,100,4,20250815_211623
1755260144.0214186,7655439,1959792384,1959.792384,60,79,94,4,20250815_211623
1755260144.0314026,7655478,1959802368,1959.802368,63,85,91,4,20250815_211623
1755260144.0413866,7655517,1959812352,1959.812352,66,85,88,4,20250815_211623
1755260144.0513706,7655556,1959822336,1959.822336,69,85,87,4,20250815_211623
1755260144.0613546,7655595,1959832320,1959.83232,72,85,87,4,20250815_211623
1755260144.071339,7655634,1959842304,1959.842304,75,84,89,4,20250815_211623
1755260144.081323,7655673,1959852288,1959.852288,79,84,89,4,20250815_211623
1755260144.0913067,7655712,1959862272,1959.862272,82,84,89,4,20250815_211623
1755260144.1012907,7655751,1959872256,1959.872256,85,87,88,4,20250815_211623
1755260144.1112747,7655790,1959882240,1959.88224,88,79,89,4,20250815_211623
1755260144.1212587,7655829,1959892224,1959.892224,91,73,89,4,20250815_211623
1755260144.1312428,7655868,1959902208,1959.902208,95,87,89,4,20250815_211623
1755260144.1414826,7655908,1959912448,1959.912448,98,61,89,4,20250815_211623
1755260144.1514666,7655947,1959922432,1959.922432,101,58,88,4,20250815_211623
1755260144.1614506,7655986,1959932416,1959.932416,104,59,89,4,20250815_211623
1755260144.1714346,7656025,1959942400,1959.9424,107,60,89,4,20250815_211623
1755260144.181419,7656064,1959952384,1959.952384,110,61,89,4,20250815_211623
1755260144.191403,7656103,1959962368,1959.962368,114,63,90,4,20250815_211623
1755260144.2013867,7656142,1959972352,1959.972352,117,74,91,4,20250815_211623
1755260144.2113707,7656181,1959982336,1959.982336,120,72,89,4,20250815_211623
1755260144.2213547,7656220,1959992320,1959.99232,123,79,90,4,20250815_211623
1755260144.2313387,7656259,1960002304,1960.002304,126,81,89,4,20250815_211623
1755260144.2413228,7656298,1960012288,1960.012288,130,78,90,4,20250815_211623
1755260144.2513068,7656337,1960022272,1960.022272,133,73,89,4,20250815_211623
1755260144.2612906,7656376,1960032256,1960.032256,136,69,89,4,20250815_211623
1755260144.2712746,7656415,1960042240,1960.04224,139,70,90,4,20250815_211623
1755260144.2812586,7656454,1960052224,1960.052224,142,71,91,4,20250815_211623
1755260144.291499,7656494,1960062464,1960.062464,146,72,91,4,20250815_211623
1755260144.301483,7656533,1960072448,1960.072448,149,73,90,4,20250815_211623
1755260144.3114667,7656572,1960082432,1960.082432,152,75,92,4,20250815_211623
1755260144.3214507,7656611,1960092416,1960.092416,155,74,92,4,20250815_211623
1755260144.3314347,7656650,1960102400,1960.1024,158,74,92,4,20250815_211623
1755260144.3414187,7656689,1960112384,1960.112384,161,74,94,4,20250815_211623
1755260144.3514028,7656728,1960122368,1960.122368,165,74,96,4,20250815_211623
1755260144.3613868,7656767,1960132352,1960.132352,168,74,99,4,20250815_211623
1755260144.3713706,7656806,1960142336,1960.142336,171,81,103,4,20250815_211623
1755260144.3813546,7656845,1960152320,1960.15232,174,84,106,4,20250815_211623
1755260144.3913386,7656884,1960162304,1960.162304,177,82,113,4,20250815_211623
1755260144.4013226,7656923,1960172288,1960.172288,181,81,120,4,20250815_211623
1755260144.4113066,7656962,1960182272,1960.182272,184,83,126,4,20250815_211623
1755260144.4212906,7657001,1960192256,1960.192256,187,80,128,4,20250815_211623
1755260144.4315307,7657041,1960202496,1960.202496,190,70,134,4,20250815_211623
1755260144.4415147,7657080,1960212480,1960.21248,193,68,138,4,20250815_211623
1755260144.4514987,7657119,1960222464,1960.222464,197,66,144,4,20250815_211623
1755260144.4614828,7657158,1960232448,1960.232448,200,64,149,4,20250815_211623
1755260144.4714668,7657197,1960242432,1960.242432,203,63,148,4,20250815_211623
1755260144.4814506,7657236,1960252416,1960.252416,206,62,148,4,20250815_211623
1755260144.4914346,7657275,1960262400,1960.2624,209,64,149,4,20250815_211623
1755260144.5014186,7657314,1960272384,1960.272384,212,68,151,4,20250815_211623
1755260144.5114026,7657353,1960282368,1960.282368,216,73,152,4,20250815_211623
1755260144.5213866,7657392,1960292352,1960.292352,219,74,153,4,20250815_211623
1755260144.5313706,7657431,1960302336,1960.302336,222,74,153,4,20250815_211623
1755260144.541355,7657470,1960312320,1960.31232,225,72,155,4,20250815_211623
1755260144.551339,7657509,1960322304,1960.322304,228,68,154,4,20250815_211623
1755260144.5613227,7657548,1960332288,1960.332288,232,62,156,4,20250815_211623
1755260144.5713067,7657587,1960342272,1960.342272,235,61,156,4,20250815_211623
1755260144.5815463,7657627,1960352512,1960.352512,238,60,156,4,20250815_211623
1755260144.5915306,7657666,1960362496,1960.362496,241,61,155,4,20250815_211623
1755260144.6015146,7657705,1960372480,1960.37248,244,60,156,4,20250815_211623
1755260144.6114986,7657744,1960382464,1960.382464,247,59,156,4,20250815_211623
1755260144.6214826,7657783,1960392448,1960.392448,251,59,156,4,20250815_211623
1755260144.6314666,7657822,1960402432,1960.402432,254,60,157,4,20250815_211623
1755260144.6414506,7657861,1960412416,1960.412416,2,63,156,4,20250815_211623
1755260144.651435,7657900,1960422400,1960.4224,5,67,155,4,20250815_211623
1755260144.661419,7657939,1960432384,1960.432384,8,68,155,4,20250815_211623
1755260144.6714027,7657978,1960442368,1960.442368,12,69,154,4,20250815_211623
1755260144.6813867,7658017,1960452352,1960.452352,15,68,153,4,20250815_211623
1755260144.6913707,7658056,1960462336,1960.462336,18,68,153,4,20250815_211623
1755260144.7013547,7658095,1960472320,1960.47232,21,68,151,4,20250815_211623
1755260144.7113388,7658134,1960482304,1960.482304,24,68,151,4,20250815_211623
1755260144.7215786,7658174,1960492544,1960.492544,28,68,150,4,20250815_211623
1755260144.7315626,7658213,1960502528,1960.502528,31,68,149,4,20250815_211623
1755260144.7415466,7658252,1960512512,1960.512512,34,66,146,4,20250815_211623
1755260144.7515306,7658291,1960522496,1960.522496,37,66,142,4,20250815_211623
1755260144.761515,7658330,1960532480,1960.53248,40,59,137,4,20250815_211623
1755260144.771499,7658369,1960542464,1960.542464,43,56,130,4,20250815_211623
1755260144.7814827,7658408,1960552448,1960.552448,47,56,123,4,20250815_211623
1755260144.7914667,7658447,1960562432,1960.562432,50,56,113,4,20250815_211623
1755260144.8014507,7658486,1960572416,1960.572416,53,57,105,4,20250815_211623
1755260144.8114347,7658525,1960582400,1960.5824,56,58,98,4,20250815_211623
1755260144.8214188,7658564,1960592384,1960.592384,59,71,92,4,20250815_211623
1755260144.8314028,7658603,1960602368,1960.602368,63,76,89,4,20250815_211623
1755260144.8413866,7658642,1960612352,1960.612352,66,76,87,4,20250815_211623
1755260144.8513706,7658681,1960622336,1960.622336,69,78,86,4,20250815_211623
1755260144.8613546,7658720,1960632320,1960.63232,72,79,89,4,20250815_211623
1755260144.871595,7658760,1960642560,1960.64256,75,80,90,4,20250815_211623
1755260144.8815787,7658799,1960652544,1960.652544,79,79,89,4,20250815_211623
1755260144.8915627,7658838,1960662528,1960.662528,82,79,88,4,20250815_211623
1755260144.9015467,7658877,1960672512,1960.672512,85,77,88,4,20250815_211623
1755260144.9115307,7658916,1960682496,1960.682496,88,77,90,4,20250815_211623
1755260144.9215147,7658955,1960692480,1960.69248,91,76,89,4,20250815_211623
1755260144.9314988,7658994,1960702464,1960.702464,94,74,90,4,20250815_211623
1755260144.9414823,7659033,1960712448,1960.712448,98,61,88,4,20250815_211623
1755260144.9514666,7659072,1960722432,1960.722432,101,56,89,4,20250815_211623
1755260144.9614506,7659111,1960732416,1960.732416,104,56,89,4,20250815_211623
1755260144.9714346,7659150,1960742400,1960.7424,107,57,90,4,20250815_211623
1755260144.9814186,7659189,1960752384,1960.752384,110,58,90,4,20250815_211623
1755260144.9914026,7659228,1960762368,1960.762368,114,61,90,4,20250815_211623
1755260145.0013866,7659267,1960772352,1960.772352,117,73,90,4,20250815_211623
1755260145.011371,7659306,1960782336,1960.782336,120,74,90,4,20250815_211623
1755260145.0216107,7659346,1960792576,1960.792576,123,74,91,4,20250815_211623
1755260145.0315948,7659385,1960802560,1960.80256,126,75,91,4,20250815_211623
1755260145.0415788,7659424,1960812544,1960.812544,130,73,90,4,20250815_211623
1755260145.0515623,7659463,1960822528,1960.822528,133,69,90,4,20250815_211623
1755260145.0615466,7659502,1960832512,1960.832512,136,67,90,4,20250815_211623
1755260145.0715306,7659541,1960842496,1960.842496,139,68,90,4,20250815_211623
1755260145.0815146,7659580,1960852480,1960.85248,142,69,91,4,20250815_211623
1755260145.0914986,7659619,1960862464,1960.862464,145,69,91,4,20250815_211623
1755260145.1014826,7659658,1960872448,1960.872448,149,70,91,4,20250815_211623
1755260145.1114666,7659697,1960882432,1960.882432,152,70,92,4,20250815_211623
1755260145.121451,7659736,1960892416,1960.892416,155,71,92,4,20250815_211623
1755260145.131435,7659775,1960902400,1960.9024,158,71,93,4,20250815_211623
1755260145.1414187,7659814,1960912384,1960.912384,161,70,94,4,20250815_211623
1755260145.1516588,7659854,1960922624,1960.922624,165,70,96,4,20250815_211623
1755260145.1616426,7659893,1960932608,1960.932608,168,69,100,4,20250815_211623
1755260145.1716266,7659932,1960942592,1960.942592,171,71,103,4,20250815_211623
1755260145.1816106,7659971,1960952576,1960.952576,174,72,107,4,20250815_211623
1755260145.1915946,7660010,1960962560,1960.96256,177,78,111,4,20250815_211623
1755260145.2015786,7660049,1960972544,1960.972544,180,76,121,4,20250815_211623
1755260145.2115626,7660088,1960982528,1960.982528,184,72,126,4,20250815_211623
1755260145.2215466,7660127,1960992512,1960.992512,187,71,127,4,20250815_211623
1755260145.231531,7660166,1961002496,1961.002496,190,64,133,4,20250815_211623
1755260145.2415147,7660205,1961012480,1961.01248,193,61,138,4,20250815_211623
1755260145.2514987,7660244,1961022464,1961.022464,196,60,144,4,20250815_211623
1755260145.2614827,7660283,1961032448,1961.032448,200,58,150,4,20250815_211623
1755260145.2714667,7660322,1961042432,1961.042432,203,56,147,4,20250815_211623
1755260145.2814507,7660361,1961052416,1961.052416,206,56,148,4,20250815_211623
1755260145.2914348,7660400,1961062400,1961.0624,209,58,148,4,20250815_211623
1755260145.3016746,7660440,1961072640,1961.07264,212,61,151,4,20250815_211623
1755260145.3116586,7660479,1961082624,1961.082624,216,66,153,4,20250815_211623
1755260145.3216426,7660518,1961092608,1961.092608,219,67,154,4,20250815_211623
1755260145.331627,7660557,1961102592,1961.102592,222,68,155,4,20250815_211623
1755260145.341611,7660596,1961112576,1961.112576,225,67,155,4,20250815_211623
1755260145.3515947,7660635,1961122560,1961.12256,228,63,155,4,20250815_211623
1755260145.3615787,7660674,1961132544,1961.132544,231,57,156,4,20250815_211623
1755260145.3715627,7660713,1961142528,1961.142528,235,55,156,4,20250815_211623
1755260145.3815467,7660752,1961152512,1961.152512,238,55,156,4,20250815_211623
1755260145.3915308,7660791,1961162496,1961.162496,241,55,155,4,20250815_211623
1755260145.4015148,7660830,1961172480,1961.17248,244,55,156,4,20250815_211623
1755260145.4114983,7660869,1961182464,1961.182464,247,54,156,4,20250815_211623
1755260145.4214826,7660908,1961192448,1961.192448,251,54,157,4,20250815_211623
1755260145.4314666,7660947,1961202432,1961.202432,254,56,156,4,20250815_211623
1755260145.4414506,7660986,1961212416,1961.212416,2,60,156,4,20250815_211623
1755260145.451691,7661026,1961222656,1961.222656,5,62,156,4,20250815_211623
1755260145.4616747,7661065,1961232640,1961.23264,8,62,154,4,20250815_211623
1755260145.4716587,7661104,1961242624,1961.242624,12,62,154,4,20250815_211623
1755260145.4816427,7661143,1961252608,1961.252608,15,61,153,4,20250815_211623
1755260145.4916267,7661182,1961262592,1961.262592,18,61,153,4,20250815_211623
1755260145.5016108,7661221,1961272576,1961.272576,21,61,152,4,20250815_211623
1755260145.5115948,7661260,1961282560,1961.28256,24,60,151,4,20250815_211623
1755260145.5215786,7661299,1961292544,1961.292544,27,60,150,4,20250815_211623
1755260145.5315626,7661338,1961302528,1961.302528,31,60,149,4,20250815_211623
1755260145.5415466,7661377,1961312512,1961.312512,34,60,149,4,20250815_211623
1755260145.5515306,7661416,1961322496,1961.322496,37,60,145,4,20250815_211623
1755260145.5615146,7661455,1961332480,1961.33248,40,59,138,4,20250815_211623
1755260145.5714986,7661494,1961342464,1961.342464,43,53,130,4,20250815_211623
1755260145.5814826,7661533,1961352448,1961.352448,47,52,125,4,20250815_211623
1755260145.5917227,7661573,1961362688,1961.362688,50,52,115,4,20250815_211623
1755260145.6017067,7661612,1961372672,1961.372672,53,53,106,4,20250815_211623
1755260145.6116908,7661651,1961382656,1961.382656,56,53,99,4,20250815_211623
1755260145.6216748,7661690,1961392640,1961.39264,59,57,92,4,20250815_211623
1755260145.6316586,7661729,1961402624,1961.402624,63,66,89,4,20250815_211623
1755260145.6416426,7661768,1961412608,1961.412608,66,68,87,4,20250815_211623
1755260145.6516266,7661807,1961422592,1961.422592,69,69,86,4,20250815_211623
1755260145.6616106,7661846,1961432576,1961.432576,72,72,88,4,20250815_211623
1755260145.6715946,7661885,1961442560,1961.44256,75,71,90,4,20250815_211623
1755260145.6815786,7661924,1961452544,1961.452544,78,72,89,4,20250815_211623
1755260145.691563,7661963,1961462528,1961.462528,82,71,88,4,20250815_211623
1755260145.701547,7662002,1961472512,1961.472512,85,70,88,4,20250815_211623
1755260145.7115307,7662041,1961482496,1961.482496,88,69,89,4,20250815_211623
1755260145.7215147,7662080,1961492480,1961.49248,91,67,90,4,20250815_211623
1755260145.7314987,7662119,1961502464,1961.502464,94,62,90,4,20250815_211623
1755260145.7417386,7662159,1961512704,1961.512704,98,53,89,4,20250815_211623
1755260145.7517226,7662198,1961522688,1961.522688,101,52,89,4,20250815_211623
1755260145.7617066,7662237,1961532672,1961.532672,104,52,90,4,20250815_211623
1755260145.7716906,7662276,1961542656,1961.542656,107,52,91,4,20250815_211623
1755260145.7816746,7662315,1961552640,1961.55264,110,53,89,4,20250815_211623
1755260145.7916586,7662354,1961562624,1961.562624,113,56,90,4,20250815_211623
1755260145.801643,7662393,1961572608,1961.572608,117,65,91,4,20250815_211623
1755260145.811627,7662432,1961582592,1961.582592,120,66,90,4,20250815_211623
1755260145.8216107,7662471,1961592576,1961.592576,123,66,90,4,20250815_211623
1755260145.8315947,7662510,1961602560,1961.60256,126,66,90,4,20250815_211623
1755260145.8415787,7662549,1961612544,1961.612544,129,65,90,4,20250815_211623
1755260145.8515627,7662588,1961622528,1961.622528,133,61,91,4,20250815_211623
1755260145.8615468,7662627,1961632512,1961.632512,136,59,91,4,20250815_211623
1755260145.8715308,7662666,1961642496,1961.642496,139,59,91,4,20250815_211623
1755260145.8817706,7662706,1961652736,1961.652736,142,60,92,4,20250815_211623
1755260145.8917546,7662745,1961662720,1961.66272,145,61,92,4,20250815_211623
1755260145.9017386,7662784,1961672704,1961.672704,149,61,91,4,20250815_211623
1755260145.911723,7662823,1961682688,1961.682688,152,61,91,4,20250815_211623
1755260145.921707,7662862,1961692672,1961.692672,155,62,92,4,20250815_211623
1755260145.9316907,7662901,1961702656,1961.702656,158,62,92,4,20250815_211623
1755260145.9416747,7662940,1961712640,1961.71264,161,62,94,4,20250815_211623
1755260145.9516587,7662979,1961722624,1961.722624,164,62,95,4,20250815_211623
1755260145.9616427,7663018,1961732608,1961.732608,168,62,99,4,20250815_211623
1755260145.9716268,7663057,1961742592,1961.742592,171,66,102,4,20250815_211623
1755260145.9816108,7663096,1961752576,1961.752576,174,68,105,4,20250815_211623
1755260145.9915946,7663135,1961762560,1961.76256,177,68,111,4,20250815_211623
1755260146.0015786,7663174,1961772544,1961.772544,180,67,118,4,20250815_211623
1755260146.0115626,7663213,1961782528,1961.782528,184,68,125,4,20250815_211623
1755260146.0215466,7663252,1961792512,1961.792512,187,67,128,4,20250815_211623
1755260146.031787,7663292,1961802752,1961.802752,190,61,133,4,20250815_211623
1755260146.0417707,7663331,1961812736,1961.812736,193,56,136,4,20250815_211623
1755260146.0517547,7663370,1961822720,1961.82272,196,55,143,4,20250815_211623
1755260146.0617387,7663409,1961832704,1961.832704,200,54,149,4,20250815_211623
1755260146.0717227,7663448,1961842688,1961.842688,203,53,148,4,20250815_211623
1755260146.0817068,7663487,1961852672,1961.852672,206,52,148,4,20250815_211623
1755260146.0916908,7663526,1961862656,1961.862656,209,52,148,4,20250815_211623
1755260146.1016746,7663565,1961872640,1961.87264,212,54,150,4,20250815_211623
1755260146.1116586,7663604,1961882624,1961.882624,215,59,153,4,20250815_211623
1755260146.1216426,7663643,1961892608,1961.892608,219,61,154,4,20250815_211623
1755260146.1316266,7663682,1961902592,1961.902592,222,61,155,4,20250815_211623
1755260146.1416106,7663721,1961912576,1961.912576,225,57,154,4,20250815_211623
1755260146.1515946,7663760,1961922560,1961.92256,228,53,154,4,20250815_211623
1755260146.161579,7663799,1961932544,1961.932544,231,52,155,4,20250815_211623
1755260146.1718187,7663839,1961942784,1961.942784,235,51,156,4,20250815_211623
1755260146.1818027,7663878,1961952768,1961.952768,238,52,156,4,20250815_211623
1755260146.1917868,7663917,1961962752,1961.962752,241,52,156,4,20250815_211623
1755260146.2017703,7663956,1961972736,1961.972736,244,52,156,4,20250815_211623
1755260146.2117546,7663995,1961982720,1961.98272,247,52,157,4,20250815_211623
1755260146.2217386,7664034,1961992704,1961.992704,251,52,156,4,20250815_211623
1755260146.2317226,7664073,1962002688,1962.002688,254,56,157,4,20250815_211623
1755260146.2417066,7664112,1962012672,1962.012672,2,57,155,4,20250815_211623
1755260146.2516906,7664151,1962022656,1962.022656,5,57,156,4,20250815_211623
1755260146.2616746,7664190,1962032640,1962.03264,8,57,155,4,20250815_211623
1755260146.271659,7664229,1962042624,1962.042624,11,56,156,4,20250815_211623
1755260146.281643,7664268,1962052608,1962.052608,15,56,155,4,20250815_211623
1755260146.2916267,7664307,1962062592,1962.062592,18,55,154,4,20250815_211623
1755260146.3016107,7664346,1962072576,1962.072576,21,54,154,4,20250815_211623
1755260146.3115947,7664385,1962082560,1962.08256,24,54,153,4,20250815_211623
1755260146.3218346,7664425,1962092800,1962.0928,27,54,153,4,20250815_211623
1755260146.3318186,7664464,1962102784,1962.102784,31,54,151,4,20250815_211623
1755260146.3418026,7664503,1962112768,1962.112768,34,53,150,4,20250815_211623
1755260146.3517866,7664542,1962122752,1962.122752,37,54,148,4,20250815_211623
1755260146.3617706,7664581,1962132736,1962.132736,40,53,146,4,20250815_211623
1755260146.3717546,7664620,1962142720,1962.14272,43,49,137,4,20250815_211623
1755260146.381739,7664659,1962152704,1962.152704,46,46,130,4,20250815_211623
1755260146.391723,7664698,1962162688,1962.162688,50,46,124,4,20250815_211623
1755260146.4017067,7664737,1962172672,1962.172672,53,47,114,4,20250815_211623
1755260146.4116907,7664776,1962182656,1962.182656,56,48,104,4,20250815_211623
1755260146.4216747,7664815,1962192640,1962.19264,59,52,96,4,20250815_211623
1755260146.4316587,7664854,1962202624,1962.202624,62,60,91,4,20250815_211623
1755260146.4416428,7664893,1962212608,1962.212608,66,62,88,4,20250815_211623
1755260146.4516268,7664932,1962222592,1962.222592,69,63,86,4,20250815_211623
1755260146.4618666,7664972,1962232832,1962.232832,72,64,86,4,20250815_211623
1755260146.4718506,7665011,1962242816,1962.242816,75,66,89,4,20250815_211623
1755260146.481835,7665050,1962252800,1962.2528,78,66,90,4,20250815_211623
1755260146.491819,7665089,1962262784,1962.262784,82,66,89,4,20250815_211623
1755260146.5018027,7665128,1962272768,1962.272768,85,66,88,4,20250815_211623
1755260146.5117867,7665167,1962282752,1962.282752,88,67,90,4,20250815_211623
1755260146.5217707,7665206,1962292736,1962.292736,91,64,90,4,20250815_211623
1755260146.5317547,7665245,1962302720,1962.30272,94,62,90,4,20250815_211623
1755260146.5417387,7665284,1962312704,1962.312704,97,51,89,4,20250815_211623
1755260146.5517228,7665323,1962322688,1962.322688,101,46,88,4,20250815_211623
1755260146.5617068,7665362,1962332672,1962.332672,104,47,90,4,20250815_211623
1755260146.5716906,7665401,1962342656,1962.342656,107,47,90,4,20250815_211623
1755260146.5816746,7665440,1962352640,1962.35264,110,47,89,4,20250815_211623
1755260146.5916586,7665479,1962362624,1962.362624,113,50,90,4,20250815_211623
1755260146.601899,7665519,1962372864,1962.372864,117,59,89,4,20250815_211623
1755260146.6118827,7665558,1962382848,1962.382848,120,60,90,4,20250815_211623
1755260146.6218667,7665597,1962392832,1962.392832,123,61,90,4,20250815_211623
1755260146.6318507,7665636,1962402816,1962.402816,126,60,90,4,20250815_211623
1755260146.6418347,7665675,1962412800,1962.4128,129,60,90,4,20250815_211623
1755260146.6518188,7665714,1962422784,1962.422784,133,57,91,4,20250815_211623
1755260146.6618028,7665753,1962432768,1962.432768,136,54,91,4,20250815_211623
1755260146.6717863,7665792,1962442752,1962.442752,139,55,89,4,20250815_211623
1755260146.6817706,7665831,1962452736,1962.452736,142,56,91,4,20250815_211623
1755260146.6917546,7665870,1962462720,1962.46272,145,57,92,4,20250815_211623
1755260146.7017386,7665909,1962472704,1962.472704,148,58,91,4,20250815_211623
1755260146.7117226,7665948,1962482688,1962.482688,152,59,91,4,20250815_211623
1755260146.7217066,7665987,1962492672,1962.492672,155,59,92,4,20250815_211623
1755260146.7316906,7666026,1962502656,1962.502656,158,59,92,4,20250815_211623
1755260146.741675,7666065,1962512640,1962.51264,161,59,94,4,20250815_211623
1755260146.7519147,7666105,1962522880,1962.52288,164,59,95,4,20250815_211623
1755260146.7618988,7666144,1962532864,1962.532864,168,58,97,4,20250815_211623
1755260146.7718828,7666183,1962542848,1962.542848,171,56,101,4,20250815_211623
1755260146.7818666,7666222,1962552832,1962.552832,174,62,106,4,20250815_211623
1755260146.7918506,7666261,1962562816,1962.562816,177,65,111,4,20250815_211623
1755260146.8018346,7666300,1962572800,1962.5728,180,64,119,4,20250815_211623
1755260146.8118186,7666339,1962582784,1962.582784,184,64,127,4,20250815_211623
1755260146.8218026,7666378,1962592768,1962.592768,187,65,127,4,20250815_211623
1755260146.8317866,7666417,1962602752,1962.602752,190,63,132,4,20250815_211623
1755260146.8417706,7666456,1962612736,1962.612736,193,55,136,4,20250815_211623
1755260146.851755,7666495,1962622720,1962.62272,196,52,143,4,20250815_211623
1755260146.8617387,7666534,1962632704,1962.632704,199,51,150,4,20250815_211623
1755260146.8717227,7666573,1962642688,1962.642688,203,50,149,4,20250815_211623
1755260146.8817067,7666612,1962652672,1962.652672,206,48,147,4,20250815_211623
1755260146.8919466,7666652,1962662912,1962.662912,209,47,149,4,20250815_211623
1755260146.9019306,7666691,1962672896,1962.672896,212,47,151,4,20250815_211623
1755260146.9119146,7666730,1962682880,1962.68288,215,50,153,4,20250815_211623
1755260146.9218986,7666769,1962692864,1962.692864,219,54,155,4,20250815_211623
1755260146.9318826,7666808,1962702848,1962.702848,222,56,154,4,20250815_211623
1755260146.9418666,7666847,1962712832,1962.712832,225,52,154,4,20250815_211623
1755260146.951851,7666886,1962722816,1962.722816,228,48,155,4,20250815_211623
1755260146.961835,7666925,1962732800,1962.7328,231,46,155,4,20250815_211623
1755260146.9718187,7666964,1962742784,1962.742784,234,46,156,4,20250815_211623
1755260146.9818027,7667003,1962752768,1962.752768,238,46,156,4,20250815_211623
1755260146.9917867,7667042,1962762752,1962.762752,241,46,155,4,20250815_211623
1755260147.0017707,7667081,1962772736,1962.772736,244,46,157,4,20250815_211623
1755260147.0117548,7667120,1962782720,1962.78272,247,45,156,4,20250815_211623
1755260147.0217388,7667159,1962792704,1962.792704,250,45,157,4,20250815_211623
1755260147.0319786,7667199,1962802944,1962.802944,254,47,157,4,20250815_211623
1755260147.0419626,7667238,1962812928,1962.812928,2,49,156,4,20250815_211623
1755260147.0519466,7667277,1962822912,1962.822912,5,51,156,4,20250815_211623
1755260147.061931,7667316,1962832896,1962.832896,8,51,156,4,20250815_211623
1755260147.071915,7667355,1962842880,1962.84288,11,51,156,4,20250815_211623
1755260147.0818987,7667394,1962852864,1962.852864,15,50,155,4,20250815_211623
1755260147.0918827,7667433,1962862848,1962.862848,18,50,155,4,20250815_211623
1755260147.1018667,7667472,1962872832,1962.872832,21,50,154,4,20250815_211623
1755260147.1118507,7667511,1962882816,1962.882816,24,50,154,4,20250815_211623
1755260147.1218348,7667550,1962892800,1962.8928,27,50,153,4,20250815_211623
1755260147.1318188,7667589,1962902784,1962.902784,30,49,152,4,20250815_211623
1755260147.1418023,7667628,1962912768,1962.912768,34,49,150,4,20250815_211623
1755260147.1517866,7667667,1962922752,1962.922752,37,49,148,4,20250815_211623
1755260147.1617706,7667706,1962932736,1962.932736,40,48,147,4,20250815_211623
1755260147.1717546,7667745,1962942720,1962.94272,43,43,139,4,20250815_211623
1755260147.181995,7667785,1962952960,1962.95296,46,42,131,4,20250815_211623
1755260147.1919787,7667824,1962962944,1962.962944,50,42,124,4,20250815_211623
1755260147.2019627,7667863,1962972928,1962.972928,53,43,113,4,20250815_211623
1755260147.2119467,7667902,1962982912,1962.982912,56,43,102,4,20250815_211623
1755260147.2219307,7667941,1962992896,1962.992896,59,45,95,4,20250815_211623
1755260147.2319148,7667980,1963002880,1963.00288,62,53,90,4,20250815_211623
1755260147.2418988,7668019,1963012864,1963.012864,66,55,88,4,20250815_211623
1755260147.2518826,7668058,1963022848,1963.022848,69,56,86,4,20250815_211623
1755260147.2618666,7668097,1963032832,1963.032832,72,57,86,4,20250815_211623
1755260147.2718506,7668136,1963042816,1963.042816,75,57,89,4,20250815_211623
1755260147.2818346,7668175,1963052800,1963.0528,78,57,89,4,20250815_211623
1755260147.2918186,7668214,1963062784,1963.062784,81,56,89,4,20250815_211623
1755260147.3018026,7668253,1963072768,1963.072768,85,54,88,4,20250815_211623
1755260147.311787,7668292,1963082752,1963.082752,88,51,89,4,20250815_211623
1755260147.3220267,7668332,1963092992,1963.092992,91,48,90,4,20250815_211623
1755260147.3320107,7668371,1963102976,1963.102976,94,43,89,4,20250815_211623
1755260147.3419948,7668410,1963112960,1963.11296,97,43,89,4,20250815_211623
1755260147.3519788,7668449,1963122944,1963.122944,101,43,89,4,20250815_211623
1755260147.3619626,7668488,1963132928,1963.132928,104,43,90,4,20250815_211623
1755260147.3719466,7668527,1963142912,1963.142912,107,44,89,4,20250815_211623
1755260147.3819306,7668566,1963152896,1963.152896,110,48,90,4,20250815_211623
1755260147.3919146,7668605,1963162880,1963.16288,113,52,90,4,20250815_211623
1755260147.4018986,7668644,1963172864,1963.172864,117,52,90,4,20250815_211623
1755260147.4118826,7668683,1963182848,1963.182848,120,52,90,4,20250815_211623
1755260147.421867,7668722,1963192832,1963.192832,123,54,89,4,20250815_211623
1755260147.431851,7668761,1963202816,1963.202816,126,51,90,4,20250815_211623
1755260147.4418347,7668800,1963212800,1963.2128,129,49,90,4,20250815_211623
1755260147.4518187,7668839,1963222784,1963.222784,132,49,91,4,20250815_211623
1755260147.4620583,7668879,1963233024,1963.233024,136,50,91,4,20250815_211623
1755260147.4720426,7668918,1963243008,1963.243008,139,50,91,4,20250815_211623
1755260147.4820266,7668957,1963252992,1963.252992,142,51,91,4,20250815_211623
1755260147.4920106,7668996,1963262976,1963.262976,145,52,92,4,20250815_211623
1755260147.5019946,7669035,1963272960,1963.27296,148,52,92,4,20250815_211623
1755260147.5119786,7669074,1963282944,1963.282944,152,53,93,4,20250815_211623
1755260147.5219626,7669113,1963292928,1963.292928,155,54,92,4,20250815_211623
1755260147.531947,7669152,1963302912,1963.302912,158,53,94,4,20250815_211623
1755260147.541931,7669191,1963312896,1963.312896,161,53,95,4,20250815_211623
1755260147.5519147,7669230,1963322880,1963.32288,164,53,97,4,20250815_211623
1755260147.5618987,7669269,1963332864,1963.332864,168,52,100,4,20250815_211623
1755260147.5718827,7669308,1963342848,1963.342848,171,50,104,4,20250815_211623
1755260147.5818667,7669347,1963352832,1963.352832,174,50,108,4,20250815_211623
1755260147.5918508,7669386,1963362816,1963.362816,177,57,115,4,20250815_211623
1755260147.6020906,7669426,1963373056,1963.373056,180,59,123,4,20250815_211623
1755260147.6120746,7669465,1963383040,1963.38304,183,57,127,4,20250815_211623
1755260147.6220586,7669504,1963393024,1963.393024,187,59,130,4,20250815_211623
1755260147.6320426,7669543,1963403008,1963.403008,190,59,135,4,20250815_211623
1755260147.642027,7669582,1963412992,1963.412992,193,55,140,4,20250815_211623
1755260147.652011,7669621,1963422976,1963.422976,196,49,146,4,20250815_211623
1755260147.6619947,7669660,1963432960,1963.43296,199,46,147,4,20250815_211623
1755260147.6719787,7669699,1963442944,1963.442944,203,45,147,4,20250815_211623
1755260147.6819627,7669738,1963452928,1963.452928,206,44,147,4,20250815_211623
1755260147.6919467,7669777,1963462912,1963.462912,209,42,148,4,20250815_211623
1755260147.7019308,7669816,1963472896,1963.472896,212,42,150,4,20250815_211623
1755260147.7119148,7669855,1963482880,1963.48288,215,42,154,4,20250815_211623
1755260147.7218986,7669894,1963492864,1963.492864,218,44,154,4,20250815_211623
1755260147.7318826,7669933,1963502848,1963.502848,222,48,155,4,20250815_211623
1755260147.7418666,7669972,1963512832,1963.512832,225,43,156,4,20250815_211623
1755260147.752107,7670012,1963523072,1963.523072,228,42,156,4,20250815_211623
1755260147.7620907,7670051,1963533056,1963.533056,231,42,157,4,20250815_211623
1755260147.7720747,7670090,1963543040,1963.54304,234,42,157,4,20250815_211623
1755260147.7820587,7670129,1963553024,1963.553024,238,43,155,4,20250815_211623
1755260147.7920427,7670168,1963563008,1963.563008,241,42,156,4,20250815_211623
1755260147.8020267,7670207,1963572992,1963.572992,244,43,156,4,20250815_211623
1755260147.8120108,7670246,1963582976,1963.582976,247,44,157,4,20250815_211623
1755260147.8219943,7670285,1963592960,1963.59296,250,46,158,4,20250815_211623
1755260147.8319786,7670324,1963602944,1963.602944,254,49,158,4,20250815_211623
1755260147.8419626,7670363,1963612928,1963.612928,2,50,156,4,20250815_211623
1755260147.852203,7670403,1963623168,1963.623168,5,49,156,4,20250815_211623
1755260147.862187,7670442,1963633152,1963.633152,8,50,155,4,20250815_211623
1755260147.8721707,7670481,1963643136,1963.643136,11,49,156,4,20250815_211623
1755260147.8821547,7670520,1963653120,1963.65312,15,49,156,4,20250815_211623
1755260147.8921387,7670559,1963663104,1963.663104,18,48,154,4,20250815_211623
1755260147.9021227,7670598,1963673088,1963.673088,21,48,154,4,20250815_211623
1755260147.9121068,7670637,1963683072,1963.683072,24,47,153,4,20250815_211623
1755260147.9220908,7670676,1963693056,1963.693056,27,47,152,4,20250815_211623
1755260147.9320743,7670715,1963703040,1963.70304,30,46,152,4,20250815_211623
1755260147.9420586,7670754,1963713024,1963.713024,34,46,151,4,20250815_211623
1755260147.9520426,7670793,1963723008,1963.723008,37,46,148,4,20250815_211623
1755260147.9620266,7670832,1963732992,1963.732992,40,46,147,4,20250815_211623
1755260147.972267,7670872,1963743232,1963.743232,43,44,139,4,20250815_211623
1755260147.9822507,7670911,1963753216,1963.753216,46,42,132,4,20250815_211623
1755260147.9922347,7670950,1963763200,1963.7632,50,40,127,4,20250815_211623
1755260148.0022187,7670989,1963773184,1963.773184,53,41,116,4,20250815_211623
1755260148.0122027,7671028,1963783168,1963.783168,56,40,106,4,20250815_211623
1755260148.0221868,7671067,1963793152,1963.793152,59,41,98,4,20250815_211623
1755260148.0321708,7671106,1963803136,1963.803136,62,42,92,4,20250815_211623
1755260148.0421546,7671145,1963813120,1963.81312,65,47,88,4,20250815_211623
1755260148.0521386,7671184,1963823104,1963.823104,69,48,87,4,20250815_211623
1755260148.0621226,7671223,1963833088,1963.833088,72,50,87,4,20250815_211623
1755260148.0721066,7671262,1963843072,1963.843072,75,49,88,4,20250815_211623
1755260148.0820906,7671301,1963853056,1963.853056,78,50,89,4,20250815_211623
1755260148.0920746,7671340,1963863040,1963.86304,81,48,88,4,20250815_211623
1755260148.1020586,7671379,1963873024,1963.873024,85,47,88,4,20250815_211623
1755260148.112043,7671418,1963883008,1963.883008,88,44,88,4,20250815_211623
1755260148.1222827,7671458,1963893248,1963.893248,91,41,89,4,20250815_211623
1755260148.1322668,7671497,1963903232,1963.903232,94,41,90,4,20250815_211623
1755260148.1422508,7671536,1963913216,1963.913216,97,40,88,4,20250815_211623
1755260148.1522346,7671575,1963923200,1963.9232,101,40,88,4,20250815_211623
1755260148.1622186,7671614,1963933184,1963.933184,104,41,90,4,20250815_211623
1755260148.1722026,7671653,1963943168,1963.943168,107,43,89,4,20250815_211623
1755260148.1821866,7671692,1963953152,1963.953152,110,48,90,4,20250815_211623
1755260148.1921706,7671731,1963963136,1963.963136,113,49,90,4,20250815_211623
1755260148.2021546,7671770,1963973120,1963.97312,116,49,89,4,20250815_211623
1755260148.212139,7671809,1963983104,1963.983104,120,49,89,4,20250815_211623
1755260148.222123,7671848,1963993088,1963.993088,123,51,89,4,20250815_211623
1755260148.2321067,7671887,1964003072,1964.003072,126,43,89,4,20250815_211623
1755260148.2420907,7671926,1964013056,1964.013056,129,45,89,4,20250815_211623
1755260148.2520747,7671965,1964023040,1964.02304,132,46,90,4,20250815_211623
1755260148.2623146,7672005,1964033280,1964.03328,136,48,91,4,20250815_211623
1755260148.2722986,7672044,1964043264,1964.043264,139,48,91,4,20250815_211623
1755260148.2822826,7672083,1964053248,1964.053248,142,51,91,4,20250815_211623
1755260148.2922666,7672122,1964063232,1964.063232,145,54,91,4,20250815_211623
1755260148.3022506,7672161,1964073216,1964.073216,148,59,91,4,20250815_211623
1755260148.3122346,7672200,1964083200,1964.0832,152,60,92,4,20250815_211623
1755260148.322219,7672239,1964093184,1964.093184,155,63,93,4,20250815_211623
1755260148.332203,7672278,1964103168,1964.103168,158,63,93,4,20250815_211623
1755260148.3421867,7672317,1964113152,1964.113152,161,64,94,4,20250815_211623
1755260148.3521707,7672356,1964123136,1964.123136,164,61,96,4,20250815_211623
1755260148.3621547,7672395,1964133120,1964.13312,167,50,100,4,20250815_211623
1755260148.3721387,7672434,1964143104,1964.143104,171,48,104,4,20250815_211623
1755260148.3821228,7672473,1964153088,1964.153088,174,48,110,4,20250815_211623
1755260148.3921068,7672512,1964163072,1964.163072,177,45,114,4,20250815_211623
1755260148.4020903,7672551,1964173056,1964.173056,180,49,120,4,20250815_211623
1755260148.4123306,7672591,1964183296,1964.183296,183,61,127,4,20250815_211623
1755260148.4223146,7672630,1964193280,1964.19328,187,61,130,4,20250815_211623
1755260148.432299,7672669,1964203264,1964.203264,190,62,136,4,20250815_211623
1755260148.442283,7672708,1964213248,1964.213248,193,64,143,4,20250815_211623
1755260148.4522667,7672747,1964223232,1964.223232,196,65,148,4,20250815_211623
1755260148.4622507,7672786,1964233216,1964.233216,199,59,148,4,20250815_211623
1755260148.4722347,7672825,1964243200,1964.2432,203,48,148,4,20250815_211623
1755260148.4822187,7672864,1964253184,1964.253184,206,45,148,4,20250815_211623
1755260148.4922028,7672903,1964263168,1964.263168,209,44,150,4,20250815_211623
1755260148.5024426,7672943,1964273408,1964.273408,212,43,151,4,20250815_211623
1755260148.5124266,7672982,1964283392,1964.283392,215,41,154,4,20250815_211623
1755260148.5224106,7673021,1964293376,1964.293376,218,41,154,4,20250815_211623
1755260148.5323946,7673060,1964303360,1964.30336,222,41,155,4,20250815_211623
1755260148.542379,7673099,1964313344,1964.313344,225,42,156,4,20250815_211623
1755260148.552363,7673138,1964323328,1964.323328,228,42,156,4,20250815_211623
1755260148.5623467,7673177,1964333312,1964.333312,231,43,156,4,20250815_211623
1755260148.5725868,7673217,1964343552,1964.343552,234,44,156,4,20250815_211623
1755260148.5825706,7673256,1964353536,1964.353536,238,45,155,4,20250815_211623
1755260148.5925546,7673295,1964363520,1964.36352,241,48,157,4,20250815_211623
1755260148.6025386,7673334,1964373504,1964.373504,244,53,157,4,20250815_211623
1755260148.6125226,7673373,1964383488,1964.383488,247,53,156,4,20250815_211623
1755260148.6225066,7673412,1964393472,1964.393472,250,56,157,4,20250815_211623
1755260148.6327467,7673452,1964403712,1964.403712,254,58,158,4,20250815_211623
1755260148.6427307,7673491,1964413696,1964.413696,2,58,156,4,20250815_211623
1755260148.6527147,7673530,1964423680,1964.42368,5,58,157,4,20250815_211623
1755260148.6626987,7673569,1964433664,1964.433664,8,57,155,4,20250815_211623
1755260148.6726828,7673608,1964443648,1964.443648,11,56,155,4,20250815_211623
1755260148.6826668,7673647,1964453632,1964.453632,15,55,156,4,20250815_211623
1755260148.6926506,7673686,1964463616,1964.463616,18,55,156,4,20250815_211623
1755260148.7026346,7673725,1964473600,1964.4736,21,54,155,4,20250815_211623
1755260148.712875,7673765,1964483840,1964.48384,24,53,154,4,20250815_211623
1755260148.722859,7673804,1964493824,1964.493824,27,53,152,4,20250815_211623
1755260148.7328427,7673843,1964503808,1964.503808,31,53,152,4,20250815_211623
1755260148.7428267,7673882,1964513792,1964.513792,34,53,151,4,20250815_211623
1755260148.7528107,7673921,1964523776,1964.523776,37,52,149,4,20250815_211623
1755260148.7627947,7673960,1964533760,1964.53376,40,52,148,4,20250815_211623
1755260148.7727787,7673999,1964543744,1964.543744,43,52,141,4,20250815_211623
1755260148.7830186,7674039,1964553984,1964.553984,46,47,132,4,20250815_211623
1755260148.7930026,7674078,1964563968,1964.563968,50,45,126,4,20250815_211623
1755260148.8029866,7674117,1964573952,1964.573952,53,45,116,4,20250815_211623
1755260148.8129706,7674156,1964583936,1964.583936,56,45,106,4,20250815_211623
1755260148.822955,7674195,1964593920,1964.59392,59,45,98,4,20250815_211623
1755260148.832939,7674234,1964603904,1964.603904,62,44,92,4,20250815_211623
1755260148.8429227,7674273,1964613888,1964.613888,66,46,88,4,20250815_211623
1755260148.8529067,7674312,1964623872,1964.623872,69,47,86,4,20250815_211623
1755260148.8628907,7674351,1964633856,1964.633856,72,48,86,4,20250815_211623
1755260148.8728747,7674390,1964643840,1964.64384,75,46,88,4,20250815_211623
1755260148.8828588,7674429,1964653824,1964.653824,78,46,89,4,20250815_211623
1755260148.8930986,7674469,1964664064,1964.664064,82,44,88,4,20250815_211623
1755260148.9030826,7674508,1964674048,1964.674048,85,44,88,4,20250815_211623
1755260148.9130666,7674547,1964684032,1964.684032,88,45,89,4,20250815_211623
1755260148.9230506,7674586,1964694016,1964.694016,91,45,90,4,20250815_211623
1755260148.933035,7674625,1964704000,1964.704,94,45,89,4,20250815_211623
1755260148.943019,7674664,1964713984,1964.713984,97,47,88,4,20250815_211623
1755260148.9530027,7674703,1964723968,1964.723968,101,50,90,4,20250815_211623
1755260148.9629867,7674742,1964733952,1964.733952,104,58,90,4,20250815_211623
1755260148.9729707,7674781,1964743936,1964.743936,107,60,89,4,20250815_211623
1755260148.9829547,7674820,1964753920,1964.75392,110,59,90,4,20250815_211623
1755260148.9929388,7674859,1964763904,1964.763904,113,56,90,4,20250815_211623
1755260149.0029228,7674898,1964773888,1964.773888,117,60,90,4,20250815_211623
1755260149.0129066,7674937,1964783872,1964.783872,120,52,90,4,20250815_211623
1755260149.0228906,7674976,1964793856,1964.793856,123,51,90,4,20250815_211623
1755260149.0328746,7675015,1964803840,1964.80384,126,52,90,4,20250815_211623
1755260149.043115,7675055,1964814080,1964.81408,129,54,90,4,20250815_211623
1755260149.053099,7675094,1964824064,1964.824064,133,57,90,4,20250815_211623
1755260149.0630827,7675133,1964834048,1964.834048,136,68,89,4,20250815_211623
1755260149.0730667,7675172,1964844032,1964.844032,139,75,90,4,20250815_211623
1755260149.0830507,7675211,1964854016,1964.854016,142,79,91,4,20250815_211623
1755260149.0930347,7675250,1964864000,1964.864,145,81,92,4,20250815_211623
1755260149.1030188,7675289,1964873984,1964.873984,148,83,92,4,20250815_211623
1755260149.1130028,7675328,1964883968,1964.883968,152,84,93,4,20250815_211623
1755260149.1229866,7675367,1964893952,1964.893952,155,87,92,4,20250815_211623
1755260149.1329706,7675406,1964903936,1964.903936,158,87,93,4,20250815_211623
1755260149.1429546,7675445,1964913920,1964.91392,161,90,95,4,20250815_211623
1755260149.1529386,7675484,1964923904,1964.923904,164,90,97,4,20250815_211623
1755260149.1629226,7675523,1964933888,1964.933888,168,77,100,4,20250815_211623
1755260149.1729066,7675562,1964943872,1964.943872,171,58,102,4,20250815_211623
1755260149.1831467,7675602,1964954112,1964.954112,174,56,107,4,20250815_211623
1755260149.1931307,7675641,1964964096,1964.964096,177,54,114,4,20250815_211623
1755260149.2031147,7675680,1964974080,1964.97408,180,52,121,4,20250815_211623
1755260149.2130988,7675719,1964984064,1964.984064,184,63,127,4,20250815_211623
1755260149.2230828,7675758,1964994048,1964.994048,187,79,128,4,20250815_211623
1755260149.2330666,7675797,1965004032,1965.004032,190,79,133,4,20250815_211623
1755260149.2430506,7675836,1965014016,1965.014016,193,80,138,4,20250815_211623
1755260149.2530346,7675875,1965024000,1965.024,196,80,146,4,20250815_211623
1755260149.2630186,7675914,1965033984,1965.033984,199,80,149,4,20250815_211623
1755260149.2730026,7675953,1965043968,1965.043968,203,71,148,4,20250815_211623
1755260149.2829866,7675992,1965053952,1965.053952,206,56,148,4,20250815_211623
1755260149.292971,7676031,1965063936,1965.063936,209,49,149,4,20250815_211623
1755260149.302955,7676070,1965073920,1965.07392,212,46,151,4,20250815_211623
1755260149.3129387,7676109,1965083904,1965.083904,215,44,154,4,20250815_211623
1755260149.3229227,7676148,1965093888,1965.093888,219,43,154,4,20250815_211623
1755260149.3331623,7676188,1965104128,1965.104128,222,42,154,4,20250815_211623
1755260149.3431466,7676227,1965114112,1965.114112,225,43,156,4,20250815_211623
1755260149.3531306,7676266,1965124096,1965.124096,228,44,156,4,20250815_211623
1755260149.3631146,7676305,1965134080,1965.13408,231,45,156,4,20250815_211623
1755260149.3730986,7676344,1965144064,1965.144064,234,45,157,4,20250815_211623
1755260149.3830826,7676383,1965154048,1965.154048,238,46,156,4,20250815_211623
1755260149.3930666,7676422,1965164032,1965.164032,241,53,156,4,20250815_211623
1755260149.403051,7676461,1965174016,1965.174016,244,63,156,4,20250815_211623
1755260149.413035,7676500,1965184000,1965.184,247,65,156,4,20250815_211623
1755260149.4230187,7676539,1965193984,1965.193984,250,69,157,4,20250815_211623
1755260149.4330027,7676578,1965203968,1965.203968,254,68,157,4,20250815_211623
1755260149.4429867,7676617,1965213952,1965.213952,2,69,156,4,20250815_211623
1755260149.4529707,7676656,1965223936,1965.223936,5,68,156,4,20250815_211623
1755260149.4629548,7676695,1965233920,1965.23392,8,68,156,4,20250815_211623
1755260149.4731946,7676735,1965244160,1965.24416,11,66,156,4,20250815_211623
1755260149.4831786,7676774,1965254144,1965.254144,15,66,156,4,20250815_211623
1755260149.4931626,7676813,1965264128,1965.264128,18,64,155,4,20250815_211623
1755260149.5031466,7676852,1965274112,1965.274112,21,63,154,4,20250815_211623
1755260149.513131,7676891,1965284096,1965.284096,24,62,154,4,20250815_211623
1755260149.5231147,7676930,1965294080,1965.29408,27,62,154,4,20250815_211623
1755260149.5330987,7676969,1965304064,1965.304064,30,60,153,4,20250815_211623
1755260149.5430827,7677008,1965314048,1965.314048,34,60,153,4,20250815_211623
1755260149.5530667,7677047,1965324032,1965.324032,37,58,151,4,20250815_211623
1755260149.5630507,7677086,1965334016,1965.334016,40,57,148,4,20250815_211623
1755260149.5730348,7677125,1965344000,1965.344,43,56,142,4,20250815_211623
1755260149.5830188,7677164,1965353984,1965.353984,46,53,137,4,20250815_211623
1755260149.5930026,7677203,1965363968,1965.363968,50,48,128,4,20250815_211623
1755260149.6029866,7677242,1965373952,1965.373952,53,46,120,4,20250815_211623
1755260149.613227,7677282,1965384192,1965.384192,56,42,110,4,20250815_211623
1755260149.623211,7677321,1965394176,1965.394176,59,42,100,4,20250815_211623
1755260149.6331947,7677360,1965404160,1965.40416,62,41,94,4,20250815_211623
1755260149.6431787,7677399,1965414144,1965.414144,66,41,91,4,20250815_211623
1755260149.6531627,7677438,1965424128,1965.424128,69,40,87,4,20250815_211623
1755260149.6631467,7677477,1965434112,1965.434112,72,41,86,4,20250815_211623
1755260149.6731308,7677516,1965444096,1965.444096,75,40,86,4,20250815_211623
1755260149.6831148,7677555,1965454080,1965.45408,78,41,90,4,20250815_211623
1755260149.6930983,7677594,1965464064,1965.464064,81,41,90,4,20250815_211623
1755260149.7030826,7677633,1965474048,1965.474048,85,42,89,4,20250815_211623
1755260149.7130666,7677672,1965484032,1965.484032,88,42,88,4,20250815_211623
1755260149.7230506,7677711,1965494016,1965.494016,91,43,88,4,20250815_211623
1755260149.7330346,7677750,1965504000,1965.504,94,44,89,4,20250815_211623
1755260149.7430186,7677789,1965513984,1965.513984,97,50,89,4,20250815_211623
1755260149.7530026,7677828,1965523968,1965.523968,101,59,89,4,20250815_211623
1755260149.7632427,7677868,1965534208,1965.534208,104,61,89,4,20250815_211623
1755260149.7732267,7677907,1965544192,1965.544192,107,59,88,4,20250815_211623
1755260149.7832108,7677946,1965554176,1965.554176,110,59,89,4,20250815_211623
1755260149.7931948,7677985,1965564160,1965.56416,113,59,88,4,20250815_211623
1755260149.8031783,7678024,1965574144,1965.574144,117,50,90,4,20250815_211623
1755260149.8131626,7678063,1965584128,1965.584128,120,45,89,4,20250815_211623
1755260149.8231466,7678102,1965594112,1965.594112,123,48,88,4,20250815_211623
1755260149.8331306,7678141,1965604096,1965.604096,126,48,90,4,20250815_211623
1755260149.8431146,7678180,1965614080,1965.61408,129,55,90,4,20250815_211623
1755260149.8530986,7678219,1965624064,1965.624064,132,72,90,4,20250815_211623
1755260149.8630826,7678258,1965634048,1965.634048,136,78,90,4,20250815_211623
1755260149.873067,7678297,1965644032,1965.644032,139,80,91,4,20250815_211623
1755260149.883051,7678336,1965654016,1965.654016,142,83,91,4,20250815_211623
1755260149.8930347,7678375,1965664000,1965.664,145,85,92,4,20250815_211623
1755260149.9030187,7678414,1965673984,1965.673984,148,88,92,4,20250815_211623
1755260149.9132586,7678454,1965684224,1965.684224,152,89,93,4,20250815_211623
1755260149.9232426,7678493,1965694208,1965.694208,155,92,94,4,20250815_211623
1755260149.9332266,7678532,1965704192,1965.704192,158,91,94,4,20250815_211623
1755260149.9432106,7678571,1965714176,1965.714176,161,95,96,4,20250815_211623
1755260149.9531946,7678610,1965724160,1965.72416,164,93,97,4,20250815_211623
1755260149.9631786,7678649,1965734144,1965.734144,168,94,102,4,20250815_211623
1755260149.973163,7678688,1965744128,1965.744128,171,87,106,4,20250815_211623
1755260149.983147,7678727,1965754112,1965.754112,174,59,109,4,20250815_211623
1755260149.9931307,7678766,1965764096,1965.764096,177,49,115,4,20250815_211623
1755260150.0031147,7678805,1965774080,1965.77408,180,48,122,4,20250815_211623
1755260150.0130987,7678844,1965784064,1965.784064,183,46,127,4,20250815_211623
1755260150.0230827,7678883,1965794048,1965.794048,187,76,134,4,20250815_211623
1755260150.0330667,7678922,1965804032,1965.804032,190,80,137,4,20250815_211623
1755260150.0433066,7678962,1965814272,1965.814272,193,81,144,4,20250815_211623
1755260150.0532906,7679001,1965824256,1965.824256,196,82,149,4,20250815_211623
1755260150.0632746,7679040,1965834240,1965.83424,199,84,149,4,20250815_211623
1755260150.0732586,7679079,1965844224,1965.844224,203,80,148,4,20250815_211623
1755260150.083243,7679118,1965854208,1965.854208,206,72,150,4,20250815_211623
1755260150.093227,7679157,1965864192,1965.864192,209,48,150,4,20250815_211623
1755260150.1032107,7679196,1965874176,1965.874176,212,44,153,4,20250815_211623
1755260150.1131947,7679235,1965884160,1965.88416,215,42,154,4,20250815_211623
1755260150.1231787,7679274,1965894144,1965.894144,218,41,154,4,20250815_211623
1755260150.1331627,7679313,1965904128,1965.904128,222,40,154,4,20250815_211623
1755260150.1431468,7679352,1965914112,1965.914112,225,41,154,4,20250815_211623
1755260150.1531308,7679391,1965924096,1965.924096,228,41,155,4,20250815_211623
1755260150.1631143,7679430,1965934080,1965.93408,231,43,156,4,20250815_211623
1755260150.1730986,7679469,1965944064,1965.944064,234,43,156,4,20250815_211623
1755260150.1830826,7679508,1965954048,1965.954048,238,50,156,4,20250815_211623
1755260150.193323,7679548,1965964288,1965.964288,241,62,157,4,20250815_211623
1755260150.203307,7679587,1965974272,1965.974272,244,69,157,4,20250815_211623
1755260150.2132907,7679626,1965984256,1965.984256,247,72,157,4,20250815_211623
1755260150.2232747,7679665,1965994240,1965.99424,250,75,158,4,20250815_211623
1755260150.2332587,7679704,1966004224,1966.004224,254,73,158,4,20250815_211623
1755260150.2432427,7679743,1966014208,1966.014208,2,73,157,4,20250815_211623
1755260150.2532268,7679782,1966024192,1966.024192,5,71,157,4,20250815_211623
1755260150.2632108,7679821,1966034176,1966.034176,8,70,156,4,20250815_211623
1755260150.2731946,7679860,1966044160,1966.04416,11,68,156,4,20250815_211623
1755260150.2831786,7679899,1966054144,1966.054144,14,68,156,4,20250815_211623
1755260150.2931626,7679938,1966064128,1966.064128,18,65,156,4,20250815_211623
1755260150.3031466,7679977,1966074112,1966.074112,21,66,155,4,20250815_211623
1755260150.3131306,7680016,1966084096,1966.084096,24,63,155,4,20250815_211623
1755260150.3231146,7680055,1966094080,1966.09408,27,64,154,4,20250815_211623
1755260150.3333547,7680095,1966104320,1966.10432,30,61,153,4,20250815_211623
1755260150.3433387,7680134,1966114304,1966.114304,34,61,153,4,20250815_211623
1755260150.3533227,7680173,1966124288,1966.124288,37,60,151,4,20250815_211623
1755260150.3633068,7680212,1966134272,1966.134272,40,59,149,4,20250815_211623
1755260150.3732908,7680251,1966144256,1966.144256,43,58,144,4,20250815_211623
1755260150.3832746,7680290,1966154240,1966.15424,46,55,137,4,20250815_211623
1755260150.3932586,7680329,1966164224,1966.164224,50,51,130,4,20250815_211623
1755260150.4032426,7680368,1966174208,1966.174208,53,45,121,4,20250815_211623
1755260150.4132266,7680407,1966184192,1966.184192,56,39,110,4,20250815_211623
1755260150.4232106,7680446,1966194176,1966.194176,59,40,100,4,20250815_211623
1755260150.4331946,7680485,1966204160,1966.20416,62,38,95,4,20250815_211623
1755260150.443179,7680524,1966214144,1966.214144,65,38,91,4,20250815_211623
1755260150.453163,7680563,1966224128,1966.224128,69,37,87,4,20250815_211623
1755260150.4631467,7680602,1966234112,1966.234112,72,38,86,4,20250815_211623
1755260150.4731307,7680641,1966244096,1966.244096,75,37,86,4,20250815_211623
1755260150.4833708,7680681,1966254336,1966.254336,78,38,89,4,20250815_211623
1755260150.4933546,7680720,1966264320,1966.26432,81,38,91,4,20250815_211623
1755260150.5033386,7680759,1966274304,1966.274304,85,40,90,4,20250815_211623
1755260150.5133226,7680798,1966284288,1966.284288,88,39,87,4,20250815_211623
1755260150.5233066,7680837,1966294272,1966.294272,91,40,87,4,20250815_211623
1755260150.5332906,7680876,1966304256,1966.304256,94,47,88,4,20250815_211623
1755260150.5432746,7680915,1966314240,1966.31424,97,54,90,4,20250815_211623
1755260150.553259,7680954,1966324224,1966.324224,100,60,89,4,20250815_211623
1755260150.563243,7680993,1966334208,1966.334208,104,60,89,4,20250815_211623
1755260150.5732267,7681032,1966344192,1966.344192,107,58,88,4,20250815_211623
1755260150.5832107,7681071,1966354176,1966.354176,110,59,88,4,20250815_211623
1755260150.5931947,7681110,1966364160,1966.36416,113,50,88,4,20250815_211623
1755260150.6031787,7681149,1966374144,1966.374144,116,42,89,4,20250815_211623
1755260150.6131628,7681188,1966384128,1966.384128,120,42,90,4,20250815_211623
1755260150.6234026,7681228,1966394368,1966.394368,123,45,89,4,20250815_211623
1755260150.6333866,7681267,1966404352,1966.404352,126,46,90,4,20250815_211623
1755260150.6433706,7681306,1966414336,1966.414336,129,66,90,4,20250815_211623
1755260150.6533546,7681345,1966424320,1966.42432,132,74,90,4,20250815_211623
1755260150.663339,7681384,1966434304,1966.434304,136,79,90,4,20250815_211623
1755260150.673323,7681423,1966444288,1966.444288,139,79,91,4,20250815_211623
1755260150.6833067,7681462,1966454272,1966.454272,142,82,91,4,20250815_211623
1755260150.6932907,7681501,1966464256,1966.464256,145,83,91,4,20250815_211623
1755260150.7032747,7681540,1966474240,1966.47424,148,87,92,4,20250815_211623
1755260150.7132587,7681579,1966484224,1966.484224,151,87,92,4,20250815_211623
1755260150.7232428,7681618,1966494208,1966.494208,155,91,93,4,20250815_211623
1755260150.7332268,7681657,1966504192,1966.504192,158,90,93,4,20250815_211623
1755260150.7432106,7681696,1966514176,1966.514176,161,94,95,4,20250815_211623
1755260150.7531946,7681735,1966524160,1966.52416,164,92,95,4,20250815_211623
1755260150.7631786,7681774,1966534144,1966.534144,167,94,99,4,20250815_211623
1755260150.773419,7681814,1966544384,1966.544384,171,91,102,4,20250815_211623
1755260150.7834027,7681853,1966554368,1966.554368,174,88,106,4,20250815_211623
1755260150.7933867,7681892,1966564352,1966.564352,177,48,113,4,20250815_211623
1755260150.8033707,7681931,1966574336,1966.574336,180,46,121,4,20250815_211623
1755260150.8133547,7681970,1966584320,1966.58432,183,44,127,4,20250815_211623
1755260150.8233387,7682009,1966594304,1966.594304,187,48,130,4,20250815_211623
1755260150.8333228,7682048,1966604288,1966.604288,190,83,135,4,20250815_211623
1755260150.8433068,7682087,1966614272,1966.614272,193,87,141,4,20250815_211623
1755260150.8532906,7682126,1966624256,1966.624256,196,86,147,4,20250815_211623
1755260150.8632746,7682165,1966634240,1966.63424,199,91,149,4,20250815_211623
1755260150.8732586,7682204,1966644224,1966.644224,202,89,148,4,20250815_211623
1755260150.8832426,7682243,1966654208,1966.654208,206,91,148,4,20250815_211623
1755260150.8932266,7682282,1966664192,1966.664192,209,73,150,4,20250815_211623
1755260150.9032106,7682321,1966674176,1966.674176,212,50,152,4,20250815_211623
1755260150.9134507,7682361,1966684416,1966.684416,215,41,155,4,20250815_211623
1755260150.9234347,7682400,1966694400,1966.6944,218,40,154,4,20250815_211623
1755260150.9334188,7682439,1966704384,1966.704384,222,40,154,4,20250815_211623
1755260150.9434028,7682478,1966714368,1966.714368,225,40,155,4,20250815_211623
1755260150.9533863,7682517,1966724352,1966.724352,228,39,156,4,20250815_211623
1755260150.9633706,7682556,1966734336,1966.734336,231,41,156,4,20250815_211623
1755260150.9733546,7682595,1966744320,1966.74432,234,44,156,4,20250815_211623
1755260150.9833386,7682634,1966754304,1966.754304,238,57,156,4,20250815_211623
1755260150.9933226,7682673,1966764288,1966.764288,241,69,157,4,20250815_211623
1755260151.0033066,7682712,1966774272,1966.774272,244,78,156,4,20250815_211623
1755260151.0132906,7682751,1966784256,1966.784256,247,79,157,4,20250815_211623
1755260151.023275,7682790,1966794240,1966.79424,250,83,157,4,20250815_211623
1755260151.033259,7682829,1966804224,1966.804224,253,78,158,4,20250815_211623
1755260151.0432427,7682868,1966814208,1966.814208,2,79,157,4,20250815_211623
1755260151.0534828,7682908,1966824448,1966.824448,5,76,156,4,20250815_211623
1755260151.0634663,7682947,1966834432,1966.834432,8,77,156,4,20250815_211623
1755260151.0734506,7682986,1966844416,1966.844416,11,73,156,4,20250815_211623
1755260151.0834346,7683025,1966854400,1966.8544,14,74,155,4,20250815_211623
1755260151.0934186,7683064,1966864384,1966.864384,18,69,154,4,20250815_211623
1755260151.1034026,7683103,1966874368,1966.874368,21,69,154,4,20250815_211623
1755260151.1133866,7683142,1966884352,1966.884352,24,65,154,4,20250815_211623
1755260151.1233706,7683181,1966894336,1966.894336,27,66,153,4,20250815_211623
1755260151.133355,7683220,1966904320,1966.90432,30,62,153,4,20250815_211623
1755260151.143339,7683259,1966914304,1966.914304,34,62,152,4,20250815_211623
1755260151.1533227,7683298,1966924288,1966.924288,37,59,150,4,20250815_211623
1755260151.1633067,7683337,1966934272,1966.934272,40,60,148,4,20250815_211623
1755260151.1732907,7683376,1966944256,1966.944256,43,58,143,4,20250815_211623
1755260151.1832747,7683415,1966954240,1966.95424,46,57,136,4,20250815_211623
1755260151.1932588,7683454,1966964224,1966.964224,49,51,128,4,20250815_211623
1755260151.2034986,7683494,1966974464,1966.974464,53,47,120,4,20250815_211623
1755260151.2134826,7683533,1966984448,1966.984448,56,37,107,4,20250815_211623
1755260151.2234666,7683572,1966994432,1966.994432,59,37,99,4,20250815_211623
1755260151.233451,7683611,1967004416,1967.004416,62,35,93,4,20250815_211623
1755260151.243435,7683650,1967014400,1967.0144,65,36,90,4,20250815_211623
1755260151.2534187,7683689,1967024384,1967.024384,69,35,87,4,20250815_211623
1755260151.2634027,7683728,1967034368,1967.034368,72,36,86,4,20250815_211623
1755260151.2733867,7683767,1967044352,1967.044352,75,35,87,4,20250815_211623
1755260151.2833707,7683806,1967054336,1967.054336,78,37,89,4,20250815_211623
1755260151.2933547,7683845,1967064320,1967.06432,81,37,89,4,20250815_211623
1755260151.3033388,7683884,1967074304,1967.074304,84,38,89,4,20250815_211623
1755260151.3133223,7683923,1967084288,1967.084288,88,39,88,4,20250815_211623
1755260151.3233066,7683962,1967094272,1967.094272,91,50,90,4,20250815_211623
1755260151.3332906,7684001,1967104256,1967.104256,94,61,89,4,20250815_211623
1755260151.343531,7684041,1967114496,1967.114496,97,68,90,4,20250815_211623
1755260151.353515,7684080,1967124480,1967.12448,100,66,88,4,20250815_211623
1755260151.3634987,7684119,1967134464,1967.134464,104,67,90,4,20250815_211623
1755260151.3734827,7684158,1967144448,1967.144448,107,64,89,4,20250815_211623
1755260151.3834667,7684197,1967154432,1967.154432,110,57,89,4,20250815_211623
1755260151.3934507,7684236,1967164416,1967.164416,113,38,89,4,20250815_211623
1755260151.4034348,7684275,1967174400,1967.1744,116,41,89,4,20250815_211623
1755260151.4134188,7684314,1967184384,1967.184384,120,42,90,4,20250815_211623
1755260151.4234023,7684353,1967194368,1967.194368,123,46,90,4,20250815_211623
1755260151.4333866,7684392,1967204352,1967.204352,126,75,89,4,20250815_211623
1755260151.4433706,7684431,1967214336,1967.214336,129,85,89,4,20250815_211623
1755260151.4533546,7684470,1967224320,1967.22432,132,84,90,4,20250815_211623
1755260151.4633386,7684509,1967234304,1967.234304,135,88,91,4,20250815_211623
1755260151.4733226,7684548,1967244288,1967.244288,139,87,91,4,20250815_211623
1755260151.4835627,7684588,1967254528,1967.254528,142,91,91,4,20250815_211623
1755260151.4935467,7684627,1967264512,1967.264512,145,89,92,4,20250815_211623
1755260151.5035307,7684666,1967274496,1967.274496,148,94,92,4,20250815_211623
1755260151.5135148,7684705,1967284480,1967.28448,151,92,93,4,20250815_211623
1755260151.5234988,7684744,1967294464,1967.294464,155,96,93,4,20250815_211623
1755260151.5334826,7684783,1967304448,1967.304448,158,94,95,4,20250815_211623
1755260151.5434666,7684822,1967314432,1967.314432,161,97,96,4,20250815_211623
1755260151.5534506,7684861,1967324416,1967.324416,164,95,98,4,20250815_211623
1755260151.5634346,7684900,1967334400,1967.3344,167,96,102,4,20250815_211623
1755260151.5734186,7684939,1967344384,1967.344384,171,92,105,4,20250815_211623
1755260151.5834026,7684978,1967354368,1967.354368,174,95,111,4,20250815_211623
1755260151.593387,7685017,1967364352,1967.364352,177,55,120,4,20250815_211623
1755260151.603371,7685056,1967374336,1967.374336,180,44,126,4,20250815_211623
1755260151.6133547,7685095,1967384320,1967.38432,183,42,128,4,20250815_211623
1755260151.6235948,7685135,1967394560,1967.39456,186,42,132,4,20250815_211623
1755260151.6335788,7685174,1967404544,1967.404544,190,75,136,4,20250815_211623
1755260151.6435626,7685213,1967414528,1967.414528,193,85,144,4,20250815_211623
1755260151.6535466,7685252,1967424512,1967.424512,196,82,149,4,20250815_211623
1755260151.6635306,7685291,1967434496,1967.434496,199,88,149,4,20250815_211623
1755260151.6735146,7685330,1967444480,1967.44448,202,85,150,4,20250815_211623
1755260151.6834986,7685369,1967454464,1967.454464,206,87,149,4,20250815_211623
1755260151.6934826,7685408,1967464448,1967.464448,209,73,151,4,20250815_211623
1755260151.703467,7685447,1967474432,1967.474432,212,49,152,4,20250815_211623
1755260151.713451,7685486,1967484416,1967.484416,215,39,155,4,20250815_211623
1755260151.7234347,7685525,1967494400,1967.4944,218,38,154,4,20250815_211623
1755260151.7334187,7685564,1967504384,1967.504384,222,37,155,4,20250815_211623
1755260151.7434027,7685603,1967514368,1967.514368,225,38,156,4,20250815_211623
1755260151.7533867,7685642,1967524352,1967.524352,228,38,156,4,20250815_211623
1755260151.7633708,7685681,1967534336,1967.534336,231,39,156,4,20250815_211623
1755260151.7736106,7685721,1967544576,1967.544576,234,41,156,4,20250815_211623
1755260151.7835946,7685760,1967554560,1967.55456,237,54,157,4,20250815_211623
1755260151.7935786,7685799,1967564544,1967.564544,241,66,158,4,20250815_211623
1755260151.8035626,7685838,1967574528,1967.574528,244,76,156,4,20250815_211623
1755260151.813547,7685877,1967584512,1967.584512,247,78,157,4,20250815_211623
1755260151.823531,7685916,1967594496,1967.594496,250,82,158,4,20250815_211623
1755260151.8335147,7685955,1967604480,1967.60448,253,78,158,4,20250815_211623
1755260151.8434987,7685994,1967614464,1967.614464,2,81,157,4,20250815_211623
1755260151.8534827,7686033,1967624448,1967.624448,5,77,157,4,20250815_211623
1755260151.8634667,7686072,1967634432,1967.634432,8,79,157,4,20250815_211623
1755260151.8734508,7686111,1967644416,1967.644416,11,75,156,4,20250815_211623
1755260151.8834348,7686150,1967654400,1967.6544,14,77,156,4,20250815_211623
1755260151.8934186,7686189,1967664384,1967.664384,17,73,155,4,20250815_211623
1755260151.9034026,7686228,1967674368,1967.674368,21,74,155,4,20250815_211623
1755260151.9136426,7686268,1967684608,1967.684608,24,71,155,4,20250815_211623
1755260151.923627,7686307,1967694592,1967.694592,27,72,154,4,20250815_211623
1755260151.933611,7686346,1967704576,1967.704576,30,70,154,4,20250815_211623
1755260151.9435947,7686385,1967714560,1967.71456,33,69,152,4,20250815_211623
1755260151.9535787,7686424,1967724544,1967.724544,37,66,150,4,20250815_211623
1755260151.9635627,7686463,1967734528,1967.734528,40,67,149,4,20250815_211623
1755260151.9735467,7686502,1967744512,1967.744512,43,64,144,4,20250815_211623
1755260151.9835308,7686541,1967754496,1967.754496,46,63,139,4,20250815_211623
1755260151.9935148,7686580,1967764480,1967.76448,49,56,129,4,20250815_211623
1755260152.0034986,7686619,1967774464,1967.774464,53,50,122,4,20250815_211623
1755260152.0134826,7686658,1967784448,1967.784448,56,36,109,4,20250815_211623
1755260152.0234666,7686697,1967794432,1967.794432,59,36,100,4,20250815_211623
1755260152.0334506,7686736,1967804416,1967.804416,62,34,94,4,20250815_211623
1755260152.0434346,7686775,1967814400,1967.8144,65,34,90,4,20250815_211623
1755260152.0536747,7686815,1967824640,1967.82464,68,33,87,4,20250815_211623
1755260152.0636587,7686854,1967834624,1967.834624,72,34,86,4,20250815_211623
1755260152.0736427,7686893,1967844608,1967.844608,75,34,87,4,20250815_211623
1755260152.0836267,7686932,1967854592,1967.854592,78,35,89,4,20250815_211623
1755260152.0936108,7686971,1967864576,1967.864576,81,35,90,4,20250815_211623
1755260152.1035948,7687010,1967874560,1967.87456,84,37,90,4,20250815_211623
1755260152.1135786,7687049,1967884544,1967.884544,88,37,88,4,20250815_211623
1755260152.1235626,7687088,1967894528,1967.894528,91,49,88,4,20250815_211623
1755260152.1335466,7687127,1967904512,1967.904512,94,60,89,4,20250815_211623
1755260152.1435306,7687166,1967914496,1967.914496,97,68,89,4,20250815_211623
1755260152.1535146,7687205,1967924480,1967.92448,100,64,89,4,20250815_211623
1755260152.1634986,7687244,1967934464,1967.934464,104,64,89,4,20250815_211623
1755260152.173483,7687283,1967944448,1967.944448,107,62,90,4,20250815_211623
1755260152.183467,7687322,1967954432,1967.954432,110,51,89,4,20250815_211623
1755260152.1934507,7687361,1967964416,1967.964416,113,36,90,4,20250815_211623
1755260152.2036908,7687401,1967974656,1967.974656,116,39,89,4,20250815_211623
1755260152.2136743,7687440,1967984640,1967.98464,119,39,88,4,20250815_211623
1755260152.2236586,7687479,1967994624,1967.994624,123,46,89,4,20250815_211623
1755260152.2336426,7687518,1968004608,1968.004608,126,75,89,4,20250815_211623
1755260152.2436266,7687557,1968014592,1968.014592,129,84,90,4,20250815_211623
1755260152.2536106,7687596,1968024576,1968.024576,132,81,90,4,20250815_211623
1755260152.2635946,7687635,1968034560,1968.03456,135,85,92,4,20250815_211623
1755260152.2735786,7687674,1968044544,1968.044544,139,83,92,4,20250815_211623
1755260152.283563,7687713,1968054528,1968.054528,142,88,92,4,20250815_211623
1755260152.293547,7687752,1968064512,1968.064512,145,87,92,4,20250815_211623
1755260152.3035307,7687791,1968074496,1968.074496,148,92,92,4,20250815_211623
1755260152.3135147,7687830,1968084480,1968.08448,151,89,93,4,20250815_211623
1755260152.3234987,7687869,1968094464,1968.094464,155,95,94,4,20250815_211623
1755260152.3334827,7687908,1968104448,1968.104448,158,92,94,4,20250815_211623
1755260152.3437226,7687948,1968114688,1968.114688,161,95,96,4,20250815_211623
1755260152.3537066,7687987,1968124672,1968.124672,164,92,97,4,20250815_211623
1755260152.3636906,7688026,1968134656,1968.134656,167,95,101,4,20250815_211623
1755260152.3736746,7688065,1968144640,1968.14464,170,92,104,4,20250815_211623
1755260152.3836586,7688104,1968154624,1968.154624,174,95,111,4,20250815_211623
1755260152.393643,7688143,1968164608,1968.164608,177,66,117,4,20250815_211623
1755260152.403627,7688182,1968174592,1968.174592,180,45,125,4,20250815_211623
1755260152.4136107,7688221,1968184576,1968.184576,183,41,127,4,20250815_211623
1755260152.4235947,7688260,1968194560,1968.19456,186,42,131,4,20250815_211623
1755260152.4335787,7688299,1968204544,1968.204544,190,66,137,4,20250815_211623
1755260152.4435627,7688338,1968214528,1968.214528,193,87,144,4,20250815_211623
1755260152.4535468,7688377,1968224512,1968.224512,196,85,149,4,20250815_211623
1755260152.4635308,7688416,1968234496,1968.234496,199,91,149,4,20250815_211623
1755260152.4735146,7688455,1968244480,1968.24448,202,88,149,4,20250815_211623
1755260152.4837546,7688495,1968254720,1968.25472,205,91,151,4,20250815_211623
1755260152.493739,7688534,1968264704,1968.264704,209,81,152,4,20250815_211623
1755260152.503723,7688573,1968274688,1968.274688,212,58,153,4,20250815_211623
1755260152.5137067,7688612,1968284672,1968.284672,215,40,154,4,20250815_211623
1755260152.5236907,7688651,1968294656,1968.294656,218,39,154,4,20250815_211623
1755260152.5336747,7688690,1968304640,1968.30464,221,37,154,4,20250815_211623
1755260152.5436587,7688729,1968314624,1968.314624,225,38,155,4,20250815_211623
1755260152.5536427,7688768,1968324608,1968.324608,228,37,156,4,20250815_211623
1755260152.5636268,7688807,1968334592,1968.334592,231,39,155,4,20250815_211623
1755260152.5736103,7688846,1968344576,1968.344576,234,44,155,4,20250815_211623
1755260152.5835946,7688885,1968354560,1968.35456,237,60,157,4,20250815_211623
1755260152.5935786,7688924,1968364544,1968.364544,241,70,157,4,20250815_211623
1755260152.6035626,7688963,1968374528,1968.374528,244,80,157,4,20250815_211623
1755260152.6135466,7689002,1968384512,1968.384512,247,80,158,4,20250815_211623
1755260152.6235306,7689041,1968394496,1968.394496,250,83,156,4,20250815_211623
1755260152.6337707,7689081,1968404736,1968.404736,253,79,157,4,20250815_211623
1755260152.6437547,7689120,1968414720,1968.41472,1,82,157,4,20250815_211623
1755260152.6537387,7689159,1968424704,1968.424704,5,77,156,4,20250815_211623
1755260152.6637228,7689198,1968434688,1968.434688,8,80,157,4,20250815_211623
1755260152.6737068,7689237,1968444672,1968.444672,11,75,156,4,20250815_211623
1755260152.6836903,7689276,1968454656,1968.454656,14,77,156,4,20250815_211623
1755260152.6936746,7689315,1968464640,1968.46464,17,72,154,4,20250815_211623
1755260152.7036586,7689354,1968474624,1968.474624,21,75,155,4,20250815_211623
1755260152.7136426,7689393,1968484608,1968.484608,24,70,155,4,20250815_211623
1755260152.7236266,7689432,1968494592,1968.494592,27,72,154,4,20250815_211623
1755260152.7336106,7689471,1968504576,1968.504576,30,67,153,4,20250815_211623
1755260152.7435946,7689510,1968514560,1968.51456,33,69,152,4,20250815_211623
1755260152.753579,7689549,1968524544,1968.524544,37,65,151,4,20250815_211623
1755260152.763563,7689588,1968534528,1968.534528,40,66,149,4,20250815_211623
1755260152.7738028,7689628,1968544768,1968.544768,43,62,143,4,20250815_211623
1755260152.7837868,7689667,1968554752,1968.554752,46,61,136,4,20250815_211623
1755260152.7937706,7689706,1968564736,1968.564736,49,55,127,4,20250815_211623
1755260152.8037546,7689745,1968574720,1968.57472,52,49,120,4,20250815_211623
1755260152.8137386,7689784,1968584704,1968.584704,56,34,108,4,20250815_211623
1755260152.8237226,7689823,1968594688,1968.594688,59,35,99,4,20250815_211623
1755260152.8337066,7689862,1968604672,1968.604672,62,32,94,4,20250815_211623
1755260152.8436906,7689901,1968614656,1968.614656,65,33,89,4,20250815_211623
1755260152.853675,7689940,1968624640,1968.62464,68,32,87,4,20250815_211623
1755260152.863659,7689979,1968634624,1968.634624,72,34,86,4,20250815_211623
1755260152.8736427,7690018,1968644608,1968.644608,75,32,87,4,20250815_211623
1755260152.8836267,7690057,1968654592,1968.654592,78,34,89,4,20250815_211623
1755260152.8936107,7690096,1968664576,1968.664576,81,34,90,4,20250815_211623
1755260152.9035947,7690135,1968674560,1968.67456,84,35,89,4,20250815_211623
1755260152.9138346,7690175,1968684800,1968.6848,88,37,88,4,20250815_211623
1755260152.9238186,7690214,1968694784,1968.694784,91,53,88,4,20250815_211623
1755260152.9338026,7690253,1968704768,1968.704768,94,62,89,4,20250815_211623
1755260152.9437866,7690292,1968714752,1968.714752,97,69,89,4,20250815_211623
1755260152.9537706,7690331,1968724736,1968.724736,100,65,89,4,20250815_211623
1755260152.963755,7690370,1968734720,1968.73472,103,67,88,4,20250815_211623
1755260152.973739,7690409,1968744704,1968.744704,107,64,89,4,20250815_211623
1755260152.9837227,7690448,1968754688,1968.754688,110,46,89,4,20250815_211623
1755260152.9937067,7690487,1968764672,1968.764672,113,35,88,4,20250815_211623
1755260153.0036907,7690526,1968774656,1968.774656,116,39,90,4,20250815_211623
1755260153.0136747,7690565,1968784640,1968.78464,119,38,90,4,20250815_211623
1755260153.0236588,7690604,1968794624,1968.794624,123,54,88,4,20250815_211623
1755260153.0336428,7690643,1968804608,1968.804608,126,79,89,4,20250815_211623
1755260153.0436263,7690682,1968814592,1968.814592,129,85,90,4,20250815_211623
1755260153.0536106,7690721,1968824576,1968.824576,132,83,90,4,20250815_211623
1755260153.0638506,7690761,1968834816,1968.834816,135,88,91,4,20250815_211623
1755260153.073835,7690800,1968844800,1968.8448,138,85,91,4,20250815_211623
1755260153.083819,7690839,1968854784,1968.854784,142,89,92,4,20250815_211623
1755260153.0938027,7690878,1968864768,1968.864768,145,87,92,4,20250815_211623
1755260153.1037867,7690917,1968874752,1968.874752,148,93,92,4,20250815_211623
1755260153.1137707,7690956,1968884736,1968.884736,151,90,93,4,20250815_211623
1755260153.1237547,7690995,1968894720,1968.89472,154,95,93,4,20250815_211623
1755260153.1337388,7691034,1968904704,1968.904704,158,92,94,4,20250815_211623
1755260153.1437228,7691073,1968914688,1968.914688,161,96,95,4,20250815_211623
1755260153.1537066,7691112,1968924672,1968.924672,164,92,97,4,20250815_211623
1755260153.1636906,7691151,1968934656,1968.934656,167,95,100,4,20250815_211623
1755260153.1736746,7691190,1968944640,1968.94464,170,89,105,4,20250815_211623
1755260153.1836586,7691229,1968954624,1968.954624,174,94,112,4,20250815_211623
1755260153.1936426,7691268,1968964608,1968.964608,177,77,118,4,20250815_211623
1755260153.2036266,7691307,1968974592,1968.974592,180,44,126,4,20250815_211623
1755260153.2138667,7691347,1968984832,1968.984832,183,41,128,4,20250815_211623
1755260153.2238507,7691386,1968994816,1968.994816,186,40,131,4,20250815_211623
1755260153.2338347,7691425,1969004800,1969.0048,189,58,137,4,20250815_211623
1755260153.2438188,7691464,1969014784,1969.014784,193,82,143,4,20250815_211623
1755260153.2538028,7691503,1969024768,1969.024768,196,76,149,4,20250815_211623
1755260153.2637866,7691542,1969034752,1969.034752,199,94,149,4,20250815_211623
1755260153.2737706,7691581,1969044736,1969.044736,202,90,149,4,20250815_211623
1755260153.2837546,7691620,1969054720,1969.05472,205,83,149,4,20250815_211623
1755260153.2937386,7691659,1969064704,1969.064704,209,79,150,4,20250815_211623
1755260153.3037226,7691698,1969074688,1969.074688,212,66,152,4,20250815_211623
1755260153.3137066,7691737,1969084672,1969.084672,215,40,154,4,20250815_211623
1755260153.323691,7691776,1969094656,1969.094656,218,38,154,4,20250815_211623
1755260153.333675,7691815,1969104640,1969.10464,221,36,155,4,20250815_211623
1755260153.3436587,7691854,1969114624,1969.114624,225,37,156,4,20250815_211623
1755260153.3538988,7691894,1969124864,1969.124864,228,36,154,4,20250815_211623
1755260153.3638828,7691933,1969134848,1969.134848,231,40,155,4,20250815_211623
1755260153.3738666,7691972,1969144832,1969.144832,234,45,156,4,20250815_211623
1755260153.3838506,7692011,1969154816,1969.154816,237,59,156,4,20250815_211623
1755260153.3938346,7692050,1969164800,1969.1648,240,68,155,4,20250815_211623
1755260153.4038186,7692089,1969174784,1969.174784,244,80,156,4,20250815_211623
1755260153.4138026,7692128,1969184768,1969.184768,247,81,157,4,20250815_211623
1755260153.4237866,7692167,1969194752,1969.194752,250,84,158,4,20250815_211623
1755260153.433771,7692206,1969204736,1969.204736,253,78,158,4,20250815_211623
1755260153.443755,7692245,1969214720,1969.21472,1,81,156,4,20250815_211623
1755260153.4537387,7692284,1969224704,1969.224704,5,78,156,4,20250815_211623
1755260153.4637227,7692323,1969234688,1969.234688,8,82,156,4,20250815_211623
1755260153.4737067,7692362,1969244672,1969.244672,11,79,156,4,20250815_211623
1755260153.4836907,7692401,1969254656,1969.254656,14,82,156,4,20250815_211623
1755260153.4936748,7692440,1969264640,1969.26464,17,77,155,4,20250815_211623
1755260153.5039146,7692480,1969274880,1969.27488,21,78,155,4,20250815_211623
1755260153.5138986,7692519,1969284864,1969.284864,24,73,155,4,20250815_211623
1755260153.5238826,7692558,1969294848,1969.294848,27,76,155,4,20250815_211623
1755260153.5338666,7692597,1969304832,1969.304832,30,71,154,4,20250815_211623
1755260153.543851,7692636,1969314816,1969.314816,33,74,153,4,20250815_211623
1755260153.553835,7692675,1969324800,1969.3248,36,68,152,4,20250815_211623
1755260153.5638187,7692714,1969334784,1969.334784,40,70,150,4,20250815_211623
1755260153.5738027,7692753,1969344768,1969.344768,43,66,147,4,20250815_211623
1755260153.5837867,7692792,1969354752,1969.354752,46,66,143,4,20250815_211623
1755260153.5937707,7692831,1969364736,1969.364736,49,58,135,4,20250815_211623
1755260153.6037548,7692870,1969374720,1969.37472,52,53,126,4,20250815_211623
1755260153.6137388,7692909,1969384704,1969.384704,56,35,114,4,20250815_211623
1755260153.6237226,7692948,1969394688,1969.394688,59,34,104,4,20250815_211623
1755260153.6337066,7692987,1969404672,1969.404672,62,32,97,4,20250815_211623
1755260153.6439466,7693027,1969414912,1969.414912,65,32,92,4,20250815_211623
1755260153.653931,7693066,1969424896,1969.424896,68,31,88,4,20250815_211623
1755260153.663915,7693105,1969434880,1969.43488,71,33,87,4,20250815_211623
1755260153.6738987,7693144,1969444864,1969.444864,75,32,87,4,20250815_211623
1755260153.6838827,7693183,1969454848,1969.454848,78,34,87,4,20250815_211623
1755260153.6938667,7693222,1969464832,1969.464832,81,33,89,4,20250815_211623
1755260153.7038507,7693261,1969474816,1969.474816,84,34,90,4,20250815_211623
1755260153.7138348,7693300,1969484800,1969.4848,87,38,90,4,20250815_211623
1755260153.7238188,7693339,1969494784,1969.494784,91,56,89,4,20250815_211623
1755260153.7338026,7693378,1969504768,1969.504768,94,63,89,4,20250815_211623
1755260153.7437866,7693417,1969514752,1969.514752,97,66,90,4,20250815_211623
1755260153.7537706,7693456,1969524736,1969.524736,100,62,90,4,20250815_211623
1755260153.7637546,7693495,1969534720,1969.53472,103,62,89,4,20250815_211623
1755260153.7737386,7693534,1969544704,1969.544704,107,60,90,4,20250815_211623
1755260153.7837226,7693573,1969554688,1969.554688,110,41,90,4,20250815_211623
1755260153.7939627,7693613,1969564928,1969.564928,113,33,89,4,20250815_211623
1755260153.8039467,7693652,1969574912,1969.574912,116,36,90,4,20250815_211623
1755260153.8139307,7693691,1969584896,1969.584896,119,36,90,4,20250815_211623
1755260153.8239148,7693730,1969594880,1969.59488,122,51,89,4,20250815_211623
1755260153.8338983,7693769,1969604864,1969.604864,126,75,90,4,20250815_211623
1755260153.8438826,7693808,1969614848,1969.614848,129,81,90,4,20250815_211623
1755260153.8538666,7693847,1969624832,1969.624832,132,79,92,4,20250815_211623
1755260153.8638506,7693886,1969634816,1969.634816,135,84,91,4,20250815_211623
1755260153.8738346,7693925,1969644800,1969.6448,138,81,92,4,20250815_211623
1755260153.8838186,7693964,1969654784,1969.654784,142,87,91,4,20250815_211623
1755260153.8938026,7694003,1969664768,1969.664768,145,85,91,4,20250815_211623
1755260153.903787,7694042,1969674752,1969.674752,148,92,92,4,20250815_211623
1755260153.913771,7694081,1969684736,1969.684736,151,89,93,4,20250815_211623
1755260153.9237547,7694120,1969694720,1969.69472,154,95,94,4,20250815_211623
1755260153.9339948,7694160,1969704960,1969.70496,158,90,95,4,20250815_211623
1755260153.9439783,7694199,1969714944,1969.714944,161,95,96,4,20250815_211623
1755260153.9539626,7694238,1969724928,1969.724928,164,90,98,4,20250815_211623
1755260153.9639466,7694277,1969734912,1969.734912,167,94,100,4,20250815_211623
1755260153.9739306,7694316,1969744896,1969.744896,170,89,104,4,20250815_211623
1755260153.9839146,7694355,1969754880,1969.75488,173,94,110,4,20250815_211623
1755260153.9938986,7694394,1969764864,1969.764864,177,89,118,4,20250815_211623
1755260154.0038826,7694433,1969774848,1969.774848,180,60,125,4,20250815_211623
1755260154.013867,7694472,1969784832,1969.784832,183,46,127,4,20250815_211623
1755260154.023851,7694511,1969794816,1969.794816,186,48,129,4,20250815_211623
1755260154.0338347,7694550,1969804800,1969.8048,189,49,136,4,20250815_211623
1755260154.0438187,7694589,1969814784,1969.814784,193,86,142,4,20250815_211623
1755260154.0538027,7694628,1969824768,1969.824768,196,90,148,4,20250815_211623
1755260154.0637867,7694667,1969834752,1969.834752,199,97,148,4,20250815_211623
1755260154.0737708,7694706,1969844736,1969.844736,202,95,149,4,20250815_211623
1755260154.0840106,7694746,1969854976,1969.854976,205,100,149,4,20250815_211623
1755260154.0939946,7694785,1969864960,1969.86496,209,95,149,4,20250815_211623
1755260154.1039786,7694824,1969874944,1969.874944,212,89,152,4,20250815_211623
1755260154.113963,7694863,1969884928,1969.884928,215,57,154,4,20250815_211623
1755260154.123947,7694902,1969894912,1969.894912,218,47,154,4,20250815_211623
1755260154.1339307,7694941,1969904896,1969.904896,221,42,155,4,20250815_211623
1755260154.1439147,7694980,1969914880,1969.91488,224,44,157,4,20250815_211623
1755260154.1538987,7695019,1969924864,1969.924864,228,44,156,4,20250815_211623
1755260154.1638827,7695058,1969934848,1969.934848,231,46,154,4,20250815_211623
1755260154.1738667,7695097,1969944832,1969.944832,234,54,156,4,20250815_211623
1755260154.1838508,7695136,1969954816,1969.954816,237,70,156,4,20250815_211623
1755260154.1938343,7695175,1969964800,1969.9648,240,77,157,4,20250815_211623
1755260154.2038186,7695214,1969974784,1969.974784,244,88,158,4,20250815_211623
1755260154.2138026,7695253,1969984768,1969.984768,247,84,158,4,20250815_211623
1755260154.224043,7695293,1969995008,1969.995008,250,82,158,4,20250815_211623
1755260154.234027,7695332,1970004992,1970.004992,253,85,158,4,20250815_211623
1755260154.2440107,7695371,1970014976,1970.014976,1,80,157,4,20250815_211623
1755260154.2539947,7695410,1970024960,1970.02496,4,84,157,4,20250815_211623
1755260154.2639787,7695449,1970034944,1970.034944,8,83,157,4,20250815_211623
1755260154.2739627,7695488,1970044928,1970.044928,11,60,157,4,20250815_211623
1755260154.2839468,7695527,1970054912,1970.054912,14,92,157,4,20250815_211623
1755260154.2939308,7695566,1970064896,1970.064896,17,87,155,4,20250815_211623
1755260154.3039143,7695605,1970074880,1970.07488,20,63,156,4,20250815_211623
1755260154.3138986,7695644,1970084864,1970.084864,24,59,156,4,20250815_211623
1755260154.3238826,7695683,1970094848,1970.094848,27,72,156,4,20250815_211623
1755260154.3338666,7695722,1970104832,1970.104832,30,82,155,4,20250815_211623
1755260154.3438506,7695761,1970114816,1970.114816,33,80,154,4,20250815_211623
1755260154.3538346,7695800,1970124800,1970.1248,36,62,152,4,20250815_211623
1755260154.3638186,7695839,1970134784,1970.134784,40,61,151,4,20250815_211623
1755260154.3740587,7695879,1970145024,1970.145024,43,58,146,4,20250815_211623
1755260154.3840427,7695918,1970155008,1970.155008,46,64,142,4,20250815_211623
1755260154.3940268,7695957,1970164992,1970.164992,49,61,135,4,20250815_211623
1755260154.4040108,7695996,1970174976,1970.174976,52,57,125,4,20250815_211623
1755260154.4139946,7696035,1970184960,1970.18496,55,36,113,4,20250815_211623
1755260154.4239786,7696074,1970194944,1970.194944,59,33,104,4,20250815_211623
1755260154.4339626,7696113,1970204928,1970.204928,62,32,97,4,20250815_211623
1755260154.4439466,7696152,1970214912,1970.214912,65,32,92,4,20250815_211623
1755260154.4539306,7696191,1970224896,1970.224896,68,32,89,4,20250815_211623
1755260154.4641707,7696231,1970235136,1970.235136,71,33,87,4,20250815_211623
1755260154.4741547,7696270,1970245120,1970.24512,75,33,86,4,20250815_211623
1755260154.4841387,7696309,1970255104,1970.255104,78,34,88,4,20250815_211623
1755260154.4941227,7696348,1970265088,1970.265088,81,34,91,4,20250815_211623
1755260154.5041068,7696387,1970275072,1970.275072,84,37,91,4,20250815_211623
1755260154.5140908,7696426,1970285056,1970.285056,87,48,89,4,20250815_211623
1755260154.5240746,7696465,1970295040,1970.29504,91,67,88,4,20250815_211623
1755260154.5343146,7696505,1970305280,1970.30528,94,72,89,4,20250815_211623
1755260154.5442986,7696544,1970315264,1970.315264,97,76,90,4,20250815_211623
1755260154.554283,7696583,1970325248,1970.325248,100,71,90,4,20250815_211623
1755260154.5642667,7696622,1970335232,1970.335232,103,72,88,4,20250815_211623
1755260154.5742507,7696661,1970345216,1970.345216,107,68,89,4,20250815_211623
1755260154.5842347,7696700,1970355200,1970.3552,110,40,89,4,20250815_211623
1755260154.5942187,7696739,1970365184,1970.365184,113,38,89,4,20250815_211623
1755260154.6042027,7696778,1970375168,1970.375168,116,41,91,4,20250815_211623
1755260154.6144426,7696818,1970385408,1970.385408,119,42,91,4,20250815_211623
1755260154.6244266,7696857,1970395392,1970.395392,122,76,91,4,20250815_211623
1755260154.6344106,7696896,1970405376,1970.405376,126,85,89,4,20250815_211623
1755260154.6443946,7696935,1970415360,1970.41536,129,91,88,4,20250815_211623
1755260154.654379,7696974,1970425344,1970.425344,132,89,90,4,20250815_211623
1755260154.664363,7697013,1970435328,1970.435328,135,94,91,4,20250815_211623
1755260154.6746027,7697053,1970445568,1970.445568,138,92,91,4,20250815_211623
1755260154.6845868,7697092,1970455552,1970.455552,142,96,92,4,20250815_211623
1755260154.6945708,7697131,1970465536,1970.465536,145,95,92,4,20250815_211623
1755260154.7045546,7697170,1970475520,1970.47552,148,100,93,4,20250815_211623
1755260154.7145386,7697209,1970485504,1970.485504,151,98,93,4,20250815_211623
1755260154.7245226,7697248,1970495488,1970.495488,154,102,95,4,20250815_211623
1755260154.7345066,7697287,1970505472,1970.505472,158,100,95,4,20250815_211623
1755260154.7447467,7697327,1970515712,1970.515712,161,104,96,4,20250815_211623
1755260154.7547307,7697366,1970525696,1970.525696,164,100,97,4,20250815_211623
1755260154.7647147,7697405,1970535680,1970.53568,167,102,100,4,20250815_211623
1755260154.7746987,7697444,1970545664,1970.545664,170,98,104,4,20250815_211623
1755260154.7846828,7697483,1970555648,1970.555648,174,100,108,4,20250815_211623
1755260154.7946668,7697522,1970565632,1970.565632,177,96,115,4,20250815_211623
1755260154.8046503,7697561,1970575616,1970.575616,180,72,123,4,20250815_211623
1755260154.8148906,7697601,1970585856,1970.585856,183,50,127,4,20250815_211623
1755260154.8248746,7697640,1970595840,1970.59584,186,51,131,4,20250815_211623
1755260154.834859,7697679,1970605824,1970.605824,190,52,135,4,20250815_211623
1755260154.844843,7697718,1970615808,1970.615808,193,90,141,4,20250815_211623
1755260154.8548267,7697757,1970625792,1970.625792,196,96,148,4,20250815_211623
1755260154.8648107,7697796,1970635776,1970.635776,199,101,149,4,20250815_211623
1755260154.8747947,7697835,1970645760,1970.64576,202,100,149,4,20250815_211623
1755260154.8847787,7697874,1970655744,1970.655744,206,105,150,4,20250815_211623
1755260154.8950186,7697914,1970665984,1970.665984,209,101,150,4,20250815_211623
1755260154.9050026,7697953,1970675968,1970.675968,212,97,153,4,20250815_211623
1755260154.9149866,7697992,1970685952,1970.685952,215,68,154,4,20250815_211623
1755260154.9249706,7698031,1970695936,1970.695936,218,53,154,4,20250815_211623
1755260154.9349546,7698070,1970705920,1970.70592,221,49,155,4,20250815_211623
1755260154.944939,7698109,1970715904,1970.715904,225,50,157,4,20250815_211623
1755260154.954923,7698148,1970725888,1970.725888,228,48,155,4,20250815_211623
1755260154.9649067,7698187,1970735872,1970.735872,231,56,156,4,20250815_211623
1755260154.9748907,7698226,1970745856,1970.745856,234,67,156,4,20250815_211623
1755260154.9848747,7698265,1970755840,1970.75584,237,81,158,4,20250815_211623
1755260154.9948587,7698304,1970765824,1970.765824,241,90,158,4,20250815_211623
1755260155.0048428,7698343,1970775808,1970.775808,244,97,157,4,20250815_211623
1755260155.0148268,7698382,1970785792,1970.785792,247,97,158,4,20250815_211623
1755260155.0248106,7698421,1970795776,1970.795776,250,93,158,4,20250815_211623
1755260155.0350506,7698461,1970806016,1970.806016,253,98,158,4,20250815_211623
1755260155.0450346,7698500,1970816000,1970.816,1,91,157,4,20250815_211623
1755260155.055019,7698539,1970825984,1970.825984,5,91,156,4,20250815_211623
1755260155.065003,7698578,1970835968,1970.835968,8,95,157,4,20250815_211623
1755260155.0749867,7698617,1970845952,1970.845952,11,89,156,4,20250815_211623
1755260155.0849707,7698656,1970855936,1970.855936,14,89,156,4,20250815_211623
1755260155.0949547,7698695,1970865920,1970.86592,17,85,155,4,20250815_211623
1755260155.1049387,7698734,1970875904,1970.875904,21,87,155,4,20250815_211623
1755260155.1149228,7698773,1970885888,1970.885888,24,83,154,4,20250815_211623
1755260155.1249068,7698812,1970895872,1970.895872,27,85,154,4,20250815_211623
1755260155.1348906,7698851,1970905856,1970.905856,30,82,152,4,20250815_211623
1755260155.1448746,7698890,1970915840,1970.91584,33,82,152,4,20250815_211623
1755260155.1548586,7698929,1970925824,1970.925824,37,79,151,4,20250815_211623
1755260155.1648426,7698968,1970935808,1970.935808,40,79,149,4,20250815_211623
1755260155.1748266,7699007,1970945792,1970.945792,43,76,146,4,20250815_211623
1755260155.1850667,7699047,1970956032,1970.956032,46,76,139,4,20250815_211623
1755260155.1950507,7699086,1970966016,1970.966016,49,72,130,4,20250815_211623
1755260155.2050347,7699125,1970976000,1970.976,52,69,120,4,20250815_211623
1755260155.2150187,7699164,1970985984,1970.985984,56,52,110,4,20250815_211623
1755260155.2250028,7699203,1970995968,1970.995968,59,41,101,4,20250815_211623
1755260155.2349863,7699242,1971005952,1971.005952,62,38,95,4,20250815_211623
1755260155.2449706,7699281,1971015936,1971.015936,65,39,91,4,20250815_211623
1755260155.2549546,7699320,1971025920,1971.02592,68,38,87,4,20250815_211623
1755260155.2649386,7699359,1971035904,1971.035904,72,39,86,4,20250815_211623
1755260155.2749226,7699398,1971045888,1971.045888,75,39,86,4,20250815_211623
1755260155.2849066,7699437,1971055872,1971.055872,78,40,89,4,20250815_211623
1755260155.2948906,7699476,1971065856,1971.065856,81,40,90,4,20250815_211623
1755260155.304875,7699515,1971075840,1971.07584,84,44,89,4,20250815_211623
1755260155.314859,7699554,1971085824,1971.085824,88,59,88,4,20250815_211623
1755260155.3248427,7699593,1971095808,1971.095808,91,73,89,4,20250815_211623
1755260155.3350828,7699633,1971106048,1971.106048,94,74,88,4,20250815_211623
1755260155.3450663,7699672,1971116032,1971.116032,97,76,90,4,20250815_211623
1755260155.3550506,7699711,1971126016,1971.126016,100,73,90,4,20250815_211623
1755260155.3650346,7699750,1971136000,1971.136,103,75,91,4,20250815_211623
1755260155.3750186,7699789,1971145984,1971.145984,107,71,89,4,20250815_211623
1755260155.3850026,7699828,1971155968,1971.155968,110,41,90,4,20250815_211623
1755260155.3949866,7699867,1971165952,1971.165952,113,41,90,4,20250815_211623
1755260155.4049706,7699906,1971175936,1971.175936,116,43,91,4,20250815_211623
1755260155.414955,7699945,1971185920,1971.18592,119,45,90,4,20250815_211623
1755260155.424939,7699984,1971195904,1971.195904,123,78,89,4,20250815_211623
1755260155.4349227,7700023,1971205888,1971.205888,126,87,90,4,20250815_211623
1755260155.4449067,7700062,1971215872,1971.215872,129,92,90,4,20250815_211623
1755260155.4548907,7700101,1971225856,1971.225856,132,91,91,4,20250815_211623
1755260155.4648747,7700140,1971235840,1971.23584,135,95,92,4,20250815_211623
1755260155.4748588,7700179,1971245824,1971.245824,139,95,92,4,20250815_211623
1755260155.4850986,7700219,1971256064,1971.256064,142,100,93,4,20250815_211623
1755260155.4950826,7700258,1971266048,1971.266048,145,98,93,4,20250815_211623
1755260155.5050666,7700297,1971276032,1971.276032,148,102,94,4,20250815_211623
1755260155.5150506,7700336,1971286016,1971.286016,151,101,95,4,20250815_211623
1755260155.525035,7700375,1971296000,1971.296,154,106,96,4,20250815_211623
1755260155.5350187,7700414,1971305984,1971.305984,158,103,97,4,20250815_211623
1755260155.5450027,7700453,1971315968,1971.315968,161,108,98,4,20250815_211623
1755260155.5549867,7700492,1971325952,1971.325952,164,105,99,4,20250815_211623
1755260155.5649707,7700531,1971335936,1971.335936,167,105,104,4,20250815_211623
1755260155.5749547,7700570,1971345920,1971.34592,170,99,110,4,20250815_211623
1755260155.5849388,7700609,1971355904,1971.355904,174,102,116,4,20250815_211623
1755260155.5949228,7700648,1971365888,1971.365888,177,97,122,4,20250815_211623
1755260155.6049066,7700687,1971375872,1971.375872,180,74,127,4,20250815_211623
1755260155.6148906,7700726,1971385856,1971.385856,183,51,131,4,20250815_211623
1755260155.625131,7700766,1971396096,1971.396096,186,53,137,4,20250815_211623
1755260155.635115,7700805,1971406080,1971.40608,189,49,143,4,20250815_211623
1755260155.6450987,7700844,1971416064,1971.416064,193,73,148,4,20250815_211623
1755260155.6550827,7700883,1971426048,1971.426048,196,96,149,4,20250815_211623
1755260155.6650667,7700922,1971436032,1971.436032,199,101,149,4,20250815_211623
1755260155.6750507,7700961,1971446016,1971.446016,202,100,151,4,20250815_211623
1755260155.6850348,7701000,1971456000,1971.456,205,104,152,4,20250815_211623
1755260155.6950188,7701039,1971465984,1971.465984,209,100,153,4,20250815_211623
1755260155.7050023,7701078,1971475968,1971.475968,212,99,153,4,20250815_211623
1755260155.7149866,7701117,1971485952,1971.485952,215,70,153,4,20250815_211623
1755260155.7249706,7701156,1971495936,1971.495936,218,54,154,4,20250815_211623
1755260155.7349546,7701195,1971505920,1971.50592,221,46,155,4,20250815_211623
1755260155.7449386,7701234,1971515904,1971.515904,225,46,155,4,20250815_211623
1755260155.7549226,7701273,1971525888,1971.525888,228,49,155,4,20250815_211623
1755260155.7651627,7701313,1971536128,1971.536128,231,60,155,4,20250815_211623
1755260155.7751467,7701352,1971546112,1971.546112,234,71,156,4,20250815_211623
1755260155.7851307,7701391,1971556096,1971.556096,237,88,155,4,20250815_211623
1755260155.7951148,7701430,1971566080,1971.56608,240,93,157,4,20250815_211623
1755260155.8050988,7701469,1971576064,1971.576064,244,96,156,4,20250815_211623
1755260155.8150826,7701508,1971586048,1971.586048,247,93,157,4,20250815_211623
1755260155.8250666,7701547,1971596032,1971.596032,250,95,157,4,20250815_211623
1755260155.8350506,7701586,1971606016,1971.606016,253,90,158,4,20250815_211623
1755260155.8450346,7701625,1971616000,1971.616,1,92,158,4,20250815_211623
1755260155.8550186,7701664,1971625984,1971.625984,5,87,157,4,20250815_211623
1755260155.8650026,7701703,1971635968,1971.635968,8,90,157,4,20250815_211623
1755260155.8749866,7701742,1971645952,1971.645952,11,86,155,4,20250815_211623
1755260155.884971,7701781,1971655936,1971.655936,14,89,156,4,20250815_211623
1755260155.8949547,7701820,1971665920,1971.66592,17,85,156,4,20250815_211623
1755260155.9051948,7701860,1971676160,1971.67616,21,86,155,4,20250815_211623
1755260155.9151788,7701899,1971686144,1971.686144,24,81,155,4,20250815_211623
1755260155.9251626,7701938,1971696128,1971.696128,27,83,153,4,20250815_211623
1755260155.9351466,7701977,1971706112,1971.706112,30,80,153,4,20250815_211623
1755260155.9451306,7702016,1971716096,1971.716096,33,80,152,4,20250815_211623
1755260155.9551146,7702055,1971726080,1971.72608,36,78,150,4,20250815_211623
1755260155.9650986,7702094,1971736064,1971.736064,40,78,148,4,20250815_211623
1755260155.9750826,7702133,1971746048,1971.746048,43,74,144,4,20250815_211623
1755260155.985067,7702172,1971756032,1971.756032,46,76,136,4,20250815_211623
1755260155.995051,7702211,1971766016,1971.766016,49,72,127,4,20250815_211623
1755260156.0050347,7702250,1971776000,1971.776,52,67,117,4,20250815_211623
1755260156.0150187,7702289,1971785984,1971.785984,56,47,106,4,20250815_211623
1755260156.0250027,7702328,1971795968,1971.795968,59,40,99,4,20250815_211623
1755260156.0349867,7702367,1971805952,1971.805952,62,38,93,4,20250815_211623
1755260156.0449708,7702406,1971815936,1971.815936,65,38,90,4,20250815_211623
1755260156.0552106,7702446,1971826176,1971.826176,68,37,88,4,20250815_211623
1755260156.0651946,7702485,1971836160,1971.83616,72,39,86,4,20250815_211623
1755260156.0751786,7702524,1971846144,1971.846144,75,39,86,4,20250815_211623
1755260156.0851626,7702563,1971856128,1971.856128,78,40,90,4,20250815_211623
1755260156.095147,7702602,1971866112,1971.866112,81,40,89,4,20250815_211623
1755260156.105131,7702641,1971876096,1971.876096,84,49,88,4,20250815_211623
1755260156.1151147,7702680,1971886080,1971.88608,87,68,88,4,20250815_211623
1755260156.1250987,7702719,1971896064,1971.896064,91,81,89,4,20250815_211623
1755260156.1350827,7702758,1971906048,1971.906048,94,82,89,4,20250815_211623
1755260156.1450667,7702797,1971916032,1971.916032,97,84,89,4,20250815_211623
1755260156.1550508,7702836,1971926016,1971.926016,100,80,89,4,20250815_211623
1755260156.1650348,7702875,1971936000,1971.936,103,82,90,4,20250815_211623
1755260156.1750183,7702914,1971945984,1971.945984,107,70,89,4,20250815_211623
1755260156.1850026,7702953,1971955968,1971.955968,110,43,89,4,20250815_211623
1755260156.1952426,7702993,1971966208,1971.966208,113,44,90,4,20250815_211623
1755260156.205227,7703032,1971976192,1971.976192,116,47,90,4,20250815_211623
1755260156.215211,7703071,1971986176,1971.986176,119,56,91,4,20250815_211623
1755260156.2251947,7703110,1971996160,1971.99616,122,92,91,4,20250815_211623
1755260156.2351787,7703149,1972006144,1972.006144,126,93,90,4,20250815_211623
1755260156.2451627,7703188,1972016128,1972.016128,129,97,89,4,20250815_211623
1755260156.2551467,7703227,1972026112,1972.026112,132,95,89,4,20250815_211623
1755260156.2651308,7703266,1972036096,1972.036096,135,100,90,4,20250815_211623
1755260156.2751148,7703305,1972046080,1972.04608,138,98,91,4,20250815_211623
1755260156.2850986,7703344,1972056064,1972.056064,142,103,92,4,20250815_211623
1755260156.2950826,7703383,1972066048,1972.066048,145,102,92,4,20250815_211623
1755260156.3050666,7703422,1972076032,1972.076032,148,108,92,4,20250815_211623
1755260156.3150506,7703461,1972086016,1972.086016,151,106,92,4,20250815_211623
1755260156.3250346,7703500,1972096000,1972.096,154,111,93,4,20250815_211623
1755260156.3352747,7703540,1972106240,1972.10624,158,107,94,4,20250815_211623
1755260156.3452587,7703579,1972116224,1972.116224,161,111,96,4,20250815_211623
1755260156.3552427,7703618,1972126208,1972.126208,164,106,97,4,20250815_211623
1755260156.3652267,7703657,1972136192,1972.136192,167,105,101,4,20250815_211623
1755260156.3752108,7703696,1972146176,1972.146176,170,100,104,4,20250815_211623
1755260156.3851948,7703735,1972156160,1972.15616,173,104,110,4,20250815_211623
1755260156.3951786,7703774,1972166144,1972.166144,177,100,118,4,20250815_211623
1755260156.4051626,7703813,1972176128,1972.176128,180,85,125,4,20250815_211623
1755260156.4151466,7703852,1972186112,1972.186112,183,53,128,4,20250815_211623
1755260156.4251306,7703891,1972196096,1972.196096,186,55,132,4,20250815_211623
1755260156.4351146,7703930,1972206080,1972.20608,189,52,137,4,20250815_211623
1755260156.4450986,7703969,1972216064,1972.216064,193,84,142,4,20250815_211623
1755260156.455083,7704008,1972226048,1972.226048,196,101,149,4,20250815_211623
1755260156.465067,7704047,1972236032,1972.236032,199,106,149,4,20250815_211623
1755260156.4753067,7704087,1972246272,1972.246272,202,104,148,4,20250815_211623
1755260156.4852908,7704126,1972256256,1972.256256,205,110,150,4,20250815_211623
1755260156.4952743,7704165,1972266240,1972.26624,209,106,151,4,20250815_211623
1755260156.5052586,7704204,1972276224,1972.276224,212,103,152,4,20250815_211623
1755260156.5152426,7704243,1972286208,1972.286208,215,75,155,4,20250815_211623
1755260156.5252266,7704282,1972296192,1972.296192,218,58,154,4,20250815_211623
1755260156.5352106,7704321,1972306176,1972.306176,221,53,156,4,20250815_211623
1755260156.5451946,7704360,1972316160,1972.31616,224,52,156,4,20250815_211623
1755260156.5551786,7704399,1972326144,1972.326144,228,51,157,4,20250815_211623
1755260156.565163,7704438,1972336128,1972.336128,231,61,157,4,20250815_211623
1755260156.575147,7704477,1972346112,1972.346112,234,70,156,4,20250815_211623
1755260156.5851307,7704516,1972356096,1972.356096,237,86,157,4,20250815_211623
1755260156.5951147,7704555,1972366080,1972.36608,240,94,157,4,20250815_211623
1755260156.6050987,7704594,1972376064,1972.376064,244,99,156,4,20250815_211623
1755260156.6153386,7704634,1972386304,1972.386304,247,96,158,4,20250815_211623
1755260156.6253226,7704673,1972396288,1972.396288,250,99,158,4,20250815_211623
1755260156.6353066,7704712,1972406272,1972.406272,253,94,157,4,20250815_211623
1755260156.6452906,7704751,1972416256,1972.416256,1,96,158,4,20250815_211623
1755260156.6552746,7704790,1972426240,1972.42624,5,91,157,4,20250815_211623
1755260156.6652586,7704829,1972436224,1972.436224,8,93,156,4,20250815_211623
1755260156.675243,7704868,1972446208,1972.446208,11,89,156,4,20250815_211623
1755260156.685227,7704907,1972456192,1972.456192,14,91,156,4,20250815_211623
1755260156.6952107,7704946,1972466176,1972.466176,17,87,155,4,20250815_211623
1755260156.7051947,7704985,1972476160,1972.47616,20,88,155,4,20250815_211623
1755260156.7151787,7705024,1972486144,1972.486144,24,84,155,4,20250815_211623
1755260156.7251627,7705063,1972496128,1972.496128,27,86,154,4,20250815_211623
1755260156.7351468,7705102,1972506112,1972.506112,30,82,154,4,20250815_211623
1755260156.7451308,7705141,1972516096,1972.516096,33,84,153,4,20250815_211623
1755260156.7551146,7705180,1972526080,1972.52608,36,80,151,4,20250815_211623
1755260156.7653546,7705220,1972536320,1972.53632,40,81,150,4,20250815_211623
1755260156.7753386,7705259,1972546304,1972.546304,43,77,145,4,20250815_211623
1755260156.785323,7705298,1972556288,1972.556288,46,78,139,4,20250815_211623
1755260156.7953067,7705337,1972566272,1972.566272,49,73,131,4,20250815_211623
1755260156.8052907,7705376,1972576256,1972.576256,52,71,123,4,20250815_211623
1755260156.8152747,7705415,1972586240,1972.58624,55,56,112,4,20250815_211623
1755260156.8252587,7705454,1972596224,1972.596224,59,42,102,4,20250815_211623
1755260156.8352427,7705493,1972606208,1972.606208,62,38,95,4,20250815_211623
1755260156.8452268,7705532,1972616192,1972.616192,65,39,91,4,20250815_211623
1755260156.8552108,7705571,1972626176,1972.626176,68,37,87,4,20250815_211623
1755260156.8651946,7705610,1972636160,1972.63616,71,39,86,4,20250815_211623
1755260156.8751786,7705649,1972646144,1972.646144,75,38,86,4,20250815_211623
1755260156.8851626,7705688,1972656128,1972.656128,78,40,87,4,20250815_211623
1755260156.8951466,7705727,1972666112,1972.666112,81,40,89,4,20250815_211623
1755260156.9053867,7705767,1972676352,1972.676352,84,50,90,4,20250815_211623
1755260156.9153707,7705806,1972686336,1972.686336,87,68,87,4,20250815_211623
1755260156.9253547,7705845,1972696320,1972.69632,91,79,88,4,20250815_211623
1755260156.9353387,7705884,1972706304,1972.706304,94,78,90,4,20250815_211623
1755260156.9453228,7705923,1972716288,1972.716288,97,81,88,4,20250815_211623
1755260156.9553068,7705962,1972726272,1972.726272,100,77,89,4,20250815_211623
1755260156.9652903,7706001,1972736256,1972.736256,103,80,89,4,20250815_211623
1755260156.9752746,7706040,1972746240,1972.74624,106,69,88,4,20250815_211623
1755260156.9852586,7706079,1972756224,1972.756224,110,42,89,4,20250815_211623
1755260156.9952426,7706118,1972766208,1972.766208,113,43,90,4,20250815_211623
1755260157.0052266,7706157,1972776192,1972.776192,116,46,90,4,20250815_211623
1755260157.0152106,7706196,1972786176,1972.786176,119,53,89,4,20250815_211623
1755260157.0251946,7706235,1972796160,1972.79616,122,91,89,4,20250815_211623
1755260157.035179,7706274,1972806144,1972.806144,126,94,89,4,20250815_211623
1755260157.045163,7706313,1972816128,1972.816128,129,97,90,4,20250815_211623
1755260157.0554028,7706353,1972826368,1972.826368,132,96,92,4,20250815_211623
1755260157.0653868,7706392,1972836352,1972.836352,135,99,92,4,20250815_211623
1755260157.0753706,7706431,1972846336,1972.846336,138,98,92,4,20250815_211623
1755260157.0853546,7706470,1972856320,1972.85632,142,102,93,4,20250815_211623
1755260157.0953386,7706509,1972866304,1972.866304,145,101,94,4,20250815_211623
1755260157.1053226,7706548,1972876288,1972.876288,148,107,94,4,20250815_211623
1755260157.1153066,7706587,1972886272,1972.886272,151,106,95,4,20250815_211623
1755260157.1252906,7706626,1972896256,1972.896256,154,111,96,4,20250815_211623
1755260157.1352746,7706665,1972906240,1972.90624,157,106,97,4,20250815_211623
1755260157.145259,7706704,1972916224,1972.916224,161,109,99,4,20250815_211623
1755260157.1552427,7706743,1972926208,1972.926208,164,104,100,4,20250815_211623
1755260157.1652267,7706782,1972936192,1972.936192,167,106,106,4,20250815_211623
1755260157.1752107,7706821,1972946176,1972.946176,170,101,111,4,20250815_211623
1755260157.1851947,7706860,1972956160,1972.95616,173,104,117,4,20250815_211623
1755260157.1954346,7706900,1972966400,1972.9664,177,100,125,4,20250815_211623
1755260157.2054186,7706939,1972976384,1972.976384,180,86,127,4,20250815_211623
1755260157.2154026,7706978,1972986368,1972.986368,183,53,131,4,20250815_211623
1755260157.2253866,7707017,1972996352,1972.996352,186,55,136,4,20250815_211623
1755260157.2353706,7707056,1973006336,1973.006336,189,51,141,4,20250815_211623
1755260157.245355,7707095,1973016320,1973.01632,193,68,148,4,20250815_211623
1755260157.255339,7707134,1973026304,1973.026304,196,99,150,4,20250815_211623
1755260157.2653227,7707173,1973036288,1973.036288,199,105,150,4,20250815_211623
1755260157.2753067,7707212,1973046272,1973.046272,202,105,150,4,20250815_211623
1755260157.2852907,7707251,1973056256,1973.056256,205,109,150,4,20250815_211623
1755260157.2952747,7707290,1973066240,1973.06624,208,104,153,4,20250815_211623
1755260157.3052588,7707329,1973076224,1973.076224,212,106,155,4,20250815_211623
1755260157.3152428,7707368,1973086208,1973.086208,215,84,154,4,20250815_211623
1755260157.3254826,7707408,1973096448,1973.096448,218,66,154,4,20250815_211623
1755260157.3354666,7707447,1973106432,1973.106432,221,53,155,4,20250815_211623
1755260157.3454506,7707486,1973116416,1973.116416,224,52,157,4,20250815_211623
1755260157.355435,7707525,1973126400,1973.1264,228,58,157,4,20250815_211623
1755260157.365419,7707564,1973136384,1973.136384,231,71,156,4,20250815_211623
1755260157.3754027,7707603,1973146368,1973.146368,234,81,156,4,20250815_211623
1755260157.3853867,7707642,1973156352,1973.156352,237,96,157,4,20250815_211623
1755260157.3953707,7707681,1973166336,1973.166336,240,97,157,4,20250815_211623
1755260157.4053547,7707720,1973176320,1973.17632,243,99,159,4,20250815_211623
1755260157.4153388,7707759,1973186304,1973.186304,247,95,158,4,20250815_211623
1755260157.4253228,7707798,1973196288,1973.196288,250,98,158,4,20250815_211623
1755260157.4353063,7707837,1973206272,1973.206272,253,95,158,4,20250815_211623
1755260157.4452906,7707876,1973216256,1973.216256,1,98,159,4,20250815_211623
1755260157.4552746,7707915,1973226240,1973.22624,4,93,158,4,20250815_211623
1755260157.4652586,7707954,1973236224,1973.236224,8,95,157,4,20250815_211623
1755260157.475499,7707994,1973246464,1973.246464,11,92,158,4,20250815_211623
1755260157.4854827,7708033,1973256448,1973.256448,14,93,157,4,20250815_211623
1755260157.4954667,7708072,1973266432,1973.266432,17,87,156,4,20250815_211623
1755260157.5054507,7708111,1973276416,1973.276416,20,89,156,4,20250815_211623
1755260157.5154347,7708150,1973286400,1973.2864,24,87,156,4,20250815_211623
1755260157.5254188,7708189,1973296384,1973.296384,27,88,155,4,20250815_211623
1755260157.5354028,7708228,1973306368,1973.306368,30,83,154,4,20250815_211623
1755260157.5453866,7708267,1973316352,1973.316352,33,84,153,4,20250815_211623
1755260157.5553706,7708306,1973326336,1973.326336,36,80,151,4,20250815_211623
1755260157.5653546,7708345,1973336320,1973.33632,39,83,149,4,20250815_211623
1755260157.5753386,7708384,1973346304,1973.346304,43,81,144,4,20250815_211623
1755260157.5853226,7708423,1973356288,1973.356288,46,82,138,4,20250815_211623
1755260157.5953066,7708462,1973366272,1973.366272,49,77,131,4,20250815_211623
1755260157.605291,7708501,1973376256,1973.376256,52,75,121,4,20250815_211623
1755260157.6155307,7708541,1973386496,1973.386496,55,61,109,4,20250815_211623
1755260157.6255147,7708580,1973396480,1973.39648,59,45,100,4,20250815_211623
1755260157.6354988,7708619,1973406464,1973.406464,62,39,94,4,20250815_211623
1755260157.6454828,7708658,1973416448,1973.416448,65,40,91,4,20250815_211623
1755260157.6554666,7708697,1973426432,1973.426432,68,40,88,4,20250815_211623
1755260157.6654506,7708736,1973436416,1973.436416,71,41,86,4,20250815_211623
1755260157.6754346,7708775,1973446400,1973.4464,75,40,86,4,20250815_211623
1755260157.6854186,7708814,1973456384,1973.456384,78,43,89,4,20250815_211623
1755260157.6954026,7708853,1973466368,1973.466368,81,48,90,4,20250815_211623
1755260157.7053866,7708892,1973476352,1973.476352,84,71,90,4,20250815_211623
1755260157.715371,7708931,1973486336,1973.486336,87,83,88,4,20250815_211623
1755260157.725355,7708970,1973496320,1973.49632,90,88,88,4,20250815_211623
1755260157.7353387,7709009,1973506304,1973.506304,94,85,90,4,20250815_211623
1755260157.7453227,7709048,1973516288,1973.516288,97,86,89,4,20250815_211623
1755260157.7553067,7709087,1973526272,1973.526272,100,83,89,4,20250815_211623
1755260157.7655466,7709127,1973536512,1973.536512,103,87,89,4,20250815_211623
1755260157.7755306,7709166,1973546496,1973.546496,106,50,89,4,20250815_211623
1755260157.7855146,7709205,1973556480,1973.55648,110,45,89,4,20250815_211623
1755260157.7954986,7709244,1973566464,1973.566464,113,47,90,4,20250815_211623
1755260157.8054826,7709283,1973576448,1973.576448,116,50,90,4,20250815_211623
1755260157.8154666,7709322,1973586432,1973.586432,119,74,90,4,20250815_211623
1755260157.825451,7709361,1973596416,1973.596416,122,96,89,4,20250815_211623
1755260157.835435,7709400,1973606400,1973.6064,126,96,89,4,20250815_211623
1755260157.8454187,7709439,1973616384,1973.616384,129,101,89,4,20250815_211623
1755260157.8554027,7709478,1973626368,1973.626368,132,99,90,4,20250815_211623
1755260157.8653867,7709517,1973636352,1973.636352,135,103,92,4,20250815_211623
1755260157.8753707,7709556,1973646336,1973.646336,138,101,92,4,20250815_211623
1755260157.8853548,7709595,1973656320,1973.65632,141,109,92,4,20250815_211623
1755260157.8953388,7709634,1973666304,1973.666304,145,109,93,4,20250815_211623
1755260157.9055786,7709674,1973676544,1973.676544,148,116,94,4,20250815_211623
1755260157.9155626,7709713,1973686528,1973.686528,151,115,94,4,20250815_211623
1755260157.9255466,7709752,1973696512,1973.696512,154,120,94,4,20250815_211623
1755260157.935531,7709791,1973706496,1973.706496,157,116,96,4,20250815_211623
1755260157.945515,7709830,1973716480,1973.71648,161,118,98,4,20250815_211623
1755260157.9554987,7709869,1973726464,1973.726464,164,111,100,4,20250815_211623
1755260157.9654827,7709908,1973736448,1973.736448,167,108,104,4,20250815_211623
1755260157.9754667,7709947,1973746432,1973.746432,170,102,108,4,20250815_211623
1755260157.9854507,7709986,1973756416,1973.756416,173,104,115,4,20250815_211623
1755260157.9954348,7710025,1973766400,1973.7664,177,100,122,4,20250815_211623
1755260158.0054188,7710064,1973776384,1973.776384,180,95,127,4,20250815_211623
1755260158.0154026,7710103,1973786368,1973.786368,183,56,130,4,20250815_211623
1755260158.0253866,7710142,1973796352,1973.796352,186,58,134,4,20250815_211623
1755260158.0353706,7710181,1973806336,1973.806336,189,54,139,4,20250815_211623
1755260158.045611,7710221,1973816576,1973.816576,192,67,146,4,20250815_211623
1755260158.0555947,7710260,1973826560,1973.82656,196,102,150,4,20250815_211623
1755260158.0655787,7710299,1973836544,1973.836544,199,109,149,4,20250815_211623
1755260158.0755627,7710338,1973846528,1973.846528,202,108,148,4,20250815_211623
1755260158.0855467,7710377,1973856512,1973.856512,205,112,150,4,20250815_211623
1755260158.0955307,7710416,1973866496,1973.866496,208,109,152,4,20250815_211623
1755260158.1055148,7710455,1973876480,1973.87648,212,112,154,4,20250815_211623
1755260158.1154988,7710494,1973886464,1973.886464,215,99,154,4,20250815_211623
1755260158.1254826,7710533,1973896448,1973.896448,218,81,155,4,20250815_211623
1755260158.1354666,7710572,1973906432,1973.906432,221,63,156,4,20250815_211623
1755260158.1454506,7710611,1973916416,1973.916416,224,65,157,4,20250815_211623
1755260158.1554346,7710650,1973926400,1973.9264,227,74,157,4,20250815_211623
1755260158.1654186,7710689,1973936384,1973.936384,231,90,156,4,20250815_211623
1755260158.1754026,7710728,1973946368,1973.946368,234,97,156,4,20250815_211623
1755260158.1856427,7710768,1973956608,1973.956608,237,107,157,4,20250815_211623
1755260158.1956267,7710807,1973966592,1973.966592,240,105,158,4,20250815_211623
1755260158.2056108,7710846,1973976576,1973.976576,243,107,159,4,20250815_211623
1755260158.2155948,7710885,1973986560,1973.98656,247,101,158,4,20250815_211623
1755260158.2255783,7710924,1973996544,1973.996544,250,104,158,4,20250815_211623
1755260158.2355626,7710963,1974006528,1974.006528,253,100,159,4,20250815_211623
1755260158.2455466,7711002,1974016512,1974.016512,1,102,158,4,20250815_211623
1755260158.2555306,7711041,1974026496,1974.026496,4,99,158,4,20250815_211623
1755260158.2655146,7711080,1974036480,1974.03648,8,101,158,4,20250815_211623
1755260158.2754986,7711119,1974046464,1974.046464,11,96,157,4,20250815_211623
1755260158.2854826,7711158,1974056448,1974.056448,14,97,157,4,20250815_211623
1755260158.295467,7711197,1974066432,1974.066432,17,94,157,4,20250815_211623
1755260158.305451,7711236,1974076416,1974.076416,20,95,157,4,20250815_211623
1755260158.3154347,7711275,1974086400,1974.0864,23,92,156,4,20250815_211623
1755260158.3254187,7711314,1974096384,1974.096384,27,93,156,4,20250815_211623
1755260158.3356586,7711354,1974106624,1974.106624,30,89,155,4,20250815_211623
1755260158.3456426,7711393,1974116608,1974.116608,33,91,154,4,20250815_211623
1755260158.3556266,7711432,1974126592,1974.126592,36,88,152,4,20250815_211623
1755260158.3656106,7711471,1974136576,1974.136576,39,88,151,4,20250815_211623
1755260158.3755946,7711510,1974146560,1974.14656,43,84,147,4,20250815_211623
1755260158.3855786,7711549,1974156544,1974.156544,46,85,144,4,20250815_211623
1755260158.3955626,7711588,1974166528,1974.166528,49,80,137,4,20250815_211623
1755260158.405547,7711627,1974176512,1974.176512,52,81,127,4,20250815_211623
1755260158.4155307,7711666,1974186496,1974.186496,55,71,116,4,20250815_211623
1755260158.4255147,7711705,1974196480,1974.19648,59,53,106,4,20250815_211623
1755260158.4354987,7711744,1974206464,1974.206464,62,40,97,4,20250815_211623
1755260158.4454827,7711783,1974216448,1974.216448,65,40,92,4,20250815_211623
1755260158.4554667,7711822,1974226432,1974.226432,68,39,90,4,20250815_211623
1755260158.4654508,7711861,1974236416,1974.236416,71,41,87,4,20250815_211623
1755260158.4756906,7711901,1974246656,1974.246656,74,40,86,4,20250815_211623
1755260158.4856746,7711940,1974256640,1974.25664,78,42,87,4,20250815_211623
1755260158.4956586,7711979,1974266624,1974.266624,81,45,90,4,20250815_211623
1755260158.505643,7712018,1974276608,1974.276608,84,60,89,4,20250815_211623
1755260158.515627,7712057,1974286592,1974.286592,87,77,88,4,20250815_211623
1755260158.5256107,7712096,1974296576,1974.296576,90,83,88,4,20250815_211623
1755260158.5355947,7712135,1974306560,1974.30656,94,82,89,4,20250815_211623
1755260158.5455787,7712174,1974316544,1974.316544,97,84,89,4,20250815_211623
1755260158.5555627,7712213,1974326528,1974.326528,100,80,88,4,20250815_211623
1755260158.5655468,7712252,1974336512,1974.336512,103,83,88,4,20250815_211623
1755260158.5755308,7712291,1974346496,1974.346496,106,60,89,4,20250815_211623
1755260158.5855143,7712330,1974356480,1974.35648,109,44,88,4,20250815_211623
1755260158.5954986,7712369,1974366464,1974.366464,113,46,89,4,20250815_211623
1755260158.6054826,7712408,1974376448,1974.376448,116,49,90,4,20250815_211623
1755260158.6154666,7712447,1974386432,1974.386432,119,66,90,4,20250815_211623
1755260158.625707,7712487,1974396672,1974.396672,122,97,88,4,20250815_211623
1755260158.6356907,7712526,1974406656,1974.406656,125,97,89,4,20250815_211623
1755260158.6456747,7712565,1974416640,1974.41664,129,101,90,4,20250815_211623
1755260158.6556587,7712604,1974426624,1974.426624,132,99,90,4,20250815_211623
1755260158.6656427,7712643,1974436608,1974.436608,135,103,91,4,20250815_211623
1755260158.6756268,7712682,1974446592,1974.446592,138,103,91,4,20250815_211623
1755260158.6856108,7712721,1974456576,1974.456576,141,114,91,4,20250815_211623
1755260158.6955943,7712760,1974466560,1974.46656,145,116,91,4,20250815_211623
1755260158.7055786,7712799,1974476544,1974.476544,148,122,92,4,20250815_211623
1755260158.7155626,7712838,1974486528,1974.486528,151,120,92,4,20250815_211623
1755260158.7255466,7712877,1974496512,1974.496512,154,124,94,4,20250815_211623
1755260158.7355306,7712916,1974506496,1974.506496,157,122,94,4,20250815_211623
1755260158.7455146,7712955,1974516480,1974.51648,160,124,96,4,20250815_211623
1755260158.7554986,7712994,1974526464,1974.526464,164,117,97,4,20250815_211623
1755260158.765483,7713033,1974536448,1974.536448,167,117,100,4,20250815_211623
1755260158.7757227,7713073,1974546688,1974.546688,170,106,104,4,20250815_211623
1755260158.7857068,7713112,1974556672,1974.556672,173,108,110,4,20250815_211623
1755260158.7956908,7713151,1974566656,1974.566656,176,104,117,4,20250815_211623
1755260158.8056746,7713190,1974576640,1974.57664,180,105,124,4,20250815_211623
1755260158.8156586,7713229,1974586624,1974.586624,183,65,127,4,20250815_211623
1755260158.8256426,7713268,1974596608,1974.596608,186,58,131,4,20250815_211623
1755260158.8356266,7713307,1974606592,1974.606592,189,57,136,4,20250815_211623
1755260158.8456106,7713346,1974616576,1974.616576,192,59,141,4,20250815_211623
1755260158.8555946,7713385,1974626560,1974.62656,196,93,147,4,20250815_211623
1755260158.865579,7713424,1974636544,1974.636544,199,111,150,4,20250815_211623
1755260158.875563,7713463,1974646528,1974.646528,202,108,149,4,20250815_211623
1755260158.8855467,7713502,1974656512,1974.656512,205,113,150,4,20250815_211623
1755260158.8955307,7713541,1974666496,1974.666496,208,110,151,4,20250815_211623
1755260158.9055147,7713580,1974676480,1974.67648,211,114,153,4,20250815_211623
1755260158.9157546,7713620,1974686720,1974.68672,215,106,156,4,20250815_211623
1755260158.9257386,7713659,1974696704,1974.696704,218,88,156,4,20250815_211623
1755260158.9357226,7713698,1974706688,1974.706688,221,67,155,4,20250815_211623
1755260158.9457066,7713737,1974716672,1974.716672,224,68,157,4,20250815_211623
1755260158.9556906,7713776,1974726656,1974.726656,227,75,157,4,20250815_211623
1755260158.9656746,7713815,1974736640,1974.73664,231,90,158,4,20250815_211623
1755260158.975659,7713854,1974746624,1974.746624,234,98,156,4,20250815_211623
1755260158.985643,7713893,1974756608,1974.756608,237,107,158,4,20250815_211623
1755260158.9956267,7713932,1974766592,1974.766592,240,105,158,4,20250815_211623
1755260159.0056107,7713971,1974776576,1974.776576,243,106,157,4,20250815_211623
1755260159.0155947,7714010,1974786560,1974.78656,247,102,158,4,20250815_211623
1755260159.0255787,7714049,1974796544,1974.796544,250,104,159,4,20250815_211623
1755260159.0355628,7714088,1974806528,1974.806528,253,99,158,4,20250815_211623
1755260159.0455468,7714127,1974816512,1974.816512,1,102,158,4,20250815_211623
1755260159.0555303,7714166,1974826496,1974.826496,4,98,158,4,20250815_211623
1755260159.0657706,7714206,1974836736,1974.836736,7,101,157,4,20250815_211623
1755260159.0757546,7714245,1974846720,1974.84672,11,98,156,4,20250815_211623
1755260159.085739,7714284,1974856704,1974.856704,14,100,157,4,20250815_211623
1755260159.095723,7714323,1974866688,1974.866688,17,96,156,4,20250815_211623
1755260159.1057067,7714362,1974876672,1974.876672,20,97,156,4,20250815_211623
1755260159.1156907,7714401,1974886656,1974.886656,23,93,155,4,20250815_211623
1755260159.1256747,7714440,1974896640,1974.89664,27,95,155,4,20250815_211623
1755260159.1356587,7714479,1974906624,1974.906624,30,91,154,4,20250815_211623
1755260159.1456428,7714518,1974916608,1974.916608,33,94,153,4,20250815_211623
1755260159.1556268,7714557,1974926592,1974.926592,36,91,151,4,20250815_211623
1755260159.1656106,7714596,1974936576,1974.936576,39,93,149,4,20250815_211623
1755260159.1755946,7714635,1974946560,1974.94656,42,90,145,4,20250815_211623
1755260159.1855786,7714674,1974956544,1974.956544,46,91,140,4,20250815_211623
1755260159.1955626,7714713,1974966528,1974.966528,49,89,131,4,20250815_211623
1755260159.205803,7714753,1974976768,1974.976768,52,90,123,4,20250815_211623
1755260159.2157867,7714792,1974986752,1974.986752,55,86,112,4,20250815_211623
1755260159.2257707,7714831,1974996736,1974.996736,58,76,103,4,20250815_211623
1755260159.2357547,7714870,1975006720,1975.00672,62,54,97,4,20250815_211623
1755260159.2457387,7714909,1975016704,1975.016704,65,46,92,4,20250815_211623
1755260159.2557228,7714948,1975026688,1975.026688,68,44,89,4,20250815_211623
1755260159.2657068,7714987,1975036672,1975.036672,71,46,87,4,20250815_211623
1755260159.2756906,7715026,1975046656,1975.046656,74,48,86,4,20250815_211623
1755260159.2856746,7715065,1975056640,1975.05664,78,55,86,4,20250815_211623
1755260159.2956586,7715104,1975066624,1975.066624,81,71,89,4,20250815_211623
1755260159.3056426,7715143,1975076608,1975.076608,84,90,89,4,20250815_211623
1755260159.3156266,7715182,1975086592,1975.086592,87,92,89,4,20250815_211623
1755260159.3256106,7715221,1975096576,1975.096576,90,95,88,4,20250815_211623
1755260159.335595,7715260,1975106560,1975.10656,93,91,88,4,20250815_211623
1755260159.3458347,7715300,1975116800,1975.1168,97,92,89,4,20250815_211623
1755260159.3558187,7715339,1975126784,1975.126784,100,88,89,4,20250815_211623
1755260159.3658028,7715378,1975136768,1975.136768,103,90,89,4,20250815_211623
1755260159.3757868,7715417,1975146752,1975.146752,106,59,88,4,20250815_211623
1755260159.3857706,7715456,1975156736,1975.156736,109,48,88,4,20250815_211623
1755260159.3957546,7715495,1975166720,1975.16672,113,49,89,4,20250815_211623
1755260159.4057386,7715534,1975176704,1975.176704,116,53,91,4,20250815_211623
1755260159.4157226,7715573,1975186688,1975.186688,119,74,90,4,20250815_211623
1755260159.4257066,7715612,1975196672,1975.196672,122,106,91,4,20250815_211623
1755260159.4356906,7715651,1975206656,1975.206656,125,90,88,4,20250815_211623
1755260159.445675,7715690,1975216640,1975.21664,129,97,89,4,20250815_211623
1755260159.455659,7715729,1975226624,1975.226624,132,108,89,4,20250815_211623
1755260159.4656427,7715768,1975236608,1975.236608,135,106,90,4,20250815_211623
1755260159.4756267,7715807,1975246592,1975.246592,138,100,91,4,20250815_211623
1755260159.4856107,7715846,1975256576,1975.256576,141,109,91,4,20250815_211623
1755260159.4958506,7715886,1975266816,1975.266816,144,116,92,4,20250815_211623
1755260159.5058346,7715925,1975276800,1975.2768,148,125,92,4,20250815_211623
1755260159.5158186,7715964,1975286784,1975.286784,151,119,92,4,20250815_211623
1755260159.5258026,7716003,1975296768,1975.296768,154,121,93,4,20250815_211623
1755260159.5357866,7716042,1975306752,1975.306752,157,117,94,4,20250815_211623
1755260159.5457706,7716081,1975316736,1975.316736,160,122,95,4,20250815_211623
1755260159.555755,7716120,1975326720,1975.32672,164,121,96,4,20250815_211623
1755260159.565739,7716159,1975336704,1975.336704,167,113,99,4,20250815_211623
1755260159.5757227,7716198,1975346688,1975.346688,170,107,103,4,20250815_211623
1755260159.5857067,7716237,1975356672,1975.356672,173,106,106,4,20250815_211623
1755260159.5956907,7716276,1975366656,1975.366656,176,102,114,4,20250815_211623
1755260159.6056747,7716315,1975376640,1975.37664,180,105,122,4,20250815_211623
1755260159.6156588,7716354,1975386624,1975.386624,183,63,127,4,20250815_211623
1755260159.6256428,7716393,1975396608,1975.396608,186,59,130,4,20250815_211623
1755260159.6358826,7716433,1975406848,1975.406848,189,60,133,4,20250815_211623
1755260159.6458666,7716472,1975416832,1975.416832,192,61,138,4,20250815_211623
1755260159.6558506,7716511,1975426816,1975.426816,195,92,146,4,20250815_211623
1755260159.665835,7716550,1975436800,1975.4368,199,117,149,4,20250815_211623
1755260159.6758187,7716589,1975446784,1975.446784,202,115,149,4,20250815_211623
1755260159.6858027,7716628,1975456768,1975.456768,205,120,149,4,20250815_211623
1755260159.6957867,7716667,1975466752,1975.466752,208,119,150,4,20250815_211623
1755260159.7057707,7716706,1975476736,1975.476736,211,122,152,4,20250815_211623
1755260159.7157547,7716745,1975486720,1975.48672,215,118,155,4,20250815_211623
1755260159.7257388,7716784,1975496704,1975.496704,218,116,156,4,20250815_211623
1755260159.7357228,7716823,1975506688,1975.506688,221,96,155,4,20250815_211623
1755260159.7457066,7716862,1975516672,1975.516672,224,97,157,4,20250815_211623
1755260159.7556906,7716901,1975526656,1975.526656,227,104,156,4,20250815_211623
1755260159.7656746,7716940,1975536640,1975.53664,230,117,156,4,20250815_211623
1755260159.775915,7716980,1975546880,1975.54688,234,116,157,4,20250815_211623
1755260159.7858987,7717019,1975556864,1975.556864,237,119,158,4,20250815_211623
1755260159.7958827,7717058,1975566848,1975.566848,240,116,158,4,20250815_211623
1755260159.8058667,7717097,1975576832,1975.576832,243,118,158,4,20250815_211623
1755260159.8158507,7717136,1975586816,1975.586816,246,114,157,4,20250815_211623
1755260159.8258348,7717175,1975596800,1975.5968,250,116,158,4,20250815_211623
1755260159.8358188,7717214,1975606784,1975.606784,253,111,159,4,20250815_211623
1755260159.8458023,7717253,1975616768,1975.616768,1,113,158,4,20250815_211623
1755260159.8557866,7717292,1975626752,1975.626752,4,108,158,4,20250815_211623
1755260159.8657706,7717331,1975636736,1975.636736,7,110,157,4,20250815_211623
1755260159.8757546,7717370,1975646720,1975.64672,11,105,157,4,20250815_211623
1755260159.8857386,7717409,1975656704,1975.656704,14,108,156,4,20250815_211623
1755260159.8959787,7717449,1975666944,1975.666944,17,104,156,4,20250815_211623
1755260159.9059627,7717488,1975676928,1975.676928,20,106,156,4,20250815_211623
1755260159.9159467,7717527,1975686912,1975.686912,23,101,156,4,20250815_211623
1755260159.9259307,7717566,1975696896,1975.696896,27,102,155,4,20250815_211623
1755260159.9359148,7717605,1975706880,1975.70688,30,99,154,4,20250815_211623
1755260159.9458988,7717644,1975716864,1975.716864,33,99,153,4,20250815_211623
1755260159.9558823,7717683,1975726848,1975.726848,36,96,152,4,20250815_211623
1755260159.9658666,7717722,1975736832,1975.736832,39,96,150,4,20250815_211623
1755260159.9758506,7717761,1975746816,1975.746816,42,93,146,4,20250815_211623
1755260159.9858346,7717800,1975756800,1975.7568,46,93,142,4,20250815_211623
1755260159.9958186,7717839,1975766784,1975.766784,49,90,133,4,20250815_211623
1755260160.0060587,7717879,1975777024,1975.777024,52,91,126,4,20250815_211623
1755260160.0160427,7717918,1975787008,1975.787008,55,87,115,4,20250815_211623
1755260160.0260267,7717957,1975796992,1975.796992,58,81,107,4,20250815_211623
1755260160.0360107,7717996,1975806976,1975.806976,62,59,99,4,20250815_211623
1755260160.0459948,7718035,1975816960,1975.81696,65,48,93,4,20250815_211623
1755260160.0559788,7718074,1975826944,1975.826944,68,46,90,4,20250815_211623
1755260160.0659626,7718113,1975836928,1975.836928,71,47,87,4,20250815_211623
1755260160.0759466,7718152,1975846912,1975.846912,74,51,86,4,20250815_211623
1755260160.0859306,7718191,1975856896,1975.856896,78,57,87,4,20250815_211623
1755260160.0959146,7718230,1975866880,1975.86688,81,72,90,4,20250815_211623
1755260160.1058986,7718269,1975876864,1975.876864,84,90,90,4,20250815_211623
1755260160.1158826,7718308,1975886848,1975.886848,87,94,89,4,20250815_211623
1755260160.125867,7718347,1975896832,1975.896832,90,97,88,4,20250815_211623
1755260160.135851,7718386,1975906816,1975.906816,93,95,90,4,20250815_211623
1755260160.1460907,7718426,1975917056,1975.917056,97,96,89,4,20250815_211623
1755260160.1560748,7718465,1975927040,1975.92704,100,94,89,4,20250815_211623
1755260160.1660588,7718504,1975937024,1975.937024,103,94,90,4,20250815_211623
1755260160.1760426,7718543,1975947008,1975.947008,106,52,90,4,20250815_211623
1755260160.1860266,7718582,1975956992,1975.956992,109,53,89,4,20250815_211623
1755260160.1960106,7718621,1975966976,1975.966976,113,55,89,4,20250815_211623
1755260160.2059946,7718660,1975976960,1975.97696,116,57,90,4,20250815_211623
1755260160.2159786,7718699,1975986944,1975.986944,119,93,89,4,20250815_211623
1755260160.2259626,7718738,1975996928,1975.996928,122,103,90,4,20250815_211623
1755260160.235947,7718777,1976006912,1976.006912,125,106,89,4,20250815_211623
1755260160.245931,7718816,1976016896,1976.016896,128,111,90,4,20250815_211623
1755260160.2559147,7718855,1976026880,1976.02688,132,116,90,4,20250815_211623
1755260160.2658987,7718894,1976036864,1976.036864,135,121,90,4,20250815_211623
1755260160.2758827,7718933,1976046848,1976.046848,138,130,91,4,20250815_211623
1755260160.2861226,7718973,1976057088,1976.057088,141,129,91,4,20250815_211623
1755260160.2961066,7719012,1976067072,1976.067072,144,122,91,4,20250815_211623
1755260160.3060906,7719051,1976077056,1976.077056,148,130,92,4,20250815_211623
1755260160.3160746,7719090,1976087040,1976.08704,151,127,92,4,20250815_211623
1755260160.3260586,7719129,1976097024,1976.097024,154,124,93,4,20250815_211623
1755260160.3360426,7719168,1976107008,1976.107008,157,123,94,4,20250815_211623
1755260160.346027,7719207,1976116992,1976.116992,160,136,95,4,20250815_211623
1755260160.356011,7719246,1976126976,1976.126976,164,138,94,4,20250815_211623
1755260160.3659947,7719285,1976136960,1976.13696,167,139,98,4,20250815_211623
1755260160.3759787,7719324,1976146944,1976.146944,170,115,102,4,20250815_211623
1755260160.3859627,7719363,1976156928,1976.156928,173,113,106,4,20250815_211623
1755260160.3959467,7719402,1976166912,1976.166912,176,111,113,4,20250815_211623
1755260160.4059308,7719441,1976176896,1976.176896,179,114,121,4,20250815_211623
1755260160.4159148,7719480,1976186880,1976.18688,183,101,127,4,20250815_211623
1755260160.4261546,7719520,1976197120,1976.19712,186,59,129,4,20250815_211623
1755260160.4361386,7719559,1976207104,1976.207104,189,64,135,4,20250815_211623
1755260160.4461226,7719598,1976217088,1976.217088,192,65,138,4,20250815_211623
1755260160.456107,7719637,1976227072,1976.227072,195,78,145,4,20250815_211623
1755260160.466091,7719676,1976237056,1976.237056,199,122,151,4,20250815_211623
1755260160.4760747,7719715,1976247040,1976.24704,202,108,148,4,20250815_211623
1755260160.4860587,7719754,1976257024,1976.257024,205,129,150,4,20250815_211623
1755260160.4960427,7719793,1976267008,1976.267008,208,117,148,4,20250815_211623
1755260160.5060267,7719832,1976276992,1976.276992,211,122,152,4,20250815_211623
1755260160.5160108,7719871,1976286976,1976.286976,215,129,154,4,20250815_211623
1755260160.5259948,7719910,1976296960,1976.29696,218,120,155,4,20250815_211623
1755260160.5359786,7719949,1976306944,1976.306944,221,102,155,4,20250815_211623
1755260160.5462186,7719989,1976317184,1976.317184,224,99,156,4,20250815_211623
1755260160.556203,7720028,1976327168,1976.327168,227,112,156,4,20250815_211623
1755260160.566187,7720067,1976337152,1976.337152,230,123,157,4,20250815_211623
1755260160.5761707,7720106,1976347136,1976.347136,234,122,157,4,20250815_211623
1755260160.5861547,7720145,1976357120,1976.35712,237,125,157,4,20250815_211623
1755260160.5961387,7720184,1976367104,1976.367104,240,123,157,4,20250815_211623
1755260160.6061227,7720223,1976377088,1976.377088,243,124,156,4,20250815_211623
1755260160.6163626,7720263,1976387328,1976.387328,246,122,157,4,20250815_211623
1755260160.6263466,7720302,1976397312,1976.397312,250,123,158,4,20250815_211623
1755260160.6363306,7720341,1976407296,1976.407296,253,122,160,4,20250815_211623
1755260160.6463146,7720380,1976417280,1976.41728,1,124,157,4,20250815_211623
1755260160.6562986,7720419,1976427264,1976.427264,4,123,157,4,20250815_211623
1755260160.666283,7720458,1976437248,1976.437248,7,124,157,4,20250815_211623
1755260160.676267,7720497,1976447232,1976.447232,11,122,155,4,20250815_211623
1755260160.6865067,7720537,1976457472,1976.457472,14,121,156,4,20250815_211623
1755260160.6964908,7720576,1976467456,1976.467456,17,119,154,4,20250815_211623
1755260160.7064748,7720615,1976477440,1976.47744,20,119,155,4,20250815_211623
1755260160.7164586,7720654,1976487424,1976.487424,23,119,154,4,20250815_211623
1755260160.7264426,7720693,1976497408,1976.497408,27,120,154,4,20250815_211623
1755260160.7364266,7720732,1976507392,1976.507392,30,119,153,4,20250815_211623
1755260160.7464106,7720771,1976517376,1976.517376,33,120,152,4,20250815_211623
1755260160.7566507,7720811,1976527616,1976.527616,36,119,150,4,20250815_211623
1755260160.7666347,7720850,1976537600,1976.5376,39,119,148,4,20250815_211623
1755260160.7766187,7720889,1976547584,1976.547584,43,120,145,4,20250815_211623
1755260160.7866027,7720928,1976557568,1976.557568,46,118,140,4,20250815_211623
1755260160.7965868,7720967,1976567552,1976.567552,49,116,131,4,20250815_211623
1755260160.8065708,7721006,1976577536,1976.577536,52,116,123,4,20250815_211623
1755260160.8165543,7721045,1976587520,1976.58752,55,114,112,4,20250815_211623
1755260160.8267946,7721085,1976597760,1976.59776,58,109,103,4,20250815_211623
1755260160.8367786,7721124,1976607744,1976.607744,62,90,97,4,20250815_211623
1755260160.846763,7721163,1976617728,1976.617728,65,73,91,4,20250815_211623
1755260160.856747,7721202,1976627712,1976.627712,68,70,88,4,20250815_211623
1755260160.8667307,7721241,1976637696,1976.637696,71,73,87,4,20250815_211623
1755260160.8767147,7721280,1976647680,1976.64768,74,80,87,4,20250815_211623
1755260160.8866987,7721319,1976657664,1976.657664,78,92,87,4,20250815_211623
1755260160.8966827,7721358,1976667648,1976.667648,81,109,90,4,20250815_211623
1755260160.9069226,7721398,1976677888,1976.677888,84,121,88,4,20250815_211623
1755260160.9169066,7721437,1976687872,1976.687872,87,122,88,4,20250815_211623
1755260160.9268906,7721476,1976697856,1976.697856,90,123,88,4,20250815_211623
1755260160.9368746,7721515,1976707840,1976.70784,94,121,89,4,20250815_211623
1755260160.9468586,7721554,1976717824,1976.717824,97,119,88,4,20250815_211623
1755260160.956843,7721593,1976727808,1976.727808,100,117,89,4,20250815_211623
1755260160.966827,7721632,1976737792,1976.737792,103,113,90,4,20250815_211623
1755260160.9768107,7721671,1976747776,1976.747776,106,68,88,4,20250815_211623
1755260160.9867947,7721710,1976757760,1976.75776,110,67,88,4,20250815_211623
1755260160.9967787,7721749,1976767744,1976.767744,113,69,89,4,20250815_211623
1755260161.0067627,7721788,1976777728,1976.777728,116,68,90,4,20250815_211623
1755260161.0167468,7721827,1976787712,1976.787712,119,113,90,4,20250815_211623
1755260161.0267308,7721866,1976797696,1976.797696,122,124,90,4,20250815_211623
1755260161.0367146,7721905,1976807680,1976.80768,125,126,89,4,20250815_211623
1755260161.0469546,7721945,1976817920,1976.81792,129,128,89,4,20250815_211623
1755260161.0569386,7721984,1976827904,1976.827904,132,132,90,4,20250815_211623
1755260161.066923,7722023,1976837888,1976.837888,135,141,91,4,20250815_211623
1755260161.0769067,7722062,1976847872,1976.847872,138,146,92,4,20250815_211623
1755260161.0868907,7722101,1976857856,1976.857856,141,149,92,4,20250815_211623
1755260161.0968747,7722140,1976867840,1976.86784,145,148,93,4,20250815_211623
1755260161.1068587,7722179,1976877824,1976.877824,148,146,92,4,20250815_211623
1755260161.1168427,7722218,1976887808,1976.887808,151,145,94,4,20250815_211623
1755260161.1268268,7722257,1976897792,1976.897792,154,147,93,4,20250815_211623
1755260161.1368108,7722296,1976907776,1976.907776,157,152,94,4,20250815_211623
1755260161.1467946,7722335,1976917760,1976.91776,160,157,96,4,20250815_211623
1755260161.1567786,7722374,1976927744,1976.927744,164,159,98,4,20250815_211623
1755260161.1667626,7722413,1976937728,1976.937728,167,157,101,4,20250815_211623
1755260161.1767466,7722452,1976947712,1976.947712,170,142,104,4,20250815_211623
1755260161.1867306,7722491,1976957696,1976.957696,173,136,110,4,20250815_211623
1755260161.1969707,7722531,1976967936,1976.967936,176,132,117,4,20250815_211623
1755260161.2069547,7722570,1976977920,1976.97792,180,129,125,4,20250815_211623
1755260161.2169387,7722609,1976987904,1976.987904,183,118,128,4,20250815_211623
1755260161.2269228,7722648,1976997888,1976.997888,186,69,132,4,20250815_211623
1755260161.2369068,7722687,1977007872,1977.007872,189,77,137,4,20250815_211623
1755260161.2468903,7722726,1977017856,1977.017856,192,76,144,4,20250815_211623
1755260161.2568746,7722765,1977027840,1977.02784,196,86,148,4,20250815_211623
1755260161.2668586,7722804,1977037824,1977.037824,199,135,150,4,20250815_211623
1755260161.2768426,7722843,1977047808,1977.047808,202,138,149,4,20250815_211623
1755260161.2868266,7722882,1977057792,1977.057792,205,142,150,4,20250815_211623
1755260161.2968106,7722921,1977067776,1977.067776,208,143,151,4,20250815_211623
1755260161.3067946,7722960,1977077760,1977.07776,211,144,153,4,20250815_211623
1755260161.316779,7722999,1977087744,1977.087744,215,142,155,4,20250815_211623
1755260161.326763,7723038,1977097728,1977.097728,218,140,155,4,20250815_211623
1755260161.3367467,7723077,1977107712,1977.107712,221,127,155,4,20250815_211623
1755260161.3469868,7723117,1977117952,1977.117952,224,124,156,4,20250815_211623
1755260161.3569703,7723156,1977127936,1977.127936,227,134,157,4,20250815_211623
1755260161.3669546,7723195,1977137920,1977.13792,231,141,157,4,20250815_211623
1755260161.3769386,7723234,1977147904,1977.147904,234,141,156,4,20250815_211623
1755260161.3869226,7723273,1977157888,1977.157888,237,141,157,4,20250815_211623
1755260161.3969066,7723312,1977167872,1977.167872,240,140,158,4,20250815_211623
1755260161.4068906,7723351,1977177856,1977.177856,243,137,157,4,20250815_211623
1755260161.4168746,7723390,1977187840,1977.18784,247,137,159,4,20250815_211623
1755260161.426859,7723429,1977197824,1977.197824,250,136,159,4,20250815_211623
1755260161.436843,7723468,1977207808,1977.207808,253,137,158,4,20250815_211623
1755260161.4468267,7723507,1977217792,1977.217792,1,136,159,4,20250815_211623
1755260161.4570668,7723547,1977228032,1977.228032,4,136,157,4,20250815_211623
1755260161.4670506,7723586,1977238016,1977.238016,7,135,158,4,20250815_211623
1755260161.4770346,7723625,1977248000,1977.248,11,135,156,4,20250815_211623
1755260161.4870186,7723664,1977257984,1977.257984,14,133,157,4,20250815_211623
1755260161.4970026,7723703,1977267968,1977.267968,17,133,155,4,20250815_211623
1755260161.5069866,7723742,1977277952,1977.277952,20,131,156,4,20250815_211623
1755260161.5169706,7723781,1977287936,1977.287936,23,131,155,4,20250815_211623
1755260161.526955,7723820,1977297920,1977.29792,27,129,154,4,20250815_211623
1755260161.5371947,7723860,1977308160,1977.30816,30,130,153,4,20250815_211623
1755260161.5471787,7723899,1977318144,1977.318144,33,128,153,4,20250815_211623
1755260161.5571628,7723938,1977328128,1977.328128,36,128,150,4,20250815_211623
1755260161.5671468,7723977,1977338112,1977.338112,39,126,148,4,20250815_211623
1755260161.5771306,7724016,1977348096,1977.348096,43,126,145,4,20250815_211623
1755260161.5871146,7724055,1977358080,1977.35808,46,124,138,4,20250815_211623
1755260161.5970986,7724094,1977368064,1977.368064,49,125,130,4,20250815_211623
1755260161.6070826,7724133,1977378048,1977.378048,52,123,121,4,20250815_211623
1755260161.6170666,7724172,1977388032,1977.388032,55,123,111,4,20250815_211623
1755260161.6270506,7724211,1977398016,1977.398016,58,118,100,4,20250815_211623
1755260161.637035,7724250,1977408000,1977.408,62,99,95,4,20250815_211623
1755260161.647019,7724289,1977417984,1977.417984,65,83,90,4,20250815_211623
1755260161.6570027,7724328,1977427968,1977.427968,68,84,88,4,20250815_211623
1755260161.6669867,7724367,1977437952,1977.437952,71,88,86,4,20250815_211623
1755260161.6769707,7724406,1977447936,1977.447936,74,94,87,4,20250815_211623
1755260161.6872106,7724446,1977458176,1977.458176,78,109,89,4,20250815_211623
1755260161.6971946,7724485,1977468160,1977.46816,81,125,90,4,20250815_211623
1755260161.7071786,7724524,1977478144,1977.478144,84,129,91,4,20250815_211623
1755260161.7171626,7724563,1977488128,1977.488128,87,131,88,4,20250815_211623
1755260161.7271466,7724602,1977498112,1977.498112,90,131,88,4,20250815_211623
1755260161.7371306,7724641,1977508096,1977.508096,94,130,90,4,20250815_211623
1755260161.747115,7724680,1977518080,1977.51808,97,128,90,4,20250815_211623
1755260161.757099,7724719,1977528064,1977.528064,100,129,89,4,20250815_211623
1755260161.7670827,7724758,1977538048,1977.538048,103,110,89,4,20250815_211623
1755260161.7770667,7724797,1977548032,1977.548032,106,70,89,4,20250815_211623
1755260161.7870507,7724836,1977558016,1977.558016,109,74,89,4,20250815_211623
1755260161.7970347,7724875,1977568000,1977.568,113,74,90,4,20250815_211623
1755260161.8070188,7724914,1977577984,1977.577984,116,81,89,4,20250815_211623
1755260161.8170028,7724953,1977587968,1977.587968,119,130,90,4,20250815_211623
1755260161.8272426,7724993,1977598208,1977.598208,122,135,90,4,20250815_211623
1755260161.8372266,7725032,1977608192,1977.608192,125,137,90,4,20250815_211623
1755260161.8472106,7725071,1977618176,1977.618176,129,140,90,4,20250815_211623
1755260161.857195,7725110,1977628160,1977.62816,132,144,91,4,20250815_211623
1755260161.867179,7725149,1977638144,1977.638144,135,154,91,4,20250815_211623
1755260161.8771627,7725188,1977648128,1977.648128,138,157,91,4,20250815_211623
1755260161.8871467,7725227,1977658112,1977.658112,141,157,92,4,20250815_211623
1755260161.8971307,7725266,1977668096,1977.668096,145,154,92,4,20250815_211623
1755260161.9071147,7725305,1977678080,1977.67808,148,154,93,4,20250815_211623
1755260161.9170988,7725344,1977688064,1977.688064,151,154,93,4,20250815_211623
1755260161.9270828,7725383,1977698048,1977.698048,154,154,94,4,20250815_211623
1755260161.9370666,7725422,1977708032,1977.708032,157,158,95,4,20250815_211623
1755260161.9470506,7725461,1977718016,1977.718016,160,162,96,4,20250815_211623
1755260161.9570346,7725500,1977728000,1977.728,164,161,97,4,20250815_211623
1755260161.967275,7725540,1977738240,1977.73824,167,157,100,4,20250815_211623
1755260161.9772587,7725579,1977748224,1977.748224,170,147,106,4,20250815_211623
1755260161.9872427,7725618,1977758208,1977.758208,173,140,111,4,20250815_211623
1755260161.9972267,7725657,1977768192,1977.768192,176,138,118,4,20250815_211623
1755260162.0072107,7725696,1977778176,1977.778176,180,137,125,4,20250815_211623
1755260162.0171947,7725735,1977788160,1977.78816,183,113,127,4,20250815_211623
1755260162.0271788,7725774,1977798144,1977.798144,186,72,133,4,20250815_211623
1755260162.0371628,7725813,1977808128,1977.808128,189,79,137,4,20250815_211623
1755260162.0471466,7725852,1977818112,1977.818112,192,77,146,4,20250815_211623
1755260162.0571306,7725891,1977828096,1977.828096,196,92,149,4,20250815_211623
1755260162.0671146,7725930,1977838080,1977.83808,199,140,150,4,20250815_211623
1755260162.0770986,7725969,1977848064,1977.848064,202,142,149,4,20250815_211623
1755260162.0870826,7726008,1977858048,1977.858048,205,144,151,4,20250815_211623
1755260162.0970666,7726047,1977868032,1977.868032,208,146,152,4,20250815_211623
1755260162.1073067,7726087,1977878272,1977.878272,211,147,153,4,20250815_211623
1755260162.1172907,7726126,1977888256,1977.888256,215,148,154,4,20250815_211623
1755260162.1272748,7726165,1977898240,1977.89824,218,145,155,4,20250815_211623
1755260162.1372588,7726204,1977908224,1977.908224,221,131,155,4,20250815_211623
1755260162.1472423,7726243,1977918208,1977.918208,224,123,157,4,20250815_211623
1755260162.1572266,7726282,1977928192,1977.928192,227,136,157,4,20250815_211623
1755260162.1672106,7726321,1977938176,1977.938176,231,144,158,4,20250815_211623
1755260162.1771946,7726360,1977948160,1977.94816,234,144,157,4,20250815_211623
1755260162.1871786,7726399,1977958144,1977.958144,237,147,158,4,20250815_211623
1755260162.1971626,7726438,1977968128,1977.968128,240,147,158,4,20250815_211623
1755260162.2071466,7726477,1977978112,1977.978112,243,145,158,4,20250815_211623
1755260162.217131,7726516,1977988096,1977.988096,246,143,158,4,20250815_211623
1755260162.227115,7726555,1977998080,1977.99808,250,143,159,4,20250815_211623
1755260162.2370987,7726594,1978008064,1978.008064,253,143,158,4,20250815_211623
1755260162.2470827,7726633,1978018048,1978.018048,1,143,158,4,20250815_211623
1755260162.2573223,7726673,1978028288,1978.028288,4,143,158,4,20250815_211623
1755260162.2673066,7726712,1978038272,1978.038272,7,142,158,4,20250815_211623
1755260162.2772906,7726751,1978048256,1978.048256,11,141,157,4,20250815_211623
1755260162.2872746,7726790,1978058240,1978.05824,14,138,157,4,20250815_211623
1755260162.2972586,7726829,1978068224,1978.068224,17,137,156,4,20250815_211623
1755260162.3072426,7726868,1978078208,1978.078208,20,135,156,4,20250815_211623
1755260162.3172266,7726907,1978088192,1978.088192,23,136,156,4,20250815_211623
1755260162.327211,7726946,1978098176,1978.098176,27,134,155,4,20250815_211623
1755260162.3371947,7726985,1978108160,1978.10816,30,135,154,4,20250815_211623
1755260162.3471787,7727024,1978118144,1978.118144,33,134,154,4,20250815_211623
1755260162.3571627,7727063,1978128128,1978.128128,36,133,151,4,20250815_211623
1755260162.3671467,7727102,1978138112,1978.138112,39,131,149,4,20250815_211623
1755260162.3771307,7727141,1978148096,1978.148096,42,130,146,4,20250815_211623
1755260162.3871148,7727180,1978158080,1978.15808,46,128,141,4,20250815_211623
1755260162.3973546,7727220,1978168320,1978.16832,49,127,133,4,20250815_211623
1755260162.4073386,7727259,1978178304,1978.178304,52,125,124,4,20250815_211623
1755260162.4173226,7727298,1978188288,1978.188288,55,125,114,4,20250815_211623
1755260162.427307,7727337,1978198272,1978.198272,58,119,103,4,20250815_211623
1755260162.437291,7727376,1978208256,1978.208256,62,98,97,4,20250815_211623
1755260162.4472747,7727415,1978218240,1978.21824,65,80,92,4,20250815_211623
1755260162.4572587,7727454,1978228224,1978.228224,68,80,89,4,20250815_211623
1755260162.4672427,7727493,1978238208,1978.238208,71,82,87,4,20250815_211623
1755260162.4772267,7727532,1978248192,1978.248192,74,89,87,4,20250815_211623
1755260162.4872108,7727571,1978258176,1978.258176,78,102,88,4,20250815_211623
1755260162.4971948,7727610,1978268160,1978.26816,81,120,90,4,20250815_211623
1755260162.5071783,7727649,1978278144,1978.278144,84,128,89,4,20250815_211623
1755260162.5171626,7727688,1978288128,1978.288128,87,130,89,4,20250815_211623
1755260162.5271466,7727727,1978298112,1978.298112,90,130,89,4,20250815_211623
1755260162.5371306,7727766,1978308096,1978.308096,93,130,88,4,20250815_211623
1755260162.547371,7727806,1978318336,1978.318336,97,126,88,4,20250815_211623
1755260162.5573547,7727845,1978328320,1978.32832,100,127,89,4,20250815_211623
1755260162.5673387,7727884,1978338304,1978.338304,103,115,88,4,20250815_211623
1755260162.5773227,7727923,1978348288,1978.348288,106,69,89,4,20250815_211623
1755260162.5873067,7727962,1978358272,1978.358272,109,71,89,4,20250815_211623
1755260162.5972908,7728001,1978368256,1978.368256,113,73,89,4,20250815_211623
1755260162.6072748,7728040,1978378240,1978.37824,116,75,90,4,20250815_211623
1755260162.6172583,7728079,1978388224,1978.388224,119,125,91,4,20250815_211623
1755260162.6272426,7728118,1978398208,1978.398208,122,135,90,4,20250815_211623
1755260162.6372266,7728157,1978408192,1978.408192,125,137,89,4,20250815_211623
1755260162.6472106,7728196,1978418176,1978.418176,129,137,88,4,20250815_211623
1755260162.6571946,7728235,1978428160,1978.42816,132,142,90,4,20250815_211623
1755260162.6671786,7728274,1978438144,1978.438144,135,150,91,4,20250815_211623
1755260162.6771626,7728313,1978448128,1978.448128,138,155,91,4,20250815_211623
1755260162.6874027,7728353,1978458368,1978.458368,141,156,92,4,20250815_211623
1755260162.6973867,7728392,1978468352,1978.468352,144,157,92,4,20250815_211623
1755260162.7073708,7728431,1978478336,1978.478336,148,157,92,4,20250815_211623
1755260162.7173548,7728470,1978488320,1978.48832,151,157,92,4,20250815_211623
1755260162.7273386,7728509,1978498304,1978.498304,154,159,94,4,20250815_211623
1755260162.7373226,7728548,1978508288,1978.508288,157,162,95,4,20250815_211623
1755260162.7473066,7728587,1978518272,1978.518272,160,163,94,4,20250815_211623
1755260162.7572906,7728626,1978528256,1978.528256,164,166,98,4,20250815_211623
1755260162.7672746,7728665,1978538240,1978.53824,167,164,99,4,20250815_211623
1755260162.7772586,7728704,1978548224,1978.548224,170,150,105,4,20250815_211623
1755260162.787243,7728743,1978558208,1978.558208,173,145,109,4,20250815_211623
1755260162.797227,7728782,1978568192,1978.568192,176,144,116,4,20250815_211623
1755260162.8072107,7728821,1978578176,1978.578176,179,143,124,4,20250815_211623
1755260162.8171947,7728860,1978588160,1978.58816,183,131,127,4,20250815_211623
1755260162.8274348,7728900,1978598400,1978.5984,186,76,131,4,20250815_211623
1755260162.8374186,7728939,1978608384,1978.608384,189,85,137,4,20250815_211623
1755260162.8474026,7728978,1978618368,1978.618368,192,84,143,4,20250815_211623
1755260162.8573866,7729017,1978628352,1978.628352,195,91,148,4,20250815_211623
1755260162.8673706,7729056,1978638336,1978.638336,199,152,149,4,20250815_211623
1755260162.8773546,7729095,1978648320,1978.64832,202,148,149,4,20250815_211623
1755260162.8873386,7729134,1978658304,1978.658304,205,161,151,4,20250815_211623
1755260162.897323,7729173,1978668288,1978.668288,208,158,152,4,20250815_211623
1755260162.907307,7729212,1978678272,1978.678272,211,156,154,4,20250815_211623
1755260162.9172907,7729251,1978688256,1978.688256,215,164,155,4,20250815_211623
1755260162.9272747,7729290,1978698240,1978.69824,218,159,155,4,20250815_211623
1755260162.9372587,7729329,1978708224,1978.708224,221,146,156,4,20250815_211623
1755260162.9472427,7729368,1978718208,1978.718208,224,139,157,4,20250815_211623
1755260162.9572268,7729407,1978728192,1978.728192,227,154,158,4,20250815_211623
1755260162.9672108,7729446,1978738176,1978.738176,230,158,156,4,20250815_211623
1755260162.9774506,7729486,1978748416,1978.748416,234,157,155,4,20250815_211623
1755260162.9874346,7729525,1978758400,1978.7584,237,154,157,4,20250815_211623
1755260162.9974186,7729564,1978768384,1978.768384,240,157,157,4,20250815_211623
1755260163.007403,7729603,1978778368,1978.778368,243,156,157,4,20250815_211623
1755260163.017387,7729642,1978788352,1978.788352,246,156,158,4,20250815_211623
1755260163.0273707,7729681,1978798336,1978.798336,250,153,158,4,20250815_211623
1755260163.0373547,7729720,1978808320,1978.80832,253,152,159,4,20250815_211623
1755260163.0473387,7729759,1978818304,1978.818304,1,150,158,4,20250815_211623
1755260163.0573227,7729798,1978828288,1978.828288,4,149,159,4,20250815_211623
1755260163.0673068,7729837,1978838272,1978.838272,7,147,158,4,20250815_211623
1755260163.0772908,7729876,1978848256,1978.848256,11,147,157,4,20250815_211623
1755260163.0872746,7729915,1978858240,1978.85824,14,145,157,4,20250815_211623
1755260163.0972586,7729954,1978868224,1978.868224,17,145,156,4,20250815_211623
1755260163.1072426,7729993,1978878208,1978.878208,20,142,157,4,20250815_211623
1755260163.117483,7730033,1978888448,1978.888448,23,142,156,4,20250815_211623
1755260163.127467,7730072,1978898432,1978.898432,26,138,156,4,20250815_211623
1755260163.1374507,7730111,1978908416,1978.908416,30,137,155,4,20250815_211623
1755260163.1474347,7730150,1978918400,1978.9184,33,135,154,4,20250815_211623
1755260163.1574187,7730189,1978928384,1978.928384,36,135,152,4,20250815_211623
1755260163.1674027,7730228,1978938368,1978.938368,39,132,150,4,20250815_211623
1755260163.1773868,7730267,1978948352,1978.948352,42,132,148,4,20250815_211623
1755260163.1873708,7730306,1978958336,1978.958336,46,130,146,4,20250815_211623
1755260163.1973546,7730345,1978968320,1978.96832,49,129,138,4,20250815_211623
1755260163.2073386,7730384,1978978304,1978.978304,52,126,127,4,20250815_211623
1755260163.2173226,7730423,1978988288,1978.988288,55,126,116,4,20250815_211623
1755260163.2273066,7730462,1978998272,1978.998272,58,120,106,4,20250815_211623
1755260163.2372906,7730501,1979008256,1979.008256,62,100,98,4,20250815_211623
1755260163.2472746,7730540,1979018240,1979.01824,65,81,93,4,20250815_211623
1755260163.257259,7730579,1979028224,1979.028224,68,79,89,4,20250815_211623
1755260163.2674987,7730619,1979038464,1979.038464,71,79,87,4,20250815_211623
1755260163.2774827,7730658,1979048448,1979.048448,74,89,87,4,20250815_211623
1755260163.2874668,7730697,1979058432,1979.058432,77,98,86,4,20250815_211623
1755260163.2974508,7730736,1979068416,1979.068416,81,119,89,4,20250815_211623
1755260163.3074346,7730775,1979078400,1979.0784,84,127,90,4,20250815_211623
1755260163.3174186,7730814,1979088384,1979.088384,87,130,87,4,20250815_211623
1755260163.3274026,7730853,1979098368,1979.098368,90,129,88,4,20250815_211623
1755260163.3373866,7730892,1979108352,1979.108352,93,130,89,4,20250815_211623
1755260163.3473706,7730931,1979118336,1979.118336,97,127,89,4,20250815_211623
1755260163.3573546,7730970,1979128320,1979.12832,100,128,89,4,20250815_211623
1755260163.367339,7731009,1979138304,1979.138304,103,119,89,4,20250815_211623
1755260163.377323,7731048,1979148288,1979.148288,106,70,88,4,20250815_211623
1755260163.3873067,7731087,1979158272,1979.158272,109,73,89,4,20250815_211623
1755260163.3972907,7731126,1979168256,1979.168256,112,76,89,4,20250815_211623
1755260163.4075303,7731166,1979178496,1979.178496,116,80,89,4,20250815_211623
1755260163.4175146,7731205,1979188480,1979.18848,119,133,90,4,20250815_211623
1755260163.4274986,7731244,1979198464,1979.198464,122,138,89,4,20250815_211623
1755260163.4374826,7731283,1979208448,1979.208448,125,143,89,4,20250815_211623
1755260163.4474666,7731322,1979218432,1979.218432,128,143,89,4,20250815_211623
1755260163.4574506,7731361,1979228416,1979.228416,132,150,91,4,20250815_211623
1755260163.4674346,7731400,1979238400,1979.2384,135,159,91,4,20250815_211623
1755260163.477419,7731439,1979248384,1979.248384,138,164,91,4,20250815_211623
1755260163.487403,7731478,1979258368,1979.258368,141,165,91,4,20250815_211623
1755260163.4973867,7731517,1979268352,1979.268352,144,164,92,4,20250815_211623
1755260163.5073707,7731556,1979278336,1979.278336,148,161,91,4,20250815_211623
1755260163.5173547,7731595,1979288320,1979.28832,151,161,93,4,20250815_211623
1755260163.5273387,7731634,1979298304,1979.298304,154,161,94,4,20250815_211623
1755260163.5373228,7731673,1979308288,1979.308288,157,165,95,4,20250815_211623
1755260163.5473068,7731712,1979318272,1979.318272,160,172,95,4,20250815_211623
1755260163.5575466,7731752,1979328512,1979.328512,163,178,97,4,20250815_211623
1755260163.5675306,7731791,1979338496,1979.338496,167,177,100,4,20250815_211623
1755260163.5775146,7731830,1979348480,1979.34848,170,168,104,4,20250815_211623
1755260163.587499,7731869,1979358464,1979.358464,173,156,109,4,20250815_211623
1755260163.5974827,7731908,1979368448,1979.368448,176,151,116,4,20250815_211623
1755260163.6074667,7731947,1979378432,1979.378432,179,149,125,4,20250815_211623
1755260163.6174507,7731986,1979388416,1979.388416,183,146,127,4,20250815_211623
1755260163.6274347,7732025,1979398400,1979.3984,186,82,132,4,20250815_211623
1755260163.6374187,7732064,1979408384,1979.408384,189,89,137,4,20250815_211623
1755260163.6474028,7732103,1979418368,1979.418368,192,90,144,4,20250815_211623
1755260163.6573868,7732142,1979428352,1979.428352,195,94,149,4,20250815_211623
1755260163.6673706,7732181,1979438336,1979.438336,199,152,150,4,20250815_211623
1755260163.6773546,7732220,1979448320,1979.44832,202,161,149,4,20250815_211623
1755260163.6873386,7732259,1979458304,1979.458304,205,162,149,4,20250815_211623
1755260163.697579,7732299,1979468544,1979.468544,208,163,152,4,20250815_211623
1755260163.7075627,7732338,1979478528,1979.478528,211,162,153,4,20250815_211623
1755260163.7175467,7732377,1979488512,1979.488512,214,163,156,4,20250815_211623
1755260163.7275307,7732416,1979498496,1979.498496,218,160,156,4,20250815_211623
1755260163.7375147,7732455,1979508480,1979.50848,221,153,155,4,20250815_211623
1755260163.7474988,7732494,1979518464,1979.518464,224,144,156,4,20250815_211623
1755260163.7574828,7732533,1979528448,1979.528448,227,153,157,4,20250815_211623
1755260163.7674663,7732572,1979538432,1979.538432,230,156,158,4,20250815_211623
1755260163.7774506,7732611,1979548416,1979.548416,234,158,156,4,20250815_211623
1755260163.7874346,7732650,1979558400,1979.5584,237,157,157,4,20250815_211623
1755260163.7974186,7732689,1979568384,1979.568384,240,157,158,4,20250815_211623
1755260163.8074026,7732728,1979578368,1979.578368,243,155,158,4,20250815_211623
1755260163.8173866,7732767,1979588352,1979.588352,246,157,159,4,20250815_211623
1755260163.8273706,7732806,1979598336,1979.598336,250,155,158,4,20250815_211623
1755260163.837355,7732845,1979608320,1979.60832,253,156,159,4,20250815_211623
1755260163.8475947,7732885,1979618560,1979.61856,1,154,157,4,20250815_211623
1755260163.8575788,7732924,1979628544,1979.628544,4,154,157,4,20250815_211623
1755260163.8675628,7732963,1979638528,1979.638528,7,151,158,4,20250815_211623
1755260163.8775463,7733002,1979648512,1979.648512,10,152,157,4,20250815_211623
1755260163.8875306,7733041,1979658496,1979.658496,14,150,157,4,20250815_211623
1755260163.8975146,7733080,1979668480,1979.66848,17,150,156,4,20250815_211623
1755260163.9074986,7733119,1979678464,1979.678464,20,146,155,4,20250815_211623
1755260163.9174826,7733158,1979688448,1979.688448,23,146,155,4,20250815_211623
1755260163.9274666,7733197,1979698432,1979.698432,26,142,155,4,20250815_211623
1755260163.9374506,7733236,1979708416,1979.708416,30,145,153,4,20250815_211623
1755260163.947435,7733275,1979718400,1979.7184,33,143,153,4,20250815_211623
1755260163.957419,7733314,1979728384,1979.728384,36,143,151,4,20250815_211623
1755260163.9674027,7733353,1979738368,1979.738368,39,142,150,4,20250815_211623
1755260163.9773867,7733392,1979748352,1979.748352,42,144,145,4,20250815_211623
1755260163.9876266,7733432,1979758592,1979.758592,45,141,139,4,20250815_211623
1755260163.9976106,7733471,1979768576,1979.768576,49,143,131,4,20250815_211623
1755260164.0075946,7733510,1979778560,1979.77856,52,139,121,4,20250815_211623
1755260164.0175786,7733549,1979788544,1979.788544,55,141,111,4,20250815_211623
1755260164.0275626,7733588,1979798528,1979.798528,58,139,102,4,20250815_211623
1755260164.0375466,7733627,1979808512,1979.808512,61,124,96,4,20250815_211623
1755260164.047531,7733666,1979818496,1979.818496,65,106,91,4,20250815_211623
1755260164.057515,7733705,1979828480,1979.82848,68,105,88,4,20250815_211623
1755260164.0674987,7733744,1979838464,1979.838464,71,113,86,4,20250815_211623
1755260164.0774827,7733783,1979848448,1979.848448,74,121,86,4,20250815_211623
1755260164.0874667,7733822,1979858432,1979.858432,77,137,88,4,20250815_211623
1755260164.0974507,7733861,1979868416,1979.868416,81,146,90,4,20250815_211623
1755260164.1074347,7733900,1979878400,1979.8784,84,148,91,4,20250815_211623
1755260164.1174188,7733939,1979888384,1979.888384,87,150,87,4,20250815_211623
1755260164.1276586,7733979,1979898624,1979.898624,90,148,88,4,20250815_211623
1755260164.1376426,7734018,1979908608,1979.908608,93,149,90,4,20250815_211623
1755260164.1476266,7734057,1979918592,1979.918592,96,145,89,4,20250815_211623
1755260164.157611,7734096,1979928576,1979.928576,100,146,90,4,20250815_211623
1755260164.167595,7734135,1979938560,1979.93856,103,103,89,4,20250815_211623
1755260164.1775787,7734174,1979948544,1979.948544,106,81,88,4,20250815_211623
1755260164.1875627,7734213,1979958528,1979.958528,109,85,91,4,20250815_211623
1755260164.1975467,7734252,1979968512,1979.968512,112,81,89,4,20250815_211623
1755260164.2075307,7734291,1979978496,1979.978496,116,108,91,4,20250815_211623
1755260164.2175148,7734330,1979988480,1979.98848,119,147,92,4,20250815_211623
1755260164.2274988,7734369,1979998464,1979.998464,122,146,91,4,20250815_211623
1755260164.2374823,7734408,1980008448,1980.008448,125,149,90,4,20250815_211623
1755260164.2474666,7734447,1980018432,1980.018432,128,150,90,4,20250815_211623
1755260164.2574506,7734486,1980028416,1980.028416,132,161,90,4,20250815_211623
1755260164.2674346,7734525,1980038400,1980.0384,135,167,91,4,20250815_211623
1755260164.277675,7734565,1980048640,1980.04864,138,171,92,4,20250815_211623
1755260164.2876587,7734604,1980058624,1980.058624,141,169,92,4,20250815_211623
1755260164.2976427,7734643,1980068608,1980.068608,144,168,92,4,20250815_211623
1755260164.3076267,7734682,1980078592,1980.078592,147,163,92,4,20250815_211623
1755260164.3176107,7734721,1980088576,1980.088576,151,164,92,4,20250815_211623
1755260164.3275948,7734760,1980098560,1980.09856,154,165,94,4,20250815_211623
1755260164.3375788,7734799,1980108544,1980.108544,157,169,94,4,20250815_211623
1755260164.3475626,7734838,1980118528,1980.118528,160,177,96,4,20250815_211623
1755260164.3575466,7734877,1980128512,1980.128512,163,183,96,4,20250815_211623
1755260164.3675306,7734916,1980138496,1980.138496,167,181,99,4,20250815_211623
1755260164.3775146,7734955,1980148480,1980.14848,170,176,103,4,20250815_211623
1755260164.3874986,7734994,1980158464,1980.158464,173,158,106,4,20250815_211623
1755260164.3974826,7735033,1980168448,1980.168448,176,156,112,4,20250815_211623
1755260164.407467,7735072,1980178432,1980.178432,179,155,119,4,20250815_211623
1755260164.417451,7735111,1980188416,1980.188416,183,150,127,4,20250815_211623
1755260164.4276907,7735151,1980198656,1980.198656,186,84,129,4,20250815_211623
1755260164.4376748,7735190,1980208640,1980.20864,189,89,134,4,20250815_211623
1755260164.4476588,7735229,1980218624,1980.218624,192,94,138,4,20250815_211623
1755260164.4576426,7735268,1980228608,1980.228608,195,98,145,4,20250815_211623
1755260164.4676266,7735307,1980238592,1980.238592,198,147,150,4,20250815_211623
1755260164.4776106,7735346,1980248576,1980.248576,202,165,149,4,20250815_211623
1755260164.4875946,7735385,1980258560,1980.25856,205,165,148,4,20250815_211623
1755260164.4975786,7735424,1980268544,1980.268544,208,168,150,4,20250815_211623
1755260164.5075626,7735463,1980278528,1980.278528,211,169,152,4,20250815_211623
1755260164.517547,7735502,1980288512,1980.288512,214,171,155,4,20250815_211623
1755260164.527531,7735541,1980298496,1980.298496,218,169,156,4,20250815_211623
1755260164.5375147,7735580,1980308480,1980.30848,221,166,155,4,20250815_211623
1755260164.5474987,7735619,1980318464,1980.318464,224,160,157,4,20250815_211623
1755260164.5574827,7735658,1980328448,1980.328448,227,166,156,4,20250815_211623
1755260164.5677226,7735698,1980338688,1980.338688,230,165,158,4,20250815_211623
1755260164.5777066,7735737,1980348672,1980.348672,233,167,156,4,20250815_211623
1755260164.5876906,7735776,1980358656,1980.358656,237,164,157,4,20250815_211623
1755260164.5976746,7735815,1980368640,1980.36864,240,167,157,4,20250815_211623
1755260164.6076586,7735854,1980378624,1980.378624,243,165,156,4,20250815_211623
1755260164.6176426,7735893,1980388608,1980.388608,246,166,158,4,20250815_211623
1755260164.627627,7735932,1980398592,1980.398592,249,161,158,4,20250815_211623
1755260164.637611,7735971,1980408576,1980.408576,253,163,159,4,20250815_211623
1755260164.6475947,7736010,1980418560,1980.41856,1,160,158,4,20250815_211623
1755260164.6575787,7736049,1980428544,1980.428544,4,162,158,4,20250815_211623
1755260164.6675627,7736088,1980438528,1980.438528,7,160,158,4,20250815_211623
1755260164.6775467,7736127,1980448512,1980.448512,10,159,156,4,20250815_211623
1755260164.6875308,7736166,1980458496,1980.458496,14,157,157,4,20250815_211623
1755260164.6975148,7736205,1980468480,1980.46848,17,159,156,4,20250815_211623
1755260164.7077546,7736245,1980478720,1980.47872,20,159,156,4,20250815_211623
1755260164.7177386,7736284,1980488704,1980.488704,23,158,155,4,20250815_211623
1755260164.7277226,7736323,1980498688,1980.498688,26,156,155,4,20250815_211623
1755260164.737707,7736362,1980508672,1980.508672,29,155,154,4,20250815_211623
1755260164.747691,7736401,1980518656,1980.518656,33,151,154,4,20250815_211623
1755260164.7576747,7736440,1980528640,1980.52864,36,153,152,4,20250815_211623
1755260164.7676587,7736479,1980538624,1980.538624,39,151,151,4,20250815_211623
1755260164.7776427,7736518,1980548608,1980.548608,42,154,148,4,20250815_211623
1755260164.7876267,7736557,1980558592,1980.558592,45,148,140,4,20250815_211623
1755260164.7976108,7736596,1980568576,1980.568576,49,152,132,4,20250815_211623
1755260164.8075948,7736635,1980578560,1980.57856,52,149,125,4,20250815_211623
1755260164.8175786,7736674,1980588544,1980.588544,55,150,114,4,20250815_211623
1755260164.8275626,7736713,1980598528,1980.598528,58,146,104,4,20250815_211623
1755260164.8375466,7736752,1980608512,1980.608512,61,130,97,4,20250815_211623
1755260164.847787,7736792,1980618752,1980.618752,65,107,93,4,20250815_211623
1755260164.8577707,7736831,1980628736,1980.628736,68,107,89,4,20250815_211623
1755260164.8677547,7736870,1980638720,1980.63872,71,105,87,4,20250815_211623
1755260164.8777387,7736909,1980648704,1980.648704,74,123,86,4,20250815_211623
1755260164.8877227,7736948,1980658688,1980.658688,77,136,85,4,20250815_211623
1755260164.8977067,7736987,1980668672,1980.668672,80,152,90,4,20250815_211623
1755260164.9076908,7737026,1980678656,1980.678656,84,153,90,4,20250815_211623
1755260164.9176748,7737065,1980688640,1980.68864,87,156,88,4,20250815_211623
1755260164.9276586,7737104,1980698624,1980.698624,90,153,88,4,20250815_211623
1755260164.9376426,7737143,1980708608,1980.708608,93,153,89,4,20250815_211623
1755260164.9476266,7737182,1980718592,1980.718592,96,149,90,4,20250815_211623
1755260164.9576106,7737221,1980728576,1980.728576,100,152,89,4,20250815_211623
1755260164.9675946,7737260,1980738560,1980.73856,103,109,89,4,20250815_211623
1755260164.9775786,7737299,1980748544,1980.748544,106,84,89,4,20250815_211623
1755260164.987563,7737338,1980758528,1980.758528,109,87,89,4,20250815_211623
1755260164.9978027,7737378,1980768768,1980.768768,112,81,89,4,20250815_211623
1755260165.0077868,7737417,1980778752,1980.778752,116,119,89,4,20250815_211623
1755260165.0177708,7737456,1980788736,1980.788736,119,152,89,4,20250815_211623
1755260165.0277543,7737495,1980798720,1980.79872,122,154,89,4,20250815_211623
1755260165.0377386,7737534,1980808704,1980.808704,125,159,89,4,20250815_211623
1755260165.0477226,7737573,1980818688,1980.818688,128,163,89,4,20250815_211623
1755260165.0577066,7737612,1980828672,1980.828672,131,178,90,4,20250815_211623
1755260165.0676906,7737651,1980838656,1980.838656,135,179,91,4,20250815_211623
1755260165.0776746,7737690,1980848640,1980.84864,138,179,91,4,20250815_211623
1755260165.0876586,7737729,1980858624,1980.858624,141,170,90,4,20250815_211623
1755260165.097643,7737768,1980868608,1980.868608,144,169,92,4,20250815_211623
1755260165.107627,7737807,1980878592,1980.878592,147,167,93,4,20250815_211623
1755260165.1176107,7737846,1980888576,1980.888576,151,171,92,4,20250815_211623
1755260165.1275947,7737885,1980898560,1980.89856,154,171,94,4,20250815_211623
1755260165.1378343,7737925,1980908800,1980.9088,157,175,95,4,20250815_211623
1755260165.1478186,7737964,1980918784,1980.918784,160,179,96,4,20250815_211623
1755260165.1578026,7738003,1980928768,1980.928768,163,188,98,4,20250815_211623
1755260165.1677866,7738042,1980938752,1980.938752,166,190,100,4,20250815_211623
1755260165.1777706,7738081,1980948736,1980.948736,170,189,105,4,20250815_211623
1755260165.1877546,7738120,1980958720,1980.95872,173,175,110,4,20250815_211623
1755260165.1977386,7738159,1980968704,1980.968704,176,164,118,4,20250815_211623
1755260165.207723,7738198,1980978688,1980.978688,179,160,123,4,20250815_211623
1755260165.217707,7738237,1980988672,1980.988672,182,159,127,4,20250815_211623
1755260165.2276907,7738276,1980998656,1980.998656,186,96,132,4,20250815_211623
1755260165.2376747,7738315,1981008640,1981.00864,189,87,137,4,20250815_211623
1755260165.2476587,7738354,1981018624,1981.018624,192,95,144,4,20250815_211623
1755260165.2576427,7738393,1981028608,1981.028608,195,95,148,4,20250815_211623
1755260165.2676268,7738432,1981038592,1981.038592,198,144,150,4,20250815_211623
1755260165.2776108,7738471,1981048576,1981.048576,202,169,147,4,20250815_211623
1755260165.2878506,7738511,1981058816,1981.058816,205,169,151,4,20250815_211623
1755260165.2978346,7738550,1981068800,1981.0688,208,175,153,4,20250815_211623
1755260165.307819,7738589,1981078784,1981.078784,211,174,154,4,20250815_211623
1755260165.317803,7738628,1981088768,1981.088768,214,177,155,4,20250815_211623
1755260165.3277867,7738667,1981098752,1981.098752,217,174,155,4,20250815_211623
1755260165.3377707,7738706,1981108736,1981.108736,221,174,155,4,20250815_211623
1755260165.3477547,7738745,1981118720,1981.11872,224,165,156,4,20250815_211623
1755260165.3577387,7738784,1981128704,1981.128704,227,173,157,4,20250815_211623
1755260165.3677227,7738823,1981138688,1981.138688,230,170,157,4,20250815_211623
1755260165.3777068,7738862,1981148672,1981.148672,233,173,157,4,20250815_211623
1755260165.3876903,7738901,1981158656,1981.158656,237,171,157,4,20250815_211623
1755260165.3976746,7738940,1981168640,1981.16864,240,174,158,4,20250815_211623
1755260165.4076586,7738979,1981178624,1981.178624,243,171,159,4,20250815_211623
1755260165.4176426,7739018,1981188608,1981.188608,246,173,159,4,20250815_211623
1755260165.427883,7739058,1981198848,1981.198848,249,168,159,4,20250815_211623
1755260165.4378667,7739097,1981208832,1981.208832,253,169,158,4,20250815_211623
1755260165.4478507,7739136,1981218816,1981.218816,1,166,158,4,20250815_211623
1755260165.4578347,7739175,1981228800,1981.2288,4,168,157,4,20250815_211623
1755260165.4678187,7739214,1981238784,1981.238784,7,164,157,4,20250815_211623
1755260165.4778028,7739253,1981248768,1981.248768,10,165,158,4,20250815_211623
1755260165.4877868,7739292,1981258752,1981.258752,13,161,157,4,20250815_211623
1755260165.4977703,7739331,1981268736,1981.268736,17,164,157,4,20250815_211623
1755260165.5077546,7739370,1981278720,1981.27872,20,160,156,4,20250815_211623
1755260165.5177386,7739409,1981288704,1981.288704,23,164,156,4,20250815_211623
1755260165.5277226,7739448,1981298688,1981.298688,26,159,156,4,20250815_211623
1755260165.5377066,7739487,1981308672,1981.308672,29,161,155,4,20250815_211623
1755260165.5476906,7739526,1981318656,1981.318656,33,158,154,4,20250815_211623
1755260165.5576746,7739565,1981328640,1981.32864,36,159,153,4,20250815_211623
1755260165.567659,7739604,1981338624,1981.338624,39,156,150,4,20250815_211623
1755260165.5778987,7739644,1981348864,1981.348864,42,158,146,4,20250815_211623
1755260165.5878828,7739683,1981358848,1981.358848,45,153,141,4,20250815_211623
1755260165.5978668,7739722,1981368832,1981.368832,49,155,137,4,20250815_211623
1755260165.6078506,7739761,1981378816,1981.378816,52,151,127,4,20250815_211623
1755260165.6178346,7739800,1981388800,1981.3888,55,153,116,4,20250815_211623
1755260165.6278186,7739839,1981398784,1981.398784,58,151,105,4,20250815_211623
1755260165.6378026,7739878,1981408768,1981.408768,61,143,99,4,20250815_211623
1755260165.6477866,7739917,1981418752,1981.418752,64,121,94,4,20250815_211623
1755260165.6577706,7739956,1981428736,1981.428736,68,120,90,4,20250815_211623
1755260165.667755,7739995,1981438720,1981.43872,71,120,87,4,20250815_211623
1755260165.677739,7740034,1981448704,1981.448704,74,136,86,4,20250815_211623
1755260165.6877227,7740073,1981458688,1981.458688,77,146,87,4,20250815_211623
1755260165.6977067,7740112,1981468672,1981.468672,80,155,89,4,20250815_211623
1755260165.7076907,7740151,1981478656,1981.478656,84,154,90,4,20250815_211623
1755260165.7179306,7740191,1981488896,1981.488896,87,159,89,4,20250815_211623
1755260165.7279146,7740230,1981498880,1981.49888,90,157,88,4,20250815_211623
1755260165.7378986,7740269,1981508864,1981.508864,93,159,89,4,20250815_211623
1755260165.7478826,7740308,1981518848,1981.518848,96,154,89,4,20250815_211623
1755260165.7578666,7740347,1981528832,1981.528832,99,155,88,4,20250815_211623
1755260165.7678506,7740386,1981538816,1981.538816,103,108,90,4,20250815_211623
1755260165.777835,7740425,1981548800,1981.5488,106,84,88,4,20250815_211623
1755260165.787819,7740464,1981558784,1981.558784,109,88,89,4,20250815_211623
1755260165.7978027,7740503,1981568768,1981.568768,112,82,89,4,20250815_211623
1755260165.8077867,7740542,1981578752,1981.578752,115,122,89,4,20250815_211623
1755260165.8177707,7740581,1981588736,1981.588736,119,159,91,4,20250815_211623
1755260165.8277547,7740620,1981598720,1981.59872,122,159,90,4,20250815_211623
1755260165.8377388,7740659,1981608704,1981.608704,125,162,89,4,20250815_211623
1755260165.8477228,7740698,1981618688,1981.618688,128,167,89,4,20250815_211623
1755260165.8577063,7740737,1981628672,1981.628672,131,181,90,4,20250815_211623
1755260165.8679466,7740777,1981638912,1981.638912,135,183,90,4,20250815_211623
1755260165.8779306,7740816,1981648896,1981.648896,138,186,90,4,20250815_211623
1755260165.887915,7740855,1981658880,1981.65888,141,179,91,4,20250815_211623
1755260165.897899,7740894,1981668864,1981.668864,144,177,92,4,20250815_211623
1755260165.9078827,7740933,1981678848,1981.678848,147,174,92,4,20250815_211623
1755260165.9178667,7740972,1981688832,1981.688832,150,178,93,4,20250815_211623
1755260165.9278507,7741011,1981698816,1981.698816,154,177,94,4,20250815_211623
1755260165.9378347,7741050,1981708800,1981.7088,157,183,95,4,20250815_211623
1755260165.9478188,7741089,1981718784,1981.718784,160,188,94,4,20250815_211623
1755260165.9578028,7741128,1981728768,1981.728768,163,197,97,4,20250815_211623
1755260165.9677866,7741167,1981738752,1981.738752,166,197,99,4,20250815_211623
1755260165.9780266,7741207,1981748992,1981.748992,170,198,104,4,20250815_211623
1755260165.9880106,7741246,1981758976,1981.758976,173,190,109,4,20250815_211623
1755260165.997995,7741285,1981768960,1981.76896,176,177,114,4,20250815_211623
1755260166.007979,7741324,1981778944,1981.778944,179,170,122,4,20250815_211623
1755260166.0179627,7741363,1981788928,1981.788928,182,170,127,4,20250815_211623
1755260166.0279467,7741402,1981798912,1981.798912,186,132,131,4,20250815_211623
1755260166.0379307,7741441,1981808896,1981.808896,189,88,135,4,20250815_211623
1755260166.0479147,7741480,1981818880,1981.81888,192,101,140,4,20250815_211623
1755260166.0578988,7741519,1981828864,1981.828864,195,103,147,4,20250815_211623
1755260166.0678828,7741558,1981838848,1981.838848,198,127,149,4,20250815_211623
1755260166.0778666,7741597,1981848832,1981.848832,201,180,150,4,20250815_211623
1755260166.0878506,7741636,1981858816,1981.858816,205,179,149,4,20250815_211623
1755260166.0978346,7741675,1981868800,1981.8688,208,187,152,4,20250815_211623
1755260166.1078186,7741714,1981878784,1981.878784,211,188,154,4,20250815_211623
1755260166.1180587,7741754,1981889024,1981.889024,214,193,156,4,20250815_211623
1755260166.1280427,7741793,1981899008,1981.899008,217,187,155,4,20250815_211623
1755260166.1380267,7741832,1981908992,1981.908992,221,188,154,4,20250815_211623
1755260166.1480107,7741871,1981918976,1981.918976,224,180,157,4,20250815_211623
1755260166.1579947,7741910,1981928960,1981.92896,227,186,158,4,20250815_211623
1755260166.1679788,7741949,1981938944,1981.938944,230,181,156,4,20250815_211623
1755260166.1779628,7741988,1981948928,1981.948928,233,183,156,4,20250815_211623
1755260166.1879466,7742027,1981958912,1981.958912,237,181,157,4,20250815_211623
1755260166.1979306,7742066,1981968896,1981.968896,240,184,158,4,20250815_211623
1755260166.2079146,7742105,1981978880,1981.97888,243,181,159,4,20250815_211623
1755260166.2178986,7742144,1981988864,1981.988864,246,183,158,4,20250815_211623
1755260166.2278826,7742183,1981998848,1981.998848,249,177,158,4,20250815_211623
1755260166.2378666,7742222,1982008832,1982.008832,252,178,159,4,20250815_211623
1755260166.247851,7742261,1982018816,1982.018816,1,172,159,4,20250815_211623
1755260166.2580907,7742301,1982029056,1982.029056,4,174,158,4,20250815_211623
1755260166.2680748,7742340,1982039040,1982.03904,7,170,157,4,20250815_211623
1755260166.2780588,7742379,1982049024,1982.049024,10,173,158,4,20250815_211623
1755260166.2880423,7742418,1982059008,1982.059008,13,168,157,4,20250815_211623
1755260166.2980266,7742457,1982068992,1982.068992,17,169,156,4,20250815_211623
1755260166.3080106,7742496,1982078976,1982.078976,20,163,155,4,20250815_211623
1755260166.3179946,7742535,1982088960,1982.08896,23,169,155,4,20250815_211623
1755260166.3279786,7742574,1982098944,1982.098944,26,162,155,4,20250815_211623
1755260166.3379626,7742613,1982108928,1982.108928,29,162,154,4,20250815_211623
1755260166.3479466,7742652,1982118912,1982.118912,33,159,154,4,20250815_211623
1755260166.357931,7742691,1982128896,1982.128896,36,165,151,4,20250815_211623
1755260166.367915,7742730,1982138880,1982.13888,39,161,149,4,20250815_211623
1755260166.3778987,7742769,1982148864,1982.148864,42,163,147,4,20250815_211623
1755260166.3878827,7742808,1982158848,1982.158848,45,157,140,4,20250815_211623
1755260166.3981223,7742848,1982169088,1982.169088,48,158,132,4,20250815_211623
1755260166.4081066,7742887,1982179072,1982.179072,52,152,124,4,20250815_211623
1755260166.4180906,7742926,1982189056,1982.189056,55,158,115,4,20250815_211623
1755260166.4280746,7742965,1982199040,1982.19904,58,156,105,4,20250815_211623
1755260166.4380586,7743004,1982209024,1982.209024,61,158,98,4,20250815_211623
1755260166.4480426,7743043,1982219008,1982.219008,64,136,92,4,20250815_211623
1755260166.4580266,7743082,1982228992,1982.228992,68,131,90,4,20250815_211623
1755260166.468011,7743121,1982238976,1982.238976,71,131,87,4,20250815_211623
1755260166.477995,7743160,1982248960,1982.24896,74,147,87,4,20250815_211623
1755260166.4879787,7743199,1982258944,1982.258944,77,158,88,4,20250815_211623
1755260166.4979627,7743238,1982268928,1982.268928,80,169,90,4,20250815_211623
1755260166.5079467,7743277,1982278912,1982.278912,83,168,90,4,20250815_211623
1755260166.5179307,7743316,1982288896,1982.288896,87,174,89,4,20250815_211623
1755260166.5281706,7743356,1982299136,1982.299136,90,173,88,4,20250815_211623
1755260166.5381546,7743395,1982309120,1982.30912,93,174,90,4,20250815_211623
1755260166.5481386,7743434,1982319104,1982.319104,96,168,89,4,20250815_211623
1755260166.5581226,7743473,1982329088,1982.329088,99,171,89,4,20250815_211623
1755260166.568107,7743512,1982339072,1982.339072,103,114,89,4,20250815_211623
1755260166.578091,7743551,1982349056,1982.349056,106,96,90,4,20250815_211623
1755260166.5880747,7743590,1982359040,1982.35904,109,97,89,4,20250815_211623
1755260166.5980587,7743629,1982369024,1982.369024,112,94,90,4,20250815_211623
1755260166.6082988,7743669,1982379264,1982.379264,115,143,91,4,20250815_211623
1755260166.6182826,7743708,1982389248,1982.389248,119,173,91,4,20250815_211623
1755260166.6282666,7743747,1982399232,1982.399232,122,172,90,4,20250815_211623
1755260166.6382506,7743786,1982409216,1982.409216,125,178,90,4,20250815_211623
1755260166.6482346,7743825,1982419200,1982.4192,128,179,89,4,20250815_211623
1755260166.6582186,7743864,1982429184,1982.429184,131,195,90,4,20250815_211623
1755260166.6684587,7743904,1982439424,1982.439424,135,194,91,4,20250815_211623
1755260166.6784427,7743943,1982449408,1982.449408,138,197,94,4,20250815_211623
1755260166.6884267,7743982,1982459392,1982.459392,141,192,93,4,20250815_211623
1755260166.6984107,7744021,1982469376,1982.469376,144,191,93,4,20250815_211623
1755260166.7083948,7744060,1982479360,1982.47936,147,185,92,4,20250815_211623
1755260166.7183783,7744099,1982489344,1982.489344,151,190,94,4,20250815_211623
1755260166.7283626,7744138,1982499328,1982.499328,154,189,95,4,20250815_211623
1755260166.7386026,7744178,1982509568,1982.509568,157,196,96,4,20250815_211623
1755260166.748587,7744217,1982519552,1982.519552,160,197,96,4,20250815_211623
1755260166.758571,7744256,1982529536,1982.529536,163,198,98,4,20250815_211623
1755260166.7685547,7744295,1982539520,1982.53952,167,198,101,4,20250815_211623
1755260166.7785387,7744334,1982549504,1982.549504,170,198,105,4,20250815_211623
1755260166.7885227,7744373,1982559488,1982.559488,173,187,112,4,20250815_211623
1755260166.7985067,7744412,1982569472,1982.569472,176,182,119,4,20250815_211623
1755260166.8087466,7744452,1982579712,1982.579712,179,175,124,4,20250815_211623
1755260166.8187306,7744491,1982589696,1982.589696,182,177,128,4,20250815_211623
1755260166.8287146,7744530,1982599680,1982.59968,186,101,132,4,20250815_211623
1755260166.8386986,7744569,1982609664,1982.609664,189,96,137,4,20250815_211623
1755260166.8486826,7744608,1982619648,1982.619648,192,100,146,4,20250815_211623
1755260166.858667,7744647,1982629632,1982.629632,195,103,149,4,20250815_211623
1755260166.868651,7744686,1982639616,1982.639616,198,167,150,4,20250815_211623
1755260166.8788908,7744726,1982649856,1982.649856,202,184,150,4,20250815_211623
1755260166.8888748,7744765,1982659840,1982.65984,205,182,151,4,20250815_211623
1755260166.8988583,7744804,1982669824,1982.669824,208,192,152,4,20250815_211623
1755260166.9088426,7744843,1982679808,1982.679808,211,189,154,4,20250815_211623
1755260166.9188266,7744882,1982689792,1982.689792,214,195,155,4,20250815_211623
1755260166.9288106,7744921,1982699776,1982.699776,218,189,155,4,20250815_211623
1755260166.9387946,7744960,1982709760,1982.70976,221,186,155,4,20250815_211623
1755260166.9487786,7744999,1982719744,1982.719744,224,179,156,4,20250815_211623
1755260166.9587626,7745038,1982729728,1982.729728,227,189,157,4,20250815_211623
1755260166.968747,7745077,1982739712,1982.739712,230,187,158,4,20250815_211623
1755260166.978731,7745116,1982749696,1982.749696,233,194,156,4,20250815_211623
1755260166.9887147,7745155,1982759680,1982.75968,237,188,156,4,20250815_211623
1755260166.9986987,7745194,1982769664,1982.769664,240,194,158,4,20250815_211623
1755260167.0086827,7745233,1982779648,1982.779648,243,188,157,4,20250815_211623
1755260167.0189226,7745273,1982789888,1982.789888,246,192,158,4,20250815_211623
1755260167.0289066,7745312,1982799872,1982.799872,249,187,159,4,20250815_211623
1755260167.0388906,7745351,1982809856,1982.809856,253,192,159,4,20250815_211623
1755260167.0488746,7745390,1982819840,1982.81984,1,186,158,4,20250815_211623
1755260167.0588586,7745429,1982829824,1982.829824,4,192,158,4,20250815_211623
1755260167.0688426,7745468,1982839808,1982.839808,7,185,158,4,20250815_211623
1755260167.078827,7745507,1982849792,1982.849792,10,189,158,4,20250815_211623
1755260167.0888107,7745546,1982859776,1982.859776,14,181,157,4,20250815_211623
1755260167.0987947,7745585,1982869760,1982.86976,17,185,156,4,20250815_211623
1755260167.1087787,7745624,1982879744,1982.879744,20,179,156,4,20250815_211623
1755260167.1187627,7745663,1982889728,1982.889728,23,184,155,4,20250815_211623
1755260167.1287467,7745702,1982899712,1982.899712,26,176,155,4,20250815_211623
1755260167.1387308,7745741,1982909696,1982.909696,29,180,155,4,20250815_211623
1755260167.1489706,7745781,1982919936,1982.919936,33,173,153,4,20250815_211623
1755260167.1589546,7745820,1982929920,1982.92992,36,178,152,4,20250815_211623
1755260167.1689386,7745859,1982939904,1982.939904,39,172,150,4,20250815_211623
1755260167.178923,7745898,1982949888,1982.949888,42,178,146,4,20250815_211623
1755260167.188907,7745937,1982959872,1982.959872,45,172,140,4,20250815_211623
1755260167.1988907,7745976,1982969856,1982.969856,49,177,130,4,20250815_211623
1755260167.2088747,7746015,1982979840,1982.97984,52,170,124,4,20250815_211623
1755260167.2188587,7746054,1982989824,1982.989824,55,172,112,4,20250815_211623
1755260167.2288427,7746093,1982999808,1982.999808,58,163,102,4,20250815_211623
1755260167.2388268,7746132,1983009792,1983.009792,61,155,96,4,20250815_211623
1755260167.2488108,7746171,1983019776,1983.019776,65,129,92,4,20250815_211623
1755260167.2587943,7746210,1983029760,1983.02976,68,129,88,4,20250815_211623
1755260167.2687786,7746249,1983039744,1983.039744,71,131,86,4,20250815_211623
1755260167.2787626,7746288,1983049728,1983.049728,74,143,86,4,20250815_211623
1755260167.289003,7746328,1983059968,1983.059968,77,156,88,4,20250815_211623
1755260167.298987,7746367,1983069952,1983.069952,80,173,90,4,20250815_211623
1755260167.3089707,7746406,1983079936,1983.079936,84,173,90,4,20250815_211623
1755260167.3189547,7746445,1983089920,1983.08992,87,179,88,4,20250815_211623
1755260167.3289387,7746484,1983099904,1983.099904,90,170,89,4,20250815_211623
1755260167.3389227,7746523,1983109888,1983.109888,93,174,90,4,20250815_211623
1755260167.3489068,7746562,1983119872,1983.119872,96,166,89,4,20250815_211623
1755260167.3588908,7746601,1983129856,1983.129856,100,172,89,4,20250815_211623
1755260167.3688743,7746640,1983139840,1983.13984,103,136,90,4,20250815_211623
1755260167.3788586,7746679,1983149824,1983.149824,106,93,89,4,20250815_211623
1755260167.3888426,7746718,1983159808,1983.159808,109,96,89,4,20250815_211623
1755260167.3988266,7746757,1983169792,1983.169792,112,96,90,4,20250815_211623
1755260167.4088106,7746796,1983179776,1983.179776,116,107,90,4,20250815_211623
1755260167.4187946,7746835,1983189760,1983.18976,119,171,91,4,20250815_211623
1755260167.4290347,7746875,1983200000,1983.2,122,169,90,4,20250815_211623
1755260167.4390187,7746914,1983209984,1983.209984,125,177,89,4,20250815_211623
1755260167.4490027,7746953,1983219968,1983.219968,128,175,90,4,20250815_211623
1755260167.4589868,7746992,1983229952,1983.229952,131,191,90,4,20250815_211623
1755260167.4689708,7747031,1983239936,1983.239936,135,193,91,4,20250815_211623
1755260167.4789546,7747070,1983249920,1983.24992,138,196,91,4,20250815_211623
1755260167.4889386,7747109,1983259904,1983.259904,141,195,92,4,20250815_211623
1755260167.4989226,7747148,1983269888,1983.269888,144,196,92,4,20250815_211623
1755260167.509163,7747188,1983280128,1983.280128,147,193,92,4,20250815_211623
1755260167.5191467,7747227,1983290112,1983.290112,151,195,93,4,20250815_211623
1755260167.5291307,7747266,1983300096,1983.300096,154,194,93,4,20250815_211623
1755260167.5391147,7747305,1983310080,1983.31008,157,198,95,4,20250815_211623
1755260167.5490987,7747344,1983320064,1983.320064,160,196,95,4,20250815_211623
1755260167.5590827,7747383,1983330048,1983.330048,163,198,97,4,20250815_211623
1755260167.5690668,7747422,1983340032,1983.340032,167,196,101,4,20250815_211623
1755260167.5790508,7747461,1983350016,1983.350016,170,196,105,4,20250815_211623
1755260167.5890346,7747500,1983360000,1983.36,173,184,109,4,20250815_211623
1755260167.5990186,7747539,1983369984,1983.369984,176,185,114,4,20250815_211623
1755260167.6090026,7747578,1983379968,1983.379968,179,176,122,4,20250815_211623
1755260167.6189866,7747617,1983389952,1983.389952,182,176,127,4,20250815_211623
1755260167.6289706,7747656,1983399936,1983.399936,186,99,131,4,20250815_211623
1755260167.6389546,7747695,1983409920,1983.40992,189,104,136,4,20250815_211623
1755260167.6491947,7747735,1983420160,1983.42016,192,105,142,4,20250815_211623
1755260167.6591787,7747774,1983430144,1983.430144,195,108,148,4,20250815_211623
1755260167.6691628,7747813,1983440128,1983.440128,198,173,149,4,20250815_211623
1755260167.6791468,7747852,1983450112,1983.450112,202,193,149,4,20250815_211623
1755260167.6891303,7747891,1983460096,1983.460096,205,189,151,4,20250815_211623
1755260167.6991146,7747930,1983470080,1983.47008,208,195,152,4,20250815_211623
1755260167.7090986,7747969,1983480064,1983.480064,211,192,154,4,20250815_211623
1755260167.7190826,7748008,1983490048,1983.490048,214,195,156,4,20250815_211623
1755260167.7290666,7748047,1983500032,1983.500032,218,192,155,4,20250815_211623
1755260167.7390506,7748086,1983510016,1983.510016,221,189,155,4,20250815_211623
1755260167.7490346,7748125,1983520000,1983.52,224,173,156,4,20250815_211623
1755260167.759019,7748164,1983529984,1983.529984,227,191,157,4,20250815_211623
1755260167.769003,7748203,1983539968,1983.539968,230,191,157,4,20250815_211623
1755260167.7789867,7748242,1983549952,1983.549952,233,194,157,4,20250815_211623
1755260167.7892268,7748282,1983560192,1983.560192,237,189,157,4,20250815_211623
1755260167.7992103,7748321,1983570176,1983.570176,240,194,157,4,20250815_211623
1755260167.8091946,7748360,1983580160,1983.58016,243,189,158,4,20250815_211623
1755260167.8191786,7748399,1983590144,1983.590144,246,194,159,4,20250815_211623
1755260167.8291626,7748438,1983600128,1983.600128,249,189,160,4,20250815_211623
1755260167.8391466,7748477,1983610112,1983.610112,253,192,159,4,20250815_211623
1755260167.8491306,7748516,1983620096,1983.620096,1,184,158,4,20250815_211623
1755260167.8591146,7748555,1983630080,1983.63008,4,189,158,4,20250815_211623
1755260167.869099,7748594,1983640064,1983.640064,7,180,158,4,20250815_211623
1755260167.879083,7748633,1983650048,1983.650048,10,186,157,4,20250815_211623
1755260167.8890667,7748672,1983660032,1983.660032,13,177,156,4,20250815_211623
1755260167.8990507,7748711,1983670016,1983.670016,17,183,156,4,20250815_211623
1755260167.9090347,7748750,1983680000,1983.68,20,174,156,4,20250815_211623
1755260167.9190187,7748789,1983689984,1983.689984,23,178,155,4,20250815_211623
1755260167.9290028,7748828,1983699968,1983.699968,26,169,154,4,20250815_211623
1755260167.9392426,7748868,1983710208,1983.710208,29,174,153,4,20250815_211623
1755260167.9492266,7748907,1983720192,1983.720192,33,165,153,4,20250815_211623
1755260167.9592106,7748946,1983730176,1983.730176,36,171,150,4,20250815_211623
1755260167.969195,7748985,1983740160,1983.74016,39,161,148,4,20250815_211623
1755260167.979179,7749024,1983750144,1983.750144,42,167,143,4,20250815_211623
1755260167.9891627,7749063,1983760128,1983.760128,45,159,138,4,20250815_211623
1755260167.9991467,7749102,1983770112,1983.770112,49,163,130,4,20250815_211623
1755260168.0091307,7749141,1983780096,1983.780096,52,155,122,4,20250815_211623
1755260168.0191147,7749180,1983790080,1983.79008,55,158,111,4,20250815_211623
1755260168.0290987,7749219,1983800064,1983.800064,58,140,102,4,20250815_211623
1755260168.0390828,7749258,1983810048,1983.810048,61,112,96,4,20250815_211623
1755260168.0490663,7749297,1983820032,1983.820032,64,86,91,4,20250815_211623
1755260168.0590506,7749336,1983830016,1983.830016,68,87,88,4,20250815_211623
1755260168.0690346,7749375,1983840000,1983.84,71,89,86,4,20250815_211623
1755260168.079275,7749415,1983850240,1983.85024,74,95,87,4,20250815_211623
1755260168.089259,7749454,1983860224,1983.860224,77,111,90,4,20250815_211623
1755260168.0992427,7749493,1983870208,1983.870208,80,135,90,4,20250815_211623
1755260168.1092267,7749532,1983880192,1983.880192,84,155,89,4,20250815_211623
1755260168.1192107,7749571,1983890176,1983.890176,87,167,89,4,20250815_211623
1755260168.1291947,7749610,1983900160,1983.90016,90,161,88,4,20250815_211623
1755260168.1391788,7749649,1983910144,1983.910144,93,166,90,4,20250815_211623
1755260168.1491628,7749688,1983920128,1983.920128,96,158,90,4,20250815_211623
1755260168.1591463,7749727,1983930112,1983.930112,100,164,89,4,20250815_211623
1755260168.1691306,7749766,1983940096,1983.940096,103,149,90,4,20250815_211623
1755260168.1791146,7749805,1983950080,1983.95008,106,91,90,4,20250815_211623
1755260168.1890986,7749844,1983960064,1983.960064,109,91,89,4,20250815_211623
1755260168.1990826,7749883,1983970048,1983.970048,112,97,90,4,20250815_211623
1755260168.2090666,7749922,1983980032,1983.980032,115,95,90,4,20250815_211623
1755260168.2193067,7749962,1983990272,1983.990272,119,159,90,4,20250815_211623
1755260168.2292907,7750001,1984000256,1984.000256,122,165,89,4,20250815_211623
1755260168.2392747,7750040,1984010240,1984.01024,125,175,90,4,20250815_211623
1755260168.2492588,7750079,1984020224,1984.020224,128,170,91,4,20250815_211623
1755260168.2592428,7750118,1984030208,1984.030208,131,184,92,4,20250815_211623
1755260168.2692266,7750157,1984040192,1984.040192,135,188,92,4,20250815_211623
1755260168.2792106,7750196,1984050176,1984.050176,138,195,94,4,20250815_211623
1755260168.2891946,7750235,1984060160,1984.06016,141,188,94,4,20250815_211623
1755260168.2991786,7750274,1984070144,1984.070144,144,196,96,4,20250815_211623
1755260168.3091626,7750313,1984080128,1984.080128,147,191,97,4,20250815_211623
1755260168.3191466,7750352,1984090112,1984.090112,151,196,98,4,20250815_211623
1755260168.3291306,7750391,1984100096,1984.100096,154,192,101,4,20250815_211623
1755260168.339115,7750430,1984110080,1984.11008,157,195,104,4,20250815_211623
1755260168.3490987,7750469,1984120064,1984.120064,160,195,106,4,20250815_211623
1755260168.3590827,7750508,1984130048,1984.130048,163,195,110,4,20250815_211623
1755260168.3693228,7750548,1984140288,1984.140288,166,190,119,4,20250815_211623
1755260168.3793066,7750587,1984150272,1984.150272,170,185,125,4,20250815_211623
1755260168.3892906,7750626,1984160256,1984.160256,173,184,128,4,20250815_211623
1755260168.3992746,7750665,1984170240,1984.17024,176,184,133,4,20250815_211623
1755260168.4092586,7750704,1984180224,1984.180224,179,175,137,4,20250815_211623
1755260168.4192426,7750743,1984190208,1984.190208,182,114,143,4,20250815_211623
1755260168.4292266,7750782,1984200192,1984.200192,186,91,150,4,20250815_211623
1755260168.439211,7750821,1984210176,1984.210176,189,90,150,4,20250815_211623
1755260168.449195,7750860,1984220160,1984.22016,192,90,150,4,20250815_211623
1755260168.4591787,7750899,1984230144,1984.230144,195,133,150,4,20250815_211623
1755260168.4691627,7750938,1984240128,1984.240128,198,158,151,4,20250815_211623
1755260168.4791467,7750977,1984250112,1984.250112,202,184,154,4,20250815_211623
1755260168.4891307,7751016,1984260096,1984.260096,205,174,157,4,20250815_211623
1755260168.4991148,7751055,1984270080,1984.27008,208,172,156,4,20250815_211623
1755260168.5093546,7751095,1984280320,1984.28032,211,173,157,4,20250815_211623
1755260168.5193386,7751134,1984290304,1984.290304,214,187,158,4,20250815_211623
1755260168.5293226,7751173,1984300288,1984.300288,217,177,159,4,20250815_211623
1755260168.5393066,7751212,1984310272,1984.310272,221,181,158,4,20250815_211623
1755260168.549291,7751251,1984320256,1984.320256,224,168,159,4,20250815_211623
1755260168.559275,7751290,1984330240,1984.33024,227,167,159,4,20250815_211623
1755260168.5692587,7751329,1984340224,1984.340224,230,157,159,4,20250815_211623
1755260168.5792427,7751368,1984350208,1984.350208,233,156,159,4,20250815_211623
1755260168.5892267,7751407,1984360192,1984.360192,237,137,159,4,20250815_211623
1755260168.5992107,7751446,1984370176,1984.370176,240,127,160,4,20250815_211623
1755260168.6091948,7751485,1984380160,1984.38016,243,112,160,4,20250815_211623
1755260168.6191788,7751524,1984390144,1984.390144,246,89,159,4,20250815_211623
1755260168.6291623,7751563,1984400128,1984.400128,249,69,159,4,20250815_211623
1755260168.6391466,7751602,1984410112,1984.410112,252,60,159,4,20250815_211623
1755260168.6491306,7751641,1984420096,1984.420096,1,55,158,4,20250815_211623
1755260168.659371,7751681,1984430336,1984.430336,4,54,156,4,20250815_211623
1755260168.669355,7751720,1984440320,1984.44032,7,52,156,4,20250815_211623
1755260168.6793387,7751759,1984450304,1984.450304,10,52,156,4,20250815_211623
1755260168.6893227,7751798,1984460288,1984.460288,13,51,154,4,20250815_211623
1755260168.6993067,7751837,1984470272,1984.470272,17,51,153,4,20250815_211623
1755260168.7092907,7751876,1984480256,1984.480256,20,51,150,4,20250815_211623
1755260168.7192748,7751915,1984490240,1984.49024,23,52,147,4,20250815_211623
1755260168.7292588,7751954,1984500224,1984.500224,26,51,141,4,20250815_211623
1755260168.7392426,7751993,1984510208,1984.510208,29,52,133,4,20250815_211623
1755260168.7492266,7752032,1984520192,1984.520192,33,52,125,4,20250815_211623
1755260168.7592106,7752071,1984530176,1984.530176,36,53,116,4,20250815_211623
1755260168.7691946,7752110,1984540160,1984.54016,39,53,108,4,20250815_211623
1755260168.7791786,7752149,1984550144,1984.550144,42,54,100,4,20250815_211623
1755260168.7891626,7752188,1984560128,1984.560128,45,54,93,4,20250815_211623
1755260168.7994027,7752228,1984570368,1984.570368,48,55,87,4,20250815_211623
1755260168.8093867,7752267,1984580352,1984.580352,52,53,86,4,20250815_211623
1755260168.8193707,7752306,1984590336,1984.590336,55,55,84,4,20250815_211623
1755260168.8293548,7752345,1984600320,1984.60032,58,54,85,4,20250815_211623
1755260168.8393388,7752384,1984610304,1984.610304,61,54,85,4,20250815_211623
1755260168.8493226,7752423,1984620288,1984.620288,64,54,87,4,20250815_211623
1755260168.8593066,7752462,1984630272,1984.630272,68,54,84,4,20250815_211623
1755260168.8692906,7752501,1984640256,1984.640256,71,54,86,4,20250815_211623
1755260168.8792746,7752540,1984650240,1984.65024,74,55,86,4,20250815_211623
1755260168.8892586,7752579,1984660224,1984.660224,77,55,85,4,20250815_211623
1755260168.8992426,7752618,1984670208,1984.670208,80,56,86,4,20250815_211623
1755260168.909227,7752657,1984680192,1984.680192,84,56,86,4,20250815_211623
1755260168.919211,7752696,1984690176,1984.690176,87,57,84,4,20250815_211623
1755260168.9291947,7752735,1984700160,1984.70016,90,58,85,4,20250815_211623
1755260168.9391787,7752774,1984710144,1984.710144,93,59,85,4,20250815_211623
1755260168.9494183,7752814,1984720384,1984.720384,96,58,85,4,20250815_211623
1755260168.9594026,7752853,1984730368,1984.730368,99,59,86,4,20250815_211623
1755260168.9693866,7752892,1984740352,1984.740352,103,58,86,4,20250815_211623
1755260168.9793706,7752931,1984750336,1984.750336,106,61,86,4,20250815_211623
1755260168.9893546,7752970,1984760320,1984.76032,109,67,86,4,20250815_211623
1755260168.9993386,7753009,1984770304,1984.770304,112,113,85,4,20250815_211623
1755260169.0093226,7753048,1984780288,1984.780288,115,164,85,4,20250815_211623
1755260169.019307,7753087,1984790272,1984.790272,119,110,86,4,20250815_211623
1755260169.029291,7753126,1984800256,1984.800256,122,124,85,4,20250815_211623
1755260169.0392747,7753165,1984810240,1984.81024,125,121,85,4,20250815_211623
1755260169.0492587,7753204,1984820224,1984.820224,128,113,86,4,20250815_211623
1755260169.0592427,7753243,1984830208,1984.830208,131,100,86,4,20250815_211623
1755260169.0692267,7753282,1984840192,1984.840192,135,95,86,4,20250815_211623
1755260169.0792108,7753321,1984850176,1984.850176,138,143,85,4,20250815_211623
1755260169.0894506,7753361,1984860416,1984.860416,141,144,85,4,20250815_211623
1755260169.0994346,7753400,1984870400,1984.8704,144,139,85,4,20250815_211623
1755260169.1094186,7753439,1984880384,1984.880384,147,159,86,4,20250815_211623
1755260169.1194026,7753478,1984890368,1984.890368,150,166,84,4,20250815_211623
1755260169.129387,7753517,1984900352,1984.900352,154,167,86,4,20250815_211623
1755260169.139371,7753556,1984910336,1984.910336,157,183,85,4,20250815_211623
1755260169.1493547,7753595,1984920320,1984.92032,160,196,87,4,20250815_211623
1755260169.1593387,7753634,1984930304,1984.930304,163,173,86,4,20250815_211623
1755260169.1693227,7753673,1984940288,1984.940288,166,116,87,4,20250815_211623
1755260169.1793067,7753712,1984950272,1984.950272,170,90,87,4,20250815_211623
1755260169.1892908,7753751,1984960256,1984.960256,173,87,86,4,20250815_211623
1755260169.1992748,7753790,1984970240,1984.97024,176,77,87,4,20250815_211623
1755260169.2092586,7753829,1984980224,1984.980224,179,87,87,4,20250815_211623
1755260169.2192426,7753868,1984990208,1984.990208,182,79,86,4,20250815_211623
1755260169.229483,7753908,1985000448,1985.000448,185,78,87,4,20250815_211623
1755260169.239467,7753947,1985010432,1985.010432,189,79,86,4,20250815_211623
1755260169.2494507,7753986,1985020416,1985.020416,192,80,87,4,20250815_211623
1755260169.2594347,7754025,1985030400,1985.0304,195,82,87,4,20250815_211623
1755260169.2694187,7754064,1985040384,1985.040384,198,80,87,4,20250815_211623
1755260169.2794027,7754103,1985050368,1985.050368,201,76,88,4,20250815_211623
1755260169.2893867,7754142,1985060352,1985.060352,205,73,87,4,20250815_211623
1755260169.2993708,7754181,1985070336,1985.070336,208,76,87,4,20250815_211623
1755260169.3093543,7754220,1985080320,1985.08032,211,87,88,4,20250815_211623
1755260169.3193386,7754259,1985090304,1985.090304,214,98,87,4,20250815_211623
1755260169.3293226,7754298,1985100288,1985.100288,217,97,87,4,20250815_211623
1755260169.3393066,7754337,1985110272,1985.110272,221,103,87,4,20250815_211623
1755260169.3492906,7754376,1985120256,1985.120256,224,105,88,4,20250815_211623
1755260169.3592746,7754415,1985130240,1985.13024,227,111,88,4,20250815_211623
1755260169.3692586,7754454,1985140224,1985.140224,230,115,87,4,20250815_211623
1755260169.3794987,7754494,1985150464,1985.150464,233,120,89,4,20250815_211623
1755260169.3894827,7754533,1985160448,1985.160448,236,122,89,4,20250815_211623
1755260169.3994668,7754572,1985170432,1985.170432,240,127,90,4,20250815_211623
1755260169.4094508,7754611,1985180416,1985.180416,243,129,90,4,20250815_211623
1755260169.4194343,7754650,1985190400,1985.1904,246,120,88,4,20250815_211623
1755260169.4294186,7754689,1985200384,1985.200384,249,111,90,4,20250815_211623
1755260169.4394026,7754728,1985210368,1985.210368,252,104,90,4,20250815_211623
1755260169.4493866,7754767,1985220352,1985.220352,1,103,90,4,20250815_211623
1755260169.4593706,7754806,1985230336,1985.230336,4,101,90,4,20250815_211623
1755260169.4693546,7754845,1985240320,1985.24032,7,103,91,4,20250815_211623
1755260169.4793386,7754884,1985250304,1985.250304,10,103,91,4,20250815_211623
1755260169.489323,7754923,1985260288,1985.260288,13,109,91,4,20250815_211623
1755260169.499307,7754962,1985270272,1985.270272,17,111,91,4,20250815_211623
1755260169.5092907,7755001,1985280256,1985.280256,20,118,91,4,20250815_211623
1755260169.5192747,7755040,1985290240,1985.29024,23,119,90,4,20250815_211623
1755260169.5295146,7755080,1985300480,1985.30048,26,128,91,4,20250815_211623
1755260169.5394986,7755119,1985310464,1985.310464,29,130,92,4,20250815_211623
1755260169.5494826,7755158,1985320448,1985.320448,32,141,92,4,20250815_211623
1755260169.5594666,7755197,1985330432,1985.330432,36,146,92,4,20250815_211623
1755260169.5694506,7755236,1985340416,1985.340416,39,155,92,4,20250815_211623
1755260169.5794346,7755275,1985350400,1985.3504,42,154,91,4,20250815_211623
1755260169.5894186,7755314,1985360384,1985.360384,45,155,92,4,20250815_211623
1755260169.599403,7755353,1985370368,1985.370368,48,153,92,4,20250815_211623
1755260169.6093867,7755392,1985380352,1985.380352,52,154,92,4,20250815_211623
1755260169.6193707,7755431,1985390336,1985.390336,55,149,92,4,20250815_211623
1755260169.6293547,7755470,1985400320,1985.40032,58,147,93,4,20250815_211623
1755260169.6393387,7755509,1985410304,1985.410304,61,141,93,4,20250815_211623
1755260169.6493227,7755548,1985420288,1985.420288,64,136,91,4,20250815_211623
1755260169.6593068,7755587,1985430272,1985.430272,67,121,93,4,20250815_211623
1755260169.6695466,7755627,1985440512,1985.440512,71,106,94,4,20250815_211623
1755260169.6795306,7755666,1985450496,1985.450496,74,98,94,4,20250815_211623
1755260169.6895146,7755705,1985460480,1985.46048,77,91,95,4,20250815_211623
1755260169.699499,7755744,1985470464,1985.470464,80,89,95,4,20250815_211623
1755260169.709483,7755783,1985480448,1985.480448,83,86,95,4,20250815_211623
1755260169.7194667,7755822,1985490432,1985.490432,87,86,93,4,20250815_211623
1755260169.7294507,7755861,1985500416,1985.500416,90,86,93,4,20250815_211623
1755260169.7394347,7755900,1985510400,1985.5104,93,91,93,4,20250815_211623
1755260169.7494187,7755939,1985520384,1985.520384,96,96,93,4,20250815_211623
1755260169.7594028,7755978,1985530368,1985.530368,99,98,93,4,20250815_211623
1755260169.7693868,7756017,1985540352,1985.540352,103,97,93,4,20250815_211623
1755260169.7793703,7756056,1985550336,1985.550336,106,82,94,4,20250815_211623
1755260169.7893546,7756095,1985560320,1985.56032,109,96,94,4,20250815_211623
1755260169.7993386,7756134,1985570304,1985.570304,112,91,95,4,20250815_211623
1755260169.8093226,7756173,1985580288,1985.580288,115,93,95,4,20250815_211623
1755260169.819563,7756213,1985590528,1985.590528,118,89,94,4,20250815_211623
1755260169.8295467,7756252,1985600512,1985.600512,122,84,94,4,20250815_211623
1755260169.8395307,7756291,1985610496,1985.610496,125,79,94,4,20250815_211623
1755260169.8495147,7756330,1985620480,1985.62048,128,74,94,4,20250815_211623
1755260169.8594987,7756369,1985630464,1985.630464,131,71,95,4,20250815_211623
1755260169.8694828,7756408,1985640448,1985.640448,134,70,96,4,20250815_211623
1755260169.8794668,7756447,1985650432,1985.650432,138,70,95,4,20250815_211623
1755260169.8894506,7756486,1985660416,1985.660416,141,70,95,4,20250815_211623
1755260169.8994346,7756525,1985670400,1985.6704,144,70,94,4,20250815_211623
1755260169.9094186,7756564,1985680384,1985.680384,147,69,94,4,20250815_211623
1755260169.9194026,7756603,1985690368,1985.690368,150,69,93,4,20250815_211623
1755260169.9293866,7756642,1985700352,1985.700352,154,68,90,4,20250815_211623
1755260169.9393706,7756681,1985710336,1985.710336,157,68,89,4,20250815_211623
1755260169.9493546,7756720,1985720320,1985.72032,160,68,87,4,20250815_211623
1755260169.9595947,7756760,1985730560,1985.73056,163,69,87,4,20250815_211623
1755260169.9695787,7756799,1985740544,1985.740544,166,68,87,4,20250815_211623
1755260169.9795628,7756838,1985750528,1985.750528,169,68,86,4,20250815_211623
1755260169.9895468,7756877,1985760512,1985.760512,173,69,90,4,20250815_211623
1755260169.9995306,7756916,1985770496,1985.770496,176,69,91,4,20250815_211623
1755260170.0095146,7756955,1985780480,1985.78048,179,69,92,4,20250815_211623
1755260170.0194986,7756994,1985790464,1985.790464,182,70,92,4,20250815_211623
1755260170.0294826,7757033,1985800448,1985.800448,185,69,94,4,20250815_211623
1755260170.0394666,7757072,1985810432,1985.810432,189,69,94,4,20250815_211623
1755260170.0494506,7757111,1985820416,1985.820416,192,68,93,4,20250815_211623
1755260170.059435,7757150,1985830400,1985.8304,195,67,94,4,20250815_211623
1755260170.069419,7757189,1985840384,1985.840384,198,64,94,4,20250815_211623
1755260170.0794027,7757228,1985850368,1985.850368,201,64,94,4,20250815_211623
1755260170.0893867,7757267,1985860352,1985.860352,205,63,92,4,20250815_211623
1755260170.0993707,7757306,1985870336,1985.870336,208,64,91,4,20250815_211623
1755260170.1096106,7757346,1985880576,1985.880576,211,64,91,4,20250815_211623
1755260170.1195946,7757385,1985890560,1985.89056,214,65,92,4,20250815_211623
1755260170.1295786,7757424,1985900544,1985.900544,217,65,92,4,20250815_211623
1755260170.1395626,7757463,1985910528,1985.910528,220,66,95,4,20250815_211623
1755260170.1495466,7757502,1985920512,1985.920512,224,67,96,4,20250815_211623
1755260170.1595306,7757541,1985930496,1985.930496,227,67,95,4,20250815_211623
1755260170.169515,7757580,1985940480,1985.94048,230,67,96,4,20250815_211623
1755260170.179499,7757619,1985950464,1985.950464,233,66,96,4,20250815_211623
1755260170.1894827,7757658,1985960448,1985.960448,236,66,96,4,20250815_211623
1755260170.1994667,7757697,1985970432,1985.970432,240,66,95,4,20250815_211623
1755260170.2094507,7757736,1985980416,1985.980416,243,66,93,4,20250815_211623
1755260170.2194347,7757775,1985990400,1985.9904,246,66,93,4,20250815_211623
1755260170.2294188,7757814,1986000384,1986.000384,249,65,96,4,20250815_211623
1755260170.2394028,7757853,1986010368,1986.010368,252,63,99,4,20250815_211623
1755260170.2496426,7757893,1986020608,1986.020608,0,63,103,4,20250815_211623
1755260170.2596266,7757932,1986030592,1986.030592,4,63,106,4,20250815_211623
1755260170.2696106,7757971,1986040576,1986.040576,7,62,106,4,20250815_211623
1755260170.279595,7758010,1986050560,1986.05056,10,62,106,4,20250815_211623
1755260170.289579,7758049,1986060544,1986.060544,13,61,107,4,20250815_211623
1755260170.2995627,7758088,1986070528,1986.070528,16,62,108,4,20250815_211623
1755260170.3095467,7758127,1986080512,1986.080512,20,61,108,4,20250815_211623
1755260170.3195307,7758166,1986090496,1986.090496,23,61,109,4,20250815_211623
1755260170.3295147,7758205,1986100480,1986.10048,26,60,108,4,20250815_211623
1755260170.3394988,7758244,1986110464,1986.110464,29,61,108,4,20250815_211623
1755260170.3494828,7758283,1986120448,1986.120448,32,60,108,4,20250815_211623
1755260170.3594666,7758322,1986130432,1986.130432,36,59,108,4,20250815_211623
1755260170.3694506,7758361,1986140416,1986.140416,39,58,109,4,20250815_211623
1755260170.3794346,7758400,1986150400,1986.1504,42,58,112,4,20250815_211623
1755260170.389675,7758440,1986160640,1986.16064,45,58,114,4,20250815_211623
1755260170.399659,7758479,1986170624,1986.170624,48,57,115,4,20250815_211623
1755260170.4096427,7758518,1986180608,1986.180608,51,57,115,4,20250815_211623
1755260170.4196267,7758557,1986190592,1986.190592,55,57,114,4,20250815_211623
1755260170.4296107,7758596,1986200576,1986.200576,58,56,107,4,20250815_211623
1755260170.4395947,7758635,1986210560,1986.21056,61,57,104,4,20250815_211623
1755260170.4495788,7758674,1986220544,1986.220544,64,55,106,4,20250815_211623
1755260170.4595628,7758713,1986230528,1986.230528,67,57,110,4,20250815_211623
1755260170.4695466,7758752,1986240512,1986.240512,71,55,110,4,20250815_211623
1755260170.4795306,7758791,1986250496,1986.250496,74,57,112,4,20250815_211623
1755260170.4895146,7758830,1986260480,1986.26048,77,56,112,4,20250815_211623
1755260170.4994986,7758869,1986270464,1986.270464,80,57,111,4,20250815_211623
1755260170.5094826,7758908,1986280448,1986.280448,83,57,107,4,20250815_211623
1755260170.5194666,7758947,1986290432,1986.290432,87,58,106,4,20250815_211623
1755260170.529451,7758986,1986300416,1986.300416,90,58,108,4,20250815_211623
1755260170.5396907,7759026,1986310656,1986.310656,93,58,111,4,20250815_211623
1755260170.5496747,7759065,1986320640,1986.32064,96,57,112,4,20250815_211623
1755260170.5596588,7759104,1986330624,1986.330624,99,57,114,4,20250815_211623
1755260170.5696423,7759143,1986340608,1986.340608,102,56,116,4,20250815_211623
1755260170.5796266,7759182,1986350592,1986.350592,106,55,118,4,20250815_211623
1755260170.5896106,7759221,1986360576,1986.360576,109,54,120,4,20250815_211623
1755260170.5995946,7759260,1986370560,1986.37056,112,55,122,4,20250815_211623
1755260170.6095786,7759299,1986380544,1986.380544,115,54,123,4,20250815_211623
1755260170.6195626,7759338,1986390528,1986.390528,118,55,122,4,20250815_211623
1755260170.6295466,7759377,1986400512,1986.400512,122,54,119,4,20250815_211623
1755260170.639531,7759416,1986410496,1986.410496,125,54,113,4,20250815_211623
1755260170.649515,7759455,1986420480,1986.42048,128,53,104,4,20250815_211623
1755260170.6594987,7759494,1986430464,1986.430464,131,54,97,4,20250815_211623
1755260170.6694827,7759533,1986440448,1986.440448,134,53,91,4,20250815_211623
1755260170.6794667,7759572,1986450432,1986.450432,138,54,86,4,20250815_211623
1755260170.6897066,7759612,1986460672,1986.460672,141,53,84,4,20250815_211623
1755260170.6996906,7759651,1986470656,1986.470656,144,54,85,4,20250815_211623
1755260170.7096746,7759690,1986480640,1986.48064,147,54,87,4,20250815_211623
1755260170.7196586,7759729,1986490624,1986.490624,150,56,89,4,20250815_211623
1755260170.7296426,7759768,1986500608,1986.500608,153,55,90,4,20250815_211623
1755260170.7396266,7759807,1986510592,1986.510592,157,57,91,4,20250815_211623
1755260170.749611,7759846,1986520576,1986.520576,160,55,91,4,20250815_211623
1755260170.759595,7759885,1986530560,1986.53056,163,57,92,4,20250815_211623
1755260170.7695787,7759924,1986540544,1986.540544,166,57,93,4,20250815_211623
1755260170.7795627,7759963,1986550528,1986.550528,169,58,94,4,20250815_211623
1755260170.7895467,7760002,1986560512,1986.560512,173,57,95,4,20250815_211623
1755260170.7995307,7760041,1986570496,1986.570496,176,57,95,4,20250815_211623
1755260170.8095148,7760080,1986580480,1986.58048,179,56,97,4,20250815_211623
1755260170.8194988,7760119,1986590464,1986.590464,182,57,97,4,20250815_211623
1755260170.8297386,7760159,1986600704,1986.600704,185,54,98,4,20250815_211623
1755260170.8397226,7760198,1986610688,1986.610688,188,55,98,4,20250815_211623
1755260170.8497066,7760237,1986620672,1986.620672,192,54,98,4,20250815_211623
1755260170.859691,7760276,1986630656,1986.630656,195,55,99,4,20250815_211623
1755260170.8696747,7760315,1986640640,1986.64064,198,54,99,4,20250815_211623
1755260170.8796587,7760354,1986650624,1986.650624,201,57,99,4,20250815_211623
1755260170.8896427,7760393,1986660608,1986.660608,204,56,99,4,20250815_211623
1755260170.8996267,7760432,1986670592,1986.670592,208,59,99,4,20250815_211623
1755260170.9096107,7760471,1986680576,1986.680576,211,58,100,4,20250815_211623
1755260170.9195948,7760510,1986690560,1986.69056,214,61,102,4,20250815_211623
1755260170.9295788,7760549,1986700544,1986.700544,217,59,101,4,20250815_211623
1755260170.9395626,7760588,1986710528,1986.710528,220,62,100,4,20250815_211623
1755260170.9495466,7760627,1986720512,1986.720512,224,60,100,4,20250815_211623
1755260170.9595306,7760666,1986730496,1986.730496,227,62,101,4,20250815_211623
1755260170.969771,7760706,1986740736,1986.740736,230,60,102,4,20250815_211623
1755260170.9797547,7760745,1986750720,1986.75072,233,62,105,4,20250815_211623
1755260170.9897387,7760784,1986760704,1986.760704,236,59,107,4,20250815_211623
1755260170.9997227,7760823,1986770688,1986.770688,239,61,103,4,20250815_211623
1755260171.0097067,7760862,1986780672,1986.780672,243,58,98,4,20250815_211623
1755260171.0196908,7760901,1986790656,1986.790656,246,60,98,4,20250815_211623
1755260171.0296748,7760940,1986800640,1986.80064,249,57,102,4,20250815_211623
1755260171.0396583,7760979,1986810624,1986.810624,252,58,104,4,20250815_211623
1755260171.0496426,7761018,1986820608,1986.820608,0,55,109,4,20250815_211623
1755260171.0596266,7761057,1986830592,1986.830592,4,56,109,4,20250815_211623
1755260171.0696106,7761096,1986840576,1986.840576,7,54,109,4,20250815_211623
1755260171.0795946,7761135,1986850560,1986.85056,10,55,111,4,20250815_211623
1755260171.0895786,7761174,1986860544,1986.860544,13,52,112,4,20250815_211623
1755260171.0995626,7761213,1986870528,1986.870528,16,54,110,4,20250815_211623
1755260171.109547,7761252,1986880512,1986.880512,20,52,112,4,20250815_211623
1755260171.1197867,7761292,1986890752,1986.890752,23,54,115,4,20250815_211623
1755260171.1297708,7761331,1986900736,1986.900736,26,52,119,4,20250815_211623
1755260171.1397548,7761370,1986910720,1986.91072,29,54,121,4,20250815_211623
1755260171.1497386,7761409,1986920704,1986.920704,32,52,122,4,20250815_211623
1755260171.1597226,7761448,1986930688,1986.930688,35,54,127,4,20250815_211623
1755260171.1697066,7761487,1986940672,1986.940672,39,52,127,4,20250815_211623
1755260171.1796906,7761526,1986950656,1986.950656,42,54,127,4,20250815_211623
1755260171.1896746,7761565,1986960640,1986.96064,45,53,127,4,20250815_211623
1755260171.1996586,7761604,1986970624,1986.970624,48,55,121,4,20250815_211623
1755260171.2096426,7761643,1986980608,1986.980608,51,53,120,4,20250815_211623
1755260171.219627,7761682,1986990592,1986.990592,55,56,122,4,20250815_211623
1755260171.2296107,7761721,1987000576,1987.000576,58,55,120,4,20250815_211623
1755260171.2395947,7761760,1987010560,1987.01056,61,57,120,4,20250815_211623
1755260171.2495787,7761799,1987020544,1987.020544,64,56,114,4,20250815_211623
1755260171.2595627,7761838,1987030528,1987.030528,67,59,107,4,20250815_211623
1755260171.2698026,7761878,1987040768,1987.040768,71,57,104,4,20250815_211623
1755260171.2797866,7761917,1987050752,1987.050752,74,60,108,4,20250815_211623
1755260171.2897706,7761956,1987060736,1987.060736,77,58,112,4,20250815_211623
1755260171.2997546,7761995,1987070720,1987.07072,80,61,113,4,20250815_211623
1755260171.3097386,7762034,1987080704,1987.080704,83,58,113,4,20250815_211623
1755260171.319723,7762073,1987090688,1987.090688,86,60,112,4,20250815_211623
1755260171.329707,7762112,1987100672,1987.100672,90,57,108,4,20250815_211623
1755260171.3396907,7762151,1987110656,1987.110656,93,58,106,4,20250815_211623
1755260171.3496747,7762190,1987120640,1987.12064,96,56,109,4,20250815_211623
1755260171.3596587,7762229,1987130624,1987.130624,99,59,113,4,20250815_211623
1755260171.3696427,7762268,1987140608,1987.140608,102,58,115,4,20250815_211623
1755260171.3796268,7762307,1987150592,1987.150592,106,61,116,4,20250815_211623
1755260171.3896108,7762346,1987160576,1987.160576,109,59,117,4,20250815_211623
1755260171.3995943,7762385,1987170560,1987.17056,112,61,118,4,20250815_211623
1755260171.4098346,7762425,1987180800,1987.1808,115,57,118,4,20250815_211623
1755260171.4198186,7762464,1987190784,1987.190784,118,61,116,4,20250815_211623
1755260171.429803,7762503,1987200768,1987.200768,121,59,110,4,20250815_211623
1755260171.439787,7762542,1987210752,1987.210752,125,64,104,4,20250815_211623
1755260171.4497707,7762581,1987220736,1987.220736,128,64,98,4,20250815_211623
1755260171.4597547,7762620,1987230720,1987.23072,131,71,94,4,20250815_211623
1755260171.4697387,7762659,1987240704,1987.240704,134,70,91,4,20250815_211623
1755260171.4797227,7762698,1987250688,1987.250688,137,76,89,4,20250815_211623
1755260171.4897068,7762737,1987260672,1987.260672,141,75,88,4,20250815_211623
1755260171.4996908,7762776,1987270656,1987.270656,144,95,89,4,20250815_211623
1755260171.5096743,7762815,1987280640,1987.28064,147,106,90,4,20250815_211623
1755260171.5196586,7762854,1987290624,1987.290624,150,124,92,4,20250815_211623
1755260171.5296426,7762893,1987300608,1987.300608,153,120,94,4,20250815_211623
1755260171.5396266,7762932,1987310592,1987.310592,157,134,96,4,20250815_211623
1755260171.549867,7762972,1987320832,1987.320832,160,124,96,4,20250815_211623
1755260171.5598507,7763011,1987330816,1987.330816,163,131,96,4,20250815_211623
1755260171.5698347,7763050,1987340800,1987.3408,166,118,97,4,20250815_211623
1755260171.5798187,7763089,1987350784,1987.350784,169,123,94,4,20250815_211623
1755260171.5898027,7763128,1987360768,1987.360768,172,109,93,4,20250815_211623
1755260171.5997868,7763167,1987370752,1987.370752,176,112,93,4,20250815_211623
1755260171.6097708,7763206,1987380736,1987.380736,179,84,93,4,20250815_211623
1755260171.6197546,7763245,1987390720,1987.39072,182,63,96,4,20250815_211623
1755260171.6297386,7763284,1987400704,1987.400704,185,55,98,4,20250815_211623
1755260171.6397226,7763323,1987410688,1987.410688,188,53,98,4,20250815_211623
1755260171.6497066,7763362,1987420672,1987.420672,192,50,100,4,20250815_211623
1755260171.6596906,7763401,1987430656,1987.430656,195,53,99,4,20250815_211623
1755260171.6696746,7763440,1987440640,1987.44064,198,51,98,4,20250815_211623
1755260171.679659,7763479,1987450624,1987.450624,201,52,92,4,20250815_211623
1755260171.689643,7763518,1987460608,1987.460608,204,48,91,4,20250815_211623
1755260171.6998827,7763558,1987470848,1987.470848,208,50,92,4,20250815_211623
1755260171.7098668,7763597,1987480832,1987.480832,211,45,92,4,20250815_211623
1755260171.7198508,7763636,1987490816,1987.490816,214,46,95,4,20250815_211623
1755260171.7298346,7763675,1987500800,1987.5008,217,42,95,4,20250815_211623
1755260171.7398186,7763714,1987510784,1987.510784,220,43,95,4,20250815_211623
1755260171.7498026,7763753,1987520768,1987.520768,223,40,96,4,20250815_211623
1755260171.7597866,7763792,1987530752,1987.530752,227,43,97,4,20250815_211623
1755260171.7697706,7763831,1987540736,1987.540736,230,39,98,4,20250815_211623
1755260171.7797546,7763870,1987550720,1987.55072,233,41,100,4,20250815_211623
1755260171.789739,7763909,1987560704,1987.560704,236,39,101,4,20250815_211623
1755260171.799723,7763948,1987570688,1987.570688,239,42,101,4,20250815_211623
1755260171.8097067,7763987,1987580672,1987.580672,243,40,100,4,20250815_211623
1755260171.8196907,7764026,1987590656,1987.590656,246,43,101,4,20250815_211623
1755260171.8296747,7764065,1987600640,1987.60064,249,41,102,4,20250815_211623
1755260171.8399146,7764105,1987610880,1987.61088,252,43,103,4,20250815_211623
1755260171.8498986,7764144,1987620864,1987.620864,0,40,103,4,20250815_211623
1755260171.8598826,7764183,1987630848,1987.630848,4,42,104,4,20250815_211623
1755260171.8698666,7764222,1987640832,1987.640832,7,39,105,4,20250815_211623
1755260171.8798506,7764261,1987650816,1987.650816,10,42,107,4,20250815_211623
1755260171.8898346,7764300,1987660800,1987.6608,13,40,108,4,20250815_211623
1755260171.899819,7764339,1987670784,1987.670784,16,43,110,4,20250815_211623
1755260171.909803,7764378,1987680768,1987.680768,19,39,112,4,20250815_211623
1755260171.9197867,7764417,1987690752,1987.690752,23,42,112,4,20250815_211623
1755260171.9297707,7764456,1987700736,1987.700736,26,39,117,4,20250815_211623
1755260171.9397547,7764495,1987710720,1987.71072,29,41,119,4,20250815_211623
1755260171.9497387,7764534,1987720704,1987.720704,32,37,121,4,20250815_211623
1755260171.9597228,7764573,1987730688,1987.730688,35,39,123,4,20250815_211623
1755260171.9697068,7764612,1987740672,1987.740672,39,37,123,4,20250815_211623
1755260171.9799466,7764652,1987750912,1987.750912,42,39,123,4,20250815_211623
1755260171.9899306,7764691,1987760896,1987.760896,45,37,124,4,20250815_211623
1755260171.9999146,7764730,1987770880,1987.77088,48,39,124,4,20250815_211623
1755260172.009899,7764769,1987780864,1987.780864,51,37,122,4,20250815_211623
1755260172.019883,7764808,1987790848,1987.790848,54,39,120,4,20250815_211623
1755260172.0298667,7764847,1987800832,1987.800832,58,36,116,4,20250815_211623
1755260172.0398507,7764886,1987810816,1987.810816,61,39,116,4,20250815_211623
1755260172.0498347,7764925,1987820800,1987.8208,64,36,115,4,20250815_211623
1755260172.0598187,7764964,1987830784,1987.830784,67,40,117,4,20250815_211623
1755260172.0698028,7765003,1987840768,1987.840768,70,38,117,4,20250815_211623
1755260172.0797868,7765042,1987850752,1987.850752,74,42,118,4,20250815_211623
1755260172.0897706,7765081,1987860736,1987.860736,77,39,121,4,20250815_211623
1755260172.0997546,7765120,1987870720,1987.87072,80,42,123,4,20250815_211623
1755260136.4659193,1214450,310899200,310.8992,127,141,153,99,20250815_211628
1755260136.478207,1214498,310911488,310.911488,127,141,153,99,20250815_211628
1755260136.4912634,1214549,310924544,310.924544,127,141,153,99,20250815_211628
1755260136.5032952,1214596,310936576,310.936576,127,141,153,99,20250815_211628
1755260136.5155833,1214644,310948864,310.948864,127,141,153,99,20250815_211628
1755260136.5276153,1214691,310960896,310.960896,127,141,153,99,20250815_211628
1755260136.5427194,1214750,310976000,310.976,127,141,153,99,20250815_211628
1755260136.5537274,1214793,310987008,310.987008,128,141,153,99,20250815_211628
1755260136.5657592,1214840,310999040,310.99904,128,141,153,99,20250815_211628
1755260136.5777912,1214887,311011072,311.011072,128,141,153,99,20250815_211628
1755260136.5916152,1214941,311024896,311.024896,128,141,153,99,20250815_211628
1755260136.6041594,1214990,311037440,311.03744,128,141,153,99,20250815_211628
1755260136.616959,1215040,311050240,311.05024,128,141,153,99,20250815_211628
1755260136.6289914,1215087,311062272,311.062272,128,141,153,99,20250815_211628
1755260136.6430712,1215142,311076352,311.076352,128,141,153,99,20250815_211628
1755260136.6553593,1215190,311088640,311.08864,127,141,153,99,20250815_211628
1755260136.6673913,1215237,311100672,311.100672,127,141,153,99,20250815_211628
1755260136.6786554,1215281,311111936,311.111936,127,141,154,99,20250815_211628
1755260136.6927352,1215336,311126016,311.126016,127,141,154,99,20250815_211628
1755260136.7055354,1215386,311138816,311.138816,127,141,154,99,20250815_211628
1755260136.7167993,1215430,311150080,311.15008,127,141,154,99,20250815_211628
1755260136.7288313,1215477,311162112,311.162112,127,141,154,99,20250815_211628
1755260136.742911,1215532,311176192,311.176192,127,141,154,99,20250815_211628
1755260136.7549434,1215579,311188224,311.188224,127,141,154,99,20250815_211628
1755260136.7672312,1215627,311200512,311.200512,127,141,154,99,20250815_211628
1755260136.7790072,1215673,311212288,311.212288,127,141,154,99,20250815_211628
1755260136.7930872,1215728,311226368,311.226368,127,141,155,99,20250815_211628
1755260136.805375,1215776,311238656,311.238656,127,141,155,99,20250815_211628
1755260136.8174074,1215823,311250688,311.250688,127,141,155,99,20250815_211628
1755260136.8294394,1215870,311262720,311.26272,127,141,155,99,20250815_211628
1755260136.8435192,1215925,311276800,311.2768,126,141,155,99,20250815_211628
1755260136.8555512,1215972,311288832,311.288832,126,141,155,99,20250815_211628
1755260136.867839,1216020,311301120,311.30112,126,141,155,99,20250815_211628
1755260136.883711,1216082,311316992,311.316992,126,141,154,99,20250815_211628
1755260136.8959992,1216130,311329280,311.32928,125,141,154,99,20250815_211628
1755260136.9080312,1216177,311341312,311.341312,125,142,154,99,20250815_211628
1755260136.9200633,1216224,311353344,311.353344,125,142,154,99,20250815_211628
1755260136.9341433,1216279,311367424,311.367424,125,142,154,99,20250815_211628
1755260136.946175,1216326,311379456,311.379456,125,142,154,99,20250815_211628
1755260136.9584632,1216374,311391744,311.391744,125,143,155,99,20250815_211628
1755260136.9704952,1216421,311403776,311.403776,124,143,155,99,20250815_211628
1755260136.9845753,1216476,311417856,311.417856,124,143,155,99,20250815_211628
1755260136.9966073,1216523,311429888,311.429888,124,143,155,99,20250815_211628
1755260137.008639,1216570,311441920,311.44192,124,144,155,99,20250815_211628
1755260137.0206714,1216617,311453952,311.453952,123,144,155,99,20250815_211628
1755260137.0347512,1216672,311468032,311.468032,123,144,156,99,20250815_211628
1755260137.0470393,1216720,311480320,311.48032,123,145,156,99,20250815_211628
1755260137.0590713,1216767,311492352,311.492352,123,145,156,99,20250815_211628
1755260137.071103,1216814,311504384,311.504384,123,145,156,99,20250815_211628
1755260137.0851834,1216869,311518464,311.518464,123,146,156,99,20250815_211628
1755260137.0972152,1216916,311530496,311.530496,123,146,156,99,20250815_211628
1755260137.1092472,1216963,311542528,311.542528,123,146,156,99,20250815_211628
1755260137.1215353,1217011,311554816,311.554816,123,146,156,99,20250815_211628
1755260137.1353593,1217065,311568640,311.56864,123,147,156,99,20250815_211628
1755260137.1476474,1217113,311580928,311.580928,123,147,156,99,20250815_211628
1755260137.1596792,1217160,311592960,311.59296,123,147,155,99,20250815_211628
1755260137.1717112,1217207,311604992,311.604992,124,148,155,99,20250815_211628
1755260137.1857913,1217262,311619072,311.619072,124,148,155,99,20250815_211628
1755260137.1978233,1217309,311631104,311.631104,124,148,155,99,20250815_211628
1755260137.2101114,1217357,311643392,311.643392,124,148,155,99,20250815_211628
1755260137.2218874,1217403,311655168,311.655168,125,148,155,99,20250815_211628
1755260137.2362232,1217459,311669504,311.669504,125,148,154,99,20250815_211628
1755260137.2482553,1217506,311681536,311.681536,125,148,154,99,20250815_211628
1755260137.2602873,1217553,311693568,311.693568,125,148,154,99,20250815_211628
1755260137.2723193,1217600,311705600,311.7056,125,148,154,99,20250815_211628
1755260137.2863994,1217655,311719680,311.71968,125,148,154,99,20250815_211628
1755260137.2986872,1217703,311731968,311.731968,125,148,153,99,20250815_211628
1755260137.3107193,1217750,311744000,311.744,126,148,153,99,20250815_211628
1755260137.3227513,1217797,311756032,311.756032,126,148,153,99,20250815_211628
1755260137.3365753,1217851,311769856,311.769856,126,148,153,99,20250815_211628
1755260137.3488634,1217899,311782144,311.782144,126,148,153,99,20250815_211628
1755260137.3608954,1217946,311794176,311.794176,127,147,153,99,20250815_211628
1755260137.3729272,1217993,311806208,311.806208,127,147,153,99,20250815_211628
1755260137.3870072,1218048,311820288,311.820288,127,147,153,99,20250815_211628
1755260137.399295,1218096,311832576,311.832576,127,147,153,99,20250815_211628
1755260137.4113274,1218143,311844608,311.844608,127,147,153,99,20250815_211628
1755260137.4233594,1218190,311856640,311.85664,127,148,152,99,20250815_211628
1755260137.4371834,1218244,311870464,311.870464,127,147,152,99,20250815_211628
1755260137.4494712,1218292,311882752,311.882752,127,147,152,99,20250815_211628
1755260137.4615033,1218339,311894784,311.894784,127,147,152,99,20250815_211628
1755260137.4735353,1218386,311906816,311.906816,126,147,151,99,20250815_211628
1755260137.487615,1218441,311920896,311.920896,126,147,151,99,20250815_211628
1755260137.4999032,1218489,311933184,311.933184,126,148,151,99,20250815_211628
1755260137.5119352,1218536,311945216,311.945216,125,148,151,99,20250815_211628
1755260137.5239673,1218583,311957248,311.957248,125,148,150,99,20250815_211628
1755260137.5380473,1218638,311971328,311.971328,125,148,150,99,20250815_211628
1755260137.550079,1218685,311983360,311.98336,125,147,150,99,20250815_211628
1755260137.5621114,1218732,311995392,311.995392,125,147,150,99,20250815_211628
1755260137.5741434,1218779,312007424,312.007424,125,146,149,99,20250815_211628
1755260137.5882232,1218834,312021504,312.021504,126,145,149,99,20250815_211628
1755260137.6005113,1218882,312033792,312.033792,126,144,149,99,20250815_211628
1755260137.612543,1218929,312045824,312.045824,126,144,149,99,20250815_211628
1755260137.6245754,1218976,312057856,312.057856,127,142,148,99,20250815_211628
1755260137.6383994,1219030,312071680,312.07168,128,141,148,99,20250815_211628
1755260137.6506872,1219078,312083968,312.083968,128,141,148,99,20250815_211628
1755260137.6627192,1219125,312096000,312.096,128,140,148,99,20250815_211628
1755260137.6747513,1219172,312108032,312.108032,129,138,147,99,20250815_211628
1755260137.688831,1219227,312122112,312.122112,129,137,147,99,20250815_211628
1755260137.7008634,1219274,312134144,312.134144,130,137,147,99,20250815_211628
1755260137.7131512,1219322,312146432,312.146432,130,136,147,99,20250815_211628
1755260137.7251832,1219369,312158464,312.158464,131,135,147,99,20250815_211628
1755260137.7390072,1219423,312172288,312.172288,131,135,147,99,20250815_211628
1755260137.7515514,1219472,312184832,312.184832,131,134,147,99,20250815_211628
1755260137.7633274,1219518,312196608,312.196608,131,134,146,99,20250815_211628
1755260137.7753594,1219565,312208640,312.20864,132,133,146,99,20250815_211628
1755260137.7896953,1219621,312222976,312.222976,132,132,146,99,20250815_211628
1755260137.8017273,1219668,312235008,312.235008,132,132,146,99,20250815_211628
1755260137.813759,1219715,312247040,312.24704,132,132,146,99,20250815_211628
1755260137.8257914,1219762,312259072,312.259072,132,131,146,99,20250815_211628
1755260137.8398714,1219817,312273152,312.273152,132,131,146,99,20250815_211628
1755260137.8519032,1219864,312285184,312.285184,132,130,145,99,20250815_211628
1755260137.8639352,1219911,312297216,312.297216,132,130,145,99,20250815_211628
1755260137.8759673,1219958,312309248,312.309248,132,130,145,99,20250815_211628
1755260137.8903034,1220014,312323584,312.323584,132,129,145,99,20250815_211628
1755260137.9023354,1220061,312335616,312.335616,132,129,145,99,20250815_211628
1755260137.9143672,1220108,312347648,312.347648,133,129,145,99,20250815_211628
1755260137.9263992,1220155,312359680,312.35968,133,129,145,99,20250815_211628
1755260137.9404793,1220210,312373760,312.37376,133,128,145,99,20250815_211628
1755260137.9527674,1220258,312386048,312.386048,133,128,145,99,20250815_211628
1755260137.9647994,1220305,312398080,312.39808,133,128,144,99,20250815_211628
1755260137.9765754,1220351,312409856,312.409856,134,128,144,99,20250815_211628
1755260137.9909112,1220407,312424192,312.424192,134,128,144,99,20250815_211628
1755260138.0037112,1220457,312436992,312.436992,134,128,144,99,20250815_211628
1755260138.0149753,1220501,312448256,312.448256,134,128,144,99,20250815_211628
1755260138.027007,1220548,312460288,312.460288,134,128,144,99,20250815_211628
1755260138.0410874,1220603,312474368,312.474368,135,128,144,99,20250815_211628
1755260138.0531192,1220650,312486400,312.4864,135,128,144,99,20250815_211628
1755260138.0651512,1220697,312498432,312.498432,135,128,144,99,20250815_211628
1755260138.0774393,1220745,312510720,312.51072,135,128,144,99,20250815_211628
1755260138.0915194,1220800,312524800,312.5248,136,128,144,99,20250815_211628
1755260138.1035514,1220847,312536832,312.536832,136,128,144,99,20250815_211628
1755260138.1155832,1220894,312548864,312.548864,136,129,144,99,20250815_211628
1755260138.1276152,1220941,312560896,312.560896,136,129,144,99,20250815_211628
1755260138.1416953,1220996,312574976,312.574976,136,129,144,99,20250815_211628
1755260138.1539834,1221044,312587264,312.587264,136,129,144,99,20250815_211628
1755260138.165759,1221090,312599040,312.59904,136,129,144,99,20250815_211628
1755260138.1780472,1221138,312611328,312.611328,136,129,144,99,20250815_211628
1755260138.1921272,1221193,312625408,312.625408,136,129,144,99,20250815_211628
1755260138.2041593,1221240,312637440,312.63744,136,130,144,99,20250815_211628
1755260138.2161913,1221287,312649472,312.649472,136,130,144,99,20250815_211628
1755260138.228223,1221334,312661504,312.661504,136,130,144,99,20250815_211628
1755260138.2430713,1221392,312676352,312.676352,136,130,144,99,20250815_211628
1755260138.2545912,1221437,312687872,312.687872,136,130,144,99,20250815_211628
1755260138.2666233,1221484,312699904,312.699904,136,130,144,99,20250815_211628
1755260138.2786553,1221531,312711936,312.711936,136,131,144,99,20250815_211628
1755260138.2935033,1221589,312726784,312.726784,136,131,144,99,20250815_211628
1755260138.3060472,1221638,312739328,312.739328,136,131,144,99,20250815_211628
1755260138.3196154,1221691,312752896,312.752896,136,131,144,99,20250815_211628
1755260138.3339512,1221747,312767232,312.767232,136,131,144,99,20250815_211628
1755260138.3457272,1221793,312779008,312.779008,136,131,144,99,20250815_211628
1755260138.3572474,1221838,312790528,312.790528,136,131,144,99,20250815_211628
1755260138.3692794,1221885,312802560,312.80256,136,131,144,99,20250815_211628
1755260138.3833592,1221940,312816640,312.81664,136,131,144,99,20250815_211628
1755260138.3953912,1221987,312828672,312.828672,136,131,145,99,20250815_211628
1755260138.407679,1222035,312840960,312.84096,136,131,145,99,20250815_211628
1755260138.4194553,1222081,312852736,312.852736,137,131,145,99,20250815_211628
1755260138.433535,1222136,312866816,312.866816,137,131,145,99,20250815_211628
1755260138.4455674,1222183,312878848,312.878848,137,131,145,99,20250815_211628
1755260138.4575994,1222230,312890880,312.89088,137,131,145,99,20250815_211628
1755260138.4698873,1222278,312903168,312.903168,137,131,145,99,20250815_211628
1755260138.4839673,1222333,312917248,312.917248,138,131,145,99,20250815_211628
1755260138.495999,1222380,312929280,312.92928,138,131,145,99,20250815_211628
1755260138.5080314,1222427,312941312,312.941312,138,131,145,99,20250815_211628
1755260138.5200634,1222474,312953344,312.953344,138,130,145,99,20250815_211628
1755260138.5341432,1222529,312967424,312.967424,138,130,145,99,20250815_211628
1755260138.5461752,1222576,312979456,312.979456,138,130,145,99,20250815_211628
1755260138.558463,1222624,312991744,312.991744,138,130,145,99,20250815_211628
1755260138.5704954,1222671,313003776,313.003776,138,129,145,99,20250815_211628
1755260138.5845752,1222726,313017856,313.017856,138,129,145,99,20250815_211628
1755260138.5966072,1222773,313029888,313.029888,138,129,145,99,20250815_211628
1755260138.6086392,1222820,313041920,313.04192,138,128,145,99,20250815_211628
1755260138.6206713,1222867,313053952,313.053952,138,128,145,99,20250815_211628
1755260138.634751,1222922,313068032,313.068032,138,127,145,99,20250815_211628
1755260138.6467834,1222969,313080064,313.080064,138,127,145,99,20250815_211628
1755260138.6590712,1223017,313092352,313.092352,137,127,145,99,20250815_211628
1755260138.6711032,1223064,313104384,313.104384,137,126,145,99,20250815_211628
1755260138.6851833,1223119,313118464,313.118464,137,126,145,99,20250815_211628
1755260138.6972153,1223166,313130496,313.130496,137,125,145,99,20250815_211628
1755260138.7092474,1223213,313142528,313.142528,137,125,145,99,20250815_211628
1755260138.7215352,1223261,313154816,313.154816,137,125,145,99,20250815_211628
1755260138.7353592,1223315,313168640,313.16864,137,125,145,99,20250815_211628
1755260138.7473912,1223362,313180672,313.180672,137,125,145,99,20250815_211628
1755260138.7596793,1223410,313192960,313.19296,137,125,145,99,20250815_211628
1755260138.771711,1223457,313204992,313.204992,137,124,145,99,20250815_211628
1755260138.7857914,1223512,313219072,313.219072,137,124,145,99,20250815_211628
1755260138.7978232,1223559,313231104,313.231104,137,125,145,99,20250815_211628
1755260138.8098552,1223606,313243136,313.243136,137,125,145,99,20250815_211628
1755260138.8229113,1223657,313256192,313.256192,137,125,145,99,20250815_211628
1755260138.8362234,1223709,313269504,313.269504,137,125,145,99,20250815_211628
1755260138.847999,1223755,313281280,313.28128,137,125,145,99,20250815_211628
1755260138.8602872,1223803,313293568,313.293568,137,125,145,99,20250815_211628
1755260138.8723192,1223850,313305600,313.3056,138,125,145,99,20250815_211628
1755260138.8863993,1223905,313319680,313.31968,138,125,145,99,20250815_211628
1755260138.8986874,1223953,313331968,313.331968,138,125,145,99,20250815_211628
1755260138.910463,1223999,313343744,313.343744,138,125,145,99,20250815_211628
1755260138.9227512,1224047,313356032,313.356032,138,125,145,99,20250815_211628
1755260138.9368312,1224102,313370112,313.370112,138,125,145,99,20250815_211628
1755260138.9488633,1224149,313382144,313.382144,138,125,146,99,20250815_211628
1755260138.9608953,1224196,313394176,313.394176,138,125,146,99,20250815_211628
1755260138.972927,1224243,313406208,313.406208,138,125,146,99,20250815_211628
1755260138.9870074,1224298,313420288,313.420288,138,125,146,99,20250815_211628
1755260138.9990394,1224345,313432320,313.43232,138,125,146,99,20250815_211628
1755260139.0113273,1224393,313444608,313.444608,138,125,146,99,20250815_211628
1755260139.0233593,1224440,313456640,313.45664,138,125,146,99,20250815_211628
1755260139.0382073,1224498,313471488,313.471488,138,125,146,99,20250815_211628
1755260139.050239,1224545,313483520,313.48352,137,125,146,99,20250815_211628
1755260139.0622714,1224592,313495552,313.495552,137,125,146,99,20250815_211628
1755260139.0745592,1224640,313507840,313.50784,137,126,146,99,20250815_211628
1755260139.0886393,1224695,313521920,313.52192,137,126,146,99,20250815_211628
1755260139.1006713,1224742,313533952,313.533952,137,126,146,99,20250815_211628
1755260139.1129594,1224790,313546240,313.54624,137,126,146,99,20250815_211628
1755260139.1247354,1224836,313558016,313.558016,137,126,146,99,20250815_211628
1755260139.1390712,1224892,313572352,313.572352,137,126,146,99,20250815_211628
1755260139.1508472,1224938,313584128,313.584128,136,126,146,99,20250815_211628
1755260139.1631353,1224986,313596416,313.596416,136,126,146,99,20250815_211628
1755260139.175167,1225033,313608448,313.608448,137,126,147,99,20250815_211628
1755260139.1892474,1225088,313622528,313.622528,137,126,147,99,20250815_211628
1755260139.2012794,1225135,313634560,313.63456,137,126,147,99,20250815_211628
1755260139.2135673,1225183,313646848,313.646848,137,126,147,99,20250815_211628
1755260139.224831,1225227,313658112,313.658112,137,126,147,99,20250815_211628
1755260139.238655,1225281,313671936,313.671936,137,126,147,99,20250815_211628
1755260139.2506874,1225328,313683968,313.683968,137,126,147,99,20250815_211628
1755260139.2637434,1225379,313697024,313.697024,137,126,147,99,20250815_211628
1755260139.2747512,1225422,313708032,313.708032,138,126,147,99,20250815_211628
1755260139.2890873,1225478,313722368,313.722368,138,126,147,99,20250815_211628
1755260139.301119,1225525,313734400,313.7344,138,126,147,99,20250815_211628
1755260139.3131514,1225572,313746432,313.746432,138,126,148,99,20250815_211628
1755260139.3251834,1225619,313758464,313.758464,138,126,148,99,20250815_211628
1755260139.3395193,1225675,313772800,313.7728,138,125,148,99,20250815_211628
1755260139.3512952,1225721,313784576,313.784576,138,125,148,99,20250815_211628
1755260139.363583,1225769,313796864,313.796864,138,125,148,99,20250815_211628
1755260139.3756154,1225816,313808896,313.808896,138,125,148,99,20250815_211628
1755260139.3896954,1225871,313822976,313.822976,138,124,148,99,20250815_211628
1755260139.4017272,1225918,313835008,313.835008,138,124,148,99,20250815_211628
1755260139.4137592,1225965,313847040,313.84704,138,124,148,99,20250815_211628
1755260139.4257913,1226012,313859072,313.859072,138,124,148,99,20250815_211628
1755260139.4398713,1226067,313873152,313.873152,138,123,148,99,20250815_211628
1755260139.451903,1226114,313885184,313.885184,138,123,148,99,20250815_211628
1755260139.4649594,1226165,313898240,313.89824,138,123,148,99,20250815_211628
1755260139.4769912,1226212,313910272,313.910272,138,122,148,99,20250815_211628
1755260139.4910712,1226267,313924352,313.924352,137,122,148,99,20250815_211628
1755260139.5033593,1226315,313936640,313.93664,137,122,148,99,20250815_211628
1755260139.514367,1226358,313947648,313.947648,137,121,148,99,20250815_211628
1755260139.5263994,1226405,313959680,313.95968,137,121,148,99,20250815_211628
1755260139.5404792,1226460,313973760,313.97376,137,121,148,99,20250815_211628
1755260139.5525112,1226507,313985792,313.985792,137,120,148,99,20250815_211628
1755260139.5647993,1226555,313998080,313.99808,137,120,148,99,20250815_211628
1755260139.576831,1226602,314010112,314.010112,137,120,148,99,20250815_211628
1755260139.5909114,1226657,314024192,314.024192,137,120,148,99,20250815_211628
1755260139.6029432,1226704,314036224,314.036224,137,120,148,99,20250815_211628
1755260139.6149752,1226751,314048256,314.048256,137,120,148,99,20250815_211628
1755260139.6280313,1226802,314061312,314.061312,137,120,148,99,20250815_211628
1755260139.6431353,1226861,314076416,314.076416,137,120,148,99,20250815_211628
1755260139.655167,1226908,314088448,314.088448,137,120,148,99,20250815_211628
1755260139.6674552,1226956,314100736,314.100736,137,121,148,99,20250815_211628
1755260139.6815352,1227011,314114816,314.114816,137,121,148,99,20250815_211628
1755260139.6935673,1227058,314126848,314.126848,137,121,149,99,20250815_211628
1755260139.7055993,1227105,314138880,314.13888,137,121,149,99,20250815_211628
1755260139.717631,1227152,314150912,314.150912,137,121,149,99,20250815_211628
1755260139.7317114,1227207,314164992,314.164992,137,121,149,99,20250815_211628
1755260139.7437432,1227254,314177024,314.177024,137,121,149,99,20250815_211628
1755260139.7557752,1227301,314189056,314.189056,137,121,149,99,20250815_211628
1755260139.7680633,1227349,314201344,314.201344,137,121,149,99,20250815_211628
1755260139.7821434,1227404,314215424,314.215424,137,121,149,99,20250815_211628
1755260139.7941754,1227451,314227456,314.227456,137,121,149,99,20250815_211628
1755260139.8067193,1227500,314240000,314.24,137,121,149,99,20250815_211628
1755260139.8182392,1227545,314251520,314.25152,137,121,149,99,20250815_211628
1755260139.8323193,1227600,314265600,314.2656,137,121,149,99,20250815_211628
1755260139.8446074,1227648,314277888,314.277888,137,121,149,99,20250815_211628
1755260139.857407,1227698,314290688,314.290688,137,121,149,99,20250815_211628
1755260139.8694394,1227745,314302720,314.30272,137,121,150,99,20250815_211628
1755260139.8827512,1227797,314316032,314.316032,136,121,150,99,20250815_211628
1755260139.8947833,1227844,314328064,314.328064,136,121,150,99,20250815_211628
1755260139.9078393,1227895,314341120,314.34112,136,121,150,99,20250815_211628
1755260139.919871,1227942,314353152,314.353152,136,121,150,99,20250815_211628
1755260139.9339514,1227997,314367232,314.367232,136,122,150,99,20250815_211628
1755260139.9459834,1228044,314379264,314.379264,136,122,150,99,20250815_211628
1755260139.9569912,1228087,314390272,314.390272,136,122,150,99,20250815_211628
1755260139.9695354,1228136,314402816,314.402816,136,122,150,99,20250815_211628
1755260139.983359,1228190,314416640,314.41664,136,122,150,99,20250815_211628
1755260139.9953914,1228237,314428672,314.428672,136,122,150,99,20250815_211628
1755260140.0074234,1228284,314440704,314.440704,136,122,150,99,20250815_211628
1755260140.0194552,1228331,314452736,314.452736,136,122,150,99,20250815_211628
1755260140.0345592,1228390,314467840,314.46784,136,122,151,99,20250815_211628
1755260140.045823,1228434,314479104,314.479104,136,122,151,99,20250815_211628
1755260140.0575993,1228480,314490880,314.49088,136,122,151,99,20250815_211628
1755260140.0698874,1228528,314503168,314.503168,137,121,151,99,20250815_211628
1755260140.0847354,1228586,314518016,314.518016,137,121,151,99,20250815_211628
1755260140.0962553,1228631,314529536,314.529536,137,121,151,99,20250815_211628
1755260140.108287,1228678,314541568,314.541568,137,121,151,99,20250815_211628
1755260140.1203194,1228725,314553600,314.5536,137,121,151,99,20250815_211628
1755260140.1343992,1228780,314567680,314.56768,137,121,151,99,20250815_211628
1755260140.1464312,1228827,314579712,314.579712,137,121,151,99,20250815_211628
1755260140.1584632,1228874,314591744,314.591744,137,120,151,99,20250815_211628
1755260140.1712632,1228924,314604544,314.604544,137,120,151,99,20250815_211628
1755260140.184575,1228976,314617856,314.617856,137,120,151,99,20250815_211628
1755260140.1968632,1229024,314630144,314.630144,137,120,151,99,20250815_211628
1755260140.2086394,1229070,314641920,314.64192,137,120,151,99,20250815_211628
1755260140.2216952,1229121,314654976,314.654976,137,119,151,99,20250815_211628
1755260140.2350073,1229173,314668288,314.668288,137,119,151,99,20250815_211628
1755260140.2470393,1229220,314680320,314.68032,137,119,151,99,20250815_211628
1755260140.2590714,1229267,314692352,314.692352,137,118,151,99,20250815_211628
1755260140.2711034,1229314,314704384,314.704384,137,118,151,99,20250815_211628
1755260140.2851832,1229369,314718464,314.718464,136,118,151,99,20250815_211628
1755260140.2974713,1229417,314730752,314.730752,136,117,151,99,20250815_211628
1755260140.3095033,1229464,314742784,314.742784,136,117,151,99,20250815_211628
1755260140.321535,1229511,314754816,314.754816,136,117,151,99,20250815_211628
1755260140.3356154,1229566,314768896,314.768896,136,117,151,99,20250815_211628
1755260140.3476472,1229613,314780928,314.780928,136,116,151,99,20250815_211628
1755260140.3596792,1229660,314792960,314.79296,136,116,151,99,20250815_211628
1755260140.3717113,1229707,314804992,314.804992,136,116,152,99,20250815_211628
1755260140.3857913,1229762,314819072,314.819072,136,116,152,99,20250815_211628
1755260140.3980794,1229810,314831360,314.83136,136,116,152,99,20250815_211628
1755260140.4101112,1229857,314843392,314.843392,136,116,152,99,20250815_211628
1755260140.4259832,1229919,314859264,314.859264,136,116,152,99,20250815_211628
1755260140.4390392,1229970,314872320,314.87232,136,116,152,99,20250815_211628
1755260140.4510713,1230017,314884352,314.884352,136,116,152,99,20250815_211628
1755260140.462335,1230061,314895616,314.895616,136,116,152,99,20250815_211628
1755260140.4764154,1230116,314909696,314.909696,136,116,152,99,20250815_211628
1755260140.4884472,1230163,314921728,314.921728,136,116,152,99,20250815_211628
1755260140.5004792,1230210,314933760,314.93376,136,116,152,99,20250815_211628
1755260140.5127673,1230258,314946048,314.946048,136,116,152,99,20250815_211628
1755260140.5268474,1230313,314960128,314.960128,136,116,152,99,20250815_211628
1755260140.5388794,1230360,314972160,314.97216,136,116,152,99,20250815_211628
1755260140.5511672,1230408,314984448,314.984448,136,116,152,99,20250815_211628
1755260140.5629432,1230454,314996224,314.996224,136,116,152,99,20250815_211628
1755260140.5770233,1230509,315010304,315.010304,136,117,152,99,20250815_211628
1755260140.5890553,1230556,315022336,315.022336,136,117,152,99,20250815_211628
1755260140.601087,1230603,315034368,315.034368,136,117,153,99,20250815_211628
1755260140.6133752,1230651,315046656,315.046656,136,117,153,99,20250815_211628
1755260140.6271994,1230705,315060480,315.06048,136,117,153,99,20250815_211628
1755260140.639743,1230754,315073024,315.073024,136,117,153,99,20250815_211628
1755260140.6515193,1230800,315084800,315.0848,136,117,153,99,20250815_211628
1755260140.663551,1230847,315096832,315.096832,136,117,153,99,20250815_211628
1755260140.6776314,1230902,315110912,315.110912,135,117,153,99,20250815_211628
1755260140.6896634,1230949,315122944,315.122944,135,117,153,99,20250815_211628
1755260140.7016952,1230996,315134976,315.134976,135,118,153,99,20250815_211628
1755260140.7147512,1231047,315148032,315.148032,135,118,153,99,20250815_211628
1755260140.7288313,1231102,315162112,315.162112,135,118,153,99,20250815_211628
1755260140.740863,1231149,315174144,315.174144,135,118,153,99,20250815_211628
1755260140.7528954,1231196,315186176,315.186176,135,118,153,99,20250815_211628
1755260140.7641592,1231240,315197440,315.19744,135,118,153,99,20250815_211628
1755260140.7782393,1231295,315211520,315.21152,135,118,153,99,20250815_211628
1755260140.7902713,1231342,315223552,315.223552,135,119,153,99,20250815_211628
1755260140.8023033,1231389,315235584,315.235584,135,119,153,99,20250815_211628
1755260140.8145914,1231437,315247872,315.247872,135,119,154,99,20250815_211628
1755260140.8286712,1231492,315261952,315.261952,135,119,154,99,20250815_211628
1755260140.8407032,1231539,315273984,315.273984,135,119,154,99,20250815_211628
1755260140.8527353,1231586,315286016,315.286016,135,119,154,99,20250815_211628
1755260140.8655353,1231636,315298816,315.298816,136,119,154,99,20250815_211628
1755260140.8788474,1231688,315312128,315.312128,136,119,154,99,20250815_211628
1755260140.8908794,1231735,315324160,315.32416,136,119,154,99,20250815_211628
1755260140.9031672,1231783,315336448,315.336448,136,119,154,99,20250815_211628
1755260140.9151993,1231830,315348480,315.34848,136,119,154,99,20250815_211628
1755260140.929279,1231885,315362560,315.36256,136,118,154,99,20250815_211628
1755260140.9413114,1231932,315374592,315.374592,136,118,154,99,20250815_211628
1755260140.9533434,1231979,315386624,315.386624,136,118,154,99,20250815_211628
1755260140.9653752,1232026,315398656,315.398656,136,118,154,99,20250815_211628
1755260140.9797113,1232082,315412992,315.412992,136,118,154,99,20250815_211628
1755260140.991743,1232129,315425024,315.425024,136,118,154,99,20250815_211628
1755260141.0047994,1232180,315438080,315.43808,136,117,154,99,20250815_211628
1755260141.0168314,1232227,315450112,315.450112,136,117,154,99,20250815_211628
1755260141.0298872,1232278,315463168,315.463168,136,117,154,99,20250815_211628
1755260141.0419192,1232325,315475200,315.4752,136,117,154,99,20250815_211628
1755260141.0539513,1232372,315487232,315.487232,136,116,154,99,20250815_211628
1755260141.0659833,1232419,315499264,315.499264,136,116,154,99,20250815_211628
1755260141.0803194,1232475,315513600,315.5136,136,116,154,99,20250815_211628
1755260141.0931194,1232525,315526400,315.5264,136,116,154,99,20250815_211628
1755260141.1051512,1232572,315538432,315.538432,135,115,154,99,20250815_211628
1755260141.1174393,1232620,315550720,315.55072,135,115,154,99,20250815_211628
1755260141.1312633,1232674,315564544,315.564544,135,115,154,99,20250815_211628
1755260141.142527,1232718,315575808,315.575808,135,114,154,99,20250815_211628
1755260141.1545594,1232765,315587840,315.58784,135,114,154,99,20250815_211628
1755260141.1665914,1232812,315599872,315.599872,135,114,154,99,20250815_211628
1755260141.1809273,1232868,315614208,315.614208,135,114,154,99,20250815_211628
1755260141.1929593,1232915,315626240,315.62624,135,114,154,99,20250815_211628
1755260141.204991,1232962,315638272,315.638272,135,114,154,99,20250815_211628
1755260141.2170234,1233009,315650304,315.650304,135,114,154,99,20250815_211628
1755260141.2311032,1233064,315664384,315.664384,135,114,154,99,20250815_211628
1755260141.2431352,1233111,315676416,315.676416,135,114,154,99,20250815_211628
1755260141.2551672,1233158,315688448,315.688448,135,114,154,99,20250815_211628
1755260141.2671993,1233205,315700480,315.70048,135,115,154,99,20250815_211628
1755260141.2815354,1233261,315714816,315.714816,135,114,154,99,20250815_211628
1755260141.2935672,1233308,315726848,315.726848,135,114,154,99,20250815_211628
1755260141.3055992,1233355,315738880,315.73888,135,115,155,99,20250815_211628
1755260141.3176312,1233402,315750912,315.750912,135,115,155,99,20250815_211628
1755260141.3317113,1233457,315764992,315.764992,135,115,155,99,20250815_211628
1755260141.3439994,1233505,315777280,315.77728,136,115,155,99,20250815_211628
1755260141.3560312,1233552,315789312,315.789312,135,115,155,99,20250815_211628
1755260141.3678074,1233598,315801088,315.801088,135,115,155,99,20250815_211628
1755260141.3821433,1233654,315815424,315.815424,135,115,155,99,20250815_211628
1755260141.3941753,1233701,315827456,315.827456,135,115,155,99,20250815_211628
1755260141.406207,1233748,315839488,315.839488,135,115,155,99,20250815_211628
1755260141.4182394,1233795,315851520,315.85152,135,115,155,99,20250815_211628
1755260141.4323194,1233850,315865600,315.8656,135,116,155,99,20250815_211628
1755260141.4443512,1233897,315877632,315.877632,135,116,155,99,20250815_211628
1755260141.4574072,1233948,315890688,315.890688,135,116,155,99,20250815_211628
1755260141.4694393,1233995,315902720,315.90272,135,116,155,99,20250815_211628
1755260141.4835193,1234050,315916800,315.9168,135,116,155,99,20250815_211628
1755260141.4958074,1234098,315929088,315.929088,135,116,155,99,20250815_211628
1755260141.5075834,1234144,315940864,315.940864,135,117,155,99,20250815_211628
1755260141.5198712,1234192,315953152,315.953152,135,117,155,99,20250815_211628
1755260141.5329273,1234243,315966208,315.966208,135,117,155,99,20250815_211628
1755260141.5449593,1234290,315978240,315.97824,135,117,155,99,20250815_211628
1755260141.558015,1234341,315991296,315.991296,135,117,155,99,20250815_211628
1755260141.5690234,1234384,316002304,316.002304,135,118,155,99,20250815_211628
1755260141.5833592,1234440,316016640,316.01664,135,118,155,99,20250815_211628
1755260141.595647,1234488,316028928,316.028928,135,118,155,99,20250815_211628
1755260141.6074233,1234534,316040704,316.040704,135,118,155,99,20250815_211628
1755260141.619455,1234581,316052736,316.052736,135,118,155,99,20250815_211628
1755260141.6335354,1234636,316066816,316.066816,136,118,155,99,20250815_211628
1755260141.6455672,1234683,316078848,316.078848,136,118,155,99,20250815_211628
1755260141.6578553,1234731,316091136,316.091136,136,118,155,99,20250815_211628
1755260141.6706553,1234781,316103936,316.103936,136,118,155,99,20250815_211628
1755260141.6839674,1234833,316117248,316.117248,137,118,156,99,20250815_211628
1755260141.6959994,1234880,316129280,316.12928,137,118,156,99,20250815_211628
1755260141.7080312,1234927,316141312,316.141312,137,118,156,99,20250815_211628
1755260141.7200632,1234974,316153344,316.153344,137,118,156,99,20250815_211628
1755260141.7343993,1235030,316167680,316.16768,137,118,156,99,20250815_211628
1755260141.7464314,1235077,316179712,316.179712,137,118,156,99,20250815_211628
1755260141.7584634,1235124,316191744,316.191744,137,117,156,99,20250815_211628
1755260141.7704952,1235171,316203776,316.203776,137,117,156,99,20250815_211628
1755260141.7845752,1235226,316217856,316.217856,137,117,156,99,20250815_211628
1755260141.7966073,1235273,316229888,316.229888,137,117,156,99,20250815_211628
1755260141.8086393,1235320,316241920,316.24192,137,117,156,99,20250815_211628
1755260141.820671,1235367,316253952,316.253952,137,116,155,99,20250815_211628
1755260141.8350072,1235423,316268288,316.268288,137,116,155,99,20250815_211628
1755260141.8470392,1235470,316280320,316.28032,137,116,155,99,20250815_211628
1755260141.8598392,1235520,316293120,316.29312,137,116,155,99,20250815_211628
1755260141.8718712,1235567,316305152,316.305152,137,115,155,99,20250815_211628
1755260141.8859513,1235622,316319232,316.319232,137,115,155,99,20250815_211628
1755260141.8982394,1235670,316331520,316.33152,136,115,155,99,20250815_211628
1755260141.9102714,1235717,316343552,316.343552,136,115,155,99,20250815_211628
1755260141.9223032,1235764,316355584,316.355584,136,114,155,99,20250815_211628
1755260141.9363832,1235819,316369664,316.369664,136,114,155,99,20250815_211628
1755260141.947647,1235863,316380928,316.380928,136,114,155,99,20250815_211628
1755260141.9596794,1235910,316392960,316.39296,136,114,155,99,20250815_211628
1755260141.971455,1235956,316404736,316.404736,136,114,155,99,20250815_211628
1755260141.9857912,1236012,316419072,316.419072,136,114,155,99,20250815_211628
1755260141.9978232,1236059,316431104,316.431104,136,114,155,99,20250815_211628
1755260142.0098553,1236106,316443136,316.443136,136,114,155,99,20250815_211628
1755260142.0218873,1236153,316455168,316.455168,136,114,155,99,20250815_211628
1755260142.0362234,1236209,316469504,316.469504,136,114,155,99,20250815_211628
1755260142.0482552,1236256,316481536,316.481536,136,114,155,99,20250815_211628
1755260142.0602872,1236303,316493568,316.493568,136,114,155,99,20250815_211628
1755260142.0723193,1236350,316505600,316.5056,136,114,155,99,20250815_211628
1755260142.0863993,1236405,316519680,316.51968,136,114,155,99,20250815_211628
1755260142.0986874,1236453,316531968,316.531968,136,114,155,99,20250815_211628
1755260142.1104634,1236499,316543744,316.543744,136,114,155,99,20250815_211628
1755260142.1227512,1236547,316556032,316.556032,136,114,155,99,20250815_211628
1755260142.1368313,1236602,316570112,316.570112,136,114,155,99,20250815_211628
1755260142.1488633,1236649,316582144,316.582144,136,114,155,99,20250815_211628
1755260142.160895,1236696,316594176,316.594176,136,114,155,99,20250815_211628
1755260142.1729274,1236743,316606208,316.606208,136,114,155,99,20250815_211628
1755260142.1870072,1236798,316620288,316.620288,136,115,155,99,20250815_211628
1755260142.1990392,1236845,316632320,316.63232,136,115,155,99,20250815_211628
1755260142.2113273,1236893,316644608,316.644608,136,115,155,99,20250815_211628
1755260142.223359,1236940,316656640,316.65664,136,115,155,99,20250815_211628
1755260142.2374394,1236995,316670720,316.67072,136,115,155,99,20250815_211628
1755260142.2494712,1237042,316682752,316.682752,136,115,155,99,20250815_211628
1755260142.2615032,1237089,316694784,316.694784,136,115,155,99,20250815_211628
1755260142.2743032,1237139,316707584,316.707584,136,116,155,99,20250815_211628
1755260142.2886393,1237195,316721920,316.72192,136,116,155,99,20250815_211628
1755260142.300671,1237242,316733952,316.733952,136,116,155,99,20250815_211628
1755260142.3127034,1237289,316745984,316.745984,136,116,155,99,20250815_211628
1755260142.3247354,1237336,316758016,316.758016,136,116,155,99,20250815_211628
1755260142.3380473,1237388,316771328,316.771328,136,117,155,99,20250815_211628
1755260142.3500793,1237435,316783360,316.78336,136,117,155,99,20250815_211628
1755260142.362111,1237482,316795392,316.795392,135,117,155,99,20250815_211628
1755260142.3741434,1237529,316807424,316.807424,136,117,155,99,20250815_211628
1755260142.3884792,1237585,316821760,316.82176,136,117,155,99,20250815_211628
1755260142.4005113,1237632,316833792,316.833792,136,117,155,99,20250815_211628
1755260142.4125433,1237679,316845824,316.845824,136,117,155,99,20250815_211628
1755260142.424575,1237726,316857856,316.857856,136,118,155,99,20250815_211628
1755260142.4386554,1237781,316871936,316.871936,136,118,155,99,20250815_211628
1755260142.4509432,1237829,316884224,316.884224,137,118,155,99,20250815_211628
1755260142.4627192,1237875,316896000,316.896,137,118,155,99,20250815_211628
1755260142.4747512,1237922,316908032,316.908032,137,118,155,99,20250815_211628
1755260142.4888313,1237977,316922112,316.922112,137,118,155,99,20250815_211628
1755260142.5008633,1238024,316934144,316.934144,137,118,155,99,20250815_211628
1755260142.5131514,1238072,316946432,316.946432,137,118,155,99,20250815_211628
1755260142.5251832,1238119,316958464,316.958464,138,117,155,99,20250815_211628
1755260142.5392632,1238174,316972544,316.972544,138,117,155,99,20250815_211628
1755260142.5512953,1238221,316984576,316.984576,138,117,155,99,20250815_211628
1755260142.5646074,1238273,316997888,316.997888,138,117,155,99,20250815_211628
1755260142.5761273,1238318,317009408,317.009408,138,117,155,99,20250815_211628
1755260142.5896952,1238371,317022976,317.022976,138,117,155,99,20250815_211628
1755260142.6017272,1238418,317035008,317.035008,138,117,155,99,20250815_211628
1755260142.6137593,1238465,317047040,317.04704,138,116,155,99,20250815_211628
1755260142.6257913,1238512,317059072,317.059072,137,116,155,99,20250815_211628
1755260142.6398714,1238567,317073152,317.073152,137,116,155,99,20250815_211628
1755260142.6519034,1238614,317085184,317.085184,137,116,155,99,20250815_211628
1755260142.6639352,1238661,317097216,317.097216,137,116,155,99,20250815_211628
1755260142.6759672,1238708,317109248,317.109248,137,115,155,99,20250815_211628
1755260142.690303,1238764,317123584,317.123584,137,115,155,99,20250815_211628
1755260142.7023354,1238811,317135616,317.135616,137,115,155,99,20250815_211628
1755260142.715135,1238861,317148416,317.148416,137,114,155,99,20250815_211628
1755260142.7274232,1238909,317160704,317.160704,137,114,155,99,20250815_211628
1755260142.7404792,1238960,317173760,317.17376,137,114,155,99,20250815_211628
1755260142.7525113,1239007,317185792,317.185792,137,114,155,99,20250815_211628
1755260142.7642872,1239053,317197568,317.197568,137,113,155,99,20250815_211628
1755260142.776575,1239101,317209856,317.209856,137,113,155,99,20250815_211628
1755260142.7909112,1239157,317224192,317.224192,137,113,155,99,20250815_211628
1755260142.8029432,1239204,317236224,317.236224,137,113,154,99,20250815_211628
1755260142.8149753,1239251,317248256,317.248256,137,113,154,99,20250815_211628
1755260142.8270073,1239298,317260288,317.260288,136,114,154,99,20250815_211628
1755260142.841087,1239353,317274368,317.274368,136,114,154,99,20250815_211628
1755260142.8531194,1239400,317286400,317.2864,136,114,154,99,20250815_211628
1755260142.8654072,1239448,317298688,317.298688,136,114,154,99,20250815_211628
1755260142.8771832,1239494,317310464,317.310464,136,114,154,99,20250815_211628
1755260142.8915193,1239550,317324800,317.3248,136,114,154,99,20250815_211628
1755260142.9038074,1239598,317337088,317.337088,136,114,154,99,20250815_211628
1755260142.9155834,1239644,317348864,317.348864,136,114,154,99,20250815_211628
1755260142.9276154,1239691,317360896,317.360896,137,114,155,99,20250815_211628
1755260142.9416952,1239746,317374976,317.374976,137,114,155,99,20250815_211628
1755260142.9537272,1239793,317387008,317.387008,137,114,155,99,20250815_211628
1755260142.966015,1239841,317399296,317.399296,136,115,154,99,20250815_211628
1755260142.9777913,1239887,317411072,317.411072,136,115,154,99,20250815_211628
1755260142.9921272,1239943,317425408,317.425408,136,115,154,99,20250815_211628
1755260143.0041592,1239990,317437440,317.43744,136,115,155,99,20250815_211628
1755260143.0161912,1240037,317449472,317.449472,136,115,154,99,20250815_211628
1755260143.0282233,1240084,317461504,317.461504,136,115,154,99,20250815_211628
1755260143.0425594,1240140,317475840,317.47584,136,115,154,99,20250815_211628
1755260143.0545912,1240187,317487872,317.487872,136,116,154,99,20250815_211628
1755260143.0666232,1240234,317499904,317.499904,136,116,154,99,20250815_211628
1755260143.0794232,1240284,317512704,317.512704,136,116,154,99,20250815_211628
1755260143.0927353,1240336,317526016,317.526016,136,116,154,99,20250815_211628
1755260143.1050234,1240384,317538304,317.538304,136,116,154,99,20250815_211628
1755260143.1167994,1240430,317550080,317.55008,136,117,154,99,20250815_211628
1755260143.1288314,1240477,317562112,317.562112,135,117,154,99,20250815_211628
1755260143.1431673,1240533,317576448,317.576448,135,117,154,99,20250815_211628
1755260143.1551993,1240580,317588480,317.58848,135,117,154,99,20250815_211628
1755260143.167231,1240627,317600512,317.600512,135,117,154,99,20250815_211628
1755260143.1792634,1240674,317612544,317.612544,136,118,154,99,20250815_211628
1755260143.1933434,1240729,317626624,317.626624,136,118,154,99,20250815_211628
1755260143.2053752,1240776,317638656,317.638656,136,118,154,99,20250815_211628
1755260143.2174072,1240823,317650688,317.650688,136,118,154,99,20250815_211628
1755260143.2294393,1240870,317662720,317.66272,136,118,154,99,20250815_211628
1755260143.2437754,1240926,317677056,317.677056,136,118,154,99,20250815_211628
1755260143.256575,1240976,317689856,317.689856,136,118,155,99,20250815_211628
1755260143.2686074,1241023,317701888,317.701888,137,118,155,99,20250815_211628
1755260143.2798712,1241067,317713152,317.713152,137,118,155,99,20250815_211628
1755260143.2939513,1241122,317727232,317.727232,137,118,155,99,20250815_211628
1755260143.3059833,1241169,317739264,317.739264,137,118,155,99,20250815_211628
1755260143.318015,1241216,317751296,317.751296,137,118,155,99,20250815_211628
1755260143.3300474,1241263,317763328,317.763328,137,118,155,99,20250815_211628
1755260143.3443832,1241319,317777664,317.777664,137,118,155,99,20250815_211628
1755260143.3564153,1241366,317789696,317.789696,137,118,155,99,20250815_211628
1755260143.3694713,1241417,317802752,317.802752,137,118,155,99,20250815_211628
1755260143.381503,1241464,317814784,317.814784,137,118,154,99,20250815_211628
1755260143.3945594,1241515,317827840,317.82784,137,117,154,99,20250815_211628
1755260143.4068472,1241563,317840128,317.840128,137,117,154,99,20250815_211628
1755260143.4188793,1241610,317852160,317.85216,137,117,154,99,20250815_211628
1755260143.4316792,1241660,317864960,317.86496,137,117,154,99,20250815_211628
1755260143.4457593,1241715,317879040,317.87904,137,117,154,99,20250815_211628
1755260143.457791,1241762,317891072,317.891072,137,116,154,99,20250815_211628
1755260143.4700792,1241810,317903360,317.90336,137,116,154,99,20250815_211628
1755260143.4821112,1241857,317915392,317.915392,136,116,154,99,20250815_211628
1755260143.4951673,1241908,317928448,317.928448,136,116,154,99,20250815_211628
1755260143.5071993,1241955,317940480,317.94048,136,115,154,99,20250815_211628
1755260143.5194874,1242003,317952768,317.952768,136,115,154,99,20250815_211628
1755260143.5315192,1242050,317964800,317.9648,136,115,154,99,20250815_211628
1755260143.5455992,1242105,317978880,317.97888,136,115,154,99,20250815_211628
1755260143.5576313,1242152,317990912,317.990912,136,114,154,99,20250815_211628
1755260143.569919,1242200,318003200,318.0032,136,114,154,99,20250815_211628
1755260143.5816953,1242246,318014976,318.014976,136,114,154,99,20250815_211628
1755260143.5960312,1242302,318029312,318.029312,136,114,154,99,20250815_211628
1755260143.6080632,1242349,318041344,318.041344,136,114,154,99,20250815_211628
1755260143.6200953,1242396,318053376,318.053376,136,114,154,99,20250815_211628
1755260143.6321273,1242443,318065408,318.065408,136,114,154,99,20250815_211628
1755260143.646207,1242498,318079488,318.079488,136,114,154,99,20250815_211628
1755260143.6584952,1242546,318091776,318.091776,136,115,154,99,20250815_211628
1755260143.6702714,1242592,318103552,318.103552,135,115,154,99,20250815_211628
1755260143.6823032,1242639,318115584,318.115584,135,115,154,99,20250815_211628
1755260143.6966393,1242695,318129920,318.12992,136,115,154,99,20250815_211628
1755260143.708671,1242742,318141952,318.141952,136,115,154,99,20250815_211628
1755260143.7207034,1242789,318153984,318.153984,136,115,154,99,20250815_211628
1755260143.7327354,1242836,318166016,318.166016,136,115,154,99,20250815_211628
1755260143.7468152,1242891,318180096,318.180096,136,115,154,99,20250815_211628
1755260143.7588472,1242938,318192128,318.192128,136,115,154,99,20250815_211628
1755260143.7708793,1242985,318204160,318.20416,136,115,154,99,20250815_211628
1755260143.7829113,1243032,318216192,318.216192,136,115,154,99,20250815_211628
1755260143.7972474,1243088,318230528,318.230528,136,115,154,99,20250815_211628
1755260143.8092792,1243135,318242560,318.24256,136,115,154,99,20250815_211628
1755260143.8213112,1243182,318254592,318.254592,135,116,154,99,20250815_211628
1755260143.8333433,1243229,318266624,318.266624,135,116,154,99,20250815_211628
1755260143.8474233,1243284,318280704,318.280704,135,116,154,99,20250815_211628
1755260143.8597114,1243332,318292992,318.292992,135,116,154,99,20250815_211628
1755260143.8717432,1243379,318305024,318.305024,135,116,154,99,20250815_211628
1755260143.8835194,1243425,318316800,318.3168,135,117,154,99,20250815_211628
1755260143.8986232,1243484,318331904,318.331904,135,117,154,99,20250815_211628
1755260143.910911,1243532,318344192,318.344192,135,117,154,99,20250815_211628
1755260143.9229434,1243579,318356224,318.356224,135,117,154,99,20250815_211628
1755260143.9349754,1243626,318368256,318.368256,135,117,154,99,20250815_211628
1755260143.9480312,1243677,318381312,318.381312,135,117,154,99,20250815_211628
1755260143.9600632,1243724,318393344,318.393344,135,118,154,99,20250815_211628
1755260143.9723513,1243772,318405632,318.405632,135,118,154,99,20250815_211628
1755260143.9841273,1243818,318417408,318.417408,135,118,154,99,20250815_211628
1755260143.9984634,1243874,318431744,318.431744,135,118,154,99,20250815_211628
1755260144.0107512,1243922,318444032,318.444032,135,118,154,99,20250815_211628
1755260144.0225272,1243968,318455808,318.455808,135,118,154,99,20250815_211628
1755260144.0348153,1244016,318468096,318.468096,135,118,154,99,20250815_211628
1755260144.0488954,1244071,318482176,318.482176,136,118,154,99,20250815_211628
1755260144.0609274,1244118,318494208,318.494208,136,118,154,99,20250815_211628
1755260144.0729592,1244165,318506240,318.50624,136,118,154,99,20250815_211628
1755260144.0849912,1244212,318518272,318.518272,136,118,154,99,20250815_211628
1755260144.0990713,1244267,318532352,318.532352,136,118,154,99,20250815_211628
1755260144.1111033,1244314,318544384,318.544384,136,118,154,99,20250815_211628
1755260144.123135,1244361,318556416,318.556416,136,118,154,99,20250815_211628
1755260144.1354232,1244409,318568704,318.568704,136,118,154,99,20250815_211628
1755260144.1495032,1244464,318582784,318.582784,136,118,154,99,20250815_211628
1755260144.1615353,1244511,318594816,318.594816,136,118,154,99,20250815_211628
1755260144.1735673,1244558,318606848,318.606848,136,118,154,99,20250815_211628
1755260144.185599,1244605,318618880,318.61888,136,117,154,99,20250815_211628
1755260144.2017274,1244668,318635008,318.635008,136,117,154,99,20250815_211628
1755260144.2142713,1244717,318647552,318.647552,136,117,154,99,20250815_211628
1755260144.2257912,1244762,318659072,318.659072,136,117,154,99,20250815_211628
1755260144.2408953,1244821,318674176,318.674176,136,117,154,99,20250815_211628
1755260144.2529273,1244868,318686208,318.686208,136,116,154,99,20250815_211628
1755260144.264959,1244915,318698240,318.69824,136,116,154,99,20250815_211628
1755260144.2769914,1244962,318710272,318.710272,135,116,153,99,20250815_211628
1755260144.2910712,1245017,318724352,318.724352,135,116,153,99,20250815_211628
1755260144.3031032,1245064,318736384,318.736384,135,115,153,99,20250815_211628
1755260144.3153913,1245112,318748672,318.748672,135,115,153,99,20250815_211628
1755260144.327423,1245159,318760704,318.760704,135,115,153,99,20250815_211628
1755260144.3404794,1245210,318773760,318.77376,135,115,153,99,20250815_211628
1755260144.3527672,1245258,318786048,318.786048,135,115,153,99,20250815_211628
1755260144.3647993,1245305,318798080,318.79808,135,114,153,99,20250815_211628
1755260144.3773432,1245354,318810624,318.810624,135,114,153,99,20250815_211628
1755260144.390911,1245407,318824192,318.824192,135,114,153,99,20250815_211628
1755260144.4029434,1245454,318836224,318.836224,135,114,153,99,20250815_211628
1755260144.4149754,1245501,318848256,318.848256,135,114,153,99,20250815_211628
1755260144.4280312,1245552,318861312,318.861312,135,114,153,99,20250815_211628
1755260144.4413433,1245604,318874624,318.874624,135,114,153,99,20250815_211628
1755260144.453375,1245651,318886656,318.886656,135,115,153,99,20250815_211628
1755260144.4654074,1245698,318898688,318.898688,135,115,153,99,20250815_211628
1755260144.4774394,1245745,318910720,318.91072,135,115,153,99,20250815_211628
1755260144.4915192,1245800,318924800,318.9248,135,115,153,99,20250815_211628
1755260144.5035512,1245847,318936832,318.936832,135,115,153,99,20250815_211628
1755260144.515839,1245895,318949120,318.94912,135,115,153,99,20250815_211628
1755260144.5278714,1245942,318961152,318.961152,135,115,153,99,20250815_211628
1755260144.5419512,1245997,318975232,318.975232,135,115,153,99,20250815_211628
1755260144.5539832,1246044,318987264,318.987264,135,115,153,99,20250815_211628
1755260144.5660152,1246091,318999296,318.999296,135,115,153,99,20250815_211628
1755260144.5780473,1246138,319011328,319.011328,135,115,153,99,20250815_211628
1755260144.592127,1246193,319025408,319.025408,135,116,153,99,20250815_211628
1755260144.6041594,1246240,319037440,319.03744,135,116,153,99,20250815_211628
1755260144.6164472,1246288,319049728,319.049728,135,116,153,99,20250815_211628
1755260144.6284792,1246335,319061760,319.06176,135,116,153,99,20250815_211628
1755260144.6425593,1246390,319075840,319.07584,135,116,153,99,20250815_211628
1755260144.654591,1246437,319087872,319.087872,135,116,153,99,20250815_211628
1755260144.6673913,1246487,319100672,319.100672,135,116,153,99,20250815_211628
1755260144.679423,1246534,319112704,319.112704,134,117,153,99,20250815_211628
1755260144.6937592,1246590,319127040,319.12704,134,117,153,99,20250815_211628
1755260144.7057912,1246637,319139072,319.139072,134,117,153,99,20250815_211628
1755260144.7178233,1246684,319151104,319.151104,134,117,153,99,20250815_211628
1755260144.7298553,1246731,319163136,319.163136,134,117,153,99,20250815_211628
1755260144.7441914,1246787,319177472,319.177472,134,117,153,99,20250815_211628
1755260144.7551992,1246830,319188480,319.18848,134,118,153,99,20250815_211628
1755260144.7672312,1246877,319200512,319.200512,134,118,153,99,20250815_211628
1755260144.7792633,1246924,319212544,319.212544,134,118,153,99,20250815_211628
1755260144.7933433,1246979,319226624,319.226624,134,118,153,99,20250815_211628
1755260144.805375,1247026,319238656,319.238656,134,118,154,99,20250815_211628
1755260144.8176632,1247074,319250944,319.250944,134,118,154,99,20250815_211628
1755260144.8296952,1247121,319262976,319.262976,135,118,154,99,20250815_211628
1755260144.8445432,1247179,319277824,319.277824,135,118,154,99,20250815_211628
1755260144.8558073,1247223,319289088,319.289088,135,118,154,99,20250815_211628
1755260144.867839,1247270,319301120,319.30112,135,118,154,99,20250815_211628
1755260144.8801272,1247318,319313408,319.313408,135,118,154,99,20250815_211628
1755260144.8942072,1247373,319327488,319.327488,135,118,154,99,20250815_211628
1755260144.9062393,1247420,319339520,319.33952,136,118,154,99,20250815_211628
1755260144.9182713,1247467,319351552,319.351552,136,118,154,99,20250815_211628
1755260144.9305594,1247515,319363840,319.36384,136,118,154,99,20250815_211628
1755260144.9443834,1247569,319377664,319.377664,136,118,154,99,20250815_211628
1755260144.9564152,1247616,319389696,319.389696,136,118,154,99,20250815_211628
1755260144.9687033,1247664,319401984,319.401984,136,118,154,99,20250815_211628
1755260144.9807353,1247711,319414016,319.414016,136,118,154,99,20250815_211628
1755260144.994815,1247766,319428096,319.428096,136,117,154,99,20250815_211628
1755260145.0068474,1247813,319440128,319.440128,136,117,154,99,20250815_211628
1755260145.0188792,1247860,319452160,319.45216,136,117,154,99,20250815_211628
1755260145.0309112,1247907,319464192,319.464192,135,117,154,99,20250815_211628
1755260145.0449913,1247962,319478272,319.478272,135,117,154,99,20250815_211628
1755260145.0570233,1248009,319490304,319.490304,135,116,153,99,20250815_211628
1755260145.070079,1248060,319503360,319.50336,135,116,153,99,20250815_211628
1755260145.0821114,1248107,319515392,319.515392,135,116,153,99,20250815_211628
1755260145.0954232,1248159,319528704,319.528704,135,116,153,99,20250815_211628
1755260145.1074553,1248206,319540736,319.540736,135,115,153,99,20250815_211628
1755260145.1194873,1248253,319552768,319.552768,135,115,153,99,20250815_211628
1755260145.132543,1248304,319565824,319.565824,135,115,153,99,20250815_211628
1755260145.1458552,1248356,319579136,319.579136,135,115,153,99,20250815_211628
1755260145.1578872,1248403,319591168,319.591168,135,114,153,99,20250815_211628
1755260145.1699193,1248450,319603200,319.6032,134,114,153,99,20250815_211628
1755260145.1814394,1248495,319614720,319.61472,134,114,153,99,20250815_211628
1755260145.196031,1248552,319629312,319.629312,134,114,153,99,20250815_211628
1755260145.2080634,1248599,319641344,319.641344,134,114,153,99,20250815_211628
1755260145.2200954,1248646,319653376,319.653376,134,114,153,99,20250815_211628
1755260145.2321272,1248693,319665408,319.665408,134,114,153,99,20250815_211628
1755260145.2464633,1248749,319679744,319.679744,134,115,153,99,20250815_211628
1755260145.258495,1248796,319691776,319.691776,134,115,153,99,20250815_211628
1755260145.2705274,1248843,319703808,319.703808,134,115,153,99,20250815_211628
1755260145.2825594,1248890,319715840,319.71584,134,115,153,99,20250815_211628
1755260145.2966392,1248945,319729920,319.72992,134,115,153,99,20250815_211628
1755260145.3086712,1248992,319741952,319.741952,134,115,153,99,20250815_211628
1755260145.3207033,1249039,319753984,319.753984,134,115,153,99,20250815_211628
1755260145.3327353,1249086,319766016,319.766016,134,115,153,99,20250815_211628
1755260145.346815,1249141,319780096,319.780096,134,115,153,99,20250815_211628
1755260145.3591032,1249189,319792384,319.792384,134,115,153,99,20250815_211628
1755260145.3713913,1249237,319804672,319.804672,134,115,153,99,20250815_211628
1755260145.3831673,1249283,319816448,319.816448,134,115,153,99,20250815_211628
1755260145.3972473,1249338,319830528,319.830528,134,116,153,99,20250815_211628
1755260145.409279,1249385,319842560,319.84256,134,116,153,99,20250815_211628
1755260145.4213114,1249432,319854592,319.854592,134,116,153,99,20250815_211628
1755260145.4333434,1249479,319866624,319.866624,134,116,153,99,20250815_211628
1755260145.4484472,1249538,319881728,319.881728,134,116,153,99,20250815_211628
1755260145.4604793,1249585,319893760,319.89376,134,116,153,99,20250815_211628
1755260145.4727674,1249633,319906048,319.906048,134,116,153,99,20250815_211628
1755260145.4837754,1249676,319917056,319.917056,134,117,153,99,20250815_211628
1755260145.4978552,1249731,319931136,319.931136,134,117,153,99,20250815_211628
1755260145.5109112,1249782,319944192,319.944192,134,117,153,99,20250815_211628
1755260145.5229433,1249829,319956224,319.956224,133,117,153,99,20250815_211628
1755260145.5349753,1249876,319968256,319.968256,133,117,153,99,20250815_211628
1755260145.5482874,1249928,319981568,319.981568,133,117,153,99,20250815_211628
1755260145.5603192,1249975,319993600,319.9936,133,117,153,99,20250815_211628
1755260145.5723512,1250022,320005632,320.005632,133,118,153,99,20250815_211628
1755260145.5843832,1250069,320017664,320.017664,133,118,153,99,20250815_211628
1755260145.5984633,1250124,320031744,320.031744,134,118,153,99,20250815_211628
1755260145.610495,1250171,320043776,320.043776,134,118,154,99,20250815_211628
1755260145.6227832,1250219,320056064,320.056064,134,118,154,99,20250815_211628
1755260145.6348152,1250266,320068096,320.068096,134,118,154,99,20250815_211628
1755260145.6496632,1250324,320082944,320.082944,134,118,154,99,20250815_211628
1755260145.6609273,1250368,320094208,320.094208,134,118,154,99,20250815_211628
1755260145.672959,1250415,320106240,320.10624,135,118,154,99,20250815_211628
1755260145.6849914,1250462,320118272,320.118272,135,118,154,99,20250815_211628
1755260145.6990714,1250517,320132352,320.132352,135,118,154,99,20250815_211628
1755260145.7111032,1250564,320144384,320.144384,135,118,154,99,20250815_211628
1755260145.7233913,1250612,320156672,320.156672,135,118,154,99,20250815_211628
1755260145.735423,1250659,320168704,320.168704,135,118,154,99,20250815_211628
1755260145.7495034,1250714,320182784,320.182784,135,118,154,99,20250815_211628
1755260145.7617912,1250762,320195072,320.195072,135,118,154,99,20250815_211628
1755260145.7735672,1250808,320206848,320.206848,135,118,154,99,20250815_211628
1755260145.7858553,1250856,320219136,320.219136,135,117,154,99,20250815_211628
1755260145.7996793,1250910,320232960,320.23296,135,117,154,99,20250815_211628
1755260145.8117113,1250957,320244992,320.244992,135,117,154,99,20250815_211628
1755260145.8239994,1251005,320257280,320.25728,135,117,154,99,20250815_211628
1755260145.8360312,1251052,320269312,320.269312,135,116,154,99,20250815_211628
1755260145.8501112,1251107,320283392,320.283392,135,116,154,99,20250815_211628
1755260145.8621433,1251154,320295424,320.295424,135,116,154,99,20250815_211628
1755260145.8744314,1251202,320307712,320.307712,135,116,154,99,20250815_211628
1755260145.886207,1251248,320319488,320.319488,135,116,154,99,20250815_211628
1755260145.9013114,1251307,320334592,320.334592,135,115,154,99,20250815_211628
1755260145.9133432,1251354,320346624,320.346624,134,115,153,99,20250815_211628
1755260145.9253752,1251401,320358656,320.358656,134,115,153,99,20250815_211628
1755260145.9415033,1251464,320374784,320.374784,134,115,153,99,20250815_211628
1755260145.9527674,1251508,320386048,320.386048,134,114,153,99,20250815_211628
1755260145.9647994,1251555,320398080,320.39808,134,114,153,99,20250815_211628
1755260145.9765754,1251601,320409856,320.409856,134,114,153,99,20250815_211628
1755260145.9909112,1251657,320424192,320.424192,134,114,153,99,20250815_211628
1755260146.0029433,1251704,320436224,320.436224,134,114,153,99,20250815_211628
1755260146.0149753,1251751,320448256,320.448256,134,114,153,99,20250815_211628
1755260146.0272634,1251799,320460544,320.460544,134,114,153,99,20250815_211628
1755260146.0413432,1251854,320474624,320.474624,134,114,153,99,20250815_211628
1755260146.0533752,1251901,320486656,320.486656,134,114,153,99,20250815_211628
1755260146.0654073,1251948,320498688,320.498688,134,114,153,99,20250815_211628
1755260146.0774393,1251995,320510720,320.51072,134,115,153,99,20250815_211628
1755260146.0915194,1252050,320524800,320.5248,134,115,153,99,20250815_211628
1755260146.1038072,1252098,320537088,320.537088,134,115,153,99,20250815_211628
1755260146.1158392,1252145,320549120,320.54912,134,115,153,99,20250815_211628
1755260146.1278713,1252192,320561152,320.561152,134,115,153,99,20250815_211628
1755260146.141951,1252247,320575232,320.575232,134,115,153,99,20250815_211628
1755260146.1542392,1252295,320587520,320.58752,134,115,153,99,20250815_211628
1755260146.1660154,1252341,320599296,320.599296,134,115,153,99,20250815_211628
1755260146.1780472,1252388,320611328,320.611328,134,115,153,99,20250815_211628
1755260146.1921272,1252443,320625408,320.625408,134,115,153,99,20250815_211628
1755260146.204415,1252491,320637696,320.637696,134,115,153,99,20250815_211628
1755260146.2164474,1252538,320649728,320.649728,134,115,153,99,20250815_211628
1755260146.2333434,1252604,320666624,320.666624,134,115,153,99,20250815_211628
1755260146.2448633,1252649,320678144,320.678144,134,115,153,99,20250815_211628
1755260146.2566392,1252695,320689920,320.68992,134,116,153,99,20250815_211628
1755260146.268927,1252743,320702208,320.702208,134,116,153,99,20250815_211628
1755260146.282751,1252797,320716032,320.716032,134,116,153,99,20250815_211628
1755260146.2947834,1252844,320728064,320.728064,134,116,154,99,20250815_211628
1755260146.3078394,1252895,320741120,320.74112,133,116,154,99,20250815_211628
1755260146.3198712,1252942,320753152,320.753152,133,117,154,99,20250815_211628
1755260146.3339512,1252997,320767232,320.767232,133,117,154,99,20250815_211628
1755260146.3459833,1253044,320779264,320.779264,133,117,154,99,20250815_211628
1755260146.3572474,1253088,320790528,320.790528,133,117,154,99,20250815_211628
1755260146.3692794,1253135,320802560,320.80256,133,117,154,99,20250815_211628
1755260146.3836153,1253191,320816896,320.816896,133,117,154,99,20250815_211628
1755260146.3953912,1253237,320828672,320.828672,133,118,154,99,20250815_211628
1755260146.407679,1253285,320840960,320.84096,133,118,154,99,20250815_211628
1755260146.4197114,1253332,320852992,320.852992,134,118,154,99,20250815_211628
1755260146.4337914,1253387,320867072,320.867072,134,118,154,99,20250815_211628
1755260146.4458232,1253434,320879104,320.879104,134,118,154,99,20250815_211628
1755260146.4581113,1253482,320891392,320.891392,134,118,154,99,20250815_211628
1755260146.4698873,1253528,320903168,320.903168,134,118,154,99,20250815_211628
1755260146.4842234,1253584,320917504,320.917504,135,118,154,99,20250815_211628
1755260146.495999,1253630,320929280,320.92928,135,118,154,99,20250815_211628
1755260146.5082872,1253678,320941568,320.941568,135,118,154,99,20250815_211628
1755260146.5203192,1253725,320953600,320.9536,135,118,154,99,20250815_211628
1755260146.5354233,1253784,320968704,320.968704,135,118,154,99,20250815_211628
1755260146.5474553,1253831,320980736,320.980736,135,118,154,99,20250815_211628
1755260146.558463,1253874,320991744,320.991744,135,118,154,99,20250815_211628
1755260146.5710073,1253923,321004288,321.004288,135,117,154,99,20250815_211628
1755260146.5848312,1253977,321018112,321.018112,135,117,154,99,20250815_211628
1755260146.5968633,1254024,321030144,321.030144,135,117,154,99,20250815_211628
1755260146.6088953,1254071,321042176,321.042176,135,117,154,99,20250815_211628
1755260146.620927,1254118,321054208,321.054208,135,117,154,99,20250815_211628
1755260146.6350074,1254173,321068288,321.068288,135,116,154,99,20250815_211628
1755260146.6470392,1254220,321080320,321.08032,135,116,154,99,20250815_211628
1755260146.6590712,1254267,321092352,321.092352,135,116,154,99,20250815_211628
1755260146.6713593,1254315,321104640,321.10464,135,116,154,99,20250815_211628
1755260146.685439,1254370,321118720,321.11872,135,115,154,99,20250815_211628
1755260146.6974714,1254417,321130752,321.130752,135,115,154,99,20250815_211628
1755260146.7095034,1254464,321142784,321.142784,135,115,154,99,20250815_211628
1755260146.7225592,1254515,321155840,321.15584,135,115,154,99,20250815_211628
1755260146.7356153,1254566,321168896,321.168896,134,114,154,99,20250815_211628
1755260146.747903,1254614,321181184,321.181184,134,114,154,99,20250815_211628
1755260146.7599354,1254661,321193216,321.193216,134,114,154,99,20250815_211628
1755260146.771711,1254707,321204992,321.204992,134,114,154,99,20250815_211628
1755260146.7860472,1254763,321219328,321.219328,134,114,154,99,20250815_211628
1755260146.7980793,1254810,321231360,321.23136,134,114,154,99,20250815_211628
1755260146.8106234,1254859,321243904,321.243904,134,114,154,99,20250815_211628
1755260146.8221433,1254904,321255424,321.255424,134,114,154,99,20250815_211628
1755260146.8362234,1254959,321269504,321.269504,134,114,154,99,20250815_211628
1755260146.8485112,1255007,321281792,321.281792,134,114,154,99,20250815_211628
1755260146.8607993,1255055,321294080,321.29408,134,114,154,99,20250815_211628
1755260146.8725753,1255101,321305856,321.305856,134,114,154,99,20250815_211628
1755260146.886655,1255156,321319936,321.319936,134,114,154,99,20250815_211628
1755260146.8986874,1255203,321331968,321.331968,134,114,154,99,20250815_211628
1755260146.9107194,1255250,321344000,321.344,134,114,154,99,20250815_211628
1755260146.9230072,1255298,321356288,321.356288,134,114,154,99,20250815_211628
1755260146.9370873,1255353,321370368,321.370368,134,114,154,99,20250815_211628
1755260146.949119,1255400,321382400,321.3824,134,114,154,99,20250815_211628
1755260146.9611514,1255447,321394432,321.394432,134,115,154,99,20250815_211628
1755260146.9731834,1255494,321406464,321.406464,134,115,154,99,20250815_211628
1755260146.9872632,1255549,321420544,321.420544,134,115,154,99,20250815_211628
1755260146.9992952,1255596,321432576,321.432576,134,115,154,99,20250815_211628
1755260147.0113273,1255643,321444608,321.444608,134,115,154,99,20250815_211628
1755260147.0236154,1255691,321456896,321.456896,134,115,154,99,20250815_211628
1755260147.0384634,1255749,321471744,321.471744,134,115,154,99,20250815_211628
1755260147.0504954,1255796,321483776,321.483776,134,115,154,99,20250815_211628
1755260147.0627832,1255844,321496064,321.496064,134,116,154,99,20250815_211628
1755260147.0748153,1255891,321508096,321.508096,134,116,154,99,20250815_211628
1755260147.0878713,1255942,321521152,321.521152,134,116,154,99,20250815_211628
1755260147.099903,1255989,321533184,321.533184,134,116,154,99,20250815_211628
1755260147.1129594,1256040,321546240,321.54624,134,116,154,99,20250815_211628
1755260147.1249912,1256087,321558272,321.558272,134,116,154,99,20250815_211628
1755260147.1393273,1256143,321572608,321.572608,133,117,154,99,20250815_211628
1755260147.1503353,1256186,321583616,321.583616,133,117,154,99,20250815_211628
1755260147.162367,1256233,321595648,321.595648,133,117,154,99,20250815_211628
1755260147.1743994,1256280,321607680,321.60768,134,117,154,99,20250815_211628
1755260147.1887352,1256336,321622016,321.622016,134,117,154,99,20250815_211628
1755260147.2005112,1256382,321633792,321.633792,134,117,154,99,20250815_211628
1755260147.2127993,1256430,321646080,321.64608,134,117,154,99,20250815_211628
1755260147.224831,1256477,321658112,321.658112,134,117,154,99,20250815_211628
1755260147.2389114,1256532,321672192,321.672192,134,117,154,99,20250815_211628
1755260147.2509432,1256579,321684224,321.684224,134,117,154,99,20250815_211628
1755260147.2629752,1256626,321696256,321.696256,135,117,154,99,20250815_211628
1755260147.2750072,1256673,321708288,321.708288,135,117,155,99,20250815_211628
1755260147.2893434,1256729,321722624,321.722624,135,117,155,99,20250815_211628
1755260147.301119,1256775,321734400,321.7344,135,117,155,99,20250815_211628
1755260147.3134072,1256823,321746688,321.746688,135,117,155,99,20250815_211628
1755260147.3254392,1256870,321758720,321.75872,135,117,155,99,20250815_211628
1755260147.3395193,1256925,321772800,321.7728,135,117,155,99,20250815_211628
1755260147.3515513,1256972,321784832,321.784832,135,117,155,99,20250815_211628
1755260147.363583,1257019,321796864,321.796864,136,117,155,99,20250815_211628
1755260147.3758712,1257067,321809152,321.809152,136,117,155,99,20250815_211628
1755260147.3899512,1257122,321823232,321.823232,135,117,155,99,20250815_211628
1755260147.4019833,1257169,321835264,321.835264,135,116,155,99,20250815_211628
1755260147.4140153,1257216,321847296,321.847296,135,116,155,99,20250815_211628
1755260147.426047,1257263,321859328,321.859328,135,116,155,99,20250815_211628
1755260147.4401274,1257318,321873408,321.873408,135,116,155,99,20250815_211628
1755260147.4521594,1257365,321885440,321.88544,135,115,155,99,20250815_211628
1755260147.4644473,1257413,321897728,321.897728,135,115,154,99,20250815_211628
1755260147.4764793,1257460,321909760,321.90976,135,115,154,99,20250815_211628
1755260147.4913273,1257518,321924608,321.924608,135,115,154,99,20250815_211628
1755260147.5033593,1257565,321936640,321.93664,135,114,154,99,20250815_211628
1755260147.5156474,1257613,321948928,321.948928,135,114,154,99,20250815_211628
1755260147.5276792,1257660,321960960,321.96096,135,114,154,99,20250815_211628
1755260147.5417593,1257715,321975040,321.97504,135,114,154,99,20250815_211628
1755260147.5527673,1257758,321986048,321.986048,135,113,154,99,20250815_211628
1755260147.5650554,1257806,321998336,321.998336,134,113,154,99,20250815_211628
1755260147.5765753,1257851,322009856,322.009856,134,113,154,99,20250815_211628
1755260147.5911672,1257908,322024448,322.024448,134,113,154,99,20250815_211628
1755260147.6029432,1257954,322036224,322.036224,134,113,154,99,20250815_211628
1755260147.6152313,1258002,322048512,322.048512,134,113,154,99,20250815_211628
1755260147.6272633,1258049,322060544,322.060544,134,113,154,99,20250815_211628
1755260147.6413434,1258104,322074624,322.074624,134,113,154,99,20250815_211628
1755260147.6536312,1258152,322086912,322.086912,134,113,154,99,20250815_211628
1755260147.6654072,1258198,322098688,322.098688,134,113,154,99,20250815_211628
1755260147.6776953,1258246,322110976,322.110976,134,114,154,99,20250815_211628
1755260147.691775,1258301,322125056,322.125056,134,114,154,99,20250815_211628
1755260147.7038074,1258348,322137088,322.137088,134,114,154,99,20250815_211628
1755260147.7158394,1258395,322149120,322.14912,134,114,154,99,20250815_211628
1755260147.7281272,1258443,322161408,322.161408,134,114,154,99,20250815_211628
1755260147.7422073,1258498,322175488,322.175488,135,114,154,99,20250815_211628
1755260147.754239,1258545,322187520,322.18752,135,114,154,99,20250815_211628
1755260147.7662714,1258592,322199552,322.199552,134,114,154,99,20250815_211628
1755260147.7783034,1258639,322211584,322.211584,134,114,154,99,20250815_211628
1755260147.7923832,1258694,322225664,322.225664,134,114,155,99,20250815_211628
1755260147.8044152,1258741,322237696,322.237696,134,114,155,99,20250815_211628
1755260147.8164473,1258788,322249728,322.249728,134,114,155,99,20250815_211628
1755260147.8284793,1258835,322261760,322.26176,134,114,155,99,20250815_211628
1755260147.8428154,1258891,322276096,322.276096,134,114,155,99,20250815_211628
1755260147.8548472,1258938,322288128,322.288128,134,114,155,99,20250815_211628
1755260147.8676474,1258988,322300928,322.300928,134,115,155,99,20250815_211628
1755260147.8796792,1259035,322312960,322.31296,134,115,155,99,20250815_211628
1755260147.8940153,1259091,322327296,322.327296,134,115,155,99,20250815_211628
1755260147.906047,1259138,322339328,322.339328,134,115,155,99,20250815_211628
1755260147.9180794,1259185,322351360,322.35136,134,115,155,99,20250815_211628
1755260147.9301114,1259232,322363392,322.363392,134,115,155,99,20250815_211628
1755260147.9462392,1259295,322379520,322.37952,134,116,155,99,20250815_211628
1755260147.9575033,1259339,322390784,322.390784,134,116,155,99,20250815_211628
1755260147.9695354,1259386,322402816,322.402816,134,116,155,99,20250815_211628
1755260147.9836154,1259441,322416896,322.416896,134,116,155,99,20250815_211628
1755260147.9956472,1259488,322428928,322.428928,134,116,155,99,20250815_211628
1755260148.0076792,1259535,322440960,322.44096,134,116,155,99,20250815_211628
1755260148.0199673,1259583,322453248,322.453248,134,116,155,99,20250815_211628
1755260148.0340474,1259638,322467328,322.467328,134,116,155,99,20250815_211628
1755260148.0460794,1259685,322479360,322.47936,135,116,155,99,20250815_211628
1755260148.0581112,1259732,322491392,322.491392,135,116,155,99,20250815_211628
1755260148.0701432,1259779,322503424,322.503424,135,116,155,99,20250815_211628
1755260148.0842233,1259834,322517504,322.517504,135,117,155,99,20250815_211628
1755260148.0962553,1259881,322529536,322.529536,136,117,155,99,20250815_211628
1755260148.108287,1259928,322541568,322.541568,136,116,155,99,20250815_211628
1755260148.1203194,1259975,322553600,322.5536,136,116,155,99,20250815_211628
1755260148.1346552,1260031,322567936,322.567936,136,116,155,99,20250815_211628
1755260148.1466873,1260078,322579968,322.579968,136,116,155,99,20250815_211628
1755260148.1594872,1260128,322592768,322.592768,136,116,155,99,20250815_211628
1755260148.1715193,1260175,322604800,322.6048,136,116,155,99,20250815_211628
1755260148.1850872,1260228,322618368,322.618368,136,115,155,99,20250815_211628
1755260148.1971192,1260275,322630400,322.6304,136,115,155,99,20250815_211628
1755260148.2088952,1260321,322642176,322.642176,136,115,155,99,20250815_211628
1755260148.2219512,1260372,322655232,322.655232,135,115,155,99,20250815_211628
1755260148.235263,1260424,322668544,322.668544,135,115,155,99,20250815_211628
1755260148.2472954,1260471,322680576,322.680576,135,114,155,99,20250815_211628
1755260148.2593274,1260518,322692608,322.692608,135,114,155,99,20250815_211628
1755260148.2716153,1260566,322704896,322.704896,135,114,155,99,20250815_211628
1755260148.2864633,1260624,322719744,322.719744,135,114,155,99,20250815_211628
1755260148.2984953,1260671,322731776,322.731776,135,113,155,99,20250815_211628
1755260148.3102713,1260717,322743552,322.743552,135,113,155,99,20250815_211628
1755260148.3225594,1260765,322755840,322.75584,135,113,155,99,20250815_211628
1755260148.3386872,1260828,322771968,322.771968,135,113,155,99,20250815_211628
1755260148.3507192,1260875,322784000,322.784,135,112,155,99,20250815_211628
1755260148.3619833,1260919,322795264,322.795264,135,112,155,99,20250815_211628
1755260148.376063,1260974,322809344,322.809344,135,112,155,99,20250815_211628
1755260148.3891194,1261025,322822400,322.8224,135,112,155,99,20250815_211628
1755260148.4011512,1261072,322834432,322.834432,135,112,155,99,20250815_211628
1755260148.4121592,1261115,322845440,322.84544,135,112,155,99,20250815_211628
1755260148.4264953,1261171,322859776,322.859776,134,112,155,99,20250815_211628
1755260148.438527,1261218,322871808,322.871808,134,112,155,99,20250815_211628
1755260148.4505594,1261265,322883840,322.88384,134,112,155,99,20250815_211628
1755260148.4625914,1261312,322895872,322.895872,134,112,155,99,20250815_211628
1755260148.4766712,1261367,322909952,322.909952,134,112,155,99,20250815_211628
1755260148.4887033,1261414,322921984,322.921984,134,112,155,99,20250815_211628
1755260148.5007353,1261461,322934016,322.934016,135,112,155,99,20250815_211628
1755260148.5127673,1261508,322946048,322.946048,135,112,155,99,20250815_211628
1755260148.5271032,1261564,322960384,322.960384,135,112,155,99,20250815_211628
1755260148.5391352,1261611,322972416,322.972416,135,112,155,99,20250815_211628
1755260148.5511672,1261658,322984448,322.984448,135,112,155,99,20250815_211628
1755260148.5631993,1261705,322996480,322.99648,135,112,155,99,20250815_211628
1755260148.577279,1261760,323010560,323.01056,135,113,155,99,20250815_211628
1755260148.5893114,1261807,323022592,323.022592,135,113,155,99,20250815_211628
1755260148.6013434,1261854,323034624,323.034624,135,113,155,99,20250815_211628
1755260148.6133752,1261901,323046656,323.046656,135,113,155,99,20250815_211628
1755260148.6277113,1261957,323060992,323.060992,135,113,155,99,20250815_211628
1755260148.639743,1262004,323073024,323.073024,135,113,155,99,20250815_211628
1755260148.6517754,1262051,323085056,323.085056,134,113,155,99,20250815_211628
1755260148.6638074,1262098,323097088,323.097088,134,113,155,99,20250815_211628
1755260148.6789112,1262157,323112192,323.112192,134,113,155,99,20250815_211628
1755260148.6909432,1262204,323124224,323.124224,134,114,155,99,20250815_211628
1755260148.7029753,1262251,323136256,323.136256,134,114,155,99,20250815_211628
1755260148.7150073,1262298,323148288,323.148288,134,114,155,99,20250815_211628
1755260148.7290874,1262353,323162368,323.162368,134,114,155,99,20250815_211628
1755260148.7411194,1262400,323174400,323.1744,134,114,155,99,20250815_211628
1755260148.7523832,1262444,323185664,323.185664,134,114,155,99,20250815_211628
1755260148.7644153,1262491,323197696,323.197696,134,115,155,99,20250815_211628
1755260148.7784953,1262546,323211776,323.211776,134,115,155,99,20250815_211628
1755260148.790527,1262593,323223808,323.223808,134,115,155,99,20250815_211628
1755260148.8028152,1262641,323236096,323.236096,134,115,156,99,20250815_211628
1755260148.8145914,1262687,323247872,323.247872,134,115,156,99,20250815_211628
1755260148.8289273,1262743,323262208,323.262208,135,115,156,99,20250815_211628
1755260148.8409593,1262790,323274240,323.27424,135,115,156,99,20250815_211628
1755260148.852991,1262837,323286272,323.286272,135,115,156,99,20250815_211628
1755260148.8650234,1262884,323298304,323.298304,135,115,156,99,20250815_211628
1755260148.8791032,1262939,323312384,323.312384,135,115,156,99,20250815_211628
1755260148.8911352,1262986,323324416,323.324416,136,115,156,99,20250815_211628
1755260148.9034233,1263034,323336704,323.336704,136,115,156,99,20250815_211628
1755260148.9151993,1263080,323348480,323.34848,136,115,156,99,20250815_211628
1755260148.9295354,1263136,323362816,323.362816,136,115,156,99,20250815_211628
1755260148.9415672,1263183,323374848,323.374848,136,115,156,99,20250815_211628
1755260148.9535992,1263230,323386880,323.38688,136,115,156,99,20250815_211628
1755260148.9658873,1263278,323399168,323.399168,136,114,156,99,20250815_211628
1755260148.9807353,1263336,323414016,323.414016,136,114,156,99,20250815_211628
1755260148.9919994,1263380,323425280,323.42528,136,114,156,99,20250815_211628
1755260149.0040312,1263427,323437312,323.437312,136,114,156,99,20250815_211628
1755260149.0160632,1263474,323449344,323.449344,136,113,156,99,20250815_211628
1755260149.0301433,1263529,323463424,323.463424,136,113,156,99,20250815_211628
1755260149.0421753,1263576,323475456,323.475456,136,113,156,99,20250815_211628
1755260149.054207,1263623,323487488,323.487488,136,113,156,99,20250815_211628
1755260149.0664952,1263671,323499776,323.499776,136,112,156,99,20250815_211628
1755260149.0813434,1263729,323514624,323.514624,136,112,156,99,20250815_211628
1755260149.0926073,1263773,323525888,323.525888,136,112,156,99,20250815_211628
1755260149.1046393,1263820,323537920,323.53792,136,112,156,99,20250815_211628
1755260149.1164153,1263866,323549696,323.549696,135,111,156,99,20250815_211628
1755260149.1315193,1263925,323564800,323.5648,135,111,156,99,20250815_211628
1755260149.1438074,1263973,323577088,323.577088,135,111,156,99,20250815_211628
1755260149.1548152,1264016,323588096,323.588096,135,111,156,99,20250815_211628
1755260149.1668472,1264063,323600128,323.600128,135,110,156,99,20250815_211628
1755260149.181183,1264119,323614464,323.614464,135,110,156,99,20250815_211628
1755260149.1929593,1264165,323626240,323.62624,135,110,156,99,20250815_211628
1755260149.2055032,1264214,323638784,323.638784,135,110,156,99,20250815_211628
1755260149.2172792,1264260,323650560,323.65056,135,110,156,99,20250815_211628
1755260149.2313592,1264315,323664640,323.66464,135,110,156,99,20250815_211628
1755260149.2433913,1264362,323676672,323.676672,135,110,156,99,20250815_211628
1755260149.2554233,1264409,323688704,323.688704,135,110,156,99,20250815_211628
1755260149.2677114,1264457,323700992,323.700992,135,111,156,99,20250815_211628
1755260149.2817912,1264512,323715072,323.715072,135,111,156,99,20250815_211628
1755260149.2938232,1264559,323727104,323.727104,135,111,156,99,20250815_211628
1755260149.3058553,1264606,323739136,323.739136,135,111,156,99,20250815_211628
1755260149.3178873,1264653,323751168,323.751168,135,111,156,99,20250815_211628
1755260149.3322232,1264709,323765504,323.765504,135,111,156,99,20250815_211628
1755260149.3439994,1264755,323777280,323.77728,135,111,156,99,20250815_211628
1755260149.3562872,1264803,323789568,323.789568,135,111,156,99,20250815_211628
1755260149.3683193,1264850,323801600,323.8016,135,111,156,99,20250815_211628
1755260149.382399,1264905,323815680,323.81568,135,111,156,99,20250815_211628
1755260149.3944314,1264952,323827712,323.827712,135,111,156,99,20250815_211628
1755260149.4067192,1265000,323840000,323.84,135,111,156,99,20250815_211628
1755260149.4184952,1265046,323851776,323.851776,135,111,156,99,20250815_211628
1755260149.4335992,1265105,323866880,323.86688,135,112,156,99,20250815_211628
1755260149.4456313,1265152,323878912,323.878912,135,112,156,99,20250815_211628
1755260149.4576633,1265199,323890944,323.890944,135,112,156,99,20250815_211628
1755260149.4727674,1265258,323906048,323.906048,135,112,156,99,20250815_211628
1755260149.4853113,1265307,323918592,323.918592,135,112,156,99,20250815_211628
1755260149.4970872,1265353,323930368,323.930368,135,112,156,99,20250815_211628
1755260149.5091193,1265400,323942400,323.9424,135,113,156,99,20250815_211628
1755260149.524223,1265459,323957504,323.957504,134,113,156,99,20250815_211628
1755260149.5362554,1265506,323969536,323.969536,134,113,156,99,20250815_211628
1755260149.5477753,1265551,323981056,323.981056,134,113,156,99,20250815_211628
1755260149.5595512,1265597,323992832,323.992832,134,113,156,99,20250815_211628
1755260149.5736313,1265652,324006912,324.006912,134,113,156,99,20250815_211628
1755260149.5856633,1265699,324018944,324.018944,135,113,156,99,20250815_211628
1755260149.5976954,1265746,324030976,324.030976,135,113,156,99,20250815_211628
1755260149.6097274,1265793,324043008,324.043008,135,114,156,99,20250815_211628
1755260149.6240633,1265849,324057344,324.057344,135,114,156,99,20250815_211628
1755260149.6360953,1265896,324069376,324.069376,135,114,156,99,20250815_211628
1755260149.6481273,1265943,324081408,324.081408,135,114,156,99,20250815_211628
1755260149.6604154,1265991,324093696,324.093696,136,114,156,99,20250815_211628
1755260149.6742394,1266045,324107520,324.10752,136,114,157,99,20250815_211628
1755260149.6862712,1266092,324119552,324.119552,136,114,157,99,20250815_211628
1755260149.6983032,1266139,324131584,324.131584,136,114,157,99,20250815_211628
1755260149.7105913,1266187,324143872,324.143872,136,114,157,99,20250815_211628
1755260149.7246714,1266242,324157952,324.157952,136,114,157,99,20250815_211628
1755260149.7367034,1266289,324169984,324.169984,136,113,157,99,20250815_211628
1755260149.7489913,1266337,324182272,324.182272,136,113,157,99,20250815_211628
1755260149.7607672,1266383,324194048,324.194048,136,113,157,99,20250815_211628
1755260149.7748473,1266438,324208128,324.208128,136,113,157,99,20250815_211628
1755260149.7868793,1266485,324220160,324.22016,136,113,157,99,20250815_211628
1755260149.798911,1266532,324232192,324.232192,136,113,157,99,20250815_211628
1755260149.8109434,1266579,324244224,324.244224,136,112,157,99,20250815_211628
1755260149.8252792,1266635,324258560,324.25856,136,112,157,99,20250815_211628
1755260149.8373113,1266682,324270592,324.270592,136,112,157,99,20250815_211628
1755260149.8493433,1266729,324282624,324.282624,136,112,156,99,20250815_211628
1755260149.861375,1266776,324294656,324.294656,136,112,156,99,20250815_211628
1755260149.876223,1266834,324309504,324.309504,136,111,156,99,20250815_211628
1755260149.8885112,1266882,324321792,324.321792,136,111,156,99,20250815_211628
1755260149.9005432,1266929,324333824,324.333824,136,111,156,99,20250815_211628
1755260149.9125752,1266976,324345856,324.345856,136,111,156,99,20250815_211628
1755260149.9266553,1267031,324359936,324.359936,136,110,156,99,20250815_211628
1755260149.938687,1267078,324371968,324.371968,135,110,156,99,20250815_211628
1755260149.9507194,1267125,324384000,324.384,135,110,156,99,20250815_211628
1755260149.9619832,1267169,324395264,324.395264,135,110,156,99,20250815_211628
1755260149.9760633,1267224,324409344,324.409344,135,110,156,99,20250815_211628
1755260149.9880953,1267271,324421376,324.421376,135,110,156,99,20250815_211628
1755260150.0003834,1267319,324433664,324.433664,135,110,156,99,20250815_211628
1755260150.0124154,1267366,324445696,324.445696,135,110,156,99,20250815_211628
1755260150.0264952,1267421,324459776,324.459776,135,110,156,99,20250815_211628
1755260150.0385273,1267468,324471808,324.471808,135,110,156,99,20250815_211628
1755260150.0505593,1267515,324483840,324.48384,135,110,156,99,20250815_211628
1755260150.0625913,1267562,324495872,324.495872,135,110,156,99,20250815_211628
1755260150.0769272,1267618,324510208,324.510208,135,110,156,99,20250815_211628
1755260150.0889592,1267665,324522240,324.52224,135,110,156,99,20250815_211628
1755260150.1009912,1267712,324534272,324.534272,135,110,156,99,20250815_211628
1755260150.1130233,1267759,324546304,324.546304,135,110,156,99,20250815_211628
1755260150.127103,1267814,324560384,324.560384,135,110,156,99,20250815_211628
1755260150.1391354,1267861,324572416,324.572416,135,110,156,99,20250815_211628
1755260150.1514232,1267909,324584704,324.584704,135,110,156,99,20250815_211628
1755260150.1634552,1267956,324596736,324.596736,135,110,156,99,20250815_211628
1755260150.1775353,1268011,324610816,324.610816,135,110,156,99,20250815_211628
1755260150.189567,1268058,324622848,324.622848,135,110,156,99,20250815_211628
1755260150.2018552,1268106,324635136,324.635136,135,110,156,99,20250815_211628
1755260150.2136314,1268152,324646912,324.646912,135,111,156,99,20250815_211628
1755260150.2277112,1268207,324660992,324.660992,135,111,156,99,20250815_211628
1755260150.2397432,1268254,324673024,324.673024,135,111,156,99,20250815_211628
1755260150.2517753,1268301,324685056,324.685056,135,111,156,99,20250815_211628
1755260150.2640634,1268349,324697344,324.697344,135,111,156,99,20250815_211628
1755260150.2781434,1268404,324711424,324.711424,135,111,156,99,20250815_211628
1755260150.2901752,1268451,324723456,324.723456,135,111,156,99,20250815_211628
1755260150.3029752,1268501,324736256,324.736256,135,111,156,99,20250815_211628
1755260150.3150072,1268548,324748288,324.748288,135,112,156,99,20250815_211628
1755260150.3293433,1268604,324762624,324.762624,135,112,156,99,20250815_211628
1755260150.3413754,1268651,324774656,324.774656,135,112,156,99,20250815_211628
1755260150.3523834,1268694,324785664,324.785664,135,112,156,99,20250815_211628
1755260150.3644154,1268741,324797696,324.797696,135,112,156,99,20250815_211628
1755260150.3787513,1268797,324812032,324.812032,135,112,156,99,20250815_211628
1755260150.3907833,1268844,324824064,324.824064,135,113,157,99,20250815_211628
1755260150.402815,1268891,324836096,324.836096,135,113,157,99,20250815_211628
1755260150.4151032,1268939,324848384,324.848384,135,113,157,99,20250815_211628
1755260150.4289272,1268993,324862208,324.862208,135,113,157,99,20250815_211628
1755260150.4409592,1269040,324874240,324.87424,135,113,157,99,20250815_211628
1755260150.4532473,1269088,324886528,324.886528,136,113,157,99,20250815_211628
1755260150.465279,1269135,324898560,324.89856,136,113,157,99,20250815_211628
1755260150.4793594,1269190,324912640,324.91264,136,113,157,99,20250815_211628
1755260150.4913912,1269237,324924672,324.924672,136,113,157,99,20250815_211628
1755260150.5034232,1269284,324936704,324.936704,136,113,157,99,20250815_211628
1755260150.5154552,1269331,324948736,324.948736,137,113,157,99,20250815_211628
1755260150.5297914,1269387,324963072,324.963072,137,113,157,99,20250815_211628
1755260150.5418234,1269434,324975104,324.975104,137,113,157,99,20250815_211628
1755260150.5538552,1269481,324987136,324.987136,137,113,157,99,20250815_211628
1755260150.5658872,1269528,324999168,324.999168,137,112,157,99,20250815_211628
1755260150.5799673,1269583,325013248,325.013248,137,112,157,99,20250815_211628
1755260150.5930233,1269634,325026304,325.026304,137,112,157,99,20250815_211628
1755260150.6047993,1269680,325038080,325.03808,137,112,157,99,20250815_211628
1755260150.6168313,1269727,325050112,325.050112,137,112,157,99,20250815_211628
1755260150.6311674,1269783,325064448,325.064448,136,112,157,99,20250815_211628
1755260150.6431992,1269830,325076480,325.07648,136,111,157,99,20250815_211628
1755260150.6552312,1269877,325088512,325.088512,136,111,157,99,20250815_211628
1755260150.6672633,1269924,325100544,325.100544,136,111,157,99,20250815_211628
1755260150.6815994,1269980,325114880,325.11488,136,111,157,99,20250815_211628
1755260150.6936314,1270027,325126912,325.126912,136,110,157,99,20250815_211628
1755260150.7056632,1270074,325138944,325.138944,136,110,157,99,20250815_211628
1755260150.7176952,1270121,325150976,325.150976,136,110,157,99,20250815_211628
1755260150.7317753,1270176,325165056,325.165056,136,110,157,99,20250815_211628
1755260150.7438073,1270223,325177088,325.177088,136,109,157,99,20250815_211628
1755260150.7550714,1270267,325188352,325.188352,136,109,157,99,20250815_211628
1755260150.7671032,1270314,325200384,325.200384,136,109,156,99,20250815_211628
1755260150.7811832,1270369,325214464,325.214464,136,109,156,99,20250815_211628
1755260150.793471,1270417,325226752,325.226752,136,109,156,99,20250815_211628
1755260150.8057592,1270465,325239040,325.23904,136,109,156,99,20250815_211628
1755260150.8175354,1270511,325250816,325.250816,136,109,156,99,20250815_211628
1755260150.8316152,1270566,325264896,325.264896,136,109,156,99,20250815_211628
1755260150.8444152,1270616,325277696,325.277696,136,109,156,99,20250815_211628
1755260150.8556793,1270660,325288960,325.28896,136,109,156,99,20250815_211628
1755260150.8677113,1270707,325300992,325.300992,136,109,156,99,20250815_211628
1755260150.8817914,1270762,325315072,325.315072,136,109,156,99,20250815_211628
1755260150.8940792,1270810,325327360,325.32736,136,109,156,99,20250815_211628
1755260150.9061112,1270857,325339392,325.339392,136,109,157,99,20250815_211628
1755260150.9181433,1270904,325351424,325.351424,136,109,157,99,20250815_211628
1755260150.932223,1270959,325365504,325.365504,136,109,157,99,20250815_211628
1755260150.9442554,1271006,325377536,325.377536,136,109,157,99,20250815_211628
1755260150.9562874,1271053,325389568,325.389568,136,109,157,99,20250815_211628
1755260150.9683192,1271100,325401600,325.4016,136,109,157,99,20250815_211628
1755260150.9826553,1271156,325415936,325.415936,136,110,157,99,20250815_211628
1755260150.9946873,1271203,325427968,325.427968,136,110,157,99,20250815_211628
1755260151.0064633,1271249,325439744,325.439744,136,110,157,99,20250815_211628
1755260151.0187514,1271297,325452032,325.452032,136,110,157,99,20250815_211628
1755260151.0328312,1271352,325466112,325.466112,136,110,157,99,20250815_211628
1755260151.0458872,1271403,325479168,325.479168,136,110,157,99,20250815_211628
1755260151.0579193,1271450,325491200,325.4912,136,110,157,99,20250815_211628
1755260151.0699513,1271497,325503232,325.503232,136,110,157,99,20250815_211628
1755260151.084031,1271552,325517312,325.517312,136,111,157,99,20250815_211628
1755260151.0958073,1271598,325529088,325.529088,135,111,157,99,20250815_211628
1755260151.1080954,1271646,325541376,325.541376,135,111,157,99,20250815_211628
1755260151.1201272,1271693,325553408,325.553408,135,111,157,99,20250815_211628
1755260151.1342072,1271748,325567488,325.567488,135,111,157,99,20250815_211628
1755260151.145471,1271792,325578752,325.578752,135,111,157,99,20250815_211628
1755260151.1575034,1271839,325590784,325.590784,135,112,157,99,20250815_211628
1755260151.1695354,1271886,325602816,325.602816,135,112,157,99,20250815_211628
1755260151.1838713,1271942,325617152,325.617152,135,112,157,99,20250815_211628
1755260151.1959033,1271989,325629184,325.629184,135,112,157,99,20250815_211628
1755260151.207935,1272036,325641216,325.641216,135,112,157,99,20250815_211628
1755260151.2199674,1272083,325653248,325.653248,136,112,157,99,20250815_211628
1755260151.2340472,1272138,325667328,325.667328,136,112,157,99,20250815_211628
1755260151.2460792,1272185,325679360,325.67936,136,112,157,99,20250815_211628
1755260151.2581112,1272232,325691392,325.691392,136,112,157,99,20250815_211628
1755260151.2701433,1272279,325703424,325.703424,136,112,157,99,20250815_211628
1755260151.2842233,1272334,325717504,325.717504,137,112,157,99,20250815_211628
1755260151.2965114,1272382,325729792,325.729792,137,112,158,99,20250815_211628
1755260151.3085432,1272429,325741824,325.741824,137,112,158,99,20250815_211628
1755260151.3205752,1272476,325753856,325.753856,137,112,158,99,20250815_211628
1755260151.3346553,1272531,325767936,325.767936,137,112,158,99,20250815_211628
1755260151.3466873,1272578,325779968,325.779968,137,112,158,99,20250815_211628
1755260151.358719,1272625,325792000,325.792,137,112,158,99,20250815_211628
1755260151.3707514,1272672,325804032,325.804032,137,112,158,99,20250815_211628
1755260151.3850873,1272728,325818368,325.818368,137,111,158,99,20250815_211628
1755260151.3971193,1272775,325830400,325.8304,137,111,158,99,20250815_211628
1755260151.4091513,1272822,325842432,325.842432,137,111,158,99,20250815_211628
1755260151.421183,1272869,325854464,325.854464,137,111,157,99,20250815_211628
1755260151.4352634,1272924,325868544,325.868544,137,111,157,99,20250815_211628
1755260151.4472952,1272971,325880576,325.880576,137,110,157,99,20250815_211628
1755260151.4593272,1273018,325892608,325.892608,137,110,157,99,20250815_211628
1755260151.4723833,1273069,325905664,325.905664,137,110,157,99,20250815_211628
1755260151.4864633,1273124,325919744,325.919744,137,110,157,99,20250815_211628
1755260151.498495,1273171,325931776,325.931776,137,110,157,99,20250815_211628
1755260151.5105274,1273218,325943808,325.943808,136,109,157,99,20250815_211628
1755260151.5228152,1273266,325956096,325.956096,136,109,157,99,20250815_211628
1755260151.5368953,1273321,325970176,325.970176,136,109,157,99,20250815_211628
1755260151.5489273,1273368,325982208,325.982208,136,109,157,99,20250815_211628
1755260151.5601914,1273412,325993472,325.993472,136,108,157,99,20250815_211628
1755260151.5722232,1273459,326005504,326.005504,136,108,157,99,20250815_211628
1755260151.585791,1273512,326019072,326.019072,136,108,157,99,20250815_211628
1755260151.5983353,1273561,326031616,326.031616,136,108,157,99,20250815_211628
1755260151.6101112,1273607,326043392,326.043392,136,108,157,99,20250815_211628
1755260151.622399,1273655,326055680,326.05568,136,108,157,99,20250815_211628
1755260151.6364794,1273710,326069760,326.06976,136,108,157,99,20250815_211628
1755260151.6485114,1273757,326081792,326.081792,136,108,157,99,20250815_211628
1755260151.6607993,1273805,326094080,326.09408,136,108,157,99,20250815_211628
1755260151.6728313,1273852,326106112,326.106112,136,109,157,99,20250815_211628
1755260151.686911,1273907,326120192,326.120192,136,109,157,99,20250815_211628
1755260151.6991992,1273955,326132480,326.13248,136,109,157,99,20250815_211628
1755260151.7109754,1274001,326144256,326.144256,136,109,157,99,20250815_211628
1755260151.7232633,1274049,326156544,326.156544,136,109,157,99,20250815_211628
1755260151.7373433,1274104,326170624,326.170624,136,109,157,99,20250815_211628
1755260151.749375,1274151,326182656,326.182656,136,109,157,99,20250815_211628
1755260151.7614074,1274198,326194688,326.194688,136,109,157,99,20250815_211628
1755260151.7736952,1274246,326206976,326.206976,136,109,157,99,20250815_211628
1755260151.7875192,1274300,326220800,326.2208,136,109,157,99,20250815_211628
1755260151.7995512,1274347,326232832,326.232832,136,109,157,99,20250815_211628
1755260151.8115833,1274394,326244864,326.244864,136,109,157,99,20250815_211628
1755260151.8236153,1274441,326256896,326.256896,136,109,157,99,20250815_211628
1755260151.8379512,1274497,326271232,326.271232,136,109,157,99,20250815_211628
1755260151.8499832,1274544,326283264,326.283264,136,110,157,99,20250815_211628
1755260151.8620152,1274591,326295296,326.295296,136,110,157,99,20250815_211628
1755260151.8748152,1274641,326308096,326.308096,136,110,157,99,20250815_211628
1755260151.8888953,1274696,326322176,326.322176,136,110,157,99,20250815_211628
1755260151.9011834,1274744,326334464,326.334464,136,110,157,99,20250815_211628
1755260151.9132154,1274791,326346496,326.346496,136,110,157,99,20250815_211628
1755260151.9252472,1274838,326358528,326.358528,136,111,157,99,20250815_211628
1755260151.9393272,1274893,326372608,326.372608,136,111,157,99,20250815_211628
1755260151.9503353,1274936,326383616,326.383616,136,111,157,99,20250815_211628
1755260151.9626234,1274984,326395904,326.395904,136,111,157,99,20250815_211628
1755260151.9746554,1275031,326407936,326.407936,136,111,157,99,20250815_211628
1755260151.9887352,1275086,326422016,326.422016,136,111,157,99,20250815_211628
1755260152.0010233,1275134,326434304,326.434304,136,111,157,99,20250815_211628
1755260152.0127993,1275180,326446080,326.44608,136,112,157,99,20250815_211628
1755260152.0250874,1275228,326458368,326.458368,136,112,158,99,20250815_211628
1755260152.0391674,1275283,326472448,326.472448,136,112,158,99,20250815_211628
1755260152.0511992,1275330,326484480,326.48448,136,112,158,99,20250815_211628
1755260152.0632312,1275377,326496512,326.496512,137,112,158,99,20250815_211628
1755260152.0752633,1275424,326508544,326.508544,137,112,158,99,20250815_211628
1755260152.0893433,1275479,326522624,326.522624,137,112,158,99,20250815_211628
1755260152.101375,1275526,326534656,326.534656,137,112,158,99,20250815_211628
1755260152.1134074,1275573,326546688,326.546688,137,112,158,99,20250815_211628
1755260152.1256952,1275621,326558976,326.558976,137,112,158,99,20250815_211628
1755260152.1397753,1275676,326573056,326.573056,138,112,158,99,20250815_211628
1755260152.1518073,1275723,326585088,326.585088,138,112,158,99,20250815_211628
1755260152.1640954,1275771,326597376,326.597376,138,111,158,99,20250815_211628
1755260152.1758714,1275817,326609152,326.609152,137,111,158,99,20250815_211628
1755260152.1899512,1275872,326623232,326.623232,137,111,158,99,20250815_211628
1755260152.2022393,1275920,326635520,326.63552,137,111,158,99,20250815_211628
1755260152.2140152,1275966,326647296,326.647296,137,111,158,99,20250815_211628
1755260152.2270713,1276017,326660352,326.660352,137,110,158,99,20250815_211628
1755260152.2403834,1276069,326673664,326.673664,137,110,158,99,20250815_211628
1755260152.2524152,1276116,326685696,326.685696,137,110,158,99,20250815_211628
1755260152.2644472,1276163,326697728,326.697728,137,110,158,99,20250815_211628
1755260152.2764792,1276210,326709760,326.70976,137,110,158,99,20250815_211628
1755260152.2905593,1276265,326723840,326.72384,137,109,158,99,20250815_211628
1755260152.303615,1276316,326736896,326.736896,137,109,158,99,20250815_211628
1755260152.3159032,1276364,326749184,326.749184,137,109,157,99,20250815_211628
1755260152.3276794,1276410,326760960,326.76096,137,109,157,99,20250815_211628
1755260152.3417592,1276465,326775040,326.77504,137,108,157,99,20250815_211628
1755260152.3530233,1276509,326786304,326.786304,137,108,157,99,20250815_211628
1755260152.365055,1276556,326798336,326.798336,137,108,157,99,20250815_211628
1755260152.3770874,1276603,326810368,326.810368,137,108,157,99,20250815_211628
1755260152.3914232,1276659,326824704,326.824704,137,108,157,99,20250815_211628
1755260152.4034553,1276706,326836736,326.836736,136,108,157,99,20250815_211628
1755260152.4157434,1276754,326849024,326.849024,136,108,157,99,20250815_211628
1755260152.427519,1276800,326860800,326.8608,136,108,157,99,20250815_211628
1755260152.4415994,1276855,326874880,326.87488,136,108,157,99,20250815_211628
1755260152.4536314,1276902,326886912,326.886912,136,108,157,99,20250815_211628
1755260152.4656632,1276949,326898944,326.898944,136,108,157,99,20250815_211628
1755260152.4774394,1276995,326910720,326.91072,136,108,157,99,20250815_211628
1755260152.492031,1277052,326925312,326.925312,136,108,157,99,20250815_211628
1755260152.5043192,1277100,326937600,326.9376,136,108,157,99,20250815_211628
1755260152.5160954,1277146,326949376,326.949376,136,108,157,99,20250815_211628
1755260152.5281272,1277193,326961408,326.961408,136,108,157,99,20250815_211628
1755260152.5422072,1277248,326975488,326.975488,136,108,157,99,20250815_211628
1755260152.5542393,1277295,326987520,326.98752,137,108,157,99,20250815_211628
1755260152.5665274,1277343,326999808,326.999808,136,108,157,99,20250815_211628
1755260152.5785594,1277390,327011840,327.01184,136,109,157,99,20250815_211628
1755260152.5926392,1277445,327025920,327.02592,136,109,157,99,20250815_211628
1755260152.6046712,1277492,327037952,327.037952,136,109,157,99,20250815_211628
1755260152.6167033,1277539,327049984,327.049984,136,109,157,99,20250815_211628
1755260152.6287353,1277586,327062016,327.062016,136,109,158,99,20250815_211628
1755260152.6428154,1277641,327076096,327.076096,136,109,158,99,20250815_211628
1755260152.6548474,1277688,327088128,327.088128,136,109,158,99,20250815_211628
1755260152.6671352,1277736,327100416,327.100416,136,109,158,99,20250815_211628
1755260152.6799352,1277786,327113216,327.113216,136,110,158,99,20250815_211628
1755260152.6932473,1277838,327126528,327.126528,136,110,158,99,20250815_211628
1755260152.7052794,1277885,327138560,327.13856,136,110,158,99,20250815_211628
1755260152.7183354,1277936,327151616,327.151616,136,110,158,99,20250815_211628
1755260152.7303672,1277983,327163648,327.163648,136,110,158,99,20250815_211628
1755260152.7441914,1278037,327177472,327.177472,136,111,158,99,20250815_211628
1755260152.7557113,1278082,327188992,327.188992,136,111,158,99,20250815_211628
1755260152.767743,1278129,327201024,327.201024,136,111,158,99,20250815_211628
1755260152.7797754,1278176,327213056,327.213056,136,111,158,99,20250815_211628
1755260152.7938552,1278231,327227136,327.227136,136,111,158,99,20250815_211628
1755260152.8058872,1278278,327239168,327.239168,136,111,158,99,20250815_211628
1755260152.8179193,1278325,327251200,327.2512,136,111,158,99,20250815_211628
1755260152.8299513,1278372,327263232,327.263232,136,112,158,99,20250815_211628
1755260152.844031,1278427,327277312,327.277312,136,112,158,99,20250815_211628
1755260152.8560634,1278474,327289344,327.289344,137,112,158,99,20250815_211628
1755260152.8683512,1278522,327301632,327.301632,137,112,158,99,20250815_211628
1755260152.8803833,1278569,327313664,327.313664,137,112,158,99,20250815_211628
1755260152.8944633,1278624,327327744,327.327744,137,112,158,99,20250815_211628
1755260152.906495,1278671,327339776,327.339776,137,112,158,99,20250815_211628
1755260152.9185274,1278718,327351808,327.351808,137,112,158,99,20250815_211628
1755260152.9308152,1278766,327364096,327.364096,138,111,158,99,20250815_211628
1755260152.9446392,1278820,327377920,327.37792,138,111,158,99,20250815_211628
1755260152.9569273,1278868,327390208,327.390208,138,111,158,99,20250815_211628
1755260152.968959,1278915,327402240,327.40224,138,111,158,99,20250815_211628
1755260152.9809914,1278962,327414272,327.414272,138,111,158,99,20250815_211628
1755260152.9950714,1279017,327428352,327.428352,138,111,158,99,20250815_211628
1755260153.0081272,1279068,327441408,327.441408,138,111,158,99,20250815_211628
1755260153.0201592,1279115,327453440,327.45344,137,111,158,99,20250815_211628
1755260153.0321913,1279162,327465472,327.465472,137,110,158,99,20250815_211628
1755260153.046271,1279217,327479552,327.479552,137,110,158,99,20250815_211628
1755260153.0583034,1279264,327491584,327.491584,137,110,158,99,20250815_211628
1755260153.0705912,1279312,327503872,327.503872,137,110,158,99,20250815_211628
1755260153.0826232,1279359,327515904,327.515904,137,109,158,99,20250815_211628
1755260153.0956793,1279410,327528960,327.52896,137,109,158,99,20250815_211628
1755260153.1077113,1279457,327540992,327.540992,137,109,158,99,20250815_211628
1755260153.1199994,1279505,327553280,327.55328,137,109,158,99,20250815_211628
1755260153.1366394,1279570,327569920,327.56992,137,108,158,99,20250815_211628
1755260153.1491833,1279619,327582464,327.582464,137,108,158,99,20250815_211628
1755260153.1619833,1279669,327595264,327.595264,137,108,158,99,20250815_211628
1755260153.1763194,1279725,327609600,327.6096,137,108,158,99,20250815_211628
1755260153.1878393,1279770,327621120,327.62112,137,108,158,99,20250815_211628
1755260153.2003832,1279819,327633664,327.633664,137,108,158,99,20250815_211628
1755260153.2124152,1279866,327645696,327.645696,137,108,158,99,20250815_211628
1755260153.2264953,1279921,327659776,327.659776,137,108,158,99,20250815_211628
1755260153.2385273,1279968,327671808,327.671808,137,108,158,99,20250815_211628
1755260153.250559,1280015,327683840,327.68384,137,108,158,99,20250815_211628
1755260153.2625914,1280062,327695872,327.695872,137,108,158,99,20250815_211628
1755260153.2769272,1280118,327710208,327.710208,136,108,158,99,20250815_211628
1755260153.2889593,1280165,327722240,327.72224,137,108,158,99,20250815_211628
1755260153.3009913,1280212,327734272,327.734272,137,108,158,99,20250815_211628
1755260153.313023,1280259,327746304,327.746304,137,108,158,99,20250815_211628
1755260153.3273592,1280315,327760640,327.76064,137,108,158,99,20250815_211628
1755260153.3399034,1280364,327773184,327.773184,137,108,158,99,20250815_211628
1755260153.3511672,1280408,327784448,327.784448,137,108,158,99,20250815_211628
1755260153.3634553,1280456,327796736,327.796736,137,108,158,99,20250815_211628
1755260153.377535,1280511,327810816,327.810816,137,108,158,99,20250815_211628
1755260153.3895674,1280558,327822848,327.822848,137,109,158,99,20250815_211628
1755260153.4015994,1280605,327834880,327.83488,137,109,158,99,20250815_211628
1755260153.4138873,1280653,327847168,327.847168,137,109,158,99,20250815_211628
1755260153.4279673,1280708,327861248,327.861248,137,109,158,99,20250815_211628
1755260153.4397433,1280754,327873024,327.873024,137,109,158,99,20250815_211628
1755260153.4520314,1280802,327885312,327.885312,137,109,158,99,20250815_211628
1755260153.4648314,1280852,327898112,327.898112,136,109,158,99,20250815_211628
1755260153.4789114,1280907,327912192,327.912192,136,109,158,99,20250815_211628
1755260153.4909432,1280954,327924224,327.924224,136,110,158,99,20250815_211628
1755260153.5032313,1281002,327936512,327.936512,136,110,158,99,20250815_211628
1755260153.5152633,1281049,327948544,327.948544,136,110,158,99,20250815_211628
1755260153.5293434,1281104,327962624,327.962624,136,110,158,99,20250815_211628
1755260153.5413754,1281151,327974656,327.974656,136,110,158,99,20250815_211628
1755260153.5534072,1281198,327986688,327.986688,136,110,158,99,20250815_211628
1755260153.5646713,1281242,327997952,327.997952,136,111,158,99,20250815_211628
1755260153.578751,1281297,328012032,328.012032,136,111,158,99,20250815_211628
1755260153.5907834,1281344,328024064,328.024064,136,111,158,99,20250815_211628
1755260153.6028154,1281391,328036096,328.036096,136,111,158,99,20250815_211628
1755260153.6151032,1281439,328048384,328.048384,136,111,159,99,20250815_211628
1755260153.6291833,1281494,328062464,328.062464,137,111,159,99,20250815_211628
1755260153.6417272,1281543,328075008,328.075008,137,111,159,99,20250815_211628
1755260153.6532474,1281588,328086528,328.086528,137,111,159,99,20250815_211628
1755260153.6652794,1281635,328098560,328.09856,137,111,159,99,20250815_211628
1755260153.6793592,1281690,328112640,328.11264,137,111,159,99,20250815_211628
1755260153.6913912,1281737,328124672,328.124672,138,111,159,99,20250815_211628
1755260153.7034233,1281784,328136704,328.136704,138,111,159,99,20250815_211628
1755260153.7154553,1281831,328148736,328.148736,138,111,159,99,20250815_211628
1755260153.7297914,1281887,328163072,328.163072,138,111,159,99,20250815_211628
1755260153.7415674,1281933,328174848,328.174848,138,111,159,99,20250815_211628
1755260153.7538552,1281981,328187136,328.187136,138,111,159,99,20250815_211628
1755260153.7658873,1282028,328199168,328.199168,138,111,159,99,20250815_211628
1755260153.7799673,1282083,328213248,328.213248,138,111,159,99,20250815_211628
1755260153.791999,1282130,328225280,328.22528,138,111,159,99,20250815_211628
1755260153.8042872,1282178,328237568,328.237568,138,110,159,99,20250815_211628
1755260153.8163192,1282225,328249600,328.2496,138,110,159,99,20250815_211628
1755260153.8303993,1282280,328263680,328.26368,138,110,159,99,20250815_211628
1755260153.8421752,1282326,328275456,328.275456,138,110,159,99,20250815_211628
1755260153.854463,1282374,328287744,328.287744,138,110,159,99,20250815_211628
1755260153.8664954,1282421,328299776,328.299776,138,109,159,99,20250815_211628
1755260153.8815992,1282480,328314880,328.31488,137,109,159,99,20250815_211628
1755260153.8936312,1282527,328326912,328.326912,137,109,159,99,20250815_211628
1755260153.9056633,1282574,328338944,328.338944,137,109,159,99,20250815_211628
1755260153.917951,1282622,328351232,328.351232,137,108,159,99,20250815_211628
1755260153.9320314,1282677,328365312,328.365312,137,108,159,99,20250815_211628
1755260153.9438074,1282723,328377088,328.377088,137,108,159,99,20250815_211628
1755260153.9558394,1282770,328389120,328.38912,137,108,158,99,20250815_211628
1755260153.9671032,1282814,328400384,328.400384,137,107,158,99,20250815_211628
1755260153.9811833,1282869,328414464,328.414464,137,107,158,99,20250815_211628
1755260153.9934714,1282917,328426752,328.426752,137,107,158,99,20250815_211628
1755260154.0055032,1282964,328438784,328.438784,137,107,158,99,20250815_211628
1755260154.0177913,1283012,328451072,328.451072,137,107,158,99,20250815_211628
1755260154.0316153,1283066,328464896,328.464896,137,107,158,99,20250815_211628
1755260154.0436473,1283113,328476928,328.476928,137,107,158,99,20250815_211628
1755260154.055679,1283160,328488960,328.48896,137,107,158,99,20250815_211628
1755260154.0679672,1283208,328501248,328.501248,137,108,158,99,20250815_211628
1755260154.0820472,1283263,328515328,328.515328,137,108,158,99,20250815_211628
1755260154.0940793,1283310,328527360,328.52736,137,108,158,99,20250815_211628
1755260154.1061113,1283357,328539392,328.539392,137,108,158,99,20250815_211628
1755260154.118143,1283404,328551424,328.551424,137,108,159,99,20250815_211628
1755260154.1322234,1283459,328565504,328.565504,137,108,159,99,20250815_211628
1755260154.1442554,1283506,328577536,328.577536,137,108,159,99,20250815_211628
1755260154.1565433,1283554,328589824,328.589824,137,108,159,99,20250815_211628
1755260154.1683192,1283600,328601600,328.6016,137,108,159,99,20250815_211628
1755260154.182655,1283656,328615936,328.615936,137,108,159,99,20250815_211628
1755260154.1946874,1283703,328627968,328.627968,137,108,159,99,20250815_211628
1755260154.2067194,1283750,328640000,328.64,137,108,159,99,20250815_211628
1755260154.2187512,1283797,328652032,328.652032,137,108,159,99,20250815_211628
1755260154.2328312,1283852,328666112,328.666112,137,108,159,99,20250815_211628
1755260154.2448633,1283899,328678144,328.678144,137,109,159,99,20250815_211628
1755260154.2571514,1283947,328690432,328.690432,137,109,159,99,20250815_211628
1755260154.2691834,1283994,328702464,328.702464,137,109,159,99,20250815_211628
1755260154.2832632,1284049,328716544,328.716544,137,109,159,99,20250815_211628
1755260154.2952952,1284096,328728576,328.728576,137,109,159,99,20250815_211628
1755260154.3080952,1284146,328741376,328.741376,136,109,159,99,20250815_211628
1755260154.3203833,1284194,328753664,328.753664,136,110,159,99,20250815_211628
1755260154.3344634,1284249,328767744,328.767744,136,110,159,99,20250815_211628
1755260154.3464954,1284296,328779776,328.779776,136,110,159,99,20250815_211628
1755260154.3575032,1284339,328790784,328.790784,136,110,159,99,20250815_211628
1755260154.3697913,1284387,328803072,328.803072,136,110,159,99,20250815_211628
1755260154.3838713,1284442,328817152,328.817152,136,111,159,99,20250815_211628
1755260154.395903,1284489,328829184,328.829184,136,111,159,99,20250815_211628
1755260154.4079354,1284536,328841216,328.841216,136,111,159,99,20250815_211628
1755260154.4199672,1284583,328853248,328.853248,137,111,159,99,20250815_211628
1755260154.4340472,1284638,328867328,328.867328,137,111,159,99,20250815_211628
1755260154.4460793,1284685,328879360,328.87936,137,111,159,99,20250815_211628
1755260154.4581113,1284732,328891392,328.891392,137,111,159,99,20250815_211628
1755260154.4703994,1284780,328903680,328.90368,137,111,159,99,20250815_211628
1755260154.4844792,1284835,328917760,328.91776,137,111,159,99,20250815_211628
1755260154.4965112,1284882,328929792,328.929792,138,111,160,99,20250815_211628
1755260154.5085433,1284929,328941824,328.941824,138,111,160,99,20250815_211628
1755260154.5205753,1284976,328953856,328.953856,138,111,160,99,20250815_211628
1755260154.534655,1285031,328967936,328.967936,138,111,160,99,20250815_211628
1755260154.5466874,1285078,328979968,328.979968,138,111,160,99,20250815_211628
1755260154.5589752,1285126,328992256,328.992256,138,111,160,99,20250815_211628
1755260154.5710073,1285173,329004288,329.004288,138,110,160,99,20250815_211628
1755260154.5850873,1285228,329018368,329.018368,138,110,160,99,20250815_211628
1755260154.597119,1285275,329030400,329.0304,138,110,160,99,20250815_211628
1755260154.6091514,1285322,329042432,329.042432,138,110,160,99,20250815_211628
1755260154.6214392,1285370,329054720,329.05472,138,110,160,99,20250815_211628
1755260154.6352632,1285424,329068544,329.068544,138,110,159,99,20250815_211628
1755260154.6472952,1285471,329080576,329.080576,138,109,159,99,20250815_211628
1755260154.6598394,1285520,329093120,329.09312,138,109,159,99,20250815_211628
1755260154.6716154,1285566,329104896,329.104896,137,109,159,99,20250815_211628
1755260154.6864634,1285624,329119744,329.119744,137,109,159,99,20250815_211628
1755260154.6979833,1285669,329131264,329.131264,137,108,159,99,20250815_211628
1755260154.7097592,1285715,329143040,329.14304,137,108,159,99,20250815_211628
1755260154.7217913,1285762,329155072,329.155072,137,108,159,99,20250815_211628
1755260154.736895,1285821,329170176,329.170176,137,108,159,99,20250815_211628
1755260154.7489274,1285868,329182208,329.182208,137,108,159,99,20250815_211628
1755260154.760703,1285914,329193984,329.193984,137,107,159,99,20250815_211628
1755260154.7722232,1285959,329205504,329.205504,137,107,159,99,20250815_211628
1755260154.7857914,1286012,329219072,329.219072,137,107,159,99,20250815_211628
1755260154.7983353,1286061,329231616,329.231616,137,107,159,99,20250815_211628
1755260154.810367,1286108,329243648,329.243648,137,107,159,99,20250815_211628
1755260154.8226552,1286156,329255936,329.255936,137,107,159,99,20250815_211628
1755260154.8367352,1286211,329270016,329.270016,137,107,159,99,20250815_211628
1755260154.8485112,1286257,329281792,329.281792,137,107,159,99,20250815_211628
1755260154.8607993,1286305,329294080,329.29408,137,107,159,99,20250815_211628
1755260154.872831,1286352,329306112,329.306112,137,107,159,99,20250815_211628
1755260154.8869114,1286407,329320192,329.320192,137,107,159,99,20250815_211628
1755260154.8991992,1286455,329332480,329.33248,137,107,159,99,20250815_211628
1755260154.9112313,1286502,329344512,329.344512,137,107,159,99,20250815_211628
1755260154.9232633,1286549,329356544,329.356544,137,108,159,99,20250815_211628
1755260154.9373434,1286604,329370624,329.370624,137,108,159,99,20250815_211628
1755260154.9493754,1286651,329382656,329.382656,137,108,159,99,20250815_211628
1755260154.9614072,1286698,329394688,329.394688,137,108,159,99,20250815_211628
1755260154.9734392,1286745,329406720,329.40672,137,108,159,99,20250815_211628
1755260154.9875193,1286800,329420800,329.4208,137,108,159,99,20250815_211628
1755260154.9998074,1286848,329433088,329.433088,137,108,159,99,20250815_211628
1755260155.0118394,1286895,329445120,329.44512,137,108,159,99,20250815_211628
1755260155.0238712,1286942,329457152,329.457152,137,108,159,99,20250815_211628
1755260155.0379512,1286997,329471232,329.471232,137,108,159,99,20250815_211628
1755260155.0497272,1287043,329483008,329.483008,137,108,159,99,20250815_211628
1755260155.0630393,1287095,329496320,329.49632,137,109,159,99,20250815_211628
1755260155.074047,1287138,329507328,329.507328,136,109,159,99,20250815_211628
1755260155.0883832,1287194,329521664,329.521664,136,109,159,99,20250815_211628
1755260155.1011832,1287244,329534464,329.534464,136,109,159,99,20250815_211628
1755260155.1132152,1287291,329546496,329.546496,136,109,159,99,20250815_211628
1755260155.1252472,1287338,329558528,329.558528,136,110,159,99,20250815_211628
1755260155.1393273,1287393,329572608,329.572608,136,110,159,99,20250815_211628
1755260155.1503353,1287436,329583616,329.583616,136,110,159,99,20250815_211628
1755260155.1626234,1287484,329595904,329.595904,136,110,159,99,20250815_211628
1755260155.1746552,1287531,329607936,329.607936,136,110,159,99,20250815_211628
1755260155.1889913,1287587,329622272,329.622272,136,110,159,99,20250815_211628
1755260155.201023,1287634,329634304,329.634304,136,111,159,99,20250815_211628
1755260155.2130554,1287681,329646336,329.646336,136,111,159,99,20250815_211628
1755260155.2250874,1287728,329658368,329.658368,136,111,160,99,20250815_211628
1755260155.2391672,1287783,329672448,329.672448,137,111,160,99,20250815_211628
1755260155.2511992,1287830,329684480,329.68448,137,111,160,99,20250815_211628
1755260155.2632313,1287877,329696512,329.696512,137,111,160,99,20250815_211628
1755260155.2752633,1287924,329708544,329.708544,137,111,160,99,20250815_211628
1755260155.2893434,1287979,329722624,329.722624,137,111,160,99,20250815_211628
1755260155.3016312,1288027,329734912,329.734912,138,111,160,99,20250815_211628
1755260155.3136632,1288074,329746944,329.746944,138,111,160,99,20250815_211628
1755260155.3256953,1288121,329758976,329.758976,138,111,160,99,20250815_211628
1755260155.339775,1288176,329773056,329.773056,138,111,160,99,20250815_211628
1755260155.3518074,1288223,329785088,329.785088,138,111,160,99,20250815_211628
1755260155.3648634,1288274,329798144,329.798144,138,110,160,99,20250815_211628
1755260155.3799672,1288333,329813248,329.813248,138,110,160,99,20250815_211628
1755260155.3922553,1288381,329825536,329.825536,138,110,160,99,20250815_211628
1755260155.404287,1288428,329837568,329.837568,138,110,160,99,20250815_211628
1755260155.4165752,1288476,329849856,329.849856,138,110,160,99,20250815_211628
1755260155.4303992,1288530,329863680,329.86368,137,110,160,99,20250815_211628
1755260155.4424312,1288577,329875712,329.875712,137,109,160,99,20250815_211628
1755260155.4544632,1288624,329887744,329.887744,137,109,160,99,20250815_211628
1755260155.4664953,1288671,329899776,329.899776,137,109,160,99,20250815_211628
1755260155.481599,1288730,329914880,329.91488,137,109,160,99,20250815_211628
1755260155.4936314,1288777,329926912,329.926912,137,109,160,99,20250815_211628
1755260155.5056634,1288824,329938944,329.938944,137,108,160,99,20250815_211628
1755260155.5179513,1288872,329951232,329.951232,137,108,159,99,20250815_211628
1755260155.5320313,1288927,329965312,329.965312,137,108,159,99,20250815_211628
1755260155.544063,1288974,329977344,329.977344,137,108,159,99,20250815_211628
1755260155.5558393,1289020,329989120,329.98912,137,107,159,99,20250815_211628
1755260155.5673592,1289065,330000640,330.00064,137,107,159,99,20250815_211628
1755260155.5811832,1289119,330014464,330.014464,137,107,159,99,20250815_211628
1755260155.5929594,1289165,330026240,330.02624,137,107,159,99,20250815_211628
1755260155.605503,1289214,330038784,330.038784,137,107,159,99,20250815_211628
1755260155.6175354,1289261,330050816,330.050816,137,107,159,99,20250815_211628
1755260155.6316154,1289316,330064896,330.064896,136,107,159,99,20250815_211628
1755260155.6439033,1289364,330077184,330.077184,136,107,159,99,20250815_211628
1755260155.6556792,1289410,330088960,330.08896,136,107,159,99,20250815_211628
1755260155.667967,1289458,330101248,330.101248,136,108,159,99,20250815_211628
1755260155.6820474,1289513,330115328,330.115328,136,108,159,99,20250815_211628
1755260155.6940794,1289560,330127360,330.12736,136,108,159,99,20250815_211628
1755260155.7061112,1289607,330139392,330.139392,136,108,159,99,20250815_211628
1755260155.7181432,1289654,330151424,330.151424,137,108,159,99,20250815_211628
1755260155.7322233,1289709,330165504,330.165504,137,108,159,99,20250815_211628
1755260155.7445114,1289757,330177792,330.177792,137,108,159,99,20250815_211628
1755260155.756287,1289803,330189568,330.189568,137,108,159,99,20250815_211628
1755260155.7685752,1289851,330201856,330.201856,137,108,159,99,20250815_211628
1755260155.7826552,1289906,330215936,330.215936,137,108,159,99,20250815_211628
1755260155.7946873,1289953,330227968,330.227968,137,108,159,99,20250815_211628
1755260155.8067193,1290000,330240000,330.24,137,108,159,99,20250815_211628
1755260155.818751,1290047,330252032,330.252032,137,108,159,99,20250815_211628
1755260155.8338554,1290106,330267136,330.267136,137,108,159,99,20250815_211628
1755260155.8451192,1290150,330278400,330.2784,136,108,159,99,20250815_211628
1755260155.8568952,1290196,330290176,330.290176,136,108,159,99,20250815_211628
1755260155.8691833,1290244,330302464,330.302464,136,109,159,99,20250815_211628
1755260155.8840313,1290302,330317312,330.317312,136,109,159,99,20250815_211628
1755260155.896063,1290349,330329344,330.329344,136,109,159,99,20250815_211628
1755260155.9086072,1290398,330341888,330.341888,136,109,159,99,20250815_211628
1755260155.9244792,1290460,330357760,330.35776,136,109,159,99,20250815_211628
1755260155.9365113,1290507,330369792,330.369792,136,110,159,99,20250815_211628
1755260155.9485433,1290554,330381824,330.381824,136,110,159,99,20250815_211628
1755260155.959551,1290597,330392832,330.392832,136,110,159,99,20250815_211628
1755260155.9738872,1290653,330407168,330.407168,136,110,159,99,20250815_211628
1755260155.9859192,1290700,330419200,330.4192,136,110,160,99,20250815_211628
1755260155.9979513,1290747,330431232,330.431232,136,110,160,99,20250815_211628
1755260156.0102394,1290795,330443520,330.44352,136,111,160,99,20250815_211628
1755260156.024063,1290849,330457344,330.457344,136,111,160,99,20250815_211628
1755260156.0360954,1290896,330469376,330.469376,137,111,160,99,20250815_211628
1755260156.0483832,1290944,330481664,330.481664,137,111,160,99,20250815_211628
1755260156.0601592,1290990,330493440,330.49344,137,111,160,99,20250815_211628
1755260156.0744953,1291046,330507776,330.507776,137,111,160,99,20250815_211628
1755260156.086527,1291093,330519808,330.519808,137,111,160,99,20250815_211628
1755260156.0985594,1291140,330531840,330.53184,138,111,160,99,20250815_211628
1755260156.1105914,1291187,330543872,330.543872,138,111,160,99,20250815_211628
1755260156.1246712,1291242,330557952,330.557952,138,111,160,99,20250815_211628
1755260156.1369593,1291290,330570240,330.57024,138,111,160,99,20250815_211628
1755260156.1487353,1291336,330582016,330.582016,138,110,160,99,20250815_211628
1755260156.1607673,1291383,330594048,330.594048,138,110,160,99,20250815_211628
1755260156.1751032,1291439,330608384,330.608384,138,110,160,99,20250815_211628
1755260156.1881592,1291490,330621440,330.62144,138,110,160,99,20250815_211628
1755260156.2001913,1291537,330633472,330.633472,138,110,160,99,20250815_211628
1755260156.2122233,1291584,330645504,330.645504,138,110,160,99,20250815_211628
1755260156.225279,1291635,330658560,330.65856,138,109,160,99,20250815_211628
1755260156.2375672,1291683,330670848,330.670848,138,109,160,99,20250815_211628
1755260156.2495992,1291730,330682880,330.68288,138,109,160,99,20250815_211628
1755260156.2613752,1291776,330694656,330.694656,138,109,160,99,20250815_211628
1755260156.2767353,1291836,330710016,330.710016,138,109,160,99,20250815_211628
1755260156.288767,1291883,330722048,330.722048,137,108,160,99,20250815_211628
1755260156.3007994,1291930,330734080,330.73408,137,108,160,99,20250815_211628
1755260156.3128314,1291977,330746112,330.746112,137,108,160,99,20250815_211628
1755260156.3269112,1292032,330760192,330.760192,137,108,160,99,20250815_211628
1755260156.3389432,1292079,330772224,330.772224,137,107,160,99,20250815_211628
1755260156.351231,1292127,330784512,330.784512,137,107,160,99,20250815_211628
1755260156.3622394,1292170,330795520,330.79552,137,107,159,99,20250815_211628
1755260156.3763194,1292225,330809600,330.8096,137,107,159,99,20250815_211628
1755260156.3883512,1292272,330821632,330.821632,137,107,159,99,20250815_211628
1755260156.4003832,1292319,330833664,330.833664,137,107,159,99,20250815_211628
1755260156.412671,1292367,330845952,330.845952,137,107,159,99,20250815_211628
1755260156.4267514,1292422,330860032,330.860032,137,107,159,99,20250815_211628
1755260156.4387834,1292469,330872064,330.872064,137,107,159,99,20250815_211628
1755260156.4508152,1292516,330884096,330.884096,137,107,159,99,20250815_211628
1755260156.4628472,1292563,330896128,330.896128,137,107,159,99,20250815_211628
1755260156.4769273,1292618,330910208,330.910208,137,107,159,99,20250815_211628
1755260156.4892154,1292666,330922496,330.922496,137,107,159,99,20250815_211628
1755260156.500991,1292712,330934272,330.934272,137,107,159,99,20250815_211628
1755260156.5132792,1292760,330946560,330.94656,137,107,159,99,20250815_211628
1755260156.5273592,1292815,330960640,330.96064,137,107,159,99,20250815_211628
1755260156.5393913,1292862,330972672,330.972672,137,107,160,99,20250815_211628
1755260156.5514233,1292909,330984704,330.984704,137,107,160,99,20250815_211628
1755260156.563455,1292956,330996736,330.996736,137,108,160,99,20250815_211628
1755260156.5777912,1293012,331011072,331.011072,137,108,160,99,20250815_211628
1755260156.5898232,1293059,331023104,331.023104,137,108,160,99,20250815_211628
1755260156.6018553,1293106,331035136,331.035136,137,108,160,99,20250815_211628
1755260156.6138873,1293153,331047168,331.047168,137,108,160,99,20250815_211628
1755260156.6287353,1293211,331062016,331.062016,137,108,160,99,20250815_211628
1755260156.6410234,1293259,331074304,331.074304,137,108,160,99,20250815_211628
1755260156.6530552,1293306,331086336,331.086336,137,108,160,99,20250815_211628
1755260156.6648314,1293352,331098112,331.098112,137,109,160,99,20250815_211628
1755260156.6791673,1293408,331112448,331.112448,137,109,160,99,20250815_211628
1755260156.6911993,1293455,331124480,331.12448,136,109,160,99,20250815_211628
1755260156.7034874,1293503,331136768,331.136768,136,109,160,99,20250815_211628
1755260156.7152634,1293549,331148544,331.148544,136,109,160,99,20250815_211628
1755260156.7293432,1293604,331162624,331.162624,136,110,160,99,20250815_211628
1755260156.7416313,1293652,331174912,331.174912,136,110,160,99,20250815_211628
1755260156.7526393,1293695,331185920,331.18592,136,110,160,99,20250815_211628
1755260156.764671,1293742,331197952,331.197952,136,110,160,99,20250815_211628
1755260156.7790072,1293798,331212288,331.212288,136,110,160,99,20250815_211628
1755260156.7910392,1293845,331224320,331.22432,136,110,160,99,20250815_211628
1755260156.803327,1293893,331236608,331.236608,136,111,160,99,20250815_211628
1755260156.8151033,1293939,331248384,331.248384,137,111,160,99,20250815_211628
1755260156.829183,1293994,331262464,331.262464,137,111,160,99,20250815_211628
1755260156.8412154,1294041,331274496,331.274496,137,111,160,99,20250815_211628
1755260156.8532474,1294088,331286528,331.286528,137,111,160,99,20250815_211628
1755260156.8652792,1294135,331298560,331.29856,137,111,160,99,20250815_211628
1755260156.8793592,1294190,331312640,331.31264,137,111,160,99,20250815_211628
1755260156.891647,1294238,331324928,331.324928,138,111,160,99,20250815_211628
1755260156.9036794,1294285,331336960,331.33696,138,111,161,99,20250815_211628
1755260156.9159672,1294333,331349248,331.349248,138,111,161,99,20250815_211628
1755260156.9297912,1294387,331363072,331.363072,138,111,161,99,20250815_211628
1755260156.9418232,1294434,331375104,331.375104,138,111,161,99,20250815_211628
1755260156.954111,1294482,331387392,331.387392,138,111,161,99,20250815_211628
1755260156.9658873,1294528,331399168,331.399168,138,110,161,99,20250815_211628
1755260156.9812472,1294588,331414528,331.414528,138,110,161,99,20250815_211628
1755260156.9922552,1294631,331425536,331.425536,138,110,161,99,20250815_211628
1755260157.0042872,1294678,331437568,331.437568,138,110,161,99,20250815_211628
1755260157.0163193,1294725,331449600,331.4496,138,110,160,99,20250815_211628
1755260157.030399,1294780,331463680,331.46368,138,110,160,99,20250815_211628
1755260157.0424314,1294827,331475712,331.475712,138,109,160,99,20250815_211628
1755260157.0547192,1294875,331488000,331.488,138,109,160,99,20250815_211628
1755260157.0664952,1294921,331499776,331.499776,137,109,160,99,20250815_211628
1755260157.0815992,1294980,331514880,331.51488,137,109,160,99,20250815_211628
1755260157.0936313,1295027,331526912,331.526912,137,108,160,99,20250815_211628
1755260157.1059194,1295075,331539200,331.5392,137,108,160,99,20250815_211628
1755260157.117695,1295121,331550976,331.550976,137,108,160,99,20250815_211628
1755260157.1320312,1295177,331565312,331.565312,137,108,160,99,20250815_211628
1755260157.1440632,1295224,331577344,331.577344,137,108,160,99,20250815_211628
1755260157.1560953,1295271,331589376,331.589376,137,107,160,99,20250815_211628
1755260157.1671033,1295314,331600384,331.600384,137,107,160,99,20250815_211628
1755260157.181183,1295369,331614464,331.614464,137,107,160,99,20250815_211628
1755260157.1932154,1295416,331626496,331.626496,137,107,160,99,20250815_211628
1755260157.2055032,1295464,331638784,331.638784,137,107,160,99,20250815_211628
1755260157.2175353,1295511,331650816,331.650816,137,107,160,99,20250815_211628
1755260157.2316153,1295566,331664896,331.664896,137,107,160,99,20250815_211628
1755260157.243647,1295613,331676928,331.676928,137,107,160,99,20250815_211628
1755260157.2559352,1295661,331689216,331.689216,137,107,160,99,20250815_211628
1755260157.2677114,1295707,331700992,331.700992,137,107,160,99,20250815_211628
1755260157.2817912,1295762,331715072,331.715072,137,107,160,99,20250815_211628
1755260157.2940793,1295810,331727360,331.72736,137,107,160,99,20250815_211628
1755260157.306111,1295857,331739392,331.739392,137,107,160,99,20250815_211628
1755260157.3181434,1295904,331751424,331.751424,137,108,160,99,20250815_211628
1755260157.3332472,1295963,331766528,331.766528,137,108,160,99,20250815_211628
1755260157.3463032,1296014,331779584,331.779584,137,108,160,99,20250815_211628
1755260157.3583353,1296061,331791616,331.791616,137,108,160,99,20250815_211628
1755260157.3726714,1296117,331805952,331.805952,137,108,160,99,20250815_211628
1755260157.3847034,1296164,331817984,331.817984,137,108,160,99,20250815_211628
1755260157.3967352,1296211,331830016,331.830016,137,108,160,99,20250815_211628
1755260157.4087672,1296258,331842048,331.842048,137,108,160,99,20250815_211628
1755260157.4228473,1296313,331856128,331.856128,137,108,160,99,20250815_211628
1755260157.4348793,1296360,331868160,331.86816,137,108,160,99,20250815_211628
1755260157.446911,1296407,331880192,331.880192,137,108,160,99,20250815_211628
1755260157.4591992,1296455,331892480,331.89248,137,108,160,99,20250815_211628
1755260157.4740472,1296513,331907328,331.907328,136,109,160,99,20250815_211628
1755260157.4860792,1296560,331919360,331.91936,136,109,160,99,20250815_211628
1755260157.4983673,1296608,331931648,331.931648,136,109,160,99,20250815_211628
1755260157.510399,1296655,331943680,331.94368,136,109,160,99,20250815_211628
1755260157.5244794,1296710,331957760,331.95776,136,109,160,99,20250815_211628
1755260157.5365112,1296757,331969792,331.969792,136,109,160,99,20250815_211628
1755260157.5485432,1296804,331981824,331.981824,136,110,160,99,20250815_211628
1755260157.5598073,1296848,331993088,331.993088,136,110,160,99,20250815_211628
1755260157.573887,1296903,332007168,332.007168,136,110,160,99,20250815_211628
1755260157.5861752,1296951,332019456,332.019456,136,110,160,99,20250815_211628
1755260157.5979514,1296997,332031232,332.031232,136,110,161,99,20250815_211628
1755260157.6099832,1297044,332043264,332.043264,136,110,161,99,20250815_211628
1755260157.6240633,1297099,332057344,332.057344,136,110,161,99,20250815_211628
1755260157.636351,1297147,332069632,332.069632,136,111,161,99,20250815_211628
1755260157.6481273,1297193,332081408,332.081408,137,111,161,99,20250815_211628
1755260157.6604154,1297241,332093696,332.093696,137,111,161,99,20250815_211628
1755260157.6744952,1297296,332107776,332.107776,137,111,161,99,20250815_211628
1755260157.6865273,1297343,332119808,332.119808,137,111,161,99,20250815_211628
1755260157.6985593,1297390,332131840,332.13184,137,111,161,99,20250815_211628
1755260157.7105913,1297437,332143872,332.143872,138,110,161,99,20250815_211628
1755260157.7249272,1297493,332158208,332.158208,138,110,161,99,20250815_211628
1755260157.7369592,1297540,332170240,332.17024,138,110,161,99,20250815_211628
1755260157.7487352,1297586,332182016,332.182016,138,110,161,99,20250815_211628
1755260157.7610233,1297634,332194304,332.194304,138,110,161,99,20250815_211628
1755260157.775103,1297689,332208384,332.208384,138,110,161,99,20250815_211628
1755260157.7871354,1297736,332220416,332.220416,138,110,161,99,20250815_211628
1755260157.7991674,1297783,332232448,332.232448,138,110,161,99,20250815_211628
1755260157.8114552,1297831,332244736,332.244736,138,109,161,99,20250815_211628
1755260157.8263032,1297889,332259584,332.259584,137,109,161,99,20250815_211628
1755260157.837567,1297933,332270848,332.270848,137,109,161,99,20250815_211628
1755260157.8495994,1297980,332282880,332.28288,137,109,161,99,20250815_211628
1755260157.8616314,1298027,332294912,332.294912,137,108,161,99,20250815_211628
1755260157.8767352,1298086,332310016,332.310016,137,108,161,99,20250815_211628
1755260157.8887672,1298133,332322048,332.322048,137,108,161,99,20250815_211628
1755260157.9007993,1298180,332334080,332.33408,137,108,161,99,20250815_211628
1755260157.9128313,1298227,332346112,332.346112,137,108,161,99,20250815_211628
1755260157.9269114,1298282,332360192,332.360192,137,107,161,99,20250815_211628
1755260157.9391992,1298330,332372480,332.37248,137,107,161,99,20250815_211628
1755260157.9509752,1298376,332384256,332.384256,137,107,161,99,20250815_211628
1755260157.9622393,1298420,332395520,332.39552,137,107,161,99,20250815_211628
1755260157.9760633,1298474,332409344,332.409344,137,107,161,99,20250815_211628
1755260157.9886074,1298523,332421888,332.421888,137,107,161,99,20250815_211628
1755260158.0003834,1298569,332433664,332.433664,137,107,161,99,20250815_211628
1755260158.0126712,1298617,332445952,332.445952,136,107,161,99,20250815_211628
1755260158.0264952,1298671,332459776,332.459776,136,107,161,99,20250815_211628
1755260158.0387833,1298719,332472064,332.472064,136,107,161,99,20250815_211628
1755260158.050815,1298766,332484096,332.484096,136,107,161,99,20250815_211628
1755260158.0631032,1298814,332496384,332.496384,136,107,161,99,20250815_211628
1755260158.0769272,1298868,332510208,332.510208,136,107,161,99,20250815_211628
1755260158.0892153,1298916,332522496,332.522496,136,107,161,99,20250815_211628
1755260158.1009912,1298962,332534272,332.534272,136,107,161,99,20250815_211628
1755260158.113279,1299010,332546560,332.54656,136,107,161,99,20250815_211628
1755260158.1273594,1299065,332560640,332.56064,136,107,161,99,20250815_211628
1755260158.1393912,1299112,332572672,332.572672,136,107,161,99,20250815_211628
1755260158.1514232,1299159,332584704,332.584704,137,107,161,99,20250815_211628
1755260158.1634552,1299206,332596736,332.596736,136,107,161,99,20250815_211628
1755260158.1775353,1299261,332610816,332.610816,136,107,161,99,20250815_211628
1755260158.189567,1299308,332622848,332.622848,136,108,161,99,20250815_211628
1755260158.2018552,1299356,332635136,332.635136,136,108,161,99,20250815_211628
1755260158.2138872,1299403,332647168,332.647168,136,108,161,99,20250815_211628
1755260158.2287352,1299461,332662016,332.662016,136,108,161,99,20250815_211628
1755260158.2399993,1299505,332673280,332.67328,136,108,161,99,20250815_211628
1755260158.252031,1299552,332685312,332.685312,136,108,161,99,20250815_211628
1755260158.2640634,1299599,332697344,332.697344,136,108,161,99,20250815_211628
1755260158.2781434,1299654,332711424,332.711424,136,109,161,99,20250815_211628
1755260158.2904313,1299702,332723712,332.723712,136,109,161,99,20250815_211628
1755260158.3022072,1299748,332735488,332.735488,136,109,161,99,20250815_211628
1755260158.3152633,1299799,332748544,332.748544,136,109,161,99,20250815_211628
1755260158.3295994,1299855,332762880,332.76288,136,109,161,99,20250815_211628
1755260158.3413754,1299901,332774656,332.774656,136,110,161,99,20250815_211628
1755260158.3526392,1299945,332785920,332.78592,136,110,161,99,20250815_211628
1755260158.3646712,1299992,332797952,332.797952,135,110,161,99,20250815_211628
1755260158.379007,1300048,332812288,332.812288,136,110,161,99,20250815_211628
1755260158.3907833,1300094,332824064,332.824064,136,110,161,99,20250815_211628
1755260158.4030714,1300142,332836352,332.836352,136,110,161,99,20250815_211628
1755260158.4151032,1300189,332848384,332.848384,136,110,161,99,20250815_211628
1755260158.4289272,1300243,332862208,332.862208,136,111,161,99,20250815_211628
1755260158.4412153,1300291,332874496,332.874496,136,111,161,99,20250815_211628
1755260158.4532473,1300338,332886528,332.886528,136,111,162,99,20250815_211628
1755260158.4655354,1300386,332898816,332.898816,137,111,162,99,20250815_211628
1755260158.4796152,1300441,332912896,332.912896,137,111,162,99,20250815_211628
1755260158.4916472,1300488,332924928,332.924928,137,111,162,99,20250815_211628
1755260158.503935,1300536,332937216,332.937216,137,111,162,99,20250815_211628
1755260158.5157113,1300582,332948992,332.948992,137,111,162,99,20250815_211628
1755260158.5297914,1300637,332963072,332.963072,137,110,162,99,20250815_211628
1755260158.5418234,1300684,332975104,332.975104,137,110,162,99,20250815_211628
1755260158.5541112,1300732,332987392,332.987392,137,110,162,99,20250815_211628
1755260158.5658872,1300778,332999168,332.999168,137,110,162,99,20250815_211628
1755260158.580223,1300834,333013504,333.013504,137,110,162,99,20250815_211628
1755260158.5922554,1300881,333025536,333.025536,137,110,162,99,20250815_211628
1755260158.6042874,1300928,333037568,333.037568,137,110,162,99,20250815_211628
1755260158.6168313,1300977,333050112,333.050112,137,109,162,99,20250815_211628
1755260158.6303992,1301030,333063680,333.06368,137,109,162,99,20250815_211628
1755260158.6424313,1301077,333075712,333.075712,137,109,162,99,20250815_211628
1755260158.6547194,1301125,333088000,333.088,137,109,162,99,20250815_211628
1755260158.6667514,1301172,333100032,333.100032,137,108,162,99,20250815_211628
1755260158.6808312,1301227,333114112,333.114112,137,108,162,99,20250815_211628
1755260158.6928632,1301274,333126144,333.126144,137,108,162,99,20250815_211628
1755260158.7056632,1301324,333138944,333.138944,137,108,162,99,20250815_211628
1755260158.7179513,1301372,333151232,333.151232,137,108,162,99,20250815_211628
1755260158.732031,1301427,333165312,333.165312,137,107,161,99,20250815_211628
1755260158.7440634,1301474,333177344,333.177344,137,107,161,99,20250815_211628
1755260158.7560954,1301521,333189376,333.189376,137,107,161,99,20250815_211628
1755260158.7673593,1301565,333200640,333.20064,137,107,161,99,20250815_211628
1755260158.7809272,1301618,333214208,333.214208,136,107,161,99,20250815_211628
1755260158.7929592,1301665,333226240,333.22624,136,106,161,99,20250815_211628
1755260158.8052473,1301713,333238528,333.238528,136,106,161,99,20250815_211628
1755260158.8175354,1301761,333250816,333.250816,136,106,161,99,20250815_211628
1755260158.8316152,1301816,333264896,333.264896,136,107,161,99,20250815_211628
1755260158.8436472,1301863,333276928,333.276928,136,107,161,99,20250815_211628
1755260158.855935,1301911,333289216,333.289216,136,107,161,99,20250815_211628
1755260158.8682232,1301959,333301504,333.301504,136,107,161,99,20250815_211628
1755260158.8820472,1302013,333315328,333.315328,136,107,161,99,20250815_211628
1755260158.8940792,1302060,333327360,333.32736,136,107,161,99,20250815_211628
1755260158.9061112,1302107,333339392,333.339392,136,107,161,99,20250815_211628
1755260158.9181433,1302154,333351424,333.351424,136,107,161,99,20250815_211628
1755260158.932223,1302209,333365504,333.365504,136,107,161,99,20250815_211628
1755260158.9445112,1302257,333377792,333.377792,136,107,161,99,20250815_211628
1755260158.9565432,1302304,333389824,333.389824,136,107,161,99,20250815_211628
1755260158.9685752,1302351,333401856,333.401856,136,107,162,99,20250815_211628
1755260158.9826553,1302406,333415936,333.415936,136,107,162,99,20250815_211628
1755260158.9946873,1302453,333427968,333.427968,136,107,162,99,20250815_211628
1755260159.0067194,1302500,333440000,333.44,136,108,162,99,20250815_211628
1755260159.0187514,1302547,333452032,333.452032,136,108,162,99,20250815_211628
1755260159.0338552,1302606,333467136,333.467136,136,108,162,99,20250815_211628
1755260159.0458872,1302653,333479168,333.479168,136,108,162,99,20250815_211628
1755260159.058175,1302701,333491456,333.491456,136,108,162,99,20250815_211628
1755260159.0702074,1302748,333503488,333.503488,136,108,162,99,20250815_211628
1755260159.0842874,1302803,333517568,333.517568,136,108,162,99,20250815_211628
1755260159.0963192,1302850,333529600,333.5296,136,109,162,99,20250815_211628
1755260159.1083512,1302897,333541632,333.541632,136,109,162,99,20250815_211628
1755260159.1203833,1302944,333553664,333.553664,136,109,162,99,20250815_211628
1755260159.1344633,1302999,333567744,333.567744,136,109,162,99,20250815_211628
1755260159.1467514,1303047,333580032,333.580032,136,109,162,99,20250815_211628
1755260159.1577592,1303090,333591040,333.59104,136,109,162,99,20250815_211628
1755260159.1697912,1303137,333603072,333.603072,136,110,162,99,20250815_211628
1755260159.1838713,1303192,333617152,333.617152,136,110,162,99,20250815_211628
1755260159.1959033,1303239,333629184,333.629184,136,110,162,99,20250815_211628
1755260159.2084472,1303288,333641728,333.641728,136,110,162,99,20250815_211628
1755260159.2202232,1303334,333653504,333.653504,136,110,162,99,20250815_211628
1755260159.2343032,1303389,333667584,333.667584,136,110,162,99,20250815_211628
1755260159.2463353,1303436,333679616,333.679616,136,110,162,99,20250815_211628
1755260159.2583673,1303483,333691648,333.691648,136,110,162,99,20250815_211628
1755260159.270399,1303530,333703680,333.70368,137,110,162,99,20250815_211628
1755260159.2844794,1303585,333717760,333.71776,137,110,162,99,20250815_211628
1755260159.2965114,1303632,333729792,333.729792,137,110,162,99,20250815_211628
1755260159.3087993,1303680,333742080,333.74208,137,110,162,99,20250815_211628
1755260159.3205752,1303726,333753856,333.753856,137,110,163,99,20250815_211628
1755260159.334911,1303782,333768192,333.768192,137,110,163,99,20250815_211628
1755260159.3469434,1303829,333780224,333.780224,137,110,163,99,20250815_211628
1755260159.3589754,1303876,333792256,333.792256,137,110,163,99,20250815_211628
1755260159.3712633,1303924,333804544,333.804544,137,110,163,99,20250815_211628
1755260159.3853433,1303979,333818624,333.818624,137,110,163,99,20250815_211628
1755260159.3971193,1304025,333830400,333.8304,137,109,163,99,20250815_211628
1755260159.4094074,1304073,333842688,333.842688,137,109,163,99,20250815_211628
1755260159.4214394,1304120,333854720,333.85472,137,109,162,99,20250815_211628
1755260159.4355192,1304175,333868800,333.8688,137,109,162,99,20250815_211628
1755260159.4475513,1304222,333880832,333.880832,137,109,162,99,20250815_211628
1755260159.4608634,1304274,333894144,333.894144,137,108,162,99,20250815_211628
1755260159.4754553,1304331,333908736,333.908736,137,108,162,99,20250815_211628
1755260159.4879992,1304380,333921280,333.92128,137,108,162,99,20250815_211628
1755260159.4997754,1304426,333933056,333.933056,137,108,162,99,20250815_211628
1755260159.5120633,1304474,333945344,333.945344,137,107,162,99,20250815_211628
1755260159.5269113,1304532,333960192,333.960192,137,107,162,99,20250815_211628
1755260159.5391994,1304580,333972480,333.97248,137,107,162,99,20250815_211628
1755260159.550975,1304626,333984256,333.984256,137,107,162,99,20250815_211628
1755260159.5622394,1304670,333995520,333.99552,136,106,162,99,20250815_211628
1755260159.5760634,1304724,334009344,334.009344,136,106,162,99,20250815_211628
1755260159.5886073,1304773,334021888,334.021888,136,106,162,99,20250815_211628
1755260159.6001272,1304818,334033408,334.033408,136,106,162,99,20250815_211628
1755260159.6126714,1304867,334045952,334.045952,136,106,162,99,20250815_211628
1755260159.6267512,1304922,334060032,334.060032,136,106,162,99,20250815_211628
1755260159.6387832,1304969,334072064,334.072064,136,106,162,99,20250815_211628
1755260159.6508152,1305016,334084096,334.084096,136,106,162,99,20250815_211628
1755260159.6628473,1305063,334096128,334.096128,136,107,162,99,20250815_211628
1755260159.6766713,1305117,334109952,334.109952,136,107,162,99,20250815_211628
1755260159.6892152,1305166,334122496,334.122496,136,107,162,99,20250815_211628
1755260159.7012472,1305213,334134528,334.134528,136,107,162,99,20250815_211628
1755260159.7132792,1305260,334146560,334.14656,136,107,162,99,20250815_211628
1755260159.7273593,1305315,334160640,334.16064,136,107,162,99,20250815_211628
1755260159.739391,1305362,334172672,334.172672,136,107,162,99,20250815_211628
1755260159.7514234,1305409,334184704,334.184704,136,107,162,99,20250815_211628
1755260159.7634554,1305456,334196736,334.196736,136,107,162,99,20250815_211628
1755260159.7772794,1305510,334210560,334.21056,136,107,162,99,20250815_211628
1755260159.7898233,1305559,334223104,334.223104,136,107,162,99,20250815_211628
1755260159.8015993,1305605,334234880,334.23488,136,107,162,99,20250815_211628
1755260159.8138874,1305653,334247168,334.247168,136,107,162,99,20250815_211628
1755260159.8307834,1305719,334264064,334.264064,136,107,162,99,20250815_211628
1755260159.8420472,1305763,334275328,334.275328,136,107,162,99,20250815_211628
1755260159.8540792,1305810,334287360,334.28736,136,108,162,99,20250815_211628
1755260159.8681593,1305865,334301440,334.30144,136,108,162,99,20250815_211628
1755260159.8809593,1305915,334314240,334.31424,136,108,162,99,20250815_211628
1755260159.8932474,1305963,334326528,334.326528,136,108,162,99,20250815_211628
1755260159.9052794,1306010,334338560,334.33856,136,108,162,99,20250815_211628
1755260159.9193592,1306065,334352640,334.35264,136,108,162,99,20250815_211628
1755260159.9313912,1306112,334364672,334.364672,136,109,162,99,20250815_211628
1755260159.943679,1306160,334376960,334.37696,135,109,162,99,20250815_211628
1755260159.9557114,1306207,334388992,334.388992,135,109,162,99,20250815_211628
1755260159.9690232,1306259,334402304,334.402304,135,109,162,99,20250815_211628
1755260159.9807992,1306305,334414080,334.41408,135,109,162,99,20250815_211628
1755260159.9930873,1306353,334426368,334.426368,135,109,163,99,20250815_211628
1755260160.0048633,1306399,334438144,334.438144,136,110,163,99,20250815_211628
1755260160.0191994,1306455,334452480,334.45248,136,110,163,99,20250815_211628
1755260160.0312314,1306502,334464512,334.464512,136,110,163,99,20250815_211628
1755260160.0432632,1306549,334476544,334.476544,136,110,163,99,20250815_211628
1755260160.0552952,1306596,334488576,334.488576,136,110,163,99,20250815_211628
1755260160.069631,1306652,334502912,334.502912,136,110,163,99,20250815_211628
1755260160.0814073,1306698,334514688,334.514688,137,110,163,99,20250815_211628
1755260160.0936954,1306746,334526976,334.526976,137,110,163,99,20250815_211628
1755260160.1059833,1306794,334539264,334.539264,137,110,163,99,20250815_211628
1755260160.1198072,1306848,334553088,334.553088,137,110,163,99,20250815_211628
1755260160.1318393,1306895,334565120,334.56512,137,110,163,99,20250815_211628
1755260160.1438713,1306942,334577152,334.577152,137,110,163,99,20250815_211628
1755260160.1561594,1306990,334589440,334.58944,137,110,163,99,20250815_211628
1755260160.1699834,1307044,334603264,334.603264,137,110,163,99,20250815_211628
1755260160.1820152,1307091,334615296,334.615296,137,109,163,99,20250815_211628
1755260160.1943033,1307139,334627584,334.627584,137,109,163,99,20250815_211628
1755260160.2063353,1307186,334639616,334.639616,137,109,163,99,20250815_211628
1755260160.2204154,1307241,334653696,334.653696,137,109,163,99,20250815_211628
1755260160.2324474,1307288,334665728,334.665728,137,109,163,99,20250815_211628
1755260160.2444792,1307335,334677760,334.67776,137,109,163,99,20250815_211628
1755260160.2567673,1307383,334690048,334.690048,137,108,163,99,20250815_211628
1755260160.2716153,1307441,334704896,334.704896,137,108,163,99,20250815_211628
1755260160.2836473,1307488,334716928,334.716928,137,108,163,99,20250815_211628
1755260160.2959354,1307536,334729216,334.729216,137,108,163,99,20250815_211628
1755260160.3077114,1307582,334740992,334.740992,137,107,163,99,20250815_211628
1755260160.3210232,1307634,334754304,334.754304,137,107,163,99,20250815_211628
1755260160.333311,1307682,334766592,334.766592,137,107,163,99,20250815_211628
1755260160.3450873,1307728,334778368,334.778368,137,107,163,99,20250815_211628
1755260160.358143,1307779,334791424,334.791424,137,106,163,99,20250815_211628
1755260160.3714552,1307831,334804736,334.804736,137,106,163,99,20250815_211628
1755260160.382975,1307876,334816256,334.816256,137,106,163,99,20250815_211628
1755260160.3955193,1307925,334828800,334.8288,137,106,163,99,20250815_211628
1755260160.4075513,1307972,334840832,334.840832,136,106,163,99,20250815_211628
1755260160.421631,1308027,334854912,334.854912,136,106,163,99,20250815_211628
1755260160.4339192,1308075,334867200,334.8672,136,106,163,99,20250815_211628
1755260160.4456954,1308121,334878976,334.878976,136,106,163,99,20250815_211628
1755260160.4579833,1308169,334891264,334.891264,136,106,163,99,20250815_211628
1755260160.4720633,1308224,334905344,334.905344,136,106,163,99,20250815_211628
1755260160.4838393,1308270,334917120,334.91712,136,107,163,99,20250815_211628
1755260160.4961274,1308318,334929408,334.929408,136,107,163,99,20250815_211628
1755260160.5081594,1308365,334941440,334.94144,136,107,163,99,20250815_211628
1755260160.5224953,1308421,334955776,334.955776,136,107,163,99,20250815_211628
1755260160.5342712,1308467,334967552,334.967552,136,107,163,99,20250815_211628
1755260160.5468154,1308516,334980096,334.980096,136,107,163,99,20250815_211628
1755260160.5585914,1308562,334991872,334.991872,136,107,163,99,20250815_211628
1755260160.5726712,1308617,335005952,335.005952,136,107,163,99,20250815_211628
1755260160.5847032,1308664,335017984,335.017984,136,107,163,99,20250815_211628
1755260160.5967352,1308711,335030016,335.030016,136,107,163,99,20250815_211628
1755260160.609023,1308759,335042304,335.042304,136,107,163,99,20250815_211628
1755260160.6231034,1308814,335056384,335.056384,136,107,163,99,20250815_211628
1755260160.6351354,1308861,335068416,335.068416,136,107,163,99,20250815_211628
1755260160.6479354,1308911,335081216,335.081216,136,107,163,99,20250815_211628
1755260160.6602232,1308959,335093504,335.093504,136,108,163,99,20250815_211628
1755260160.6740472,1309013,335107328,335.107328,136,108,163,99,20250815_211628
1755260160.6853113,1309057,335118592,335.118592,136,108,163,99,20250815_211628
1755260160.697343,1309104,335130624,335.130624,136,108,163,99,20250815_211628
1755260160.7096312,1309152,335142912,335.142912,136,108,163,99,20250815_211628
1755260160.7244792,1309210,335157760,335.15776,136,108,163,99,20250815_211628
1755260160.7365112,1309257,335169792,335.169792,136,109,163,99,20250815_211628
1755260160.748799,1309305,335182080,335.18208,136,109,163,99,20250815_211628
1755260160.7605753,1309351,335193856,335.193856,136,109,163,99,20250815_211628
1755260160.7749114,1309407,335208192,335.208192,136,109,163,99,20250815_211628
1755260160.7859192,1309450,335219200,335.2192,136,109,163,99,20250815_211628
1755260160.7982073,1309498,335231488,335.231488,136,109,163,99,20250815_211628
1755260160.8099833,1309544,335243264,335.243264,136,110,163,99,20250815_211628
1755260160.8250873,1309603,335258368,335.258368,136,110,163,99,20250815_211628
1755260160.8363514,1309647,335269632,335.269632,136,110,163,99,20250815_211628
1755260160.8486392,1309695,335281920,335.28192,136,110,164,99,20250815_211628
1755260160.8604152,1309741,335293696,335.293696,136,110,164,99,20250815_211628
1755260160.8744953,1309796,335307776,335.307776,137,110,164,99,20250815_211628
1755260160.8865273,1309843,335319808,335.319808,137,110,164,99,20250815_211628
1755260160.8988154,1309891,335332096,335.332096,137,110,164,99,20250815_211628
1755260160.9105914,1309937,335343872,335.343872,137,110,164,99,20250815_211628
1755260160.9249272,1309993,335358208,335.358208,137,110,164,99,20250815_211628
1755260160.9369593,1310040,335370240,335.37024,137,110,164,99,20250815_211628
1755260160.9489913,1310087,335382272,335.382272,137,110,164,99,20250815_211628
1755260160.9612794,1310135,335394560,335.39456,137,109,164,99,20250815_211628
1755260160.9753592,1310190,335408640,335.40864,137,109,164,99,20250815_211628
1755260160.9871354,1310236,335420416,335.420416,137,109,164,99,20250815_211628
1755260160.9994233,1310284,335432704,335.432704,137,109,164,99,20250815_211628
1755260161.0111992,1310330,335444480,335.44448,137,109,164,99,20250815_211628
1755260161.0265594,1310390,335459840,335.45984,137,109,164,99,20250815_211628
1755260161.0375674,1310433,335470848,335.470848,137,109,164,99,20250815_211628
1755260161.0495994,1310480,335482880,335.48288,137,108,164,99,20250815_211628
1755260161.0616312,1310527,335494912,335.494912,137,108,164,99,20250815_211628
1755260161.0757113,1310582,335508992,335.508992,137,108,164,99,20250815_211628
1755260161.0885112,1310632,335521792,335.521792,137,108,164,99,20250815_211628
1755260161.100799,1310680,335534080,335.53408,137,108,164,99,20250815_211628
1755260161.1128314,1310727,335546112,335.546112,137,107,164,99,20250815_211628
1755260161.1271672,1310783,335560448,335.560448,136,107,164,99,20250815_211628
1755260161.1391993,1310830,335572480,335.57248,136,107,163,99,20250815_211628
1755260161.1512313,1310877,335584512,335.584512,136,107,163,99,20250815_211628
1755260161.163263,1310924,335596544,335.596544,136,106,163,99,20250815_211628
1755260161.1763194,1310975,335609600,335.6096,136,106,163,99,20250815_211628
1755260161.1878393,1311020,335621120,335.62112,136,106,163,99,20250815_211628
1755260161.2006392,1311070,335633920,335.63392,136,106,163,99,20250815_211628
1755260161.2124152,1311116,335645696,335.645696,136,106,163,99,20250815_211628
1755260161.226751,1311172,335660032,335.660032,136,106,163,99,20250815_211628
1755260161.2387834,1311219,335672064,335.672064,136,106,163,99,20250815_211628
1755260161.2508154,1311266,335684096,335.684096,136,106,163,99,20250815_211628
1755260161.2631032,1311314,335696384,335.696384,136,106,163,99,20250815_211628
1755260161.2769272,1311368,335710208,335.710208,136,107,163,99,20250815_211628
1755260161.2889593,1311415,335722240,335.72224,136,107,163,99,20250815_211628
1755260161.3012474,1311463,335734528,335.734528,136,107,163,99,20250815_211628
1755260161.3132794,1311510,335746560,335.74656,136,107,163,99,20250815_211628
1755260161.3273592,1311565,335760640,335.76064,136,107,163,99,20250815_211628
1755260161.3396473,1311613,335772928,335.772928,136,107,163,99,20250815_211628
1755260161.351679,1311660,335784960,335.78496,136,107,163,99,20250815_211628
1755260161.3634553,1311706,335796736,335.796736,136,107,163,99,20250815_211628
1755260161.3777914,1311762,335811072,335.811072,136,107,163,99,20250815_211628
1755260161.3895674,1311808,335822848,335.822848,136,107,164,99,20250815_211628
1755260161.4018552,1311856,335835136,335.835136,136,107,164,99,20250815_211628
1755260161.4138873,1311903,335847168,335.847168,136,107,164,99,20250815_211628
1755260161.4279673,1311958,335861248,335.861248,136,107,164,99,20250815_211628
1755260161.4402554,1312006,335873536,335.873536,136,107,164,99,20250815_211628
1755260161.4530554,1312056,335886336,335.886336,136,108,164,99,20250815_211628
1755260161.4650872,1312103,335898368,335.898368,136,108,164,99,20250815_211628
1755260161.4794233,1312159,335912704,335.912704,136,108,164,99,20250815_211628
1755260161.4932473,1312213,335926528,335.926528,136,108,164,99,20250815_211628
1755260161.5055354,1312261,335938816,335.938816,136,108,164,99,20250815_211628
1755260161.5193594,1312315,335952640,335.95264,136,109,164,99,20250815_211628
1755260161.5313914,1312362,335964672,335.964672,135,109,164,99,20250815_211628
1755260161.5434232,1312409,335976704,335.976704,135,109,164,99,20250815_211628
1755260161.5557113,1312457,335988992,335.988992,135,109,164,99,20250815_211628
1755260161.5687673,1312508,336002048,336.002048,135,109,164,99,20250815_211628
1755260161.5810554,1312556,336014336,336.014336,135,109,164,99,20250815_211628
1755260161.5928314,1312602,336026112,336.026112,135,110,164,99,20250815_211628
1755260161.6051192,1312650,336038400,336.0384,136,110,164,99,20250815_211628
1755260161.6191993,1312705,336052480,336.05248,136,110,164,99,20250815_211628
1755260161.6312313,1312752,336064512,336.064512,136,110,164,99,20250815_211628
1755260161.643263,1312799,336076544,336.076544,136,110,164,99,20250815_211628
1755260161.6555512,1312847,336088832,336.088832,136,110,164,99,20250815_211628
1755260161.6696312,1312902,336102912,336.102912,136,110,164,99,20250815_211628
1755260161.6816633,1312949,336114944,336.114944,136,110,164,99,20250815_211628
1755260161.6934392,1312995,336126720,336.12672,137,110,164,99,20250815_211628
1755260161.705727,1313043,336139008,336.139008,137,110,164,99,20250815_211628
1755260161.7198074,1313098,336153088,336.153088,137,110,164,99,20250815_211628
1755260161.7318392,1313145,336165120,336.16512,137,110,164,99,20250815_211628
1755260161.7438712,1313192,336177152,336.177152,137,110,164,99,20250815_211628
1755260161.7559032,1313239,336189184,336.189184,137,110,164,99,20250815_211628
1755260161.7702394,1313295,336203520,336.20352,137,110,164,99,20250815_211628
1755260161.7822714,1313342,336215552,336.215552,137,110,164,99,20250815_211628
1755260161.7940474,1313388,336227328,336.227328,137,109,164,99,20250815_211628
1755260161.8063352,1313436,336239616,336.239616,137,109,164,99,20250815_211628
1755260161.8204153,1313491,336253696,336.253696,137,109,164,99,20250815_211628
1755260161.8324473,1313538,336265728,336.265728,137,109,164,99,20250815_211628
1755260161.844479,1313585,336277760,336.27776,137,109,164,99,20250815_211628
1755260161.8567672,1313633,336290048,336.290048,137,108,164,99,20250815_211628
1755260161.8708472,1313688,336304128,336.304128,137,108,164,99,20250815_211628
1755260161.8828793,1313735,336316160,336.31616,137,108,164,99,20250815_211628
1755260161.8946552,1313781,336327936,336.327936,137,108,164,99,20250815_211628
1755260161.906943,1313829,336340224,336.340224,136,107,164,99,20250815_211628
1755260161.9217913,1313887,336355072,336.355072,136,107,164,99,20250815_211628
1755260161.9340794,1313935,336367360,336.36736,136,107,164,99,20250815_211628
1755260161.9461112,1313982,336379392,336.379392,136,107,164,99,20250815_211628
1755260161.9581432,1314029,336391424,336.391424,136,107,164,99,20250815_211628
1755260161.9709432,1314079,336404224,336.404224,136,106,164,99,20250815_211628
1755260161.9829752,1314126,336416256,336.416256,136,106,164,99,20250815_211628
1755260161.9950073,1314173,336428288,336.428288,136,106,164,99,20250815_211628
1755260162.0075512,1314222,336440832,336.440832,136,106,164,99,20250815_211628
1755260162.0216312,1314277,336454912,336.454912,136,106,164,99,20250815_211628
1755260162.033919,1314325,336467200,336.4672,136,106,164,99,20250815_211628
1755260162.0456953,1314371,336478976,336.478976,136,107,164,99,20250815_211628
1755260162.0579834,1314419,336491264,336.491264,136,107,164,99,20250815_211628
1755260162.0718074,1314473,336505088,336.505088,136,107,164,99,20250815_211628
1755260162.0840952,1314521,336517376,336.517376,136,107,164,99,20250815_211628
1755260162.0961273,1314568,336529408,336.529408,136,107,164,99,20250815_211628
1755260162.1081593,1314615,336541440,336.54144,136,107,164,99,20250815_211628
1755260162.1224952,1314671,336555776,336.555776,136,107,164,99,20250815_211628
1755260162.1342714,1314717,336567552,336.567552,136,107,164,99,20250815_211628
1755260162.1465592,1314765,336579840,336.57984,136,107,164,99,20250815_211628
1755260162.1585913,1314812,336591872,336.591872,136,107,164,99,20250815_211628
1755260162.1726713,1314867,336605952,336.605952,136,107,164,99,20250815_211628
1755260162.1847034,1314914,336617984,336.617984,136,107,164,99,20250815_211628
1755260162.196479,1314960,336629760,336.62976,136,107,164,99,20250815_211628
1755260162.2090232,1315009,336642304,336.642304,136,108,164,99,20250815_211628
1755260162.2228472,1315063,336656128,336.656128,136,108,164,99,20250815_211628
1755260162.2348793,1315110,336668160,336.66816,136,108,164,99,20250815_211628
1755260162.2479353,1315161,336681216,336.681216,136,108,164,99,20250815_211628
1755260162.259967,1315208,336693248,336.693248,136,108,164,99,20250815_211628
1755260162.2740474,1315263,336707328,336.707328,136,108,164,99,20250815_211628
1755260162.2863352,1315311,336719616,336.719616,136,108,164,99,20250815_211628
1755260162.2981112,1315357,336731392,336.731392,136,109,164,99,20250815_211628
1755260162.3103993,1315405,336743680,336.74368,135,109,164,99,20250815_211628
1755260162.324479,1315460,336757760,336.75776,135,109,164,99,20250815_211628
1755260162.3375354,1315511,336770816,336.770816,135,109,164,99,20250815_211628
1755260162.3500793,1315560,336783360,336.78336,135,109,164,99,20250815_211628
1755260162.3639033,1315614,336797184,336.797184,135,110,164,99,20250815_211628
1755260162.3759353,1315661,336809216,336.809216,135,110,164,99,20250815_211628
1755260162.387967,1315708,336821248,336.821248,135,110,164,99,20250815_211628
1755260162.3997433,1315754,336833024,336.833024,135,110,164,99,20250815_211628
1755260162.4140792,1315810,336847360,336.84736,136,110,164,99,20250815_211628
1755260162.4263673,1315858,336859648,336.859648,136,110,164,99,20250815_211628
1755260162.4383993,1315905,336871680,336.87168,136,110,164,99,20250815_211628
1755260162.4501753,1315951,336883456,336.883456,136,110,164,99,20250815_211628
1755260162.4645114,1316007,336897792,336.897792,136,110,164,99,20250815_211628
1755260162.4765432,1316054,336909824,336.909824,136,110,164,99,20250815_211628
1755260162.4885752,1316101,336921856,336.921856,137,110,164,99,20250815_211628
1755260162.5003512,1316147,336933632,336.933632,137,110,164,99,20250815_211628
1755260162.5146873,1316203,336947968,336.947968,137,110,164,99,20250815_211628
1755260162.5269754,1316251,336960256,336.960256,137,110,164,99,20250815_211628
1755260162.5390072,1316298,336972288,336.972288,137,110,164,99,20250815_211628
1755260162.5510392,1316345,336984320,336.98432,137,110,165,99,20250815_211628
1755260162.5648632,1316399,336998144,336.998144,137,110,165,99,20250815_211628
1755260162.5771513,1316447,337010432,337.010432,137,110,165,99,20250815_211628
1755260162.589183,1316494,337022464,337.022464,137,110,164,99,20250815_211628
1755260162.6012154,1316541,337034496,337.034496,137,110,164,99,20250815_211628
1755260162.6152954,1316596,337048576,337.048576,137,109,164,99,20250815_211628
1755260162.6273272,1316643,337060608,337.060608,137,109,164,99,20250815_211628
1755260162.6396153,1316691,337072896,337.072896,137,109,164,99,20250815_211628
1755260162.651647,1316738,337084928,337.084928,137,109,164,99,20250815_211628
1755260162.6657274,1316793,337099008,337.099008,137,109,164,99,20250815_211628
1755260162.6777594,1316840,337111040,337.11104,137,108,164,99,20250815_211628
1755260162.6900473,1316888,337123328,337.123328,137,108,164,99,20250815_211628
1755260162.7025912,1316937,337135872,337.135872,137,108,164,99,20250815_211628
1755260162.7159033,1316989,337149184,337.149184,137,108,164,99,20250815_211628
1755260162.7279353,1317036,337161216,337.161216,137,107,164,99,20250815_211628
1755260162.7409914,1317087,337174272,337.174272,136,107,164,99,20250815_211628
1755260162.7530234,1317134,337186304,337.186304,136,107,164,99,20250815_211628
1755260162.7663352,1317186,337199616,337.199616,136,107,164,99,20250815_211628
1755260162.7783673,1317233,337211648,337.211648,136,107,164,99,20250815_211628
1755260162.7901433,1317279,337223424,337.223424,136,106,164,99,20250815_211628
1755260162.8021753,1317326,337235456,337.235456,136,106,164,99,20250815_211628
1755260162.8167672,1317383,337250048,337.250048,136,106,164,99,20250815_211628
1755260162.8285432,1317429,337261824,337.261824,136,106,164,99,20250815_211628
1755260162.8408313,1317477,337274112,337.274112,136,106,164,99,20250815_211628
1755260162.8528633,1317524,337286144,337.286144,136,106,164,99,20250815_211628
1755260162.8669434,1317579,337300224,337.300224,136,107,164,99,20250815_211628
1755260162.8789754,1317626,337312256,337.312256,136,107,164,99,20250815_211628
1755260162.8910072,1317673,337324288,337.324288,136,107,164,99,20250815_211628
1755260162.9030392,1317720,337336320,337.33632,136,107,164,99,20250815_211628
1755260162.9171193,1317775,337350400,337.3504,136,107,164,99,20250815_211628
1755260162.9294074,1317823,337362688,337.362688,136,107,164,99,20250815_211628
1755260162.9414394,1317870,337374720,337.37472,136,107,164,99,20250815_211628
1755260162.9534712,1317917,337386752,337.386752,136,107,164,99,20250815_211628
1755260162.9675512,1317972,337400832,337.400832,136,107,164,99,20250815_211628
1755260162.9795833,1318019,337412864,337.412864,136,107,164,99,20250815_211628
1755260162.9916153,1318066,337424896,337.424896,136,107,164,99,20250815_211628
1755260163.003647,1318113,337436928,337.436928,136,107,164,99,20250815_211628
1755260163.0179832,1318169,337451264,337.451264,136,107,164,99,20250815_211628
1755260163.0297594,1318215,337463040,337.46304,136,107,164,99,20250815_211628
1755260163.0420473,1318263,337475328,337.475328,136,108,164,99,20250815_211628
1755260163.0540793,1318310,337487360,337.48736,136,108,164,99,20250815_211628
1755260163.068159,1318365,337501440,337.50144,136,108,164,99,20250815_211628
1755260163.0812154,1318416,337514496,337.514496,136,108,164,99,20250815_211628
1755260163.0932472,1318463,337526528,337.526528,136,108,164,99,20250815_211628
1755260163.1052792,1318510,337538560,337.53856,136,108,164,99,20250815_211628
1755260163.1193593,1318565,337552640,337.55264,136,109,164,99,20250815_211628
1755260163.1313913,1318612,337564672,337.564672,135,109,164,99,20250815_211628
1755260163.1434233,1318659,337576704,337.576704,135,109,164,99,20250815_211628
1755260163.1585274,1318718,337591808,337.591808,135,109,164,99,20250815_211628
1755260163.1708152,1318766,337604096,337.604096,135,109,164,99,20250815_211628
1755260163.1828473,1318813,337616128,337.616128,135,110,164,99,20250815_211628
1755260163.1948793,1318860,337628160,337.62816,135,110,164,99,20250815_211628
1755260163.208959,1318915,337642240,337.64224,135,110,164,99,20250815_211628
1755260163.2212472,1318963,337654528,337.654528,136,110,164,99,20250815_211628
1755260163.2332792,1319010,337666560,337.66656,136,110,164,99,20250815_211628
1755260163.2450552,1319056,337678336,337.678336,136,110,164,99,20250815_211628
1755260163.2593913,1319112,337692672,337.692672,136,110,164,99,20250815_211628
1755260163.271423,1319159,337704704,337.704704,136,110,164,99,20250815_211628
1755260163.2842233,1319209,337717504,337.717504,136,110,164,99,20250815_211628
1755260163.2954874,1319253,337728768,337.728768,137,110,165,99,20250815_211628
1755260163.3098233,1319309,337743104,337.743104,137,110,165,99,20250815_211628
1755260163.3215992,1319355,337754880,337.75488,137,110,165,99,20250815_211628
1755260163.333887,1319403,337767168,337.767168,137,110,165,99,20250815_211628
1755260163.3459194,1319450,337779200,337.7792,137,110,165,99,20250815_211628
1755260163.3599992,1319505,337793280,337.79328,137,110,165,99,20250815_211628
1755260163.3727994,1319555,337806080,337.80608,137,110,165,99,20250815_211628
1755260163.3850873,1319603,337818368,337.818368,137,110,165,99,20250815_211628
1755260163.3971193,1319650,337830400,337.8304,137,109,165,99,20250815_211628
1755260163.411199,1319705,337844480,337.84448,137,109,164,99,20250815_211628
1755260163.4232314,1319752,337856512,337.856512,137,109,164,99,20250815_211628
1755260163.4352634,1319799,337868544,337.868544,137,109,164,99,20250815_211628
1755260163.4472952,1319846,337880576,337.880576,137,108,164,99,20250815_211628
1755260163.4616313,1319902,337894912,337.894912,137,108,164,99,20250815_211628
1755260163.473663,1319949,337906944,337.906944,137,108,164,99,20250815_211628
1755260163.4856954,1319996,337918976,337.918976,137,108,164,99,20250815_211628
1755260163.4977274,1320043,337931008,337.931008,137,108,164,99,20250815_211628
1755260163.5118072,1320098,337945088,337.945088,137,107,164,99,20250815_211628
1755260163.5238392,1320145,337957120,337.95712,136,107,164,99,20250815_211628
1755260163.536127,1320193,337969408,337.969408,136,107,164,99,20250815_211628
1755260163.551999,1320255,337985280,337.98528,136,107,164,99,20250815_211628
1755260163.5640314,1320302,337997312,337.997312,136,107,164,99,20250815_211628
1755260163.5752952,1320346,338008576,338.008576,136,106,164,99,20250815_211628
1755260163.5870712,1320392,338020352,338.020352,136,106,164,99,20250815_211628
1755260163.6014073,1320448,338034688,338.034688,136,106,164,99,20250815_211628
1755260163.613439,1320495,338046720,338.04672,136,106,164,99,20250815_211628
1755260163.6257272,1320543,338059008,338.059008,136,106,164,99,20250815_211628
1755260163.6375034,1320589,338070784,338.070784,136,106,164,99,20250815_211628
1755260163.6518393,1320645,338085120,338.08512,136,106,164,99,20250815_211628
1755260163.6638713,1320692,338097152,338.097152,136,106,164,99,20250815_211628
1755260163.675903,1320739,338109184,338.109184,136,107,164,99,20250815_211628
1755260163.6879354,1320786,338121216,338.121216,136,107,164,99,20250815_211628
1755260163.7020154,1320841,338135296,338.135296,136,107,164,99,20250815_211628
1755260163.7143033,1320889,338147584,338.147584,136,107,164,99,20250815_211628
1755260163.726591,1320937,338159872,338.159872,136,107,164,99,20250815_211628
1755260163.7383673,1320983,338171648,338.171648,136,107,164,99,20250815_211628
1755260163.7524474,1321038,338185728,338.185728,136,107,164,99,20250815_211628
1755260163.7644794,1321085,338197760,338.19776,136,107,164,99,20250815_211628
1755260163.7765112,1321132,338209792,338.209792,136,107,164,99,20250815_211628
1755260163.7885432,1321179,338221824,338.221824,136,107,164,99,20250815_211628
1755260163.8026233,1321234,338235904,338.235904,136,107,164,99,20250815_211628
1755260163.8149114,1321282,338248192,338.248192,136,107,164,99,20250815_211628
1755260163.8269434,1321329,338260224,338.260224,136,107,164,99,20250815_211628
1755260163.8387194,1321375,338272000,338.272,136,108,164,99,20250815_211628
1755260163.8530552,1321431,338286336,338.286336,136,108,164,99,20250815_211628
1755260163.8661113,1321482,338299392,338.299392,136,108,164,99,20250815_211628
1755260163.8773754,1321526,338310656,338.310656,136,108,164,99,20250815_211628
1755260163.889151,1321572,338322432,338.322432,136,108,164,99,20250815_211628
1755260163.903999,1321630,338337280,338.33728,136,108,164,99,20250815_211628
1755260163.9162872,1321678,338349568,338.349568,136,108,164,99,20250815_211628
1755260163.9283192,1321725,338361600,338.3616,136,109,164,99,20250815_211628
1755260163.9403512,1321772,338373632,338.373632,136,109,164,99,20250815_211628
1755260163.953663,1321824,338386944,338.386944,136,109,164,99,20250815_211628
1755260163.9656954,1321871,338398976,338.398976,135,109,164,99,20250815_211628
1755260163.9782393,1321920,338411520,338.41152,135,109,164,99,20250815_211628
1755260163.9900153,1321966,338423296,338.423296,136,109,164,99,20250815_211628
1755260164.0038393,1322020,338437120,338.43712,136,110,164,99,20250815_211628
1755260164.016127,1322068,338449408,338.449408,136,110,164,99,20250815_211628
1755260164.0281594,1322115,338461440,338.46144,136,110,164,99,20250815_211628
1755260164.0401914,1322162,338473472,338.473472,136,110,164,99,20250815_211628
1755260164.0542712,1322217,338487552,338.487552,136,110,165,99,20250815_211628
1755260164.0663033,1322264,338499584,338.499584,136,110,165,99,20250815_211628
1755260164.0783353,1322311,338511616,338.511616,137,110,165,99,20250815_211628
1755260164.0906234,1322359,338523904,338.523904,137,110,165,99,20250815_211628
1755260164.1044474,1322413,338537728,338.537728,137,110,165,99,20250815_211628
1755260164.1167352,1322461,338550016,338.550016,137,110,165,99,20250815_211628
1755260164.1287673,1322508,338562048,338.562048,137,110,165,99,20250815_211628
1755260164.1407993,1322555,338574080,338.57408,137,110,165,99,20250815_211628
1755260164.154879,1322610,338588160,338.58816,137,109,165,99,20250815_211628
1755260164.1669114,1322657,338600192,338.600192,137,109,165,99,20250815_211628
1755260164.1791992,1322705,338612480,338.61248,137,109,165,99,20250815_211628
1755260164.1912313,1322752,338624512,338.624512,137,109,165,99,20250815_211628
1755260164.2050552,1322806,338638336,338.638336,137,109,165,99,20250815_211628
1755260164.217343,1322854,338650624,338.650624,137,109,165,99,20250815_211628
1755260164.2293754,1322901,338662656,338.662656,137,109,165,99,20250815_211628
1755260164.2414074,1322948,338674688,338.674688,137,108,165,99,20250815_211628
1755260164.2565112,1323007,338689792,338.689792,137,108,165,99,20250815_211628
1755260164.2675192,1323050,338700800,338.7008,137,108,165,99,20250815_211628
1755260164.279807,1323098,338713088,338.713088,137,108,165,99,20250815_211628
1755260164.2918394,1323145,338725120,338.72512,137,107,165,99,20250815_211628
1755260164.305663,1323199,338738944,338.738944,137,107,164,99,20250815_211628
1755260164.3179512,1323247,338751232,338.751232,137,107,164,99,20250815_211628
1755260164.3307512,1323297,338764032,338.764032,136,107,164,99,20250815_211628
1755260164.3430393,1323345,338776320,338.77632,136,107,164,99,20250815_211628
1755260164.357119,1323400,338790400,338.7904,136,106,164,99,20250815_211628
1755260164.3683834,1323444,338801664,338.801664,136,106,164,99,20250815_211628
1755260164.3804152,1323491,338813696,338.813696,136,106,164,99,20250815_211628
1755260164.3921914,1323537,338825472,338.825472,136,106,164,99,20250815_211628
1755260164.4062712,1323592,338839552,338.839552,136,106,164,99,20250815_211628
1755260164.4185593,1323640,338851840,338.85184,136,106,164,99,20250815_211628
1755260164.430591,1323687,338863872,338.863872,136,106,164,99,20250815_211628
1755260164.4426234,1323734,338875904,338.875904,136,106,164,99,20250815_211628
1755260164.4567032,1323789,338889984,338.889984,136,106,164,99,20250815_211628
1755260164.4689913,1323837,338902272,338.902272,136,106,164,99,20250815_211628
1755260164.4807673,1323883,338914048,338.914048,136,106,164,99,20250815_211628
1755260164.493055,1323931,338926336,338.926336,136,107,164,99,20250815_211628
1755260164.5071354,1323986,338940416,338.940416,136,107,164,99,20250815_211628
1755260164.5194232,1324034,338952704,338.952704,136,107,164,99,20250815_211628
1755260164.5314553,1324081,338964736,338.964736,136,107,164,99,20250815_211628
1755260164.5432312,1324127,338976512,338.976512,136,107,164,99,20250815_211628
1755260164.5575674,1324183,338990848,338.990848,136,107,164,99,20250815_211628
1755260164.569343,1324229,339002624,339.002624,136,107,164,99,20250815_211628
1755260164.5816312,1324277,339014912,339.014912,136,107,164,99,20250815_211628
1755260164.5939193,1324325,339027200,339.0272,136,107,164,99,20250815_211628
1755260164.6074872,1324378,339040768,339.040768,136,107,164,99,20250815_211628
1755260164.6197753,1324426,339053056,339.053056,136,107,164,99,20250815_211628
1755260164.631807,1324473,339065088,339.065088,136,107,164,99,20250815_211628
1755260164.6448634,1324524,339078144,339.078144,136,108,164,99,20250815_211628
1755260164.6589432,1324579,339092224,339.092224,136,108,164,99,20250815_211628
1755260164.6709752,1324626,339104256,339.104256,136,108,164,99,20250815_211628
1755260164.6830072,1324673,339116288,339.116288,136,108,164,99,20250815_211628
1755260164.695295,1324721,339128576,339.128576,136,108,164,99,20250815_211628
1755260164.709119,1324775,339142400,339.1424,136,108,164,99,20250815_211628
1755260164.7214072,1324823,339154688,339.154688,136,108,164,99,20250815_211628
1755260164.7334392,1324870,339166720,339.16672,136,109,164,99,20250815_211628
1755260164.7454712,1324917,339178752,339.178752,135,109,164,99,20250815_211628
1755260164.758783,1324969,339192064,339.192064,135,109,164,99,20250815_211628
1755260164.7708154,1325016,339204096,339.204096,135,109,164,99,20250815_211628
1755260164.782591,1325062,339215872,339.215872,135,109,164,99,20250815_211628
1755260164.7948792,1325110,339228160,339.22816,136,109,165,99,20250815_211628
1755260164.8089592,1325165,339242240,339.24224,136,110,165,99,20250815_211628
1755260164.8209913,1325212,339254272,339.254272,136,110,165,99,20250815_211628
1755260164.8330233,1325259,339266304,339.266304,136,110,165,99,20250815_211628
1755260164.845055,1325306,339278336,339.278336,136,110,165,99,20250815_211628
1755260164.8593912,1325362,339292672,339.292672,136,110,165,99,20250815_211628
1755260164.8711672,1325408,339304448,339.304448,136,110,165,99,20250815_211628
1755260164.8834553,1325456,339316736,339.316736,137,110,165,99,20250815_211628
1755260164.8954873,1325503,339328768,339.328768,137,110,165,99,20250815_211628
1755260164.9093113,1325557,339342592,339.342592,137,110,165,99,20250815_211628
1755260164.9215994,1325605,339354880,339.35488,137,110,165,99,20250815_211628
1755260164.9338872,1325653,339367168,339.367168,137,110,165,99,20250815_211628
1755260164.9459193,1325700,339379200,339.3792,137,109,165,99,20250815_211628
1755260164.9597433,1325754,339393024,339.393024,137,109,165,99,20250815_211628
1755260164.9720314,1325802,339405312,339.405312,137,109,165,99,20250815_211628
1755260164.9840634,1325849,339417344,339.417344,137,109,165,99,20250815_211628
1755260164.9960952,1325896,339429376,339.429376,137,109,165,99,20250815_211628
1755260165.0101752,1325951,339443456,339.443456,137,109,165,99,20250815_211628
1755260165.0222073,1325998,339455488,339.455488,137,109,165,99,20250815_211628
1755260165.0344954,1326046,339467776,339.467776,137,108,165,99,20250815_211628
1755260165.0465274,1326093,339479808,339.479808,137,108,165,99,20250815_211628
1755260165.0606072,1326148,339493888,339.493888,137,108,165,99,20250815_211628
1755260165.0734074,1326198,339506688,339.506688,137,108,165,99,20250815_211628
1755260165.0846713,1326242,339517952,339.517952,137,108,165,99,20250815_211628
1755260165.0967033,1326289,339529984,339.529984,137,107,165,99,20250815_211628
1755260165.110783,1326344,339544064,339.544064,136,107,165,99,20250815_211628
1755260165.1230712,1326392,339556352,339.556352,136,107,165,99,20250815_211628
1755260165.1348474,1326438,339568128,339.568128,136,107,165,99,20250815_211628
1755260165.1471353,1326486,339580416,339.580416,136,106,164,99,20250815_211628
1755260165.1612153,1326541,339594496,339.594496,136,106,164,99,20250815_211628
1755260165.173247,1326588,339606528,339.606528,136,106,164,99,20250815_211628
1755260165.1850233,1326634,339618304,339.618304,136,106,164,99,20250815_211628
1755260165.1973114,1326682,339630592,339.630592,136,106,164,99,20250815_211628
1755260165.2113912,1326737,339644672,339.644672,136,106,164,99,20250815_211628
1755260165.2236793,1326785,339656960,339.65696,136,106,164,99,20250815_211628
1755260165.235711,1326832,339668992,339.668992,136,106,164,99,20250815_211628
1755260165.2477434,1326879,339681024,339.681024,136,106,164,99,20250815_211628
1755260165.2618232,1326934,339695104,339.695104,136,106,164,99,20250815_211628
1755260165.2738552,1326981,339707136,339.707136,136,106,164,99,20250815_211628
1755260165.2858872,1327028,339719168,339.719168,136,106,164,99,20250815_211628
1755260165.2979193,1327075,339731200,339.7312,136,106,164,99,20250815_211628
1755260165.311999,1327130,339745280,339.74528,136,106,164,99,20250815_211628
1755260165.3242872,1327178,339757568,339.757568,136,106,164,99,20250815_211628
1755260165.3363192,1327225,339769600,339.7696,136,106,164,99,20250815_211628
1755260165.3483512,1327272,339781632,339.781632,136,106,164,99,20250815_211628
1755260165.3624313,1327327,339795712,339.795712,136,107,165,99,20250815_211628
1755260165.3747194,1327375,339808000,339.808,136,107,165,99,20250815_211628
1755260165.3864954,1327421,339819776,339.819776,136,107,165,99,20250815_211628
1755260165.3985274,1327468,339831808,339.831808,136,107,165,99,20250815_211628
1755260165.4126072,1327523,339845888,339.845888,136,107,165,99,20250815_211628
1755260165.4248953,1327571,339858176,339.858176,136,107,165,99,20250815_211628
1755260165.4369273,1327618,339870208,339.870208,136,107,165,99,20250815_211628
1755260165.4489594,1327665,339882240,339.88224,136,107,165,99,20250815_211628
1755260165.4640634,1327724,339897344,339.897344,136,107,165,99,20250815_211628
1755260165.4760952,1327771,339909376,339.909376,136,108,165,99,20250815_211628
1755260165.4881272,1327818,339921408,339.921408,135,108,165,99,20250815_211628
1755260165.5001593,1327865,339933440,339.93344,135,108,165,99,20250815_211628
1755260165.5142393,1327920,339947520,339.94752,135,108,165,99,20250815_211628
1755260165.526271,1327967,339959552,339.959552,135,108,165,99,20250815_211628
1755260165.5383034,1328014,339971584,339.971584,135,108,165,99,20250815_211628
1755260165.5503354,1328061,339983616,339.983616,135,109,165,99,20250815_211628
1755260165.5636473,1328113,339996928,339.996928,135,109,165,99,20250815_211628
1755260165.5759354,1328161,340009216,340.009216,135,109,165,99,20250815_211628
1755260165.5879674,1328208,340021248,340.021248,135,109,165,99,20250815_211628
1755260165.5997434,1328254,340033024,340.033024,135,109,165,99,20250815_211628
1755260165.6140792,1328310,340047360,340.04736,135,109,165,99,20250815_211628
1755260165.6261113,1328357,340059392,340.059392,135,109,165,99,20250815_211628
1755260165.6381433,1328404,340071424,340.071424,135,110,165,99,20250815_211628
1755260165.650175,1328451,340083456,340.083456,136,110,165,99,20250815_211628
1755260165.6645112,1328507,340097792,340.097792,136,110,165,99,20250815_211628
1755260165.6762874,1328553,340109568,340.109568,136,110,165,99,20250815_211628
1755260165.6885753,1328601,340121856,340.121856,136,110,165,99,20250815_211628
1755260165.7006073,1328648,340133888,340.133888,136,110,165,99,20250815_211628
1755260165.7144313,1328702,340147712,340.147712,137,110,165,99,20250815_211628
1755260165.7267194,1328750,340160000,340.16,137,110,165,99,20250815_211628
1755260165.7390072,1328798,340172288,340.172288,137,109,165,99,20250815_211628
1755260165.7510393,1328845,340184320,340.18432,137,109,165,99,20250815_211628
1755260165.7651193,1328900,340198400,340.1984,137,109,165,99,20250815_211628
1755260165.7779193,1328950,340211200,340.2112,137,109,165,99,20250815_211628
1755260165.789951,1328997,340223232,340.223232,137,109,165,99,20250815_211628
1755260165.8012154,1329041,340234496,340.234496,137,109,165,99,20250815_211628
1755260165.8150394,1329095,340248320,340.24832,137,109,165,99,20250815_211628
1755260165.828607,1329148,340261888,340.261888,137,108,165,99,20250815_211628
1755260165.8421752,1329201,340275456,340.275456,137,108,165,99,20250815_211628
1755260165.8565114,1329257,340289792,340.289792,136,108,165,99,20250815_211628
1755260165.8685434,1329304,340301824,340.301824,136,108,165,99,20250815_211628
1755260165.8805752,1329351,340313856,340.313856,136,108,165,99,20250815_211628
1755260165.8926072,1329398,340325888,340.325888,136,107,165,99,20250815_211628
1755260165.906943,1329454,340340224,340.340224,136,107,165,99,20250815_211628
1755260165.917951,1329497,340351232,340.351232,136,107,165,99,20250815_211628
1755260165.9299834,1329544,340363264,340.363264,136,107,165,99,20250815_211628
1755260165.9420154,1329591,340375296,340.375296,136,106,165,99,20250815_211628
1755260165.9571192,1329650,340390400,340.3904,136,106,165,99,20250815_211628
1755260165.9683833,1329694,340401664,340.401664,136,106,165,99,20250815_211628
1755260165.9801593,1329740,340413440,340.41344,136,106,165,99,20250815_211628
1755260165.9924474,1329788,340425728,340.425728,136,106,165,99,20250815_211628
1755260166.0065272,1329843,340439808,340.439808,136,106,165,99,20250815_211628
1755260166.0185592,1329890,340451840,340.45184,136,106,165,99,20250815_211628
1755260166.0308473,1329938,340464128,340.464128,136,106,165,99,20250815_211628
1755260166.0426233,1329984,340475904,340.475904,136,106,165,99,20250815_211628
1755260166.056703,1330039,340489984,340.489984,136,106,165,99,20250815_211628
1755260166.0689912,1330087,340502272,340.502272,136,106,165,99,20250815_211628
1755260166.0810232,1330134,340514304,340.514304,136,106,165,99,20250815_211628
1755260166.0927992,1330180,340526080,340.52608,136,106,165,99,20250815_211628
1755260166.1071353,1330236,340540416,340.540416,136,107,165,99,20250815_211628
1755260166.119167,1330283,340552448,340.552448,136,107,165,99,20250815_211628
1755260166.1311994,1330330,340564480,340.56448,136,107,165,99,20250815_211628
1755260166.1432314,1330377,340576512,340.576512,136,107,165,99,20250815_211628
1755260166.1575673,1330433,340590848,340.590848,136,107,165,99,20250815_211628
1755260166.1695993,1330480,340602880,340.60288,136,107,165,99,20250815_211628
1755260166.181631,1330527,340614912,340.614912,136,107,165,99,20250815_211628
1755260166.1939192,1330575,340627200,340.6272,136,107,165,99,20250815_211628
1755260166.2077434,1330629,340641024,340.641024,136,107,165,99,20250815_211628
1755260166.2197752,1330676,340653056,340.653056,136,107,165,99,20250815_211628
1755260166.2328312,1330727,340666112,340.666112,136,107,165,99,20250815_211628
1755260166.2448633,1330774,340678144,340.678144,136,108,165,99,20250815_211628
1755260166.258943,1330829,340692224,340.692224,136,108,165,99,20250815_211628
1755260166.2712312,1330877,340704512,340.704512,136,108,165,99,20250815_211628
1755260166.2830074,1330923,340716288,340.716288,136,108,165,99,20250815_211628
1755260166.2950392,1330970,340728320,340.72832,135,108,165,99,20250815_211628
1755260166.3091192,1331025,340742400,340.7424,135,108,165,99,20250815_211628
1755260166.3211513,1331072,340754432,340.754432,135,108,165,99,20250815_211628
1755260166.3334394,1331120,340766720,340.76672,135,109,165,99,20250815_211628
1755260166.3454714,1331167,340778752,340.778752,135,109,165,99,20250815_211628
1755260166.3585272,1331218,340791808,340.791808,135,109,165,99,20250815_211628
1755260166.3708153,1331266,340804096,340.804096,135,109,165,99,20250815_211628
1755260166.3828473,1331313,340816128,340.816128,135,109,165,99,20250815_211628
1755260166.394879,1331360,340828160,340.82816,135,109,165,99,20250815_211628
1755260166.4089594,1331415,340842240,340.84224,135,110,165,99,20250815_211628
1755260166.4209912,1331462,340854272,340.854272,135,110,165,99,20250815_211628
1755260166.4332793,1331510,340866560,340.86656,136,110,165,99,20250815_211628
1755260166.4460793,1331560,340879360,340.87936,136,110,165,99,20250815_211628
1755260166.4622073,1331623,340895488,340.895488,136,110,165,99,20250815_211628
1755260166.473215,1331666,340906496,340.906496,136,110,165,99,20250815_211628
1755260166.4857593,1331715,340919040,340.91904,136,110,165,99,20250815_211628
1755260166.4995832,1331769,340932864,340.932864,137,110,165,99,20250815_211628
1755260166.5116153,1331816,340944896,340.944896,137,110,165,99,20250815_211628
1755260166.5236473,1331863,340956928,340.956928,137,110,165,99,20250815_211628
1755260166.535679,1331910,340968960,340.96896,137,110,165,99,20250815_211628
1755260166.5497594,1331965,340983040,340.98304,137,109,165,99,20250815_211628
1755260166.5620472,1332013,340995328,340.995328,137,109,165,99,20250815_211628
1755260166.5751033,1332064,341008384,341.008384,137,109,165,99,20250815_211628
1755260166.5868793,1332110,341020160,341.02016,137,109,165,99,20250815_211628
1755260166.6001914,1332162,341033472,341.033472,137,109,165,99,20250815_211628
1755260166.6124792,1332210,341045760,341.04576,137,109,165,99,20250815_211628
1755260166.6239994,1332255,341057280,341.05728,137,109,165,99,20250815_211628
1755260166.6362872,1332303,341069568,341.069568,137,108,165,99,20250815_211628
1755260166.6503673,1332358,341083648,341.083648,137,108,165,99,20250815_211628
1755260166.6626554,1332406,341095936,341.095936,136,108,165,99,20250815_211628
1755260166.6746874,1332453,341107968,341.107968,136,108,165,99,20250815_211628
1755260166.6867192,1332500,341120000,341.12,136,108,165,99,20250815_211628
1755260166.7007992,1332555,341134080,341.13408,136,107,165,99,20250815_211628
1755260166.7128313,1332602,341146112,341.146112,136,107,165,99,20250815_211628
1755260166.7256312,1332652,341158912,341.158912,136,107,165,99,20250815_211628
1755260166.737919,1332700,341171200,341.1712,136,107,165,99,20250815_211628
1755260166.7519994,1332755,341185280,341.18528,136,107,165,99,20250815_211628
1755260166.7632632,1332799,341196544,341.196544,136,106,165,99,20250815_211628
1755260166.7750392,1332845,341208320,341.20832,136,106,165,99,20250815_211628
1755260166.7868154,1332891,341220096,341.220096,136,106,165,99,20250815_211628
1755260166.801407,1332948,341234688,341.234688,136,106,165,99,20250815_211628
1755260166.8134394,1332995,341246720,341.24672,136,106,165,99,20250815_211628
1755260166.8254714,1333042,341258752,341.258752,136,106,164,99,20250815_211628
1755260166.8377593,1333090,341271040,341.27104,136,106,164,99,20250815_211628
1755260166.8518393,1333145,341285120,341.28512,136,106,164,99,20250815_211628
1755260166.863871,1333192,341297152,341.297152,135,106,164,99,20250815_211628
1755260166.8759034,1333239,341309184,341.309184,135,107,164,99,20250815_211628
1755260166.887679,1333285,341320960,341.32096,135,107,164,99,20250815_211628
1755260166.9020152,1333341,341335296,341.335296,135,107,164,99,20250815_211628
1755260166.9143033,1333389,341347584,341.347584,135,107,164,99,20250815_211628
1755260166.9260793,1333435,341359360,341.35936,136,107,164,99,20250815_211628
1755260166.9383674,1333483,341371648,341.371648,136,107,165,99,20250815_211628
1755260166.9524472,1333538,341385728,341.385728,136,107,165,99,20250815_211628
1755260166.9644792,1333585,341397760,341.39776,136,107,165,99,20250815_211628
1755260166.9765112,1333632,341409792,341.409792,136,107,165,99,20250815_211628
1755260166.9885433,1333679,341421824,341.421824,136,107,165,99,20250815_211628
1755260167.002623,1333734,341435904,341.435904,136,107,165,99,20250815_211628
1755260167.0149112,1333782,341448192,341.448192,136,107,165,99,20250815_211628
1755260167.0266874,1333828,341459968,341.459968,136,107,165,99,20250815_211628
1755260167.0389752,1333876,341472256,341.472256,136,107,165,99,20250815_211628
1755260167.0530553,1333931,341486336,341.486336,136,108,165,99,20250815_211628
1755260167.0650873,1333978,341498368,341.498368,136,108,165,99,20250815_211628
1755260167.0771194,1334025,341510400,341.5104,135,108,165,99,20250815_211628
1755260167.089919,1334075,341523200,341.5232,135,108,165,99,20250815_211628
1755260167.1042552,1334131,341537536,341.537536,135,108,165,99,20250815_211628
1755260167.1162872,1334178,341549568,341.549568,135,108,165,99,20250815_211628
1755260167.1283193,1334225,341561600,341.5616,135,108,165,99,20250815_211628
1755260167.1403513,1334272,341573632,341.573632,135,109,165,99,20250815_211628
1755260167.154431,1334327,341587712,341.587712,135,109,165,99,20250815_211628
1755260167.1656952,1334371,341598976,341.598976,135,109,164,99,20250815_211628
1755260167.1777272,1334418,341611008,341.611008,135,109,164,99,20250815_211628
1755260167.1897593,1334465,341623040,341.62304,135,109,165,99,20250815_211628
1755260167.2038393,1334520,341637120,341.63712,135,109,165,99,20250815_211628
1755260167.2161274,1334568,341649408,341.649408,135,110,165,99,20250815_211628
1755260167.2279034,1334614,341661184,341.661184,135,110,165,99,20250815_211628
1755260167.2401912,1334662,341673472,341.673472,136,110,165,99,20250815_211628
1755260167.2542713,1334717,341687552,341.687552,136,110,165,99,20250815_211628
1755260167.2663033,1334764,341699584,341.699584,136,110,165,99,20250815_211628
1755260167.278335,1334811,341711616,341.711616,136,110,165,99,20250815_211628
1755260167.2911353,1334861,341724416,341.724416,137,110,165,99,20250815_211628
1755260167.3044474,1334913,341737728,341.737728,137,110,165,99,20250815_211628
1755260167.3167353,1334961,341750016,341.750016,137,110,165,99,20250815_211628
1755260167.3285112,1335007,341761792,341.761792,137,110,165,99,20250815_211628
1755260167.340799,1335055,341774080,341.77408,137,110,165,99,20250815_211628
1755260167.3548794,1335110,341788160,341.78816,137,110,165,99,20250815_211628
1755260167.3669114,1335157,341800192,341.800192,137,110,165,99,20250815_211628
1755260167.3789432,1335204,341812224,341.812224,137,110,165,99,20250815_211628
1755260167.3909752,1335251,341824256,341.824256,137,109,165,99,20250815_211628
1755260167.4050553,1335306,341838336,341.838336,137,109,165,99,20250815_211628
1755260167.4173434,1335354,341850624,341.850624,137,109,165,99,20250815_211628
1755260167.429119,1335400,341862400,341.8624,137,109,165,99,20250815_211628
1755260167.4416633,1335449,341874944,341.874944,137,109,165,99,20250815_211628
1755260167.4554873,1335503,341888768,341.888768,137,108,165,99,20250815_211628
1755260167.4685433,1335554,341901824,341.901824,137,108,165,99,20250815_211628
1755260167.480575,1335601,341913856,341.913856,137,108,165,99,20250815_211628
1755260167.4926074,1335648,341925888,341.925888,137,108,164,99,20250815_211628
1755260167.5069432,1335704,341940224,341.940224,136,107,164,99,20250815_211628
1755260167.5187192,1335750,341952000,341.952,136,107,164,99,20250815_211628
1755260167.5307512,1335797,341964032,341.964032,136,107,164,99,20250815_211628
1755260167.543039,1335845,341976320,341.97632,136,107,164,99,20250815_211628
1755260167.5571194,1335900,341990400,341.9904,136,107,164,99,20250815_211628
1755260167.5683832,1335944,342001664,342.001664,136,106,164,99,20250815_211628
1755260167.5799034,1335989,342013184,342.013184,136,106,164,99,20250815_211628
1755260167.5924473,1336038,342025728,342.025728,136,106,164,99,20250815_211628
1755260167.606527,1336093,342039808,342.039808,136,106,164,99,20250815_211628
1755260167.6185594,1336140,342051840,342.05184,136,106,164,99,20250815_211628
1755260167.630335,1336186,342063616,342.063616,136,106,164,99,20250815_211628
1755260167.6426232,1336234,342075904,342.075904,136,106,164,99,20250815_211628
1755260167.6567032,1336289,342089984,342.089984,136,106,164,99,20250815_211628
1755260167.6687353,1336336,342102016,342.102016,136,107,164,99,20250815_211628
1755260167.6807673,1336383,342114048,342.114048,136,107,164,99,20250815_211628
1755260167.6930554,1336431,342126336,342.126336,136,107,164,99,20250815_211628
1755260167.7071352,1336486,342140416,342.140416,136,107,164,99,20250815_211628
1755260167.7191672,1336533,342152448,342.152448,136,107,164,99,20250815_211628
1755260167.7311993,1336580,342164480,342.16448,136,107,164,99,20250815_211628
1755260167.7432313,1336627,342176512,342.176512,136,107,164,99,20250815_211628
1755260167.7575674,1336683,342190848,342.190848,136,107,164,99,20250815_211628
1755260167.7693434,1336729,342202624,342.202624,136,107,164,99,20250815_211628
1755260167.7816312,1336777,342214912,342.214912,136,107,164,99,20250815_211628
1755260167.7936633,1336824,342226944,342.226944,136,107,164,99,20250815_211628
1755260167.8077433,1336879,342241024,342.241024,136,107,164,99,20250815_211628
1755260167.819775,1336926,342253056,342.253056,136,107,164,99,20250815_211628
1755260167.8318074,1336973,342265088,342.265088,136,107,164,99,20250815_211628
1755260167.8440952,1337021,342277376,342.277376,136,108,164,99,20250815_211628
1755260167.8581753,1337076,342291456,342.291456,136,108,164,99,20250815_211628
1755260167.8702073,1337123,342303488,342.303488,136,108,164,99,20250815_211628
1755260167.882239,1337170,342315520,342.31552,136,108,164,99,20250815_211628
1755260167.8952954,1337221,342328576,342.328576,136,108,164,99,20250815_211628
1755260167.9093752,1337276,342342656,342.342656,136,108,164,99,20250815_211628
1755260167.9211514,1337322,342354432,342.354432,136,109,164,99,20250815_211628
1755260167.9331832,1337369,342366464,342.366464,136,109,164,99,20250815_211628
1755260167.9454713,1337417,342378752,342.378752,136,109,164,99,20250815_211628
1755260167.958527,1337468,342391808,342.391808,135,109,164,99,20250815_211628
1755260167.9708152,1337516,342404096,342.404096,135,109,164,99,20250815_211628
1755260167.9828472,1337563,342416128,342.416128,136,109,164,99,20250815_211628
1755260167.9959033,1337614,342429184,342.429184,136,110,164,99,20250815_211628
1755260168.0092154,1337666,342442496,342.442496,136,110,164,99,20250815_211628
1755260168.020991,1337712,342454272,342.454272,136,110,164,99,20250815_211628
1755260168.0330234,1337759,342466304,342.466304,136,110,164,99,20250815_211628
1755260168.0453112,1337807,342478592,342.478592,136,110,164,99,20250815_211628
1755260168.0593913,1337862,342492672,342.492672,136,110,164,99,20250815_211628
1755260168.0714233,1337909,342504704,342.504704,137,110,164,99,20250815_211628
1755260168.083455,1337956,342516736,342.516736,137,110,164,99,20250815_211628
1755260168.0957432,1338004,342529024,342.529024,137,110,164,99,20250815_211628
1755260168.1095674,1338058,342542848,342.542848,137,110,164,99,20250815_211628
1755260168.1215992,1338105,342554880,342.55488,137,110,164,99,20250815_211628
1755260168.1336312,1338152,342566912,342.566912,138,110,164,99,20250815_211628
1755260168.145919,1338200,342579200,342.5792,138,110,164,99,20250815_211628
1755260168.1599994,1338255,342593280,342.59328,138,110,164,99,20250815_211628
1755260168.1720314,1338302,342605312,342.605312,138,110,164,99,20250815_211628
1755260168.1840632,1338349,342617344,342.617344,138,110,164,99,20250815_211628
1755260168.1963513,1338397,342629632,342.629632,138,110,164,99,20250815_211628
1755260168.210431,1338452,342643712,342.643712,138,109,164,99,20250815_211628
1755260168.2224634,1338499,342655744,342.655744,138,109,164,99,20250815_211628
1755260168.234239,1338545,342667520,342.66752,138,109,164,99,20250815_211628
1755260168.2465272,1338593,342679808,342.679808,138,109,164,99,20250815_211628
1755260168.2606072,1338648,342693888,342.693888,138,109,164,99,20250815_211628
1755260168.2726393,1338695,342705920,342.70592,138,108,164,99,20250815_211628
1755260168.2846713,1338742,342717952,342.717952,137,108,164,99,20250815_211628
1755260168.2969594,1338790,342730240,342.73024,137,108,164,99,20250815_211628
1755260168.3110392,1338845,342744320,342.74432,137,108,164,99,20250815_211628
1755260168.3230712,1338892,342756352,342.756352,137,108,164,99,20250815_211628
1755260168.3351033,1338939,342768384,342.768384,137,108,164,99,20250815_211628
1755260168.3471353,1338986,342780416,342.780416,137,107,164,99,20250815_211628
1755260168.3612154,1339041,342794496,342.794496,136,107,164,99,20250815_211628
1755260168.3732474,1339088,342806528,342.806528,136,107,164,99,20250815_211628
1755260168.3852792,1339135,342818560,342.81856,136,107,164,99,20250815_211628
1755260168.3973112,1339182,342830592,342.830592,136,107,164,99,20250815_211628
1755260168.411647,1339238,342844928,342.844928,136,107,164,99,20250815_211628
1755260168.4239352,1339286,342857216,342.857216,136,107,164,99,20250815_211628
1755260168.4357114,1339332,342868992,342.868992,136,107,164,99,20250815_211628
1755260168.4477432,1339379,342881024,342.881024,135,108,164,99,20250815_211628
1755260168.4618232,1339434,342895104,342.895104,135,108,164,99,20250815_211628
1755260168.4738553,1339481,342907136,342.907136,135,108,164,99,20250815_211628
1755260168.4861434,1339529,342919424,342.919424,135,108,164,99,20250815_211628
1755260168.497919,1339575,342931200,342.9312,135,108,165,99,20250815_211628
1755260168.5119994,1339630,342945280,342.94528,134,108,165,99,20250815_211628
1755260168.5242872,1339678,342957568,342.957568,134,108,165,99,20250815_211628
1755260168.5363193,1339725,342969600,342.9696,133,108,165,99,20250815_211628
1755260168.5483513,1339772,342981632,342.981632,132,109,166,99,20250815_211628
1755260168.562431,1339827,342995712,342.995712,132,109,166,99,20250815_211628
1755260168.5744634,1339874,343007744,343.007744,131,110,166,99,20250815_211628
1755260168.5864954,1339921,343019776,343.019776,131,110,166,99,20250815_211628
1755260168.5987833,1339969,343032064,343.032064,129,112,166,99,20250815_211628
1755260168.6128633,1340024,343046144,343.046144,129,113,166,99,20250815_211628
1755260168.624895,1340071,343058176,343.058176,129,114,166,99,20250815_211628
1755260168.6369274,1340118,343070208,343.070208,128,115,166,99,20250815_211628
1755260168.6489594,1340165,343082240,343.08224,128,117,166,99,20250815_211628
1755260168.6632953,1340221,343096576,343.096576,127,118,167,99,20250815_211628
1755260168.6750712,1340267,343108352,343.108352,127,118,167,99,20250815_211628
1755260168.6871033,1340314,343120384,343.120384,127,119,167,99,20250815_211628
1755260168.6993914,1340362,343132672,343.132672,127,120,166,99,20250815_211628
1755260168.7134714,1340417,343146752,343.146752,127,120,166,99,20250815_211628
1755260168.7255032,1340464,343158784,343.158784,126,121,166,99,20250815_211628
1755260168.7372792,1340510,343170560,343.17056,126,121,166,99,20250815_211628
1755260168.7495673,1340558,343182848,343.182848,126,120,165,99,20250815_211628
1755260168.7639034,1340614,343197184,343.197184,125,120,165,99,20250815_211628
1755260168.775679,1340660,343208960,343.20896,125,120,164,99,20250815_211628
1755260168.7879672,1340708,343221248,343.221248,125,120,164,99,20250815_211628
1755260168.7999992,1340755,343233280,343.23328,124,120,163,99,20250815_211628
1755260168.8140793,1340810,343247360,343.24736,124,120,163,99,20250815_211628
1755260168.8261113,1340857,343259392,343.259392,123,120,163,99,20250815_211628
1755260168.838143,1340904,343271424,343.271424,123,120,162,99,20250815_211628
1755260168.8501754,1340951,343283456,343.283456,122,120,161,99,20250815_211628
1755260168.8642552,1341006,343297536,343.297536,122,120,161,99,20250815_211628
1755260168.8762872,1341053,343309568,343.309568,121,121,160,99,20250815_211628
1755260168.8885753,1341101,343321856,343.321856,121,121,160,99,20250815_211628
1755260168.900607,1341148,343333888,343.333888,120,121,159,99,20250815_211628
1755260168.9146874,1341203,343347968,343.347968,120,121,159,99,20250815_211628
1755260168.9267192,1341250,343360000,343.36,120,120,158,99,20250815_211628
1755260168.9387512,1341297,343372032,343.372032,120,120,158,99,20250815_211628
1755260168.9510393,1341345,343384320,343.38432,120,120,156,99,20250815_211628
1755260168.9651194,1341400,343398400,343.3984,119,120,156,99,20250815_211628
1755260168.9771514,1341447,343410432,343.410432,119,120,155,99,20250815_211628
1755260168.9894392,1341495,343422720,343.42272,119,120,155,99,20250815_211628
1755260169.0009594,1341540,343434240,343.43424,119,119,154,99,20250815_211628
1755260169.0152953,1341596,343448576,343.448576,119,119,153,99,20250815_211628
1755260169.0273273,1341643,343460608,343.460608,119,119,153,99,20250815_211628
1755260169.039359,1341690,343472640,343.47264,119,119,152,99,20250815_211628
1755260169.0516472,1341738,343484928,343.484928,119,119,152,99,20250815_211628
1755260169.0654714,1341792,343498752,343.498752,119,119,151,99,20250815_211628
1755260169.0777593,1341840,343511040,343.51104,119,119,151,99,20250815_211628
1755260169.0897913,1341887,343523072,343.523072,119,118,150,99,20250815_211628
1755260169.101823,1341934,343535104,343.535104,119,118,149,99,20250815_211628
1755260169.1159034,1341989,343549184,343.549184,119,118,148,99,20250815_211628
1755260169.1279354,1342036,343561216,343.561216,119,117,148,99,20250815_211628
1755260169.1399672,1342083,343573248,343.573248,119,117,147,99,20250815_211628
1755260169.1522553,1342131,343585536,343.585536,119,117,146,99,20250815_211628
1755260169.166335,1342186,343599616,343.599616,119,116,145,99,20250815_211628
1755260169.1783674,1342233,343611648,343.611648,119,116,145,99,20250815_211628
1755260169.1903994,1342280,343623680,343.62368,118,116,144,99,20250815_211628
1755260169.2024312,1342327,343635712,343.635712,118,115,143,99,20250815_211628
1755260169.2165112,1342382,343649792,343.649792,118,115,142,99,20250815_211628
1755260169.2285433,1342429,343661824,343.661824,118,115,142,99,20250815_211628
1755260169.2405753,1342476,343673856,343.673856,118,115,141,99,20250815_211628
1755260169.2528634,1342524,343686144,343.686144,119,115,140,99,20250815_211628
1755260169.2669432,1342579,343700224,343.700224,119,114,139,99,20250815_211628
1755260169.2789752,1342626,343712256,343.712256,119,114,139,99,20250815_211628
1755260169.2910073,1342673,343724288,343.724288,119,114,138,99,20250815_211628
1755260169.3035512,1342722,343736832,343.736832,120,114,138,99,20250815_211628
1755260169.3171194,1342775,343750400,343.7504,120,114,137,99,20250815_211628
1755260169.3294072,1342823,343762688,343.762688,120,114,137,99,20250815_211628
1755260169.3411832,1342869,343774464,343.774464,121,114,137,99,20250815_211628
1755260169.3534713,1342917,343786752,343.786752,121,114,136,99,20250815_211628
1755260169.367551,1342972,343800832,343.800832,122,114,136,99,20250815_211628
1755260169.3795834,1343019,343812864,343.812864,122,114,135,99,20250815_211628
1755260169.3916154,1343066,343824896,343.824896,122,114,135,99,20250815_211628
1755260169.4036472,1343113,343836928,343.836928,123,114,135,99,20250815_211628
1755260169.4177272,1343168,343851008,343.851008,123,114,134,99,20250815_211628
1755260169.430015,1343216,343863296,343.863296,124,114,134,99,20250815_211628
1755260169.4417913,1343262,343875072,343.875072,124,114,134,99,20250815_211628
1755260169.4543352,1343311,343887616,343.887616,124,113,133,99,20250815_211628
1755260169.4681592,1343365,343901440,343.90144,125,113,133,99,20250815_211628
1755260169.4801912,1343412,343913472,343.913472,125,113,133,99,20250815_211628
1755260169.4922233,1343459,343925504,343.925504,125,113,133,99,20250815_211628
1755260169.5047672,1343508,343938048,343.938048,126,113,132,99,20250815_211628
1755260169.5185914,1343562,343951872,343.951872,126,113,132,99,20250815_211628
1755260169.5306232,1343609,343963904,343.963904,126,113,132,99,20250815_211628
1755260169.5423994,1343655,343975680,343.97568,126,113,132,99,20250815_211628
1755260169.5546873,1343703,343987968,343.987968,127,113,131,99,20250815_211628
1755260169.5687673,1343758,344002048,344.002048,127,113,131,99,20250815_211628
1755260169.580799,1343805,344014080,344.01408,128,113,131,99,20250815_211628
1755260169.5928314,1343852,344026112,344.026112,128,113,131,99,20250815_211628
1755260169.6051192,1343900,344038400,344.0384,128,114,131,99,20250815_211628
1755260169.6191993,1343955,344052480,344.05248,128,114,131,99,20250815_211628
1755260169.6312313,1344002,344064512,344.064512,129,114,130,99,20250815_211628
1755260169.6430073,1344048,344076288,344.076288,129,114,130,99,20250815_211628
1755260169.6555512,1344097,344088832,344.088832,129,114,130,99,20250815_211628
1755260169.6693752,1344151,344102656,344.102656,129,114,130,99,20250815_211628
1755260169.6814072,1344198,344114688,344.114688,129,115,129,99,20250815_211628
1755260169.6934392,1344245,344126720,344.12672,129,115,129,99,20250815_211628
1755260169.705727,1344293,344139008,344.139008,129,115,129,99,20250815_211628
1755260169.7198074,1344348,344153088,344.153088,130,116,129,99,20250815_211628
1755260169.7318392,1344395,344165120,344.16512,130,116,129,99,20250815_211628
1755260169.7438712,1344442,344177152,344.177152,130,116,129,99,20250815_211628
1755260169.7559032,1344489,344189184,344.189184,130,116,129,99,20250815_211628
1755260169.7699833,1344544,344203264,344.203264,130,116,128,99,20250815_211628
1755260169.782015,1344591,344215296,344.215296,130,116,128,99,20250815_211628
1755260169.7943032,1344639,344227584,344.227584,130,116,128,99,20250815_211628
1755260169.8060794,1344685,344239360,344.23936,130,116,128,99,20250815_211628
1755260169.8204153,1344741,344253696,344.253696,130,116,128,99,20250815_211628
1755260169.8324473,1344788,344265728,344.265728,130,116,128,99,20250815_211628
1755260169.8442233,1344834,344277504,344.277504,130,117,128,99,20250815_211628
1755260169.8565114,1344882,344289792,344.289792,130,117,128,99,20250815_211628
1755260169.8705914,1344937,344303872,344.303872,129,117,128,99,20250815_211628
1755260169.8828793,1344985,344316160,344.31616,129,117,127,99,20250815_211628
1755260169.8946552,1345031,344327936,344.327936,129,118,127,99,20250815_211628
1755260169.9066873,1345078,344339968,344.339968,129,118,127,99,20250815_211628
1755260169.9210234,1345134,344354304,344.354304,129,118,127,99,20250815_211628
1755260169.9330554,1345181,344366336,344.366336,129,119,127,99,20250815_211628
1755260169.9448314,1345227,344378112,344.378112,129,119,127,99,20250815_211628
1755260169.9571192,1345275,344390400,344.3904,128,120,127,99,20250815_211628
1755260169.9711993,1345330,344404480,344.40448,128,120,127,99,20250815_211628
1755260169.9832313,1345377,344416512,344.416512,128,120,126,99,20250815_211628
1755260169.995263,1345424,344428544,344.428544,128,120,126,99,20250815_211628
1755260170.0075512,1345472,344440832,344.440832,127,120,125,99,20250815_211628
1755260170.0216312,1345527,344454912,344.454912,127,120,124,99,20250815_211628
1755260170.0336633,1345574,344466944,344.466944,127,120,124,99,20250815_211628
1755260170.0454392,1345620,344478720,344.47872,127,120,124,99,20250815_211628
1755260170.057727,1345668,344491008,344.491008,126,120,123,99,20250815_211628
1755260170.0718074,1345723,344505088,344.505088,126,121,123,99,20250815_211628
1755260170.0838392,1345770,344517120,344.51712,126,121,122,99,20250815_211628
1755260170.0961273,1345818,344529408,344.529408,126,121,122,99,20250815_211628
1755260170.1081593,1345865,344541440,344.54144,126,121,121,99,20250815_211628
1755260170.1222394,1345920,344555520,344.55552,126,121,121,99,20250815_211628
1755260170.1342714,1345967,344567552,344.567552,126,121,121,99,20250815_211628
1755260170.1460474,1346013,344579328,344.579328,126,121,120,99,20250815_211628
1755260170.1583352,1346061,344591616,344.591616,125,121,120,99,20250815_211628
1755260170.1724153,1346116,344605696,344.605696,125,122,120,99,20250815_211628
1755260170.1844473,1346163,344617728,344.617728,125,122,120,99,20250815_211628
1755260170.196479,1346210,344629760,344.62976,125,122,120,99,20250815_211628
1755260170.2087672,1346258,344642048,344.642048,126,122,120,99,20250815_211628
1755260170.2228472,1346313,344656128,344.656128,126,122,120,99,20250815_211628
1755260170.2348793,1346360,344668160,344.66816,125,123,120,99,20250815_211628
1755260170.2469113,1346407,344680192,344.680192,125,123,120,99,20250815_211628
1755260170.258943,1346454,344692224,344.692224,125,123,119,99,20250815_211628
1755260170.2730234,1346509,344706304,344.706304,125,123,119,99,20250815_211628
1755260170.2850554,1346556,344718336,344.718336,125,123,119,99,20250815_211628
1755260170.2973433,1346604,344730624,344.730624,125,123,119,99,20250815_211628
1755260170.3093753,1346651,344742656,344.742656,126,124,120,99,20250815_211628
1755260170.323455,1346706,344756736,344.756736,126,124,120,99,20250815_211628
1755260170.3354874,1346753,344768768,344.768768,126,124,120,99,20250815_211628
1755260170.3475194,1346800,344780800,344.7808,126,125,120,99,20250815_211628
1755260170.3595512,1346847,344792832,344.792832,126,126,121,99,20250815_211628
1755260170.3736312,1346902,344806912,344.806912,125,126,121,99,20250815_211628
1755260170.385919,1346950,344819200,344.8192,125,127,121,99,20250815_211628
1755260170.3979514,1346997,344831232,344.831232,125,127,122,99,20250815_211628
1755260170.4099834,1347044,344843264,344.843264,125,128,122,99,20250815_211628
1755260170.4240632,1347099,344857344,344.857344,125,129,122,99,20250815_211628
1755260170.4360952,1347146,344869376,344.869376,126,129,123,99,20250815_211628
1755260170.4481273,1347193,344881408,344.881408,126,129,123,99,20250815_211628
1755260170.4601593,1347240,344893440,344.89344,126,130,123,99,20250815_211628
1755260170.4744954,1347296,344907776,344.907776,127,130,123,99,20250815_211628
1755260170.4867833,1347344,344920064,344.920064,127,130,123,99,20250815_211628
1755260170.4985592,1347390,344931840,344.93184,127,131,123,99,20250815_211628
1755260170.5105913,1347437,344943872,344.943872,127,131,123,99,20250815_211628
1755260170.5246713,1347492,344957952,344.957952,127,131,123,99,20250815_211628
1755260170.536703,1347539,344969984,344.969984,127,131,122,99,20250815_211628
1755260170.5487354,1347586,344982016,344.982016,126,131,122,99,20250815_211628
1755260170.5610232,1347634,344994304,344.994304,125,131,122,99,20250815_211628
1755260170.5751033,1347689,345008384,345.008384,125,131,122,99,20250815_211628
1755260170.5871353,1347736,345020416,345.020416,125,131,123,99,20250815_211628
1755260170.599167,1347783,345032448,345.032448,124,131,123,99,20250815_211628
1755260170.6111994,1347830,345044480,345.04448,124,133,124,99,20250815_211628
1755260170.6252792,1347885,345058560,345.05856,124,134,124,99,20250815_211628
1755260170.6373112,1347932,345070592,345.070592,124,134,124,99,20250815_211628
1755260170.6493433,1347979,345082624,345.082624,124,135,125,99,20250815_211628
1755260170.661631,1348027,345094912,345.094912,125,136,126,99,20250815_211628
1755260170.6757114,1348082,345108992,345.108992,125,136,126,99,20250815_211628
1755260170.6877432,1348129,345121024,345.121024,125,136,127,99,20250815_211628
1755260170.6997752,1348176,345133056,345.133056,126,136,127,99,20250815_211628
1755260170.7118073,1348223,345145088,345.145088,126,136,128,99,20250815_211628
1755260170.7258873,1348278,345159168,345.159168,126,135,128,99,20250815_211628
1755260170.737919,1348325,345171200,345.1712,126,135,128,99,20250815_211628
1755260170.7499514,1348372,345183232,345.183232,126,134,129,99,20250815_211628
1755260170.7622392,1348420,345195520,345.19552,126,133,129,99,20250815_211628
1755260170.7763193,1348475,345209600,345.2096,126,133,130,99,20250815_211628
1755260170.7883513,1348522,345221632,345.221632,126,133,130,99,20250815_211628
1755260170.800383,1348569,345233664,345.233664,126,132,131,99,20250815_211628
1755260170.8124154,1348616,345245696,345.245696,126,132,131,99,20250815_211628
1755260170.8264954,1348671,345259776,345.259776,127,132,132,99,20250815_211628
1755260170.8385272,1348718,345271808,345.271808,127,132,132,99,20250815_211628
1755260170.8505592,1348765,345283840,345.28384,127,132,133,99,20250815_211628
1755260170.862847,1348813,345296128,345.296128,127,132,134,99,20250815_211628
1755260170.8769274,1348868,345310208,345.310208,127,132,134,99,20250815_211628
1755260170.8889594,1348915,345322240,345.32224,127,132,135,99,20250815_211628
1755260170.9009912,1348962,345334272,345.334272,127,132,135,99,20250815_211628
1755260170.9130232,1349009,345346304,345.346304,127,132,136,99,20250815_211628
1755260170.9271033,1349064,345360384,345.360384,127,131,136,99,20250815_211628
1755260170.9391353,1349111,345372416,345.372416,128,131,137,99,20250815_211628
1755260170.951167,1349158,345384448,345.384448,128,131,137,99,20250815_211628
1755260170.9634552,1349206,345396736,345.396736,128,130,138,99,20250815_211628
1755260170.9775352,1349261,345410816,345.410816,128,130,139,99,20250815_211628
1755260170.9895673,1349308,345422848,345.422848,128,130,139,99,20250815_211628
1755260171.0015993,1349355,345434880,345.43488,128,130,140,99,20250815_211628
1755260171.013631,1349402,345446912,345.446912,127,129,141,99,20250815_211628
1755260171.0277114,1349457,345460992,345.460992,127,129,141,99,20250815_211628
1755260171.0397432,1349504,345473024,345.473024,127,129,141,99,20250815_211628
1755260171.0517752,1349551,345485056,345.485056,127,129,141,99,20250815_211628
1755260171.0640633,1349599,345497344,345.497344,127,128,142,99,20250815_211628
1755260171.0781434,1349654,345511424,345.511424,126,128,142,99,20250815_211628
1755260171.0901754,1349701,345523456,345.523456,126,128,142,99,20250815_211628
1755260171.1022072,1349748,345535488,345.535488,126,128,143,99,20250815_211628
1755260171.1142392,1349795,345547520,345.54752,125,128,144,99,20250815_211628
1755260171.1283193,1349850,345561600,345.5616,125,128,145,99,20250815_211628
1755260171.1403513,1349897,345573632,345.573632,125,128,145,99,20250815_211628
1755260171.152383,1349944,345585664,345.585664,125,128,145,99,20250815_211628
1755260171.1646712,1349992,345597952,345.597952,125,128,146,99,20250815_211628
1755260171.1787512,1350047,345612032,345.612032,125,128,146,99,20250815_211628
1755260171.1907833,1350094,345624064,345.624064,125,128,147,99,20250815_211628
1755260171.2028153,1350141,345636096,345.636096,125,128,147,99,20250815_211628
1755260171.2151034,1350189,345648384,345.648384,125,129,149,99,20250815_211628
1755260171.2289274,1350243,345662208,345.662208,125,129,149,99,20250815_211628
1755260171.2412152,1350291,345674496,345.674496,125,129,150,99,20250815_211628
1755260171.2529912,1350337,345686272,345.686272,125,129,150,99,20250815_211628
1755260171.2652793,1350385,345698560,345.69856,125,129,151,99,20250815_211628
1755260171.279359,1350440,345712640,345.71264,126,130,151,99,20250815_211628
1755260171.2913914,1350487,345724672,345.724672,126,129,151,99,20250815_211628
1755260171.3036792,1350535,345736960,345.73696,126,129,151,99,20250815_211628
1755260171.3154552,1350581,345748736,345.748736,126,129,152,99,20250815_211628
1755260171.3295352,1350636,345762816,345.762816,126,129,152,99,20250815_211628
1755260171.341823,1350684,345775104,345.775104,126,129,152,99,20250815_211628
1755260171.3535993,1350730,345786880,345.78688,126,129,152,99,20250815_211628
1755260171.3658874,1350778,345799168,345.799168,126,128,153,99,20250815_211628
1755260171.3799672,1350833,345813248,345.813248,126,128,153,99,20250815_211628
1755260171.3919992,1350880,345825280,345.82528,126,128,153,99,20250815_211628
1755260171.4040313,1350927,345837312,345.837312,125,128,153,99,20250815_211628
1755260171.4160633,1350974,345849344,345.849344,125,128,154,99,20250815_211628
1755260171.4301434,1351029,345863424,345.863424,125,128,155,99,20250815_211628
1755260171.4424312,1351077,345875712,345.875712,125,128,155,99,20250815_211628
1755260171.4542072,1351123,345887488,345.887488,126,128,156,99,20250815_211628
1755260171.466751,1351172,345900032,345.900032,126,128,157,99,20250815_211628
1755260171.480575,1351226,345913856,345.913856,126,127,158,99,20250815_211628
1755260171.4926074,1351273,345925888,345.925888,126,126,158,99,20250815_211628
1755260171.5048952,1351321,345938176,345.938176,126,126,159,99,20250815_211628
1755260171.5169272,1351368,345950208,345.950208,125,124,160,99,20250815_211628
1755260171.5310073,1351423,345964288,345.964288,124,124,161,99,20250815_211628
1755260171.543039,1351470,345976320,345.97632,124,123,162,99,20250815_211628
1755260171.5548153,1351516,345988096,345.988096,123,123,163,99,20250815_211628
1755260171.5671034,1351564,346000384,346.000384,122,123,164,99,20250815_211628
1755260171.5811832,1351619,346014464,346.014464,122,123,165,99,20250815_211628
1755260171.5934713,1351667,346026752,346.026752,122,123,166,99,20250815_211628
1755260171.605503,1351714,346038784,346.038784,121,123,167,99,20250815_211628
1755260171.6175354,1351761,346050816,346.050816,121,123,168,99,20250815_211628
1755260171.6316154,1351816,346064896,346.064896,120,123,169,99,20250815_211628
1755260171.6439033,1351864,346077184,346.077184,120,123,170,99,20250815_211628
1755260171.6556792,1351910,346088960,346.08896,120,123,170,99,20250815_211628
1755260171.6677113,1351957,346100992,346.100992,119,123,172,99,20250815_211628
1755260171.6820474,1352013,346115328,346.115328,119,123,173,99,20250815_211628
1755260171.6940794,1352060,346127360,346.12736,118,123,174,99,20250815_211628
1755260171.7061112,1352107,346139392,346.139392,118,123,175,99,20250815_211628
1755260171.7181432,1352154,346151424,346.151424,117,124,177,99,20250815_211628
1755260171.7322233,1352209,346165504,346.165504,117,124,177,99,20250815_211628
1755260171.7442553,1352256,346177536,346.177536,117,124,178,99,20250815_211628
1755260171.756287,1352303,346189568,346.189568,116,124,179,99,20250815_211628
1755260171.7683194,1352350,346201600,346.2016,116,125,180,99,20250815_211628
1755260171.7826552,1352406,346215936,346.215936,115,125,180,99,20250815_211628
1755260171.7946873,1352453,346227968,346.227968,115,125,180,99,20250815_211628
1755260171.8067193,1352500,346240000,346.24,115,126,181,99,20250815_211628
1755260171.818751,1352547,346252032,346.252032,114,126,181,99,20250815_211628
1755260171.8328314,1352602,346266112,346.266112,114,126,182,99,20250815_211628
1755260171.8451192,1352650,346278400,346.2784,114,126,182,99,20250815_211628
1755260171.8568952,1352696,346290176,346.290176,114,126,182,99,20250815_211628
1755260171.8691833,1352744,346302464,346.302464,113,126,182,99,20250815_211628
1755260171.883263,1352799,346316544,346.316544,113,126,182,99,20250815_211628
1755260171.8952954,1352846,346328576,346.328576,113,126,182,99,20250815_211628
1755260171.9073272,1352893,346340608,346.340608,113,126,182,99,20250815_211628
1755260171.9193592,1352940,346352640,346.35264,113,126,183,99,20250815_211628
1755260171.9334393,1352995,346366720,346.36672,113,126,183,99,20250815_211628
1755260171.9454713,1353042,346378752,346.378752,113,127,183,99,20250815_211628
1755260171.9575033,1353089,346390784,346.390784,113,127,183,99,20250815_211628
1755260171.9697914,1353137,346403072,346.403072,113,127,183,99,20250815_211628
1755260171.9838712,1353192,346417152,346.417152,113,128,183,99,20250815_211628
1755260171.9959033,1353239,346429184,346.429184,113,128,183,99,20250815_211628
1755260172.0079353,1353286,346441216,346.441216,113,128,183,99,20250815_211628
1755260172.0199673,1353333,346453248,346.453248,112,128,183,99,20250815_211628
1755260172.0340474,1353388,346467328,346.467328,112,128,183,99,20250815_211628
1755260172.0460794,1353435,346479360,346.47936,112,127,183,99,20250815_211628
1755260172.0581112,1353482,346491392,346.491392,112,127,184,99,20250815_211628
1755260172.0703993,1353530,346503680,346.50368,112,125,184,99,20250815_211628
1755260172.084479,1353585,346517760,346.51776,112,125,184,99,20250815_211628
1755260172.0965114,1353632,346529792,346.529792,112,125,184,99,20250815_211628
1755260172.1085434,1353679,346541824,346.541824,112,124,184,99,20250815_211628
1755260172.1205752,1353726,346553856,346.553856,112,124,184,99,20250815_211628
1755260172.1346552,1353781,346567936,346.567936,112,124,184,99,20250815_211628
1755260172.146943,1353829,346580224,346.580224,112,124,184,99,20250815_211628
1755260172.1587193,1353875,346592000,346.592,112,124,184,99,20250815_211628
1755260172.1710074,1353923,346604288,346.604288,112,123,184,99,20250815_211628
1755260172.1850872,1353978,346618368,346.618368,112,123,184,99,20250815_211628
1755260172.1971192,1354025,346630400,346.6304,112,123,184,99,20250815_211628
1755260172.2091513,1354072,346642432,346.642432,112,123,184,99,20250815_211628
1755260172.2211833,1354119,346654464,346.654464,112,124,185,99,20250815_211628
1755260172.2355194,1354175,346668800,346.6688,112,124,185,99,20250815_211628
1755260172.2475512,1354222,346680832,346.680832,112,124,185,99,20250815_211628
1755260172.2593274,1354268,346692608,346.692608,112,124,185,99,20250815_211628
1755260172.2716153,1354316,346704896,346.704896,112,124,185,99,20250815_211628
1755260172.2856953,1354371,346718976,346.718976,113,124,185,99,20250815_211628
1755260172.297727,1354418,346731008,346.731008,113,124,185,99,20250815_211628
1755260172.3097594,1354465,346743040,346.74304,113,124,185,99,20250815_211628
1755260172.3220472,1354513,346755328,346.755328,113,123,184,99,20250815_211628
1755260172.3358712,1354567,346769152,346.769152,113,123,183,99,20250815_211628
1755260172.3481593,1354615,346781440,346.78144,113,122,183,99,20250815_211628
1755260172.3599353,1354661,346793216,346.793216,113,122,183,99,20250815_211628
1755260172.3722234,1354709,346805504,346.805504,113,121,182,99,20250815_211628
1755260172.3863032,1354764,346819584,346.819584,113,121,182,99,20250815_211628
1755260172.3983352,1354811,346831616,346.831616,114,121,182,99,20250815_211628
1755260172.4103673,1354858,346843648,346.843648,114,121,181,99,20250815_211628
1755260172.4223993,1354905,346855680,346.85568,114,122,181,99,20250815_211628
1755260172.4367354,1354961,346870016,346.870016,114,122,181,99,20250815_211628
1755260172.4490232,1355009,346882304,346.882304,114,123,181,99,20250815_211628
1755260172.4605434,1355054,346893824,346.893824,114,123,181,99,20250815_211628
1755260172.4730873,1355103,346906368,346.906368,114,124,181,99,20250815_211628
1755260172.4869113,1355157,346920192,346.920192,115,124,181,99,20250815_211628
1755260172.4991994,1355205,346932480,346.93248,115,124,181,99,20250815_211628
1755260172.5109754,1355251,346944256,346.944256,115,124,181,99,20250815_211628
1755260172.5232632,1355299,346956544,346.956544,115,124,181,99,20250815_211628
1755260172.5373433,1355354,346970624,346.970624,115,124,181,99,20250815_211628
1755260172.5493753,1355401,346982656,346.982656,115,124,182,99,20250815_211628
1755260172.5611513,1355447,346994432,346.994432,115,124,182,99,20250815_211628
1755260172.5734394,1355495,347006720,347.00672,115,125,183,99,20250815_211628
1755260172.5875194,1355550,347020800,347.0208,115,125,183,99,20250815_211628
1755260172.5995512,1355597,347032832,347.032832,115,125,183,99,20250815_211628
1755260172.6118393,1355645,347045120,347.04512,115,126,184,99,20250815_211628
1755260172.6236153,1355691,347056896,347.056896,114,127,185,99,20250815_211628
1755260172.6379514,1355747,347071232,347.071232,114,127,185,99,20250815_211628
1755260172.6499834,1355794,347083264,347.083264,114,128,185,99,20250815_211628
1755260172.6620152,1355841,347095296,347.095296,114,128,185,99,20250815_211628
1755260172.6740472,1355888,347107328,347.107328,113,129,185,99,20250815_211628
1755260172.6881273,1355943,347121408,347.121408,113,130,185,99,20250815_211628
1755260172.7001593,1355990,347133440,347.13344,113,130,185,99,20250815_211628
1755260172.712191,1356037,347145472,347.145472,113,130,186,99,20250815_211628
1755260172.7244792,1356085,347157760,347.15776,113,130,186,99,20250815_211628
1755260172.7385592,1356140,347171840,347.17184,113,130,186,99,20250815_211628
1755260172.7505913,1356187,347183872,347.183872,113,130,185,99,20250815_211628
1755260172.7626233,1356234,347195904,347.195904,113,130,185,99,20250815_211628
1755260172.774655,1356281,347207936,347.207936,112,130,185,99,20250815_211628
1755260172.7887354,1356336,347222016,347.222016,112,130,185,99,20250815_211628
1755260172.8010232,1356384,347234304,347.234304,112,130,185,99,20250815_211628
1755260172.8130553,1356431,347246336,347.246336,112,130,186,99,20250815_211628
1755260172.8250873,1356478,347258368,347.258368,112,131,186,99,20250815_211628
1755260172.8391674,1356533,347272448,347.272448,112,131,186,99,20250815_211628
1755260172.8511994,1356580,347284480,347.28448,112,131,186,99,20250815_211628
1755260172.8632312,1356627,347296512,347.296512,112,131,186,99,20250815_211628
1755260172.8752632,1356674,347308544,347.308544,113,131,186,99,20250815_211628
1755260172.889599,1356730,347322880,347.32288,112,131,186,99,20250815_211628
1755260172.9016314,1356777,347334912,347.334912,112,131,186,99,20250815_211628
1755260172.9136634,1356824,347346944,347.346944,112,131,186,99,20250815_211628
1755260172.9256952,1356871,347358976,347.358976,112,130,186,99,20250815_211628
1755260172.9397752,1356926,347373056,347.373056,111,130,186,99,20250815_211628
1755260172.9518073,1356973,347385088,347.385088,111,130,186,99,20250815_211628
1755260172.9638393,1357020,347397120,347.39712,111,130,186,99,20250815_211628
1755260172.975871,1357067,347409152,347.409152,111,130,186,99,20250815_211628
1755260172.9899514,1357122,347423232,347.423232,112,130,186,99,20250815_211628
1755260173.0022392,1357170,347435520,347.43552,112,130,186,99,20250815_211628
1755260173.0142713,1357217,347447552,347.447552,112,130,185,99,20250815_211628
1755260173.0263033,1357264,347459584,347.459584,114,130,185,99,20250815_211628
1755260173.040383,1357319,347473664,347.473664,115,131,184,99,20250815_211628
1755260173.0524154,1357366,347485696,347.485696,116,131,184,99,20250815_211628
1755260173.0644474,1357413,347497728,347.497728,117,131,184,99,20250815_211628
1755260173.0767353,1357461,347510016,347.510016,118,131,184,99,20250815_211628
1755260173.0908153,1357516,347524096,347.524096,118,130,184,99,20250815_211628
1755260173.102847,1357563,347536128,347.536128,119,130,184,99,20250815_211628
1755260173.1148794,1357610,347548160,347.54816,119,130,184,99,20250815_211628
1755260173.1269114,1357657,347560192,347.560192,120,129,185,99,20250815_211628
1755260173.1409912,1357712,347574272,347.574272,120,129,185,99,20250815_211628
1755260173.1532793,1357760,347586560,347.58656,120,129,186,99,20250815_211628
1755260173.1650553,1357806,347598336,347.598336,121,129,186,99,20250815_211628
1755260173.1773434,1357854,347610624,347.610624,122,129,187,99,20250815_211628
1755260173.1914232,1357909,347624704,347.624704,122,129,187,99,20250815_211628
1755260173.2034552,1357956,347636736,347.636736,122,129,187,99,20250815_211628
1755260173.2154872,1358003,347648768,347.648768,122,129,187,99,20250815_211628
1755260173.2275193,1358050,347660800,347.6608,122,129,187,99,20250815_211628
1755260173.241599,1358105,347674880,347.67488,122,128,187,99,20250815_211628
1755260173.2538872,1358153,347687168,347.687168,122,128,187,99,20250815_211628
1755260173.2656634,1358199,347698944,347.698944,122,128,187,99,20250815_211628
1755260173.2779512,1358247,347711232,347.711232,122,127,187,99,20250815_211628
1755260173.2920313,1358302,347725312,347.725312,122,127,187,99,20250815_211628
1755260173.304063,1358349,347737344,347.737344,122,127,187,99,20250815_211628
1755260173.3160954,1358396,347749376,347.749376,122,127,187,99,20250815_211628
1755260173.3281274,1358443,347761408,347.761408,122,127,187,99,20250815_211628
1755260173.3442552,1358506,347777536,347.777536,122,127,187,99,20250815_211628
1755260173.3562872,1358553,347789568,347.789568,122,127,187,99,20250815_211628
1755260173.3683193,1358600,347801600,347.8016,122,127,186,99,20250815_211628
1755260173.3826554,1358656,347815936,347.815936,122,127,186,99,20250815_211628
1755260173.3946872,1358703,347827968,347.827968,122,126,186,99,20250815_211628
1755260173.4067192,1358750,347840000,347.84,122,126,186,99,20250815_211628
1755260173.4187512,1358797,347852032,347.852032,122,126,186,99,20250815_211628
1755260173.4328313,1358852,347866112,347.866112,122,126,185,99,20250815_211628
1755260173.4451194,1358900,347878400,347.8784,122,126,185,99,20250815_211628
1755260173.4568954,1358946,347890176,347.890176,122,125,185,99,20250815_211628
1755260173.4689274,1358993,347902208,347.902208,122,125,185,99,20250815_211628
1755260173.4832633,1359049,347916544,347.916544,122,125,185,99,20250815_211628
1755260173.4952953,1359096,347928576,347.928576,122,125,185,99,20250815_211628
1755260173.5073273,1359143,347940608,347.940608,122,125,185,99,20250815_211628
1755260173.5193594,1359190,347952640,347.95264,122,125,185,99,20250815_211628
1755260173.5336952,1359246,347966976,347.966976,122,126,184,99,20250815_211628
1755260173.5454712,1359292,347978752,347.978752,122,126,184,99,20250815_211628
1755260173.5575032,1359339,347990784,347.990784,122,127,184,99,20250815_211628
1755260173.5695353,1359386,348002816,348.002816,123,127,184,99,20250815_211628
1755260173.5838714,1359442,348017152,348.017152,123,127,184,99,20250815_211628
1755260173.5959034,1359489,348029184,348.029184,123,127,184,99,20250815_211628
1755260173.6079352,1359536,348041216,348.041216,122,128,184,99,20250815_211628
1755260173.6199672,1359583,348053248,348.053248,122,128,183,99,20250815_211628
1755260173.6340473,1359638,348067328,348.067328,122,128,183,99,20250815_211628
1755260173.6460793,1359685,348079360,348.07936,122,128,183,99,20250815_211628
1755260173.6583674,1359733,348091648,348.091648,122,128,183,99,20250815_211628
1755260173.6701434,1359779,348103424,348.103424,121,128,183,99,20250815_211628
1755260173.6844792,1359835,348117760,348.11776,121,128,182,99,20250815_211628
1755260173.6965113,1359882,348129792,348.129792,121,128,182,99,20250815_211628
1755260173.7085433,1359929,348141824,348.141824,121,128,182,99,20250815_211628
1755260173.720575,1359976,348153856,348.153856,121,128,182,99,20250815_211628
1755260173.7346554,1360031,348167936,348.167936,121,128,181,99,20250815_211628
1755260173.7469432,1360079,348180224,348.180224,121,128,181,99,20250815_211628
1755260173.7589753,1360126,348192256,348.192256,121,127,181,99,20250815_211628
1755260173.7707512,1360172,348204032,348.204032,120,127,180,99,20250815_211628
1755260173.785087,1360228,348218368,348.218368,120,127,180,99,20250815_211628
1755260173.7971194,1360275,348230400,348.2304,120,127,179,99,20250815_211628
1755260173.8094072,1360323,348242688,348.242688,120,127,179,99,20250815_211628
1755260173.8211832,1360369,348254464,348.254464,120,127,178,99,20250815_211628
1755260173.8355193,1360425,348268800,348.2688,120,127,178,99,20250815_211628
1755260173.847551,1360472,348280832,348.280832,120,127,178,99,20250815_211628
1755260173.8598392,1360520,348293120,348.29312,120,127,178,99,20250815_211628
1755260173.8757112,1360582,348308992,348.308992,120,127,178,99,20250815_211628
1755260173.8877432,1360629,348321024,348.321024,120,127,178,99,20250815_211628
1755260173.8997753,1360676,348333056,348.333056,120,127,178,99,20250815_211628
1755260173.9118073,1360723,348345088,348.345088,120,127,178,99,20250815_211628
1755260173.925887,1360778,348359168,348.359168,120,127,178,99,20250815_211628
1755260173.9379194,1360825,348371200,348.3712,120,127,178,99,20250815_211628
1755260173.9499514,1360872,348383232,348.383232,120,127,178,99,20250815_211628
1755260173.9622393,1360920,348395520,348.39552,121,127,178,99,20250815_211628
1755260173.9763193,1360975,348409600,348.4096,121,127,178,99,20250815_211628
1755260173.988351,1361022,348421632,348.421632,121,127,178,99,20250815_211628
1755260174.0003834,1361069,348433664,348.433664,122,127,178,99,20250815_211628
1755260174.0124154,1361116,348445696,348.445696,122,127,178,99,20250815_211628
1755260174.0267513,1361172,348460032,348.460032,123,127,178,99,20250815_211628
1755260174.0387833,1361219,348472064,348.472064,123,127,178,99,20250815_211628
1755260174.050815,1361266,348484096,348.484096,123,127,178,99,20250815_211628
1755260174.0628474,1361313,348496128,348.496128,124,127,178,99,20250815_211628
1755260174.0769272,1361368,348510208,348.510208,125,127,177,99,20250815_211628
1755260174.0889592,1361415,348522240,348.52224,125,127,177,99,20250815_211628
1755260174.1009912,1361462,348534272,348.534272,125,126,177,99,20250815_211628
1755260174.1130233,1361509,348546304,348.546304,126,124,176,99,20250815_211628
1755260174.127103,1361564,348560384,348.560384,126,123,176,99,20250815_211628
1755260174.1393912,1361612,348572672,348.572672,126,122,176,99,20250815_211628
1755260174.1514232,1361659,348584704,348.584704,126,121,175,99,20250815_211628
1755260174.1634552,1361706,348596736,348.596736,127,120,175,99,20250815_211628
1755260174.1775353,1361761,348610816,348.610816,127,119,174,99,20250815_211628
1755260174.189567,1361808,348622848,348.622848,128,118,174,99,20250815_211628
1755260174.2015994,1361855,348634880,348.63488,128,118,174,99,20250815_211628
1755260174.2136314,1361902,348646912,348.646912,129,117,173,99,20250815_211628
1755260174.2279673,1361958,348661248,348.661248,129,117,173,99,20250815_211628
1755260174.2399993,1362005,348673280,348.67328,130,117,172,99,20250815_211628
1755260174.252031,1362052,348685312,348.685312,130,116,172,99,20250815_211628
1755260174.2643192,1362100,348697600,348.6976,130,116,171,99,20250815_211628
1755260174.2781434,1362154,348711424,348.711424,130,116,170,99,20250815_211628
1755260174.2901752,1362201,348723456,348.723456,131,115,170,99,20250815_211628
1755260174.3022072,1362248,348735488,348.735488,131,115,170,99,20250815_211628
1755260174.314495,1362296,348747776,348.747776,131,115,169,99,20250815_211628
1755260174.3283193,1362350,348761600,348.7616,131,115,168,99,20250815_211628
1755260174.340351,1362397,348773632,348.773632,132,115,168,99,20250815_211628
1755260174.3526392,1362445,348785920,348.78592,132,115,167,99,20250815_211628
1755260174.3646712,1362492,348797952,348.797952,132,115,167,99,20250815_211628
1755260174.3787513,1362547,348812032,348.812032,132,115,167,99,20250815_211628
1755260174.3907833,1362594,348824064,348.824064,132,115,167,99,20250815_211628
1755260174.402815,1362641,348836096,348.836096,132,115,166,99,20250815_211628
1755260174.4151032,1362689,348848384,348.848384,132,115,166,99,20250815_211628
1755260174.4289272,1362743,348862208,348.862208,132,115,166,99,20250815_211628
1755260174.4412153,1362791,348874496,348.874496,131,115,165,99,20250815_211628
1755260174.4532473,1362838,348886528,348.886528,131,116,165,99,20250815_211628
1755260174.465279,1362885,348898560,348.89856,131,116,165,99,20250815_211628
1755260174.4793594,1362940,348912640,348.91264,131,116,165,99,20250815_211628
1755260174.4913912,1362987,348924672,348.924672,131,116,165,99,20250815_211628
1755260174.5036793,1363035,348936960,348.93696,132,117,165,99,20250815_211628
1755260174.5157113,1363082,348948992,348.948992,132,117,164,99,20250815_211628
1755260174.5297914,1363137,348963072,348.963072,132,117,164,99,20250815_211628
1755260174.5418234,1363184,348975104,348.975104,132,117,164,99,20250815_211628
1755260174.5541112,1363232,348987392,348.987392,132,117,164,99,20250815_211628
1755260174.5658872,1363278,348999168,348.999168,132,117,164,99,20250815_211628
1755260174.5799673,1363333,349013248,349.013248,131,116,163,99,20250815_211628
1755260174.5922554,1363381,349025536,349.025536,131,116,163,99,20250815_211628
1755260174.6042874,1363428,349037568,349.037568,131,116,163,99,20250815_211628
1755260174.6163192,1363475,349049600,349.0496,132,116,162,99,20250815_211628
1755260174.6303992,1363530,349063680,349.06368,132,116,161,99,20250815_211628
1755260174.6421752,1363576,349075456,349.075456,132,116,161,99,20250815_211628
1755260174.6544633,1363624,349087744,349.087744,132,117,161,99,20250815_211628
1755260174.6667514,1363672,349100032,349.100032,132,117,160,99,20250815_211628
1755260174.6805754,1363726,349113856,349.113856,132,117,160,99,20250815_211628
1755260174.6926074,1363773,349125888,349.125888,132,117,160,99,20250815_211628
1755260174.7046392,1363820,349137920,349.13792,132,117,159,99,20250815_211628
1755260174.7169273,1363868,349150208,349.150208,132,117,159,99,20250815_211628
1755260174.731007,1363923,349164288,349.164288,132,117,159,99,20250815_211628
1755260174.7430394,1363970,349176320,349.17632,132,117,158,99,20250815_211628
1755260174.7550714,1364017,349188352,349.188352,132,117,158,99,20250815_211628
1755260174.7671032,1364064,349200384,349.200384,132,117,158,99,20250815_211628
1755260174.7811832,1364119,349214464,349.214464,132,117,158,99,20250815_211628
1755260174.7932153,1364166,349226496,349.226496,132,118,157,99,20250815_211628
1755260174.8055034,1364214,349238784,349.238784,131,118,157,99,20250815_211628
1755260174.8175354,1364261,349250816,349.250816,131,118,157,99,20250815_211628
1755260174.8316152,1364316,349264896,349.264896,131,119,157,99,20250815_211628
1755260174.8439033,1364364,349277184,349.277184,131,119,157,99,20250815_211628
1755260174.8556793,1364410,349288960,349.28896,131,119,157,99,20250815_211628
1755260174.8677113,1364457,349300992,349.300992,131,119,157,99,20250815_211628
1755260174.8817914,1364512,349315072,349.315072,131,119,157,99,20250815_211628
1755260174.8940792,1364560,349327360,349.32736,131,119,157,99,20250815_211628
1755260174.9061112,1364607,349339392,349.339392,131,119,158,99,20250815_211628
1755260174.9181433,1364654,349351424,349.351424,131,119,158,99,20250815_211628
1755260174.932223,1364709,349365504,349.365504,131,119,158,99,20250815_211628
1755260174.9442554,1364756,349377536,349.377536,131,119,159,99,20250815_211628
1755260174.9562874,1364803,349389568,349.389568,131,119,159,99,20250815_211628
1755260174.9683192,1364850,349401600,349.4016,131,119,159,99,20250815_211628
1755260174.9823992,1364905,349415680,349.41568,131,119,160,99,20250815_211628
1755260174.9946873,1364953,349427968,349.427968,131,120,160,99,20250815_211628
1755260175.0067194,1365000,349440000,349.44,131,120,161,99,20250815_211628
1755260175.0187514,1365047,349452032,349.452032,131,120,162,99,20250815_211628
1755260175.0330873,1365103,349466368,349.466368,131,120,162,99,20250815_211628
1755260175.0448632,1365149,349478144,349.478144,131,120,163,99,20250815_211628
1755260175.0568953,1365196,349490176,349.490176,130,120,164,99,20250815_211628
1755260175.069183,1365244,349502464,349.502464,130,120,165,99,20250815_211628
1755260175.0832634,1365299,349516544,349.516544,129,120,166,99,20250815_211628
1755260175.0952952,1365346,349528576,349.528576,129,119,167,99,20250815_211628
1755260175.1073272,1365393,349540608,349.540608,129,119,168,99,20250815_211628
1755260175.1193593,1365440,349552640,349.55264,129,120,169,99,20250815_211628
1755260175.1334393,1365495,349566720,349.56672,129,120,170,99,20250815_211628
1755260175.145471,1365542,349578752,349.578752,129,120,171,99,20250815_211628
1755260175.1577592,1365590,349591040,349.59104,129,120,172,99,20250815_211628
1755260175.1697912,1365637,349603072,349.603072,129,121,174,99,20250815_211628
1755260175.1838713,1365692,349617152,349.617152,129,121,175,99,20250815_211628
1755260175.1959033,1365739,349629184,349.629184,129,121,177,99,20250815_211628
1755260175.207935,1365786,349641216,349.641216,129,121,178,99,20250815_211628
1755260175.2199674,1365833,349653248,349.653248,129,122,180,99,20250815_211628
1755260175.2343032,1365889,349667584,349.667584,129,122,182,99,20250815_211628
1755260175.2460792,1365935,349679360,349.67936,129,123,183,99,20250815_211628
1755260175.2583673,1365983,349691648,349.691648,129,123,184,99,20250815_211628
1755260175.270399,1366030,349703680,349.70368,129,124,187,99,20250815_211628
1755260175.2844794,1366085,349717760,349.71776,129,124,188,99,20250815_211628
1755260175.2965114,1366132,349729792,349.729792,129,125,190,99,20250815_211628
1755260175.3085432,1366179,349741824,349.741824,129,125,191,99,20250815_211628
1755260175.3208313,1366227,349754112,349.754112,130,126,194,99,20250815_211628
1755260175.334911,1366282,349768192,349.768192,130,126,195,99,20250815_211628
1755260175.3469434,1366329,349780224,349.780224,130,127,197,99,20250815_211628
1755260175.3589754,1366376,349792256,349.792256,130,127,198,99,20250815_211628
1755260175.3710072,1366423,349804288,349.804288,131,128,200,99,20250815_211628
1755260175.3850873,1366478,349818368,349.818368,131,129,202,99,20250815_211628
1755260175.3971193,1366525,349830400,349.8304,131,129,203,99,20250815_211628
1755260175.4094074,1366573,349842688,349.842688,131,129,204,99,20250815_211628
1755260175.421183,1366619,349854464,349.854464,131,130,206,99,20250815_211628
1755260175.4355192,1366675,349868800,349.8688,131,130,207,99,20250815_211628
1755260175.4475513,1366722,349880832,349.880832,131,130,208,99,20250815_211628
1755260175.4595833,1366769,349892864,349.892864,131,130,209,99,20250815_211628
1755260175.4716153,1366816,349904896,349.904896,131,130,211,99,20250815_211628
1755260175.4856954,1366871,349918976,349.918976,131,130,212,99,20250815_211628
1755260175.4977274,1366918,349931008,349.931008,132,129,213,99,20250815_211628
1755260175.5097592,1366965,349943040,349.94304,132,129,214,99,20250815_211628
1755260175.5220473,1367013,349955328,349.955328,132,129,215,99,20250815_211628
1755260175.536127,1367068,349969408,349.969408,132,129,215,99,20250815_211628
1755260175.5481594,1367115,349981440,349.98144,132,129,216,99,20250815_211628
1755260175.5601914,1367162,349993472,349.993472,132,129,216,99,20250815_211628
1755260175.5722232,1367209,350005504,350.005504,133,129,217,99,20250815_211628
1755260175.5863032,1367264,350019584,350.019584,133,129,218,99,20250815_211628
1755260175.5983353,1367311,350031616,350.031616,133,129,218,99,20250815_211628
1755260175.6106234,1367359,350043904,350.043904,133,129,218,99,20250815_211628
1755260175.623423,1367409,350056704,350.056704,133,130,219,99,20250815_211628
1755260175.6367352,1367461,350070016,350.070016,133,130,219,99,20250815_211628
1755260175.6487672,1367508,350082048,350.082048,133,130,219,99,20250815_211628
1755260175.6607993,1367555,350094080,350.09408,133,130,219,99,20250815_211628
1755260175.6728313,1367602,350106112,350.106112,133,130,219,99,20250815_211628
1755260175.686911,1367657,350120192,350.120192,134,130,219,99,20250815_211628
1755260175.6989434,1367704,350132224,350.132224,134,129,219,99,20250815_211628
1755260175.7112312,1367752,350144512,350.144512,134,129,219,99,20250815_211628
1755260175.7232633,1367799,350156544,350.156544,133,129,218,99,20250815_211628
1755260175.7370872,1367853,350170368,350.170368,133,128,218,99,20250815_211628
1755260175.749375,1367901,350182656,350.182656,133,128,218,99,20250815_211628
1755260175.7614074,1367948,350194688,350.194688,133,128,218,99,20250815_211628
1755260175.7734394,1367995,350206720,350.20672,133,127,217,99,20250815_211628
1755260175.7875192,1368050,350220800,350.2208,133,127,217,99,20250815_211628
1755260175.7998073,1368098,350233088,350.233088,133,127,218,99,20250815_211628
1755260175.8120954,1368146,350245376,350.245376,133,126,218,99,20250815_211628
1755260175.8238714,1368192,350257152,350.257152,133,126,219,99,20250815_211628
1755260175.8379512,1368247,350271232,350.271232,133,126,219,99,20250815_211628
1755260175.8499832,1368294,350283264,350.283264,133,126,219,99,20250815_211628
1755260175.8620152,1368341,350295296,350.295296,133,126,219,99,20250815_211628
1755260175.874303,1368389,350307584,350.307584,133,126,220,99,20250815_211628
1755260175.888127,1368443,350321408,350.321408,133,127,220,99,20250815_211628
1755260175.9004152,1368491,350333696,350.333696,133,127,220,99,20250815_211628
1755260175.9124472,1368538,350345728,350.345728,134,127,220,99,20250815_211628
1755260175.9244792,1368585,350357760,350.35776,134,128,220,99,20250815_211628
1755260175.9385593,1368640,350371840,350.37184,134,128,220,99,20250815_211628
1755260175.950591,1368687,350383872,350.383872,134,129,220,99,20250815_211628
1755260175.9626234,1368734,350395904,350.395904,135,129,220,99,20250815_211628
1755260175.9749112,1368782,350408192,350.408192,134,128,220,99,20250815_211628
1755260175.9889913,1368837,350422272,350.422272,134,128,220,99,20250815_211628
1755260176.0010233,1368884,350434304,350.434304,134,128,220,99,20250815_211628
1755260176.013055,1368931,350446336,350.446336,134,128,220,99,20250815_211628
1755260176.0250874,1368978,350458368,350.458368,134,127,220,99,20250815_211628
1755260176.0391674,1369033,350472448,350.472448,134,127,221,99,20250815_211628
1755260176.0514553,1369081,350484736,350.484736,134,127,221,99,20250815_211628
1755260176.0632312,1369127,350496512,350.496512,134,126,221,99,20250815_211628
1755260176.0752633,1369174,350508544,350.508544,134,126,221,99,20250815_211628
1755260176.0895994,1369230,350522880,350.52288,135,126,221,99,20250815_211628
1755260176.1016314,1369277,350534912,350.534912,135,126,221,99,20250815_211628
1755260176.1136632,1369324,350546944,350.546944,135,126,221,99,20250815_211628
1755260176.1256952,1369371,350558976,350.558976,135,126,221,99,20250815_211628
1755260176.1397753,1369426,350573056,350.573056,135,126,221,99,20250815_211628
1755260176.1518073,1369473,350585088,350.585088,135,126,221,99,20250815_211628
1755260176.1640954,1369521,350597376,350.597376,135,126,221,99,20250815_211628
1755260176.1761272,1369568,350609408,350.609408,135,125,221,99,20250815_211628
1755260176.1902072,1369623,350623488,350.623488,135,125,221,99,20250815_211628
1755260176.2022393,1369670,350635520,350.63552,135,125,221,99,20250815_211628
1755260176.2142713,1369717,350647552,350.647552,135,125,221,99,20250815_211628
1755260176.226303,1369764,350659584,350.659584,135,124,222,99,20250815_211628
1755260176.2403834,1369819,350673664,350.673664,135,124,222,99,20250815_211628
1755260176.2526712,1369867,350685952,350.685952,135,123,222,99,20250815_211628
1755260176.2647033,1369914,350697984,350.697984,135,123,223,99,20250815_211628
1755260176.2767353,1369961,350710016,350.710016,135,122,223,99,20250815_211628
1755260176.2908154,1370016,350724096,350.724096,135,122,224,99,20250815_211628
1755260176.3028474,1370063,350736128,350.736128,135,121,224,99,20250815_211628
1755260176.3148792,1370110,350748160,350.74816,135,121,224,99,20250815_211628
1755260176.3269112,1370157,350760192,350.760192,135,120,225,99,20250815_211628
1755260176.3409913,1370212,350774272,350.774272,135,120,225,99,20250815_211628
1755260176.3530233,1370259,350786304,350.786304,134,120,225,99,20250815_211628
1755260176.3653114,1370307,350798592,350.798592,134,120,225,99,20250815_211628
1755260176.3773432,1370354,350810624,350.810624,134,120,226,99,20250815_211628
1755260176.3914232,1370409,350824704,350.824704,134,120,226,99,20250815_211628
1755260176.4034553,1370456,350836736,350.836736,134,120,226,99,20250815_211628
1755260176.4154873,1370503,350848768,350.848768,133,120,226,99,20250815_211628
1755260176.427519,1370550,350860800,350.8608,133,121,227,99,20250815_211628
1755260176.4415994,1370605,350874880,350.87488,133,121,227,99,20250815_211628
1755260176.4536314,1370652,350886912,350.886912,133,121,227,99,20250815_211628
1755260176.4656632,1370699,350898944,350.898944,133,121,228,99,20250815_211628
1755260136.463402,7599389,1945443584,1945.443584,171,111,117,2,20250815_211632
1755260136.473386,7599428,1945453568,1945.453568,174,115,119,2,20250815_211632
1755260136.48337,7599467,1945463552,1945.463552,177,113,117,2,20250815_211632
1755260136.493354,7599506,1945473536,1945.473536,181,115,117,2,20250815_211632
1755260136.503338,7599545,1945483520,1945.48352,184,112,114,2,20250815_211632
1755260136.513322,7599584,1945493504,1945.493504,187,114,109,2,20250815_211632
1755260136.523306,7599623,1945503488,1945.503488,190,111,105,2,20250815_211632
1755260136.533546,7599663,1945513728,1945.513728,193,113,102,2,20250815_211632
1755260136.54353,7599702,1945523712,1945.523712,197,110,101,2,20250815_211632
1755260136.553514,7599741,1945533696,1945.533696,200,112,101,2,20250815_211632
1755260136.563498,7599780,1945543680,1945.54368,203,110,101,2,20250815_211632
1755260136.573482,7599819,1945553664,1945.553664,206,112,102,2,20250815_211632
1755260136.583466,7599858,1945563648,1945.563648,209,110,104,2,20250815_211632
1755260136.59345,7599897,1945573632,1945.573632,213,112,105,2,20250815_211632
1755260136.603434,7599936,1945583616,1945.583616,216,110,107,2,20250815_211632
1755260136.613418,7599975,1945593600,1945.5936,219,113,108,2,20250815_211632
1755260136.623402,7600014,1945603584,1945.603584,222,111,108,2,20250815_211632
1755260136.633386,7600053,1945613568,1945.613568,225,113,110,2,20250815_211632
1755260136.6433702,7600092,1945623552,1945.623552,228,111,111,2,20250815_211632
1755260136.6533542,7600131,1945633536,1945.633536,232,114,112,2,20250815_211632
1755260136.6633382,7600170,1945643520,1945.64352,235,112,116,2,20250815_211632
1755260136.673322,7600209,1945653504,1945.653504,238,114,123,2,20250815_211632
1755260136.683562,7600249,1945663744,1945.663744,241,112,131,2,20250815_211632
1755260136.693546,7600288,1945673728,1945.673728,244,115,136,2,20250815_211632
1755260136.70353,7600327,1945683712,1945.683712,248,112,139,2,20250815_211632
1755260136.713514,7600366,1945693696,1945.693696,251,115,141,2,20250815_211632
1755260136.723498,7600405,1945703680,1945.70368,2,112,144,2,20250815_211632
1755260136.733482,7600444,1945713664,1945.713664,5,115,145,2,20250815_211632
1755260136.743466,7600483,1945723648,1945.723648,9,112,146,2,20250815_211632
1755260136.7534502,7600522,1945733632,1945.733632,12,114,147,2,20250815_211632
1755260136.7634342,7600561,1945743616,1945.743616,15,112,146,2,20250815_211632
1755260136.773418,7600600,1945753600,1945.7536,18,114,147,2,20250815_211632
1755260136.783402,7600639,1945763584,1945.763584,21,111,147,2,20250815_211632
1755260136.793386,7600678,1945773568,1945.773568,24,114,147,2,20250815_211632
1755260136.80337,7600717,1945783552,1945.783552,28,112,149,2,20250815_211632
1755260136.813354,7600756,1945793536,1945.793536,31,114,149,2,20250815_211632
1755260136.823594,7600796,1945803776,1945.803776,34,112,149,2,20250815_211632
1755260136.833578,7600835,1945813760,1945.81376,37,115,147,2,20250815_211632
1755260136.843562,7600874,1945823744,1945.823744,40,113,148,2,20250815_211632
1755260136.853546,7600913,1945833728,1945.833728,44,115,148,2,20250815_211632
1755260136.8635302,7600952,1945843712,1945.843712,47,113,147,2,20250815_211632
1755260136.8735142,7600991,1945853696,1945.853696,50,115,143,2,20250815_211632
1755260136.883498,7601030,1945863680,1945.86368,53,113,136,2,20250815_211632
1755260136.893482,7601069,1945873664,1945.873664,56,116,127,2,20250815_211632
1755260136.903466,7601108,1945883648,1945.883648,60,113,122,2,20250815_211632
1755260136.91345,7601147,1945893632,1945.893632,63,117,113,2,20250815_211632
1755260136.923434,7601186,1945903616,1945.903616,66,114,107,2,20250815_211632
1755260136.933418,7601225,1945913600,1945.9136,69,116,102,2,20250815_211632
1755260136.943402,7601264,1945923584,1945.923584,72,113,101,2,20250815_211632
1755260136.953386,7601303,1945933568,1945.933568,75,116,99,2,20250815_211632
1755260136.96337,7601342,1945943552,1945.943552,79,113,98,2,20250815_211632
1755260136.9736102,7601382,1945953792,1945.953792,82,116,94,2,20250815_211632
1755260136.9835942,7601421,1945963776,1945.963776,85,114,97,2,20250815_211632
1755260136.993578,7601460,1945973760,1945.97376,88,116,97,2,20250815_211632
1755260137.003562,7601499,1945983744,1945.983744,91,113,98,2,20250815_211632
1755260137.013546,7601538,1945993728,1945.993728,95,116,97,2,20250815_211632
1755260137.02353,7601577,1946003712,1946.003712,98,113,98,2,20250815_211632
1755260137.033514,7601616,1946013696,1946.013696,101,116,98,2,20250815_211632
1755260137.043498,7601655,1946023680,1946.02368,104,113,98,2,20250815_211632
1755260137.053482,7601694,1946033664,1946.033664,107,115,98,2,20250815_211632
1755260137.063466,7601733,1946043648,1946.043648,110,112,99,2,20250815_211632
1755260137.07345,7601772,1946053632,1946.053632,114,115,99,2,20250815_211632
1755260137.083434,7601811,1946063616,1946.063616,117,112,99,2,20250815_211632
1755260137.093418,7601850,1946073600,1946.0736,120,114,98,2,20250815_211632
1755260137.103402,7601889,1946083584,1946.083584,123,111,98,2,20250815_211632
1755260137.113642,7601929,1946093824,1946.093824,126,113,98,2,20250815_211632
1755260137.123626,7601968,1946103808,1946.103808,130,110,98,2,20250815_211632
1755260137.13361,7602007,1946113792,1946.113792,133,112,98,2,20250815_211632
1755260137.143594,7602046,1946123776,1946.123776,136,110,98,2,20250815_211632
1755260137.153578,7602085,1946133760,1946.13376,139,111,98,2,20250815_211632
1755260137.163562,7602124,1946143744,1946.143744,142,109,98,2,20250815_211632
1755260137.173546,7602163,1946153728,1946.153728,146,111,98,2,20250815_211632
1755260137.18353,7602202,1946163712,1946.163712,149,108,98,2,20250815_211632
1755260137.193514,7602241,1946173696,1946.173696,152,110,98,2,20250815_211632
1755260137.203498,7602280,1946183680,1946.18368,155,107,98,2,20250815_211632
1755260137.213482,7602319,1946193664,1946.193664,158,109,98,2,20250815_211632
1755260137.2234662,7602358,1946203648,1946.203648,161,106,98,2,20250815_211632
1755260137.2334502,7602397,1946213632,1946.213632,165,109,97,2,20250815_211632
1755260137.243434,7602436,1946223616,1946.223616,168,106,97,2,20250815_211632
1755260137.253674,7602476,1946233856,1946.233856,171,109,97,2,20250815_211632
1755260137.263658,7602515,1946243840,1946.24384,174,106,97,2,20250815_211632
1755260137.273642,7602554,1946253824,1946.253824,177,108,97,2,20250815_211632
1755260137.283626,7602593,1946263808,1946.263808,181,106,97,2,20250815_211632
1755260137.29361,7602632,1946273792,1946.273792,184,108,97,2,20250815_211632
1755260137.303594,7602671,1946283776,1946.283776,187,105,97,2,20250815_211632
1755260137.313578,7602710,1946293760,1946.29376,190,107,97,2,20250815_211632
1755260137.323562,7602749,1946303744,1946.303744,193,104,97,2,20250815_211632
1755260137.3335462,7602788,1946313728,1946.313728,197,106,97,2,20250815_211632
1755260137.3435302,7602827,1946323712,1946.323712,200,104,95,2,20250815_211632
1755260137.353514,7602866,1946333696,1946.333696,203,106,97,2,20250815_211632
1755260137.363498,7602905,1946343680,1946.34368,206,103,97,2,20250815_211632
1755260137.373482,7602944,1946353664,1946.353664,209,106,98,2,20250815_211632
1755260137.383466,7602983,1946363648,1946.363648,212,103,99,2,20250815_211632
1755260137.393706,7603023,1946373888,1946.373888,216,106,100,2,20250815_211632
1755260137.40369,7603062,1946383872,1946.383872,219,104,102,2,20250815_211632
1755260137.413674,7603101,1946393856,1946.393856,222,106,104,2,20250815_211632
1755260137.423658,7603140,1946403840,1946.40384,225,105,110,2,20250815_211632
1755260137.433642,7603179,1946413824,1946.413824,228,107,116,2,20250815_211632
1755260137.4436262,7603218,1946423808,1946.423808,232,106,126,2,20250815_211632
1755260137.4536102,7603257,1946433792,1946.433792,235,109,132,2,20250815_211632
1755260137.463594,7603296,1946443776,1946.443776,238,108,138,2,20250815_211632
1755260137.473578,7603335,1946453760,1946.45376,241,111,138,2,20250815_211632
1755260137.483562,7603374,1946463744,1946.463744,244,110,140,2,20250815_211632
1755260137.493546,7603413,1946473728,1946.473728,248,113,139,2,20250815_211632
1755260137.50353,7603452,1946483712,1946.483712,251,110,140,2,20250815_211632
1755260137.513514,7603491,1946493696,1946.493696,254,113,142,2,20250815_211632
1755260137.523498,7603530,1946503680,1946.50368,2,110,142,2,20250815_211632
1755260137.533738,7603570,1946513920,1946.51392,5,112,143,2,20250815_211632
1755260137.5437222,7603609,1946523904,1946.523904,8,110,143,2,20250815_211632
1755260137.5537062,7603648,1946533888,1946.533888,12,112,143,2,20250815_211632
1755260137.5636902,7603687,1946543872,1946.543872,15,108,144,2,20250815_211632
1755260137.573674,7603726,1946553856,1946.553856,18,111,144,2,20250815_211632
1755260137.583658,7603765,1946563840,1946.56384,21,106,144,2,20250815_211632
1755260137.593642,7603804,1946573824,1946.573824,24,104,144,2,20250815_211632
1755260137.603626,7603843,1946583808,1946.583808,28,98,144,2,20250815_211632
1755260137.61361,7603882,1946593792,1946.593792,31,77,145,2,20250815_211632
1755260137.623594,7603921,1946603776,1946.603776,34,54,145,2,20250815_211632
1755260137.633578,7603960,1946613760,1946.61376,37,56,144,2,20250815_211632
1755260137.643562,7603999,1946623744,1946.623744,40,71,144,2,20250815_211632
1755260137.653546,7604038,1946633728,1946.633728,43,91,144,2,20250815_211632
1755260137.66353,7604077,1946643712,1946.643712,47,53,145,2,20250815_211632
1755260137.673514,7604116,1946653696,1946.653696,50,47,146,2,20250815_211632
1755260137.683754,7604156,1946663936,1946.663936,53,44,146,2,20250815_211632
1755260137.693738,7604195,1946673920,1946.67392,56,46,144,2,20250815_211632
1755260137.703722,7604234,1946683904,1946.683904,59,46,144,2,20250815_211632
1755260137.713706,7604273,1946693888,1946.693888,63,45,141,2,20250815_211632
1755260137.72369,7604312,1946703872,1946.703872,66,41,136,2,20250815_211632
1755260137.733674,7604351,1946713856,1946.713856,69,40,130,2,20250815_211632
1755260137.743658,7604390,1946723840,1946.72384,72,38,125,2,20250815_211632
1755260137.753642,7604429,1946733824,1946.733824,75,38,120,2,20250815_211632
1755260137.763626,7604468,1946743808,1946.743808,79,36,114,2,20250815_211632
1755260137.77361,7604507,1946753792,1946.753792,82,37,110,2,20250815_211632
1755260137.783594,7604546,1946763776,1946.763776,85,35,106,2,20250815_211632
1755260137.793578,7604585,1946773760,1946.77376,88,35,103,2,20250815_211632
1755260137.8035622,7604624,1946783744,1946.783744,91,35,100,2,20250815_211632
1755260137.8135462,7604663,1946793728,1946.793728,94,35,99,2,20250815_211632
1755260137.823786,7604703,1946803968,1946.803968,98,34,98,2,20250815_211632
1755260137.83377,7604742,1946813952,1946.813952,101,33,97,2,20250815_211632
1755260137.843754,7604781,1946823936,1946.823936,104,34,95,2,20250815_211632
1755260137.853738,7604820,1946833920,1946.83392,107,32,96,2,20250815_211632
1755260137.863722,7604859,1946843904,1946.843904,110,32,96,2,20250815_211632
1755260137.873706,7604898,1946853888,1946.853888,114,33,96,2,20250815_211632
1755260137.88369,7604937,1946863872,1946.863872,117,32,97,2,20250815_211632
1755260137.893674,7604976,1946873856,1946.873856,120,32,97,2,20250815_211632
1755260137.9036582,7605015,1946883840,1946.88384,123,34,98,2,20250815_211632
1755260137.9136422,7605054,1946893824,1946.893824,126,33,98,2,20250815_211632
1755260137.9236262,7605093,1946903808,1946.903808,130,33,98,2,20250815_211632
1755260137.93361,7605132,1946913792,1946.913792,133,33,98,2,20250815_211632
1755260137.943594,7605171,1946923776,1946.923776,136,33,100,2,20250815_211632
1755260137.953578,7605210,1946933760,1946.93376,139,33,100,2,20250815_211632
1755260137.963562,7605249,1946943744,1946.943744,142,34,101,2,20250815_211632
1755260137.973802,7605289,1946953984,1946.953984,145,35,102,2,20250815_211632
1755260137.983786,7605328,1946963968,1946.963968,149,34,103,2,20250815_211632
1755260137.99377,7605367,1946973952,1946.973952,152,34,105,2,20250815_211632
1755260138.003754,7605406,1946983936,1946.983936,155,35,107,2,20250815_211632
1755260138.0137382,7605445,1946993920,1946.99392,158,42,110,2,20250815_211632
1755260138.0237222,7605484,1947003904,1947.003904,161,34,113,2,20250815_211632
1755260138.033706,7605523,1947013888,1947.013888,165,33,117,2,20250815_211632
1755260138.04369,7605562,1947023872,1947.023872,168,33,125,2,20250815_211632
1755260138.053674,7605601,1947033856,1947.033856,171,33,131,2,20250815_211632
1755260138.063658,7605640,1947043840,1947.04384,174,33,137,2,20250815_211632
1755260138.073642,7605679,1947053824,1947.053824,177,33,139,2,20250815_211632
1755260138.083626,7605718,1947063808,1947.063808,181,33,140,2,20250815_211632
1755260138.09361,7605757,1947073792,1947.073792,184,33,141,2,20250815_211632
1755260138.103594,7605796,1947083776,1947.083776,187,31,142,2,20250815_211632
1755260138.113834,7605836,1947094016,1947.094016,190,32,142,2,20250815_211632
1755260138.1238182,7605875,1947104000,1947.104,193,31,143,2,20250815_211632
1755260138.1338022,7605914,1947113984,1947.113984,196,31,143,2,20250815_211632
1755260138.143786,7605953,1947123968,1947.123968,200,30,144,2,20250815_211632
1755260138.15377,7605992,1947133952,1947.133952,203,30,143,2,20250815_211632
1755260138.163754,7606031,1947143936,1947.143936,206,30,144,2,20250815_211632
1755260138.173738,7606070,1947153920,1947.15392,209,30,144,2,20250815_211632
1755260138.183722,7606109,1947163904,1947.163904,212,30,145,2,20250815_211632
1755260138.193706,7606148,1947173888,1947.173888,216,31,145,2,20250815_211632
1755260138.20369,7606187,1947183872,1947.183872,219,30,145,2,20250815_211632
1755260138.213674,7606226,1947193856,1947.193856,222,31,146,2,20250815_211632
1755260138.223658,7606265,1947203840,1947.20384,225,31,145,2,20250815_211632
1755260138.233642,7606304,1947213824,1947.213824,228,31,145,2,20250815_211632
1755260138.243626,7606343,1947223808,1947.223808,231,31,145,2,20250815_211632
1755260138.253866,7606383,1947234048,1947.234048,235,32,145,2,20250815_211632
1755260138.26385,7606422,1947244032,1947.244032,238,32,145,2,20250815_211632
1755260138.273834,7606461,1947254016,1947.254016,241,32,145,2,20250815_211632
1755260138.283818,7606500,1947264000,1947.264,244,32,146,2,20250815_211632
1755260138.293802,7606539,1947273984,1947.273984,247,33,144,2,20250815_211632
1755260138.303786,7606578,1947283968,1947.283968,251,33,146,2,20250815_211632
1755260138.31377,7606617,1947293952,1947.293952,254,35,146,2,20250815_211632
1755260138.323754,7606656,1947303936,1947.303936,2,33,146,2,20250815_211632
1755260138.333738,7606695,1947313920,1947.31392,5,34,145,2,20250815_211632
1755260138.343722,7606734,1947323904,1947.323904,8,33,144,2,20250815_211632
1755260138.353706,7606773,1947333888,1947.333888,12,34,143,2,20250815_211632
1755260138.36369,7606812,1947343872,1947.343872,15,33,141,2,20250815_211632
1755260138.3736742,7606851,1947353856,1947.353856,18,34,140,2,20250815_211632
1755260138.3836582,7606890,1947363840,1947.36384,21,33,139,2,20250815_211632
1755260138.393898,7606930,1947374080,1947.37408,24,34,136,2,20250815_211632
1755260138.403882,7606969,1947384064,1947.384064,27,34,133,2,20250815_211632
1755260138.413866,7607008,1947394048,1947.394048,31,33,129,2,20250815_211632
1755260138.42385,7607047,1947404032,1947.404032,34,33,126,2,20250815_211632
1755260138.433834,7607086,1947414016,1947.414016,37,33,124,2,20250815_211632
1755260138.443818,7607125,1947424000,1947.424,40,33,119,2,20250815_211632
1755260138.453802,7607164,1947433984,1947.433984,43,33,115,2,20250815_211632
1755260138.463786,7607203,1947443968,1947.443968,47,32,112,2,20250815_211632
1755260138.47377,7607242,1947453952,1947.453952,50,32,109,2,20250815_211632
1755260138.4837542,7607281,1947463936,1947.463936,53,32,106,2,20250815_211632
1755260138.4937382,7607320,1947473920,1947.47392,56,32,102,2,20250815_211632
1755260138.503722,7607359,1947483904,1947.483904,59,31,101,2,20250815_211632
1755260138.513706,7607398,1947493888,1947.493888,63,31,99,2,20250815_211632
1755260138.52369,7607437,1947503872,1947.503872,66,31,97,2,20250815_211632
1755260138.533674,7607476,1947513856,1947.513856,69,31,97,2,20250815_211632
1755260138.543914,7607516,1947524096,1947.524096,72,30,96,2,20250815_211632
1755260138.553898,7607555,1947534080,1947.53408,75,30,96,2,20250815_211632
1755260138.563882,7607594,1947544064,1947.544064,78,29,96,2,20250815_211632
1755260138.573866,7607633,1947554048,1947.554048,82,29,96,2,20250815_211632
1755260138.58385,7607672,1947564032,1947.564032,85,28,96,2,20250815_211632
1755260138.5938342,7607711,1947574016,1947.574016,88,28,96,2,20250815_211632
1755260138.6038182,7607750,1947584000,1947.584,91,27,96,2,20250815_211632
1755260138.613802,7607789,1947593984,1947.593984,94,27,96,2,20250815_211632
1755260138.623786,7607828,1947603968,1947.603968,98,27,96,2,20250815_211632
1755260138.63377,7607867,1947613952,1947.613952,101,26,96,2,20250815_211632
1755260138.643754,7607906,1947623936,1947.623936,104,25,95,2,20250815_211632
1755260138.653738,7607945,1947633920,1947.63392,107,26,96,2,20250815_211632
1755260138.663722,7607984,1947643904,1947.643904,110,25,96,2,20250815_211632
1755260138.673706,7608023,1947653888,1947.653888,114,25,96,2,20250815_211632
1755260138.68369,7608062,1947663872,1947.663872,117,25,96,2,20250815_211632
1755260138.69393,7608102,1947674112,1947.674112,120,26,96,2,20250815_211632
1755260138.7039142,7608141,1947684096,1947.684096,123,25,96,2,20250815_211632
1755260138.7138982,7608180,1947694080,1947.69408,126,25,96,2,20250815_211632
1755260138.723882,7608219,1947704064,1947.704064,129,25,97,2,20250815_211632
1755260138.733866,7608258,1947714048,1947.714048,133,25,96,2,20250815_211632
1755260138.74385,7608297,1947724032,1947.724032,136,25,96,2,20250815_211632
1755260138.753834,7608336,1947734016,1947.734016,139,26,97,2,20250815_211632
1755260138.763818,7608375,1947744000,1947.744,142,25,98,2,20250815_211632
1755260138.773802,7608414,1947753984,1947.753984,145,26,98,2,20250815_211632
1755260138.783786,7608453,1947763968,1947.763968,149,26,98,2,20250815_211632
1755260138.79377,7608492,1947773952,1947.773952,152,26,99,2,20250815_211632
1755260138.803754,7608531,1947783936,1947.783936,155,26,100,2,20250815_211632
1755260138.813738,7608570,1947793920,1947.79392,158,26,100,2,20250815_211632
1755260138.823722,7608609,1947803904,1947.803904,161,26,102,2,20250815_211632
1755260138.833962,7608649,1947814144,1947.814144,164,27,103,2,20250815_211632
1755260138.843946,7608688,1947824128,1947.824128,168,26,105,2,20250815_211632
1755260138.85393,7608727,1947834112,1947.834112,171,27,106,2,20250815_211632
1755260138.863914,7608766,1947844096,1947.844096,174,27,108,2,20250815_211632
1755260138.873898,7608805,1947854080,1947.85408,177,27,112,2,20250815_211632
1755260138.883882,7608844,1947864064,1947.864064,180,27,118,2,20250815_211632
1755260138.893866,7608883,1947874048,1947.874048,184,28,126,2,20250815_211632
1755260138.90385,7608922,1947884032,1947.884032,187,26,131,2,20250815_211632
1755260138.913834,7608961,1947894016,1947.894016,190,27,137,2,20250815_211632
1755260138.923818,7609000,1947904000,1947.904,193,26,139,2,20250815_211632
1755260138.933802,7609039,1947913984,1947.913984,196,27,141,2,20250815_211632
1755260138.943786,7609078,1947923968,1947.923968,200,26,141,2,20250815_211632
1755260138.9537702,7609117,1947933952,1947.933952,203,27,143,2,20250815_211632
1755260138.9637542,7609156,1947943936,1947.943936,206,25,142,2,20250815_211632
1755260138.973994,7609196,1947954176,1947.954176,209,27,145,2,20250815_211632
1755260138.983978,7609235,1947964160,1947.96416,212,26,145,2,20250815_211632
1755260138.993962,7609274,1947974144,1947.974144,215,27,144,2,20250815_211632
1755260139.003946,7609313,1947984128,1947.984128,219,27,145,2,20250815_211632
1755260139.01393,7609352,1947994112,1947.994112,222,27,146,2,20250815_211632
1755260139.023914,7609391,1948004096,1948.004096,225,27,144,2,20250815_211632
1755260139.033898,7609430,1948014080,1948.01408,228,28,146,2,20250815_211632
1755260139.043882,7609469,1948024064,1948.024064,231,27,146,2,20250815_211632
1755260139.053866,7609508,1948034048,1948.034048,235,28,146,2,20250815_211632
1755260139.0638502,7609547,1948044032,1948.044032,238,28,146,2,20250815_211632
1755260139.0738342,7609586,1948054016,1948.054016,241,29,147,2,20250815_211632
1755260139.083818,7609625,1948064000,1948.064,244,28,146,2,20250815_211632
1755260139.093802,7609664,1948073984,1948.073984,247,29,146,2,20250815_211632
1755260139.103786,7609703,1948083968,1948.083968,251,28,146,2,20250815_211632
1755260139.114026,7609743,1948094208,1948.094208,254,28,146,2,20250815_211632
1755260139.12401,7609782,1948104192,1948.104192,2,28,146,2,20250815_211632
1755260139.133994,7609821,1948114176,1948.114176,5,29,145,2,20250815_211632
1755260139.143978,7609860,1948124160,1948.12416,8,28,146,2,20250815_211632
1755260139.153962,7609899,1948134144,1948.134144,11,29,145,2,20250815_211632
1755260139.1639462,7609938,1948144128,1948.144128,15,29,144,2,20250815_211632
1755260139.1739302,7609977,1948154112,1948.154112,18,29,143,2,20250815_211632
1755260139.1839142,7610016,1948164096,1948.164096,21,29,142,2,20250815_211632
1755260139.194154,7610056,1948174336,1948.174336,24,30,140,2,20250815_211632
1755260139.204138,7610095,1948184320,1948.18432,27,29,137,2,20250815_211632
1755260139.214122,7610134,1948194304,1948.194304,31,30,133,2,20250815_211632
1755260139.224106,7610173,1948204288,1948.204288,34,30,129,2,20250815_211632
1755260139.23409,7610212,1948214272,1948.214272,37,30,127,2,20250815_211632
1755260139.244074,7610251,1948224256,1948.224256,40,29,123,2,20250815_211632
1755260139.254058,7610290,1948234240,1948.23424,43,30,120,2,20250815_211632
1755260139.264298,7610330,1948244480,1948.24448,47,29,116,2,20250815_211632
1755260139.274282,7610369,1948254464,1948.254464,50,30,112,2,20250815_211632
1755260139.284266,7610408,1948264448,1948.264448,53,29,109,2,20250815_211632
1755260139.29425,7610447,1948274432,1948.274432,56,30,105,2,20250815_211632
1755260139.304234,7610486,1948284416,1948.284416,59,30,103,2,20250815_211632
1755260139.314218,7610525,1948294400,1948.2944,63,30,101,2,20250815_211632
1755260139.324202,7610564,1948304384,1948.304384,66,29,99,2,20250815_211632
1755260139.334442,7610604,1948314624,1948.314624,69,29,98,2,20250815_211632
1755260139.3444262,7610643,1948324608,1948.324608,72,29,97,2,20250815_211632
1755260139.3544102,7610682,1948334592,1948.334592,75,29,96,2,20250815_211632
1755260139.364394,7610721,1948344576,1948.344576,79,30,95,2,20250815_211632
1755260139.374378,7610760,1948354560,1948.35456,82,29,96,2,20250815_211632
1755260139.384362,7610799,1948364544,1948.364544,85,28,96,2,20250815_211632
1755260139.394346,7610838,1948374528,1948.374528,88,28,97,2,20250815_211632
1755260139.40433,7610877,1948384512,1948.384512,91,28,96,2,20250815_211632
1755260139.41457,7610917,1948394752,1948.394752,94,27,96,2,20250815_211632
1755260139.424554,7610956,1948404736,1948.404736,98,27,96,2,20250815_211632
1755260139.434538,7610995,1948414720,1948.41472,101,27,96,2,20250815_211632
1755260139.444522,7611034,1948424704,1948.424704,104,26,96,2,20250815_211632
1755260139.4545062,7611073,1948434688,1948.434688,107,26,96,2,20250815_211632
1755260139.4644902,7611112,1948444672,1948.444672,110,25,98,2,20250815_211632
1755260139.474474,7611151,1948454656,1948.454656,114,26,97,2,20250815_211632
1755260139.484458,7611190,1948464640,1948.46464,117,25,96,2,20250815_211632
1755260139.494442,7611229,1948474624,1948.474624,120,26,96,2,20250815_211632
1755260139.504426,7611268,1948484608,1948.484608,123,26,97,2,20250815_211632
1755260139.51441,7611307,1948494592,1948.494592,126,26,96,2,20250815_211632
1755260139.524394,7611346,1948504576,1948.504576,130,26,96,2,20250815_211632
1755260139.534634,7611386,1948514816,1948.514816,133,26,96,2,20250815_211632
1755260139.544618,7611425,1948524800,1948.5248,136,25,97,2,20250815_211632
1755260139.554602,7611464,1948534784,1948.534784,139,26,97,2,20250815_211632
1755260139.5645862,7611503,1948544768,1948.544768,142,26,97,2,20250815_211632
1755260139.5745702,7611542,1948554752,1948.554752,145,26,100,2,20250815_211632
1755260139.584554,7611581,1948564736,1948.564736,149,26,99,2,20250815_211632
1755260139.594538,7611620,1948574720,1948.57472,152,26,99,2,20250815_211632
1755260139.604522,7611659,1948584704,1948.584704,155,26,102,2,20250815_211632
1755260139.614506,7611698,1948594688,1948.594688,158,27,101,2,20250815_211632
1755260139.62449,7611737,1948604672,1948.604672,161,27,102,2,20250815_211632
1755260139.634474,7611776,1948614656,1948.614656,165,27,104,2,20250815_211632
1755260139.644458,7611815,1948624640,1948.62464,168,27,104,2,20250815_211632
1755260139.654442,7611854,1948634624,1948.634624,171,27,106,2,20250815_211632
1755260139.664426,7611893,1948644608,1948.644608,174,27,108,2,20250815_211632
1755260139.67441,7611932,1948654592,1948.654592,177,27,112,2,20250815_211632
1755260139.6846502,7611972,1948664832,1948.664832,181,27,118,2,20250815_211632
1755260139.694634,7612011,1948674816,1948.674816,184,28,125,2,20250815_211632
1755260139.704618,7612050,1948684800,1948.6848,187,27,131,2,20250815_211632
1755260139.714602,7612089,1948694784,1948.694784,190,28,139,2,20250815_211632
1755260139.724586,7612128,1948704768,1948.704768,193,27,139,2,20250815_211632
1755260139.73457,7612167,1948714752,1948.714752,196,27,142,2,20250815_211632
1755260139.744554,7612206,1948724736,1948.724736,200,27,141,2,20250815_211632
1755260139.754538,7612245,1948734720,1948.73472,203,27,141,2,20250815_211632
1755260139.764522,7612284,1948744704,1948.744704,206,26,144,2,20250815_211632
1755260139.774506,7612323,1948754688,1948.754688,209,27,145,2,20250815_211632
1755260139.78449,7612362,1948764672,1948.764672,212,26,145,2,20250815_211632
1755260139.794474,7612401,1948774656,1948.774656,216,28,146,2,20250815_211632
1755260139.804458,7612440,1948784640,1948.78464,219,27,146,2,20250815_211632
1755260139.8144422,7612479,1948794624,1948.794624,222,28,146,2,20250815_211632
1755260139.824682,7612519,1948804864,1948.804864,225,27,146,2,20250815_211632
1755260139.834666,7612558,1948814848,1948.814848,228,29,147,2,20250815_211632
1755260139.84465,7612597,1948824832,1948.824832,231,28,146,2,20250815_211632
1755260139.854634,7612636,1948834816,1948.834816,235,28,146,2,20250815_211632
1755260139.864618,7612675,1948844800,1948.8448,238,28,147,2,20250815_211632
1755260139.874602,7612714,1948854784,1948.854784,241,29,147,2,20250815_211632
1755260139.884586,7612753,1948864768,1948.864768,244,29,147,2,20250815_211632
1755260139.89457,7612792,1948874752,1948.874752,247,29,147,2,20250815_211632
1755260139.904554,7612831,1948884736,1948.884736,251,29,147,2,20250815_211632
1755260139.914538,7612870,1948894720,1948.89472,254,29,147,2,20250815_211632
1755260139.9245222,7612909,1948904704,1948.904704,2,29,148,2,20250815_211632
1755260139.9345062,7612948,1948914688,1948.914688,5,30,147,2,20250815_211632
1755260139.94449,7612987,1948924672,1948.924672,8,29,146,2,20250815_211632
1755260139.954474,7613026,1948934656,1948.934656,12,29,145,2,20250815_211632
1755260139.964714,7613066,1948944896,1948.944896,15,29,144,2,20250815_211632
1755260139.974698,7613105,1948954880,1948.95488,18,29,143,2,20250815_211632
1755260139.984682,7613144,1948964864,1948.964864,21,29,140,2,20250815_211632
1755260139.994666,7613183,1948974848,1948.974848,24,29,138,2,20250815_211632
1755260140.00465,7613222,1948984832,1948.984832,27,28,134,2,20250815_211632
1755260140.014634,7613261,1948994816,1948.994816,31,30,131,2,20250815_211632
1755260140.024618,7613300,1949004800,1949.0048,34,29,127,2,20250815_211632
1755260140.0346022,7613339,1949014784,1949.014784,37,30,125,2,20250815_211632
1755260140.044842,7613379,1949025024,1949.025024,40,29,122,2,20250815_211632
1755260140.054826,7613418,1949035008,1949.035008,43,30,118,2,20250815_211632
1755260140.06481,7613457,1949044992,1949.044992,47,30,115,2,20250815_211632
1755260140.074794,7613496,1949054976,1949.054976,50,30,112,2,20250815_211632
1755260140.084778,7613535,1949064960,1949.06496,53,30,108,2,20250815_211632
1755260140.094762,7613574,1949074944,1949.074944,56,30,105,2,20250815_211632
1755260140.104746,7613613,1949084928,1949.084928,59,29,103,2,20250815_211632
1755260140.11473,7613652,1949094912,1949.094912,63,29,102,2,20250815_211632
1755260140.124714,7613691,1949104896,1949.104896,66,28,99,2,20250815_211632
1755260140.1346982,7613730,1949114880,1949.11488,69,29,98,2,20250815_211632
1755260140.1446822,7613769,1949124864,1949.124864,72,28,96,2,20250815_211632
1755260140.154922,7613809,1949135104,1949.135104,75,28,96,2,20250815_211632
1755260140.164906,7613848,1949145088,1949.145088,79,27,96,2,20250815_211632
1755260140.17489,7613887,1949155072,1949.155072,82,27,96,2,20250815_211632
1755260140.184874,7613926,1949165056,1949.165056,85,26,96,2,20250815_211632
1755260140.194858,7613965,1949175040,1949.17504,88,26,97,2,20250815_211632
1755260140.204842,7614004,1949185024,1949.185024,91,26,96,2,20250815_211632
1755260140.214826,7614043,1949195008,1949.195008,94,25,95,2,20250815_211632
1755260140.22481,7614082,1949204992,1949.204992,98,25,96,2,20250815_211632
1755260140.234794,7614121,1949214976,1949.214976,101,25,96,2,20250815_211632
1755260140.2447782,7614160,1949224960,1949.22496,104,24,96,2,20250815_211632
1755260140.2547622,7614199,1949234944,1949.234944,107,25,96,2,20250815_211632
1755260140.264746,7614238,1949244928,1949.244928,110,24,96,2,20250815_211632
1755260140.27473,7614277,1949254912,1949.254912,114,24,96,2,20250815_211632
1755260140.284714,7614316,1949264896,1949.264896,117,24,97,2,20250815_211632
1755260140.294954,7614356,1949275136,1949.275136,120,24,96,2,20250815_211632
1755260140.304938,7614395,1949285120,1949.28512,123,24,96,2,20250815_211632
1755260140.314922,7614434,1949295104,1949.295104,126,24,96,2,20250815_211632
1755260140.324906,7614473,1949305088,1949.305088,130,24,96,2,20250815_211632
1755260140.33489,7614512,1949315072,1949.315072,133,24,96,2,20250815_211632
1755260140.344874,7614551,1949325056,1949.325056,136,24,97,2,20250815_211632
1755260140.3548582,7614590,1949335040,1949.33504,139,24,97,2,20250815_211632
1755260140.3648422,7614629,1949345024,1949.345024,142,24,97,2,20250815_211632
1755260140.374826,7614668,1949355008,1949.355008,145,24,98,2,20250815_211632
1755260140.38481,7614707,1949364992,1949.364992,149,24,99,2,20250815_211632
1755260140.394794,7614746,1949374976,1949.374976,152,25,99,2,20250815_211632
1755260140.404778,7614785,1949384960,1949.38496,155,24,100,2,20250815_211632
1755260140.414762,7614824,1949394944,1949.394944,158,25,101,2,20250815_211632
1755260140.424746,7614863,1949404928,1949.404928,161,24,101,2,20250815_211632
1755260140.43473,7614902,1949414912,1949.414912,165,25,101,2,20250815_211632
1755260140.44497,7614942,1949425152,1949.425152,168,25,103,2,20250815_211632
1755260140.454954,7614981,1949435136,1949.435136,171,25,104,2,20250815_211632
1755260140.4649382,7615020,1949445120,1949.44512,174,25,107,2,20250815_211632
1755260140.4749222,7615059,1949455104,1949.455104,177,26,110,2,20250815_211632
1755260140.484906,7615098,1949465088,1949.465088,180,25,115,2,20250815_211632
1755260140.49489,7615137,1949475072,1949.475072,184,26,121,2,20250815_211632
1755260140.504874,7615176,1949485056,1949.485056,187,25,127,2,20250815_211632
1755260140.514858,7615215,1949495040,1949.49504,190,26,133,2,20250815_211632
1755260140.524842,7615254,1949505024,1949.505024,193,25,138,2,20250815_211632
1755260140.534826,7615293,1949515008,1949.515008,196,25,139,2,20250815_211632
1755260140.54481,7615332,1949524992,1949.524992,200,25,140,2,20250815_211632
1755260140.554794,7615371,1949534976,1949.534976,203,25,140,2,20250815_211632
1755260140.564778,7615410,1949544960,1949.54496,206,25,142,2,20250815_211632
1755260140.574762,7615449,1949554944,1949.554944,209,25,143,2,20250815_211632
1755260140.5850022,7615489,1949565184,1949.565184,212,25,143,2,20250815_211632
1755260140.594986,7615528,1949575168,1949.575168,216,25,144,2,20250815_211632
1755260140.60497,7615567,1949585152,1949.585152,219,25,144,2,20250815_211632
1755260140.614954,7615606,1949595136,1949.595136,222,26,144,2,20250815_211632
1755260140.624938,7615645,1949605120,1949.60512,225,25,145,2,20250815_211632
1755260140.634922,7615684,1949615104,1949.615104,228,26,145,2,20250815_211632
1755260140.644906,7615723,1949625088,1949.625088,231,25,145,2,20250815_211632
1755260140.65489,7615762,1949635072,1949.635072,235,26,145,2,20250815_211632
1755260140.664874,7615801,1949645056,1949.645056,238,26,145,2,20250815_211632
1755260140.674858,7615840,1949655040,1949.65504,241,26,146,2,20250815_211632
1755260140.684842,7615879,1949665024,1949.665024,244,26,146,2,20250815_211632
1755260140.694826,7615918,1949675008,1949.675008,247,27,146,2,20250815_211632
1755260140.70481,7615957,1949684992,1949.684992,251,26,146,2,20250815_211632
1755260140.7147942,7615996,1949694976,1949.694976,254,27,146,2,20250815_211632
1755260140.725034,7616036,1949705216,1949.705216,2,26,146,2,20250815_211632
1755260140.735018,7616075,1949715200,1949.7152,5,27,146,2,20250815_211632
1755260140.745002,7616114,1949725184,1949.725184,8,26,145,2,20250815_211632
1755260140.754986,7616153,1949735168,1949.735168,12,27,146,2,20250815_211632
1755260140.76497,7616192,1949745152,1949.745152,15,26,144,2,20250815_211632
1755260140.774954,7616231,1949755136,1949.755136,18,27,143,2,20250815_211632
1755260140.784938,7616270,1949765120,1949.76512,21,26,142,2,20250815_211632
1755260140.794922,7616309,1949775104,1949.775104,24,26,140,2,20250815_211632
1755260140.804906,7616348,1949785088,1949.785088,27,26,138,2,20250815_211632
1755260140.81489,7616387,1949795072,1949.795072,31,26,136,2,20250815_211632
1755260140.8248742,7616426,1949805056,1949.805056,34,26,132,2,20250815_211632
1755260140.8348582,7616465,1949815040,1949.81504,37,26,127,2,20250815_211632
1755260140.844842,7616504,1949825024,1949.825024,40,26,125,2,20250815_211632
1755260140.854826,7616543,1949835008,1949.835008,43,26,122,2,20250815_211632
1755260140.865066,7616583,1949845248,1949.845248,47,25,117,2,20250815_211632
1755260140.87505,7616622,1949855232,1949.855232,50,26,114,2,20250815_211632
1755260140.885034,7616661,1949865216,1949.865216,53,25,109,2,20250815_211632
1755260140.895018,7616700,1949875200,1949.8752,56,25,106,2,20250815_211632
1755260140.905002,7616739,1949885184,1949.885184,59,25,103,2,20250815_211632
1755260140.914986,7616778,1949895168,1949.895168,63,25,101,2,20250815_211632
1755260140.92497,7616817,1949905152,1949.905152,66,25,99,2,20250815_211632
1755260140.9349542,7616856,1949915136,1949.915136,69,25,98,2,20250815_211632
1755260140.9449382,7616895,1949925120,1949.92512,72,24,97,2,20250815_211632
1755260140.954922,7616934,1949935104,1949.935104,75,24,96,2,20250815_211632
1755260140.964906,7616973,1949945088,1949.945088,78,24,96,2,20250815_211632
1755260140.97489,7617012,1949955072,1949.955072,82,24,96,2,20250815_211632
1755260140.984874,7617051,1949965056,1949.965056,85,23,96,2,20250815_211632
1755260140.994858,7617090,1949975040,1949.97504,88,23,96,2,20250815_211632
1755260141.004842,7617129,1949985024,1949.985024,91,22,96,2,20250815_211632
1755260141.015082,7617169,1949995264,1949.995264,94,22,96,2,20250815_211632
1755260141.025066,7617208,1950005248,1950.005248,98,21,96,2,20250815_211632
1755260141.0350502,7617247,1950015232,1950.015232,101,22,96,2,20250815_211632
1755260141.0450342,7617286,1950025216,1950.025216,104,21,96,2,20250815_211632
1755260141.0550182,7617325,1950035200,1950.0352,107,21,95,2,20250815_211632
1755260141.065002,7617364,1950045184,1950.045184,110,21,96,2,20250815_211632
1755260141.074986,7617403,1950055168,1950.055168,113,21,96,2,20250815_211632
1755260141.08497,7617442,1950065152,1950.065152,117,21,96,2,20250815_211632
1755260141.094954,7617481,1950075136,1950.075136,120,21,96,2,20250815_211632
1755260141.104938,7617520,1950085120,1950.08512,123,21,94,2,20250815_211632
1755260141.114922,7617559,1950095104,1950.095104,126,21,96,2,20250815_211632
1755260141.124906,7617598,1950105088,1950.105088,129,21,96,2,20250815_211632
1755260141.13489,7617637,1950115072,1950.115072,133,21,97,2,20250815_211632
1755260141.144874,7617676,1950125056,1950.125056,136,21,97,2,20250815_211632
1755260141.1551142,7617716,1950135296,1950.135296,139,21,97,2,20250815_211632
1755260141.165098,7617755,1950145280,1950.14528,142,21,97,2,20250815_211632
1755260141.175082,7617794,1950155264,1950.155264,145,21,98,2,20250815_211632
1755260141.185066,7617833,1950165248,1950.165248,149,21,100,2,20250815_211632
1755260141.19505,7617872,1950175232,1950.175232,152,22,101,2,20250815_211632
1755260141.205034,7617911,1950185216,1950.185216,155,21,100,2,20250815_211632
1755260141.215018,7617950,1950195200,1950.1952,158,22,101,2,20250815_211632
1755260141.225002,7617989,1950205184,1950.205184,161,22,102,2,20250815_211632
1755260141.234986,7618028,1950215168,1950.215168,164,22,103,2,20250815_211632
1755260141.24497,7618067,1950225152,1950.225152,168,22,104,2,20250815_211632
1755260141.254954,7618106,1950235136,1950.235136,171,22,105,2,20250815_211632
1755260141.264938,7618145,1950245120,1950.24512,174,22,109,2,20250815_211632
1755260141.274922,7618184,1950255104,1950.255104,177,22,113,2,20250815_211632
1755260141.284906,7618223,1950265088,1950.265088,180,22,118,2,20250815_211632
1755260141.2948902,7618262,1950275072,1950.275072,184,23,126,2,20250815_211632
1755260141.30513,7618302,1950285312,1950.285312,187,22,130,2,20250815_211632
1755260141.315114,7618341,1950295296,1950.295296,190,22,137,2,20250815_211632
1755260141.325098,7618380,1950305280,1950.30528,193,22,138,2,20250815_211632
1755260141.335082,7618419,1950315264,1950.315264,196,22,139,2,20250815_211632
1755260141.345066,7618458,1950325248,1950.325248,200,21,139,2,20250815_211632
1755260141.35505,7618497,1950335232,1950.335232,203,21,139,2,20250815_211632
1755260141.365034,7618536,1950345216,1950.345216,206,21,141,2,20250815_211632
1755260141.375018,7618575,1950355200,1950.3552,209,22,142,2,20250815_211632
1755260141.385002,7618614,1950365184,1950.365184,212,22,142,2,20250815_211632
1755260141.3949862,7618653,1950375168,1950.375168,215,22,144,2,20250815_211632
1755260141.4049702,7618692,1950385152,1950.385152,219,22,144,2,20250815_211632
1755260141.4149542,7618731,1950395136,1950.395136,222,22,144,2,20250815_211632
1755260141.424938,7618770,1950405120,1950.40512,225,22,144,2,20250815_211632
1755260141.434922,7618809,1950415104,1950.415104,228,22,145,2,20250815_211632
1755260141.445162,7618849,1950425344,1950.425344,231,22,145,2,20250815_211632
1755260141.455146,7618888,1950435328,1950.435328,235,23,145,2,20250815_211632
1755260141.46513,7618927,1950445312,1950.445312,238,23,144,2,20250815_211632
1755260141.475114,7618966,1950455296,1950.455296,241,23,145,2,20250815_211632
1755260141.485098,7619005,1950465280,1950.46528,244,23,146,2,20250815_211632
1755260141.495082,7619044,1950475264,1950.475264,247,23,146,2,20250815_211632
1755260141.5050662,7619083,1950485248,1950.485248,251,23,147,2,20250815_211632
1755260141.5150502,7619122,1950495232,1950.495232,254,23,146,2,20250815_211632
1755260141.525034,7619161,1950505216,1950.505216,2,23,146,2,20250815_211632
1755260141.535018,7619200,1950515200,1950.5152,5,24,146,2,20250815_211632
1755260141.545002,7619239,1950525184,1950.525184,8,23,146,2,20250815_211632
1755260141.554986,7619278,1950535168,1950.535168,11,23,146,2,20250815_211632
1755260141.56497,7619317,1950545152,1950.545152,15,23,145,2,20250815_211632
1755260141.574954,7619356,1950555136,1950.555136,18,24,145,2,20250815_211632
1755260141.585194,7619396,1950565376,1950.565376,21,23,144,2,20250815_211632
1755260141.595178,7619435,1950575360,1950.57536,24,24,143,2,20250815_211632
1755260141.605162,7619474,1950585344,1950.585344,27,23,142,2,20250815_211632
1755260141.6151462,7619513,1950595328,1950.595328,31,24,140,2,20250815_211632
1755260141.6251302,7619552,1950605312,1950.605312,34,23,136,2,20250815_211632
1755260141.635114,7619591,1950615296,1950.615296,37,23,132,2,20250815_211632
1755260141.645098,7619630,1950625280,1950.62528,40,23,127,2,20250815_211632
1755260141.655082,7619669,1950635264,1950.635264,43,23,125,2,20250815_211632
1755260141.665066,7619708,1950645248,1950.645248,46,23,120,2,20250815_211632
1755260141.67505,7619747,1950655232,1950.655232,50,23,116,2,20250815_211632
1755260141.685034,7619786,1950665216,1950.665216,53,22,112,2,20250815_211632
1755260141.695018,7619825,1950675200,1950.6752,56,23,108,2,20250815_211632
1755260141.705002,7619864,1950685184,1950.685184,59,22,105,2,20250815_211632
1755260141.714986,7619903,1950695168,1950.695168,62,22,103,2,20250815_211632
1755260141.7252262,7619943,1950705408,1950.705408,66,22,100,2,20250815_211632
1755260141.7352102,7619982,1950715392,1950.715392,69,22,99,2,20250815_211632
1755260141.745194,7620021,1950725376,1950.725376,72,21,98,2,20250815_211632
1755260141.755178,7620060,1950735360,1950.73536,75,22,95,2,20250815_211632
1755260141.765162,7620099,1950745344,1950.745344,78,21,96,2,20250815_211632
1755260141.775146,7620138,1950755328,1950.755328,82,21,95,2,20250815_211632
1755260141.78513,7620177,1950765312,1950.765312,85,20,96,2,20250815_211632
1755260141.795114,7620216,1950775296,1950.775296,88,21,96,2,20250815_211632
1755260141.805098,7620255,1950785280,1950.78528,91,20,96,2,20250815_211632
1755260141.815082,7620294,1950795264,1950.795264,94,20,96,2,20250815_211632
1755260141.825066,7620333,1950805248,1950.805248,97,19,96,2,20250815_211632
1755260141.83505,7620372,1950815232,1950.815232,101,19,96,2,20250815_211632
1755260141.845034,7620411,1950825216,1950.825216,104,20,95,2,20250815_211632
1755260141.855018,7620450,1950835200,1950.8352,107,19,96,2,20250815_211632
1755260141.865258,7620490,1950845440,1950.84544,110,19,96,2,20250815_211632
1755260141.875242,7620529,1950855424,1950.855424,113,19,96,2,20250815_211632
1755260141.885226,7620568,1950865408,1950.865408,117,19,96,2,20250815_211632
1755260141.89521,7620607,1950875392,1950.875392,120,19,96,2,20250815_211632
1755260141.905194,7620646,1950885376,1950.885376,123,19,96,2,20250815_211632
1755260141.915178,7620685,1950895360,1950.89536,126,19,97,2,20250815_211632
1755260141.925162,7620724,1950905344,1950.905344,129,19,97,2,20250815_211632
1755260141.935146,7620763,1950915328,1950.915328,133,19,97,2,20250815_211632
1755260141.94513,7620802,1950925312,1950.925312,136,19,97,2,20250815_211632
1755260141.955114,7620841,1950935296,1950.935296,139,19,97,2,20250815_211632
1755260141.965098,7620880,1950945280,1950.94528,142,19,98,2,20250815_211632
1755260141.9750822,7620919,1950955264,1950.955264,145,19,99,2,20250815_211632
1755260141.9850662,7620958,1950965248,1950.965248,148,19,99,2,20250815_211632
1755260141.99505,7620997,1950975232,1950.975232,152,19,99,2,20250815_211632
1755260142.005034,7621036,1950985216,1950.985216,155,19,100,2,20250815_211632
1755260142.015274,7621076,1950995456,1950.995456,158,20,101,2,20250815_211632
1755260142.025258,7621115,1951005440,1951.00544,161,19,102,2,20250815_211632
1755260142.035242,7621154,1951015424,1951.015424,164,20,103,2,20250815_211632
1755260142.045226,7621193,1951025408,1951.025408,168,20,104,2,20250815_211632
1755260142.05521,7621232,1951035392,1951.035392,171,20,105,2,20250815_211632
1755260142.065194,7621271,1951045376,1951.045376,174,20,110,2,20250815_211632
1755260142.075178,7621310,1951055360,1951.05536,177,20,112,2,20250815_211632
1755260142.0851622,7621349,1951065344,1951.065344,180,20,118,2,20250815_211632
1755260142.0951462,7621388,1951075328,1951.075328,184,21,125,2,20250815_211632
1755260142.10513,7621427,1951085312,1951.085312,187,20,130,2,20250815_211632
1755260142.115114,7621466,1951095296,1951.095296,190,20,136,2,20250815_211632
1755260142.125098,7621505,1951105280,1951.10528,193,20,138,2,20250815_211632
1755260142.135082,7621544,1951115264,1951.115264,196,20,139,2,20250815_211632
1755260142.145066,7621583,1951125248,1951.125248,199,20,139,2,20250815_211632
1755260142.15505,7621622,1951135232,1951.135232,203,20,139,2,20250815_211632
1755260142.16529,7621662,1951145472,1951.145472,206,20,141,2,20250815_211632
1755260142.175274,7621701,1951155456,1951.155456,209,20,141,2,20250815_211632
1755260142.1852582,7621740,1951165440,1951.16544,212,20,142,2,20250815_211632
1755260142.1952422,7621779,1951175424,1951.175424,215,20,143,2,20250815_211632
1755260142.2052262,7621818,1951185408,1951.185408,219,20,143,2,20250815_211632
1755260142.21521,7621857,1951195392,1951.195392,222,20,144,2,20250815_211632
1755260142.225194,7621896,1951205376,1951.205376,225,20,144,2,20250815_211632
1755260142.235178,7621935,1951215360,1951.21536,228,21,144,2,20250815_211632
1755260142.245162,7621974,1951225344,1951.225344,231,21,144,2,20250815_211632
1755260142.255146,7622013,1951235328,1951.235328,234,21,144,2,20250815_211632
1755260142.26513,7622052,1951245312,1951.245312,238,21,145,2,20250815_211632
1755260142.275114,7622091,1951255296,1951.255296,241,21,145,2,20250815_211632
1755260142.285098,7622130,1951265280,1951.26528,244,22,145,2,20250815_211632
1755260142.295082,7622169,1951275264,1951.275264,247,21,145,2,20250815_211632
1755260142.3053222,7622209,1951285504,1951.285504,250,22,145,2,20250815_211632
1755260142.3153062,7622248,1951295488,1951.295488,254,22,146,2,20250815_211632
1755260142.32529,7622287,1951305472,1951.305472,2,21,146,2,20250815_211632
1755260142.335274,7622326,1951315456,1951.315456,5,22,146,2,20250815_211632
1755260142.345258,7622365,1951325440,1951.32544,8,21,146,2,20250815_211632
1755260142.355242,7622404,1951335424,1951.335424,11,22,146,2,20250815_211632
1755260142.365226,7622443,1951345408,1951.345408,15,21,146,2,20250815_211632
1755260142.37521,7622482,1951355392,1951.355392,18,22,146,2,20250815_211632
1755260142.385194,7622521,1951365376,1951.365376,21,21,145,2,20250815_211632
1755260142.395178,7622560,1951375360,1951.37536,24,22,144,2,20250815_211632
1755260142.405162,7622599,1951385344,1951.385344,27,21,143,2,20250815_211632
1755260142.415146,7622638,1951395328,1951.395328,30,22,141,2,20250815_211632
1755260142.42513,7622677,1951405312,1951.405312,34,21,138,2,20250815_211632
1755260142.435114,7622716,1951415296,1951.415296,37,22,134,2,20250815_211632
1755260142.445354,7622756,1951425536,1951.425536,40,21,129,2,20250815_211632
1755260142.455338,7622795,1951435520,1951.43552,43,22,126,2,20250815_211632
1755260142.465322,7622834,1951445504,1951.445504,46,21,122,2,20250815_211632
1755260142.475306,7622873,1951455488,1951.455488,50,21,117,2,20250815_211632
1755260142.48529,7622912,1951465472,1951.465472,53,21,113,2,20250815_211632
1755260142.495274,7622951,1951475456,1951.475456,56,21,109,2,20250815_211632
1755260142.505258,7622990,1951485440,1951.48544,59,21,106,2,20250815_211632
1755260142.515242,7623029,1951495424,1951.495424,62,21,103,2,20250815_211632
1755260142.525226,7623068,1951505408,1951.505408,66,21,100,2,20250815_211632
1755260142.53521,7623107,1951515392,1951.515392,69,21,99,2,20250815_211632
1755260142.545194,7623146,1951525376,1951.525376,72,20,99,2,20250815_211632
1755260142.555434,7623186,1951535616,1951.535616,75,20,97,2,20250815_211632
1755260142.565418,7623225,1951545600,1951.5456,78,18,96,2,20250815_211632
1755260142.575402,7623264,1951555584,1951.555584,81,20,96,2,20250815_211632
1755260142.585386,7623303,1951565568,1951.565568,85,20,96,2,20250815_211632
1755260142.59537,7623342,1951575552,1951.575552,88,19,96,2,20250815_211632
1755260142.605354,7623381,1951585536,1951.585536,91,19,96,2,20250815_211632
1755260142.615338,7623420,1951595520,1951.59552,94,19,96,2,20250815_211632
1755260142.625322,7623459,1951605504,1951.605504,97,18,96,2,20250815_211632
1755260142.635306,7623498,1951615488,1951.615488,101,18,95,2,20250815_211632
1755260142.64529,7623537,1951625472,1951.625472,104,17,96,2,20250815_211632
1755260142.6552742,7623576,1951635456,1951.635456,107,18,96,2,20250815_211632
1755260142.6652582,7623615,1951645440,1951.64544,110,18,96,2,20250815_211632
1755260142.6752422,7623654,1951655424,1951.655424,113,18,95,2,20250815_211632
1755260142.685226,7623693,1951665408,1951.665408,117,18,96,2,20250815_211632
1755260142.69521,7623732,1951675392,1951.675392,120,18,97,2,20250815_211632
1755260142.70545,7623772,1951685632,1951.685632,123,18,96,2,20250815_211632
1755260142.715434,7623811,1951695616,1951.695616,126,18,97,2,20250815_211632
1755260142.725418,7623850,1951705600,1951.7056,129,18,97,2,20250815_211632
1755260142.735402,7623889,1951715584,1951.715584,132,18,97,2,20250815_211632
1755260142.745386,7623928,1951725568,1951.725568,136,18,97,2,20250815_211632
1755260142.75537,7623967,1951735552,1951.735552,139,18,98,2,20250815_211632
1755260142.7653542,7624006,1951745536,1951.745536,142,18,98,2,20250815_211632
1755260142.7753382,7624045,1951755520,1951.75552,145,19,98,2,20250815_211632
1755260142.785322,7624084,1951765504,1951.765504,148,18,99,2,20250815_211632
1755260142.795306,7624123,1951775488,1951.775488,152,19,99,2,20250815_211632
1755260142.80529,7624162,1951785472,1951.785472,155,18,100,2,20250815_211632
1755260142.815274,7624201,1951795456,1951.795456,158,19,101,2,20250815_211632
1755260142.825258,7624240,1951805440,1951.80544,161,19,102,2,20250815_211632
1755260142.835242,7624279,1951815424,1951.815424,164,19,102,2,20250815_211632
1755260142.845482,7624319,1951825664,1951.825664,168,19,104,2,20250815_211632
1755260142.855466,7624358,1951835648,1951.835648,171,19,106,2,20250815_211632
1755260142.86545,7624397,1951845632,1951.845632,174,19,109,2,20250815_211632
1755260142.8754342,7624436,1951855616,1951.855616,177,20,114,2,20250815_211632
1755260142.8854182,7624475,1951865600,1951.8656,180,19,120,2,20250815_211632
1755260142.895402,7624514,1951875584,1951.875584,183,20,127,2,20250815_211632
1755260142.905386,7624553,1951885568,1951.885568,187,19,131,2,20250815_211632
1755260142.91537,7624592,1951895552,1951.895552,190,20,137,2,20250815_211632
1755260142.925354,7624631,1951905536,1951.905536,193,19,138,2,20250815_211632
1755260142.935338,7624670,1951915520,1951.91552,196,20,139,2,20250815_211632
1755260142.945322,7624709,1951925504,1951.925504,199,19,139,2,20250815_211632
1755260142.955306,7624748,1951935488,1951.935488,203,20,140,2,20250815_211632
1755260142.96529,7624787,1951945472,1951.945472,206,19,140,2,20250815_211632
1755260142.975274,7624826,1951955456,1951.955456,209,20,142,2,20250815_211632
1755260142.9855142,7624866,1951965696,1951.965696,212,19,142,2,20250815_211632
1755260142.9954982,7624905,1951975680,1951.97568,215,20,143,2,20250815_211632
1755260143.005482,7624944,1951985664,1951.985664,218,20,144,2,20250815_211632
1755260143.015466,7624983,1951995648,1951.995648,222,20,145,2,20250815_211632
1755260143.02545,7625022,1952005632,1952.005632,225,20,143,2,20250815_211632
1755260143.035434,7625061,1952015616,1952.015616,228,20,144,2,20250815_211632
1755260143.045418,7625100,1952025600,1952.0256,231,20,144,2,20250815_211632
1755260143.055402,7625139,1952035584,1952.035584,234,22,145,2,20250815_211632
1755260143.065386,7625178,1952045568,1952.045568,238,21,145,2,20250815_211632
1755260143.07537,7625217,1952055552,1952.055552,241,21,146,2,20250815_211632
1755260143.085354,7625256,1952065536,1952.065536,244,21,144,2,20250815_211632
1755260143.095338,7625295,1952075520,1952.07552,247,21,145,2,20250815_211632
1755260143.105322,7625334,1952085504,1952.085504,250,21,145,2,20250815_211632
1755260143.115306,7625373,1952095488,1952.095488,254,21,146,2,20250815_211632
1755260143.1252902,7625412,1952105472,1952.105472,2,21,145,2,20250815_211632
1755260143.13553,7625452,1952115712,1952.115712,5,22,146,2,20250815_211632
1755260143.145514,7625491,1952125696,1952.125696,8,21,146,2,20250815_211632
1755260143.155498,7625530,1952135680,1952.13568,11,21,146,2,20250815_211632
1755260143.165482,7625569,1952145664,1952.145664,14,21,146,2,20250815_211632
1755260143.175466,7625608,1952155648,1952.155648,18,22,146,2,20250815_211632
1755260143.18545,7625647,1952165632,1952.165632,21,21,145,2,20250815_211632
1755260143.195434,7625686,1952175616,1952.175616,24,22,144,2,20250815_211632
1755260143.205418,7625725,1952185600,1952.1856,27,21,143,2,20250815_211632
1755260143.215402,7625764,1952195584,1952.195584,30,22,140,2,20250815_211632
1755260143.225386,7625803,1952205568,1952.205568,34,22,138,2,20250815_211632
1755260143.2353702,7625842,1952215552,1952.215552,37,22,134,2,20250815_211632
1755260143.2453542,7625881,1952225536,1952.225536,40,21,129,2,20250815_211632
1755260143.255338,7625920,1952235520,1952.23552,43,22,127,2,20250815_211632
1755260143.265322,7625959,1952245504,1952.245504,46,22,122,2,20250815_211632
1755260143.275562,7625999,1952255744,1952.255744,50,22,117,2,20250815_211632
1755260143.285546,7626038,1952265728,1952.265728,53,22,113,2,20250815_211632
1755260143.29553,7626077,1952275712,1952.275712,56,22,109,2,20250815_211632
1755260143.305514,7626116,1952285696,1952.285696,59,21,106,2,20250815_211632
1755260143.315498,7626155,1952295680,1952.29568,62,22,103,2,20250815_211632
1755260143.325482,7626194,1952305664,1952.305664,65,21,101,2,20250815_211632
1755260143.335466,7626233,1952315648,1952.315648,69,21,99,2,20250815_211632
1755260143.3454502,7626272,1952325632,1952.325632,72,21,97,2,20250815_211632
1755260143.3554342,7626311,1952335616,1952.335616,75,21,97,2,20250815_211632
1755260143.365418,7626350,1952345600,1952.3456,78,20,96,2,20250815_211632
1755260143.375402,7626389,1952355584,1952.355584,81,21,95,2,20250815_211632
1755260143.385386,7626428,1952365568,1952.365568,85,20,95,2,20250815_211632
1755260143.39537,7626467,1952375552,1952.375552,88,20,96,2,20250815_211632
1755260143.405354,7626506,1952385536,1952.385536,91,19,96,2,20250815_211632
1755260143.415594,7626546,1952395776,1952.395776,94,20,95,2,20250815_211632
1755260143.425578,7626585,1952405760,1952.40576,97,18,96,2,20250815_211632
1755260143.435562,7626624,1952415744,1952.415744,101,19,96,2,20250815_211632
1755260143.4455462,7626663,1952425728,1952.425728,104,19,96,2,20250815_211632
1755260143.4555302,7626702,1952435712,1952.435712,107,19,97,2,20250815_211632
1755260143.4655142,7626741,1952445696,1952.445696,110,18,96,2,20250815_211632
1755260143.475498,7626780,1952455680,1952.45568,113,19,96,2,20250815_211632
1755260143.485482,7626819,1952465664,1952.465664,116,19,96,2,20250815_211632
1755260143.495466,7626858,1952475648,1952.475648,120,19,96,2,20250815_211632
1755260143.50545,7626897,1952485632,1952.485632,123,18,97,2,20250815_211632
1755260143.515434,7626936,1952495616,1952.495616,126,19,97,2,20250815_211632
1755260143.525418,7626975,1952505600,1952.5056,129,19,97,2,20250815_211632
1755260143.535402,7627014,1952515584,1952.515584,132,19,97,2,20250815_211632
1755260143.545386,7627053,1952525568,1952.525568,136,19,97,2,20250815_211632
1755260143.55537,7627092,1952535552,1952.535552,139,20,97,2,20250815_211632
1755260143.5656102,7627132,1952545792,1952.545792,142,19,98,2,20250815_211632
1755260143.575594,7627171,1952555776,1952.555776,145,19,98,2,20250815_211632
1755260143.585578,7627210,1952565760,1952.56576,148,19,99,2,20250815_211632
1755260143.595562,7627249,1952575744,1952.575744,151,20,100,2,20250815_211632
1755260143.605546,7627288,1952585728,1952.585728,155,19,100,2,20250815_211632
1755260143.61553,7627327,1952595712,1952.595712,158,20,101,2,20250815_211632
1755260143.625514,7627366,1952605696,1952.605696,161,20,102,2,20250815_211632
1755260143.635498,7627405,1952615680,1952.61568,164,20,103,2,20250815_211632
1755260143.645482,7627444,1952625664,1952.625664,167,20,104,2,20250815_211632
1755260143.655466,7627483,1952635648,1952.635648,171,21,106,2,20250815_211632
1755260143.66545,7627522,1952645632,1952.645632,174,20,108,2,20250815_211632
1755260143.675434,7627561,1952655616,1952.655616,177,21,112,2,20250815_211632
1755260143.685418,7627600,1952665600,1952.6656,180,21,118,2,20250815_211632
1755260143.695402,7627639,1952675584,1952.675584,183,21,124,2,20250815_211632
1755260143.705642,7627679,1952685824,1952.685824,187,22,130,2,20250815_211632
1755260143.715626,7627718,1952695808,1952.695808,190,21,136,2,20250815_211632
1755260143.72561,7627757,1952705792,1952.705792,193,21,139,2,20250815_211632
1755260143.735594,7627796,1952715776,1952.715776,196,21,139,2,20250815_211632
1755260143.745578,7627835,1952725760,1952.72576,199,21,139,2,20250815_211632
1755260143.755562,7627874,1952735744,1952.735744,202,21,139,2,20250815_211632
1755260143.765546,7627913,1952745728,1952.745728,206,21,141,2,20250815_211632
1755260143.77553,7627952,1952755712,1952.755712,209,21,142,2,20250815_211632
1755260143.785514,7627991,1952765696,1952.765696,212,21,143,2,20250815_211632
1755260143.795498,7628030,1952775680,1952.77568,215,22,143,2,20250815_211632
1755260143.805482,7628069,1952785664,1952.785664,218,21,144,2,20250815_211632
1755260143.8154662,7628108,1952795648,1952.795648,222,22,144,2,20250815_211632
1755260143.8254502,7628147,1952805632,1952.805632,225,22,145,2,20250815_211632
1755260143.835434,7628186,1952815616,1952.815616,228,22,145,2,20250815_211632
1755260143.845418,7628225,1952825600,1952.8256,231,22,145,2,20250815_211632
1755260143.855658,7628265,1952835840,1952.83584,234,23,145,2,20250815_211632
1755260143.865642,7628304,1952845824,1952.845824,238,22,145,2,20250815_211632
1755260143.875626,7628343,1952855808,1952.855808,241,23,146,2,20250815_211632
1755260143.88561,7628382,1952865792,1952.865792,244,23,146,2,20250815_211632
1755260143.895594,7628421,1952875776,1952.875776,247,23,145,2,20250815_211632
1755260143.905578,7628460,1952885760,1952.88576,250,23,146,2,20250815_211632
1755260143.9155622,7628499,1952895744,1952.895744,253,24,146,2,20250815_211632
1755260143.9255462,7628538,1952905728,1952.905728,2,23,146,2,20250815_211632
1755260143.9355302,7628577,1952915712,1952.915712,5,24,146,2,20250815_211632
1755260143.945514,7628616,1952925696,1952.925696,8,24,145,2,20250815_211632
1755260143.955498,7628655,1952935680,1952.93568,11,24,146,2,20250815_211632
1755260143.965482,7628694,1952945664,1952.945664,14,24,146,2,20250815_211632
1755260143.975466,7628733,1952955648,1952.955648,18,24,145,2,20250815_211632
1755260143.98545,7628772,1952965632,1952.965632,21,24,144,2,20250815_211632
1755260143.99569,7628812,1952975872,1952.975872,24,24,143,2,20250815_211632
1755260144.005674,7628851,1952985856,1952.985856,27,24,142,2,20250815_211632
1755260144.015658,7628890,1952995840,1952.99584,30,25,139,2,20250815_211632
1755260144.0256422,7628929,1953005824,1953.005824,34,24,136,2,20250815_211632
1755260144.0356262,7628968,1953015808,1953.015808,37,24,133,2,20250815_211632
1755260144.04561,7629007,1953025792,1953.025792,40,24,128,2,20250815_211632
1755260144.055594,7629046,1953035776,1953.035776,43,25,125,2,20250815_211632
1755260144.065578,7629085,1953045760,1953.04576,46,24,120,2,20250815_211632
1755260144.075562,7629124,1953055744,1953.055744,49,25,116,2,20250815_211632
1755260144.085546,7629163,1953065728,1953.065728,53,24,112,2,20250815_211632
1755260144.09553,7629202,1953075712,1953.075712,56,24,108,2,20250815_211632
1755260144.105514,7629241,1953085696,1953.085696,59,24,106,2,20250815_211632
1755260144.115498,7629280,1953095680,1953.09568,62,24,103,2,20250815_211632
1755260144.125482,7629319,1953105664,1953.105664,65,24,100,2,20250815_211632
1755260144.135466,7629358,1953115648,1953.115648,69,24,98,2,20250815_211632
1755260144.1457062,7629398,1953125888,1953.125888,72,23,97,2,20250815_211632
1755260144.15569,7629437,1953135872,1953.135872,75,24,96,2,20250815_211632
1755260144.165674,7629476,1953145856,1953.145856,78,23,95,2,20250815_211632
1755260144.175658,7629515,1953155840,1953.15584,81,23,95,2,20250815_211632
1755260144.185642,7629554,1953165824,1953.165824,84,22,95,2,20250815_211632
1755260144.195626,7629593,1953175808,1953.175808,88,22,94,2,20250815_211632
1755260144.20561,7629632,1953185792,1953.185792,91,22,96,2,20250815_211632
1755260144.215594,7629671,1953195776,1953.195776,94,22,96,2,20250815_211632
1755260144.225578,7629710,1953205760,1953.20576,97,21,95,2,20250815_211632
1755260144.235562,7629749,1953215744,1953.215744,100,22,96,2,20250815_211632
1755260144.245546,7629788,1953225728,1953.225728,104,21,96,2,20250815_211632
1755260144.25553,7629827,1953235712,1953.235712,107,21,96,2,20250815_211632
1755260144.265514,7629866,1953245696,1953.245696,110,21,96,2,20250815_211632
1755260144.2754982,7629905,1953255680,1953.25568,113,21,96,2,20250815_211632
1755260144.285738,7629945,1953265920,1953.26592,116,21,96,2,20250815_211632
1755260144.295722,7629984,1953275904,1953.275904,120,21,96,2,20250815_211632
1755260144.305706,7630023,1953285888,1953.285888,123,21,96,2,20250815_211632
1755260144.31569,7630062,1953295872,1953.295872,126,21,96,2,20250815_211632
1755260144.325674,7630101,1953305856,1953.305856,129,21,97,2,20250815_211632
1755260144.335658,7630140,1953315840,1953.31584,132,21,96,2,20250815_211632
1755260144.345642,7630179,1953325824,1953.325824,135,21,97,2,20250815_211632
1755260144.355626,7630218,1953335808,1953.335808,139,22,97,2,20250815_211632
1755260144.36561,7630257,1953345792,1953.345792,142,22,98,2,20250815_211632
1755260144.375594,7630296,1953355776,1953.355776,145,22,98,2,20250815_211632
1755260144.3855782,7630335,1953365760,1953.36576,148,22,99,2,20250815_211632
1755260144.3955622,7630374,1953375744,1953.375744,151,22,100,2,20250815_211632
1755260144.405546,7630413,1953385728,1953.385728,155,22,100,2,20250815_211632
1755260144.41553,7630452,1953395712,1953.395712,158,23,101,2,20250815_211632
1755260144.42577,7630492,1953405952,1953.405952,161,23,102,2,20250815_211632
1755260144.435754,7630531,1953415936,1953.415936,164,23,103,2,20250815_211632
1755260144.445738,7630570,1953425920,1953.42592,167,23,104,2,20250815_211632
1755260144.455722,7630609,1953435904,1953.435904,171,23,105,2,20250815_211632
1755260144.465706,7630648,1953445888,1953.445888,174,23,108,2,20250815_211632
1755260144.47569,7630687,1953455872,1953.455872,177,24,112,2,20250815_211632
1755260144.485674,7630726,1953465856,1953.465856,180,24,117,2,20250815_211632
1755260144.4956582,7630765,1953475840,1953.47584,183,24,124,2,20250815_211632
1755260144.5056422,7630804,1953485824,1953.485824,186,24,130,2,20250815_211632
1755260144.515626,7630843,1953495808,1953.495808,190,24,136,2,20250815_211632
1755260144.52561,7630882,1953505792,1953.505792,193,24,139,2,20250815_211632
1755260144.535594,7630921,1953515776,1953.515776,196,24,140,2,20250815_211632
1755260144.545578,7630960,1953525760,1953.52576,199,24,140,2,20250815_211632
1755260144.555562,7630999,1953535744,1953.535744,202,24,140,2,20250815_211632
1755260144.565546,7631038,1953545728,1953.545728,206,23,142,2,20250815_211632
1755260144.575786,7631078,1953555968,1953.555968,209,24,142,2,20250815_211632
1755260144.58577,7631117,1953565952,1953.565952,212,23,142,2,20250815_211632
1755260144.595754,7631156,1953575936,1953.575936,215,25,144,2,20250815_211632
1755260144.6057382,7631195,1953585920,1953.58592,218,24,144,2,20250815_211632
1755260144.6157222,7631234,1953595904,1953.595904,222,25,146,2,20250815_211632
1755260144.625706,7631273,1953605888,1953.605888,225,25,144,2,20250815_211632
1755260144.63569,7631312,1953615872,1953.615872,228,25,145,2,20250815_211632
1755260144.645674,7631351,1953625856,1953.625856,231,25,145,2,20250815_211632
1755260144.655658,7631390,1953635840,1953.63584,234,26,145,2,20250815_211632
1755260144.665642,7631429,1953645824,1953.645824,237,25,145,2,20250815_211632
1755260144.675626,7631468,1953655808,1953.655808,241,26,147,2,20250815_211632
1755260144.68561,7631507,1953665792,1953.665792,244,26,146,2,20250815_211632
1755260144.695594,7631546,1953675776,1953.675776,247,27,146,2,20250815_211632
1755260144.705578,7631585,1953685760,1953.68576,250,26,146,2,20250815_211632
1755260144.7158182,7631625,1953696000,1953.696,253,27,146,2,20250815_211632
1755260144.7258022,7631664,1953705984,1953.705984,2,27,146,2,20250815_211632
1755260144.735786,7631703,1953715968,1953.715968,5,27,147,2,20250815_211632
1755260144.74577,7631742,1953725952,1953.725952,8,27,146,2,20250815_211632
1755260144.755754,7631781,1953735936,1953.735936,11,27,146,2,20250815_211632
1755260144.765738,7631820,1953745920,1953.74592,14,27,146,2,20250815_211632
1755260144.775722,7631859,1953755904,1953.755904,17,27,146,2,20250815_211632
1755260144.785706,7631898,1953765888,1953.765888,21,27,144,2,20250815_211632
1755260144.79569,7631937,1953775872,1953.775872,24,28,143,2,20250815_211632
1755260144.805674,7631976,1953785856,1953.785856,27,27,142,2,20250815_211632
1755260144.815658,7632015,1953795840,1953.79584,30,28,140,2,20250815_211632
1755260144.825642,7632054,1953805824,1953.805824,33,27,137,2,20250815_211632
1755260144.835626,7632093,1953815808,1953.815808,37,28,132,2,20250815_211632
1755260144.84561,7632132,1953825792,1953.825792,40,28,128,2,20250815_211632
1755260144.8555942,7632171,1953835776,1953.835776,43,28,127,2,20250815_211632
1755260144.865834,7632211,1953846016,1953.846016,46,27,121,2,20250815_211632
1755260144.875818,7632250,1953856000,1953.856,49,28,117,2,20250815_211632
1755260144.885802,7632289,1953865984,1953.865984,53,27,113,2,20250815_211632
1755260144.895786,7632328,1953875968,1953.875968,56,27,109,2,20250815_211632
1755260144.90577,7632367,1953885952,1953.885952,59,27,106,2,20250815_211632
1755260144.915754,7632406,1953895936,1953.895936,62,27,103,2,20250815_211632
1755260144.925738,7632445,1953905920,1953.90592,65,26,101,2,20250815_211632
1755260144.935722,7632484,1953915904,1953.915904,68,28,99,2,20250815_211632
1755260144.945706,7632523,1953925888,1953.925888,72,26,98,2,20250815_211632
1755260144.95569,7632562,1953935872,1953.935872,75,26,96,2,20250815_211632
1755260144.9656742,7632601,1953945856,1953.945856,78,27,95,2,20250815_211632
1755260144.9756582,7632640,1953955840,1953.95584,81,26,97,2,20250815_211632
1755260144.985642,7632679,1953965824,1953.965824,84,25,97,2,20250815_211632
1755260144.995626,7632718,1953975808,1953.975808,88,25,96,2,20250815_211632
1755260145.005866,7632758,1953986048,1953.986048,91,25,96,2,20250815_211632
1755260145.01585,7632797,1953996032,1953.996032,94,24,96,2,20250815_211632
1755260145.025834,7632836,1954006016,1954.006016,97,24,95,2,20250815_211632
1755260145.035818,7632875,1954016000,1954.016,100,24,96,2,20250815_211632
1755260145.045802,7632914,1954025984,1954.025984,104,23,96,2,20250815_211632
1755260145.055786,7632953,1954035968,1954.035968,107,24,96,2,20250815_211632
1755260145.06577,7632992,1954045952,1954.045952,110,23,96,2,20250815_211632
1755260145.0757542,7633031,1954055936,1954.055936,113,24,96,2,20250815_211632
1755260145.0857382,7633070,1954065920,1954.06592,116,23,96,2,20250815_211632
1755260145.095722,7633109,1954075904,1954.075904,119,23,96,2,20250815_211632
1755260145.105706,7633148,1954085888,1954.085888,123,23,96,2,20250815_211632
1755260145.11569,7633187,1954095872,1954.095872,126,24,96,2,20250815_211632
1755260145.125674,7633226,1954105856,1954.105856,129,24,97,2,20250815_211632
1755260145.135658,7633265,1954115840,1954.11584,132,24,96,2,20250815_211632
1755260145.145642,7633304,1954125824,1954.125824,135,24,97,2,20250815_211632
1755260145.155882,7633344,1954136064,1954.136064,139,24,96,2,20250815_211632
1755260145.165866,7633383,1954146048,1954.146048,142,24,98,2,20250815_211632
1755260145.1758502,7633422,1954156032,1954.156032,145,25,98,2,20250815_211632
1755260145.1858342,7633461,1954166016,1954.166016,148,25,99,2,20250815_211632
1755260145.1958182,7633500,1954176000,1954.176,151,25,99,2,20250815_211632
1755260145.205802,7633539,1954185984,1954.185984,155,25,100,2,20250815_211632
1755260145.215786,7633578,1954195968,1954.195968,158,25,101,2,20250815_211632
1755260145.22577,7633617,1954205952,1954.205952,161,25,102,2,20250815_211632
1755260145.235754,7633656,1954215936,1954.215936,164,26,103,2,20250815_211632
1755260145.245738,7633695,1954225920,1954.22592,167,26,105,2,20250815_211632
1755260145.255722,7633734,1954235904,1954.235904,170,27,105,2,20250815_211632
1755260145.265706,7633773,1954245888,1954.245888,174,27,108,2,20250815_211632
1755260145.27569,7633812,1954255872,1954.255872,177,27,113,2,20250815_211632
1755260145.285674,7633851,1954265856,1954.265856,180,27,117,2,20250815_211632
1755260145.2959142,7633891,1954276096,1954.276096,183,28,125,2,20250815_211632
1755260145.305898,7633930,1954286080,1954.28608,186,27,130,2,20250815_211632
1755260145.315882,7633969,1954296064,1954.296064,190,27,136,2,20250815_211632
1755260145.325866,7634008,1954306048,1954.306048,193,27,139,2,20250815_211632
1755260145.33585,7634047,1954316032,1954.316032,196,27,140,2,20250815_211632
1755260145.345834,7634086,1954326016,1954.326016,199,27,140,2,20250815_211632
1755260145.355818,7634125,1954336000,1954.336,202,27,141,2,20250815_211632
1755260145.365802,7634164,1954345984,1954.345984,205,27,144,2,20250815_211632
1755260145.375786,7634203,1954355968,1954.355968,209,27,143,2,20250815_211632
1755260145.38577,7634242,1954365952,1954.365952,212,27,144,2,20250815_211632
1755260145.395754,7634281,1954375936,1954.375936,215,28,144,2,20250815_211632
1755260145.405738,7634320,1954385920,1954.38592,218,28,144,2,20250815_211632
1755260145.415722,7634359,1954395904,1954.395904,221,28,145,2,20250815_211632
1755260145.425962,7634399,1954406144,1954.406144,225,28,146,2,20250815_211632
1755260145.435946,7634438,1954416128,1954.416128,228,29,145,2,20250815_211632
1755260145.44593,7634477,1954426112,1954.426112,231,29,145,2,20250815_211632
1755260145.455914,7634516,1954436096,1954.436096,234,29,145,2,20250815_211632
1755260145.465898,7634555,1954446080,1954.44608,237,29,146,2,20250815_211632
1755260145.475882,7634594,1954456064,1954.456064,241,30,146,2,20250815_211632
1755260145.485866,7634633,1954466048,1954.466048,244,30,146,2,20250815_211632
1755260145.49585,7634672,1954476032,1954.476032,247,31,146,2,20250815_211632
1755260145.505834,7634711,1954486016,1954.486016,250,30,146,2,20250815_211632
1755260145.515818,7634750,1954496000,1954.496,253,31,146,2,20250815_211632
1755260145.525802,7634789,1954505984,1954.505984,1,31,147,2,20250815_211632
1755260145.5357862,7634828,1954515968,1954.515968,5,31,146,2,20250815_211632
1755260145.5457702,7634867,1954525952,1954.525952,8,31,147,2,20250815_211632
1755260145.5557542,7634906,1954535936,1954.535936,11,31,146,2,20250815_211632
1755260145.565738,7634945,1954545920,1954.54592,14,31,146,2,20250815_211632
1755260145.575978,7634985,1954556160,1954.55616,17,31,145,2,20250815_211632
1755260145.585962,7635024,1954566144,1954.566144,21,31,144,2,20250815_211632
1755260145.595946,7635063,1954576128,1954.576128,24,31,143,2,20250815_211632
1755260145.60593,7635102,1954586112,1954.586112,27,31,141,2,20250815_211632
1755260145.615914,7635141,1954596096,1954.596096,30,31,139,2,20250815_211632
1755260145.625898,7635180,1954606080,1954.60608,33,31,135,2,20250815_211632
1755260145.635882,7635219,1954616064,1954.616064,37,31,131,2,20250815_211632
1755260145.6458662,7635258,1954626048,1954.626048,40,31,127,2,20250815_211632
1755260145.6558502,7635297,1954636032,1954.636032,43,31,125,2,20250815_211632
1755260145.665834,7635336,1954646016,1954.646016,46,31,120,2,20250815_211632
1755260145.675818,7635375,1954656000,1954.656,49,31,117,2,20250815_211632
1755260145.685802,7635414,1954665984,1954.665984,52,31,113,2,20250815_211632
1755260145.695786,7635453,1954675968,1954.675968,56,31,108,2,20250815_211632
1755260145.70577,7635492,1954685952,1954.685952,59,31,105,2,20250815_211632
1755260145.71601,7635532,1954696192,1954.696192,62,31,102,2,20250815_211632
1755260145.725994,7635571,1954706176,1954.706176,65,31,100,2,20250815_211632
1755260145.735978,7635610,1954716160,1954.71616,68,31,98,2,20250815_211632
1755260145.745962,7635649,1954726144,1954.726144,72,31,98,2,20250815_211632
1755260145.7559462,7635688,1954736128,1954.736128,75,31,90,2,20250815_211632
1755260145.7659302,7635727,1954746112,1954.746112,78,30,95,2,20250815_211632
1755260145.775914,7635766,1954756096,1954.756096,81,30,96,2,20250815_211632
1755260145.785898,7635805,1954766080,1954.76608,84,30,96,2,20250815_211632
1755260145.795882,7635844,1954776064,1954.776064,88,30,96,2,20250815_211632
1755260145.805866,7635883,1954786048,1954.786048,91,29,96,2,20250815_211632
1755260145.81585,7635922,1954796032,1954.796032,94,29,96,2,20250815_211632
1755260145.825834,7635961,1954806016,1954.806016,97,28,96,2,20250815_211632
1755260145.835818,7636000,1954816000,1954.816,100,28,96,2,20250815_211632
1755260145.845802,7636039,1954825984,1954.825984,103,28,96,2,20250815_211632
1755260145.855786,7636078,1954835968,1954.835968,107,28,95,2,20250815_211632
1755260145.8660262,7636118,1954846208,1954.846208,110,27,96,2,20250815_211632
1755260145.8760102,7636157,1954856192,1954.856192,113,27,96,2,20250815_211632
1755260145.885994,7636196,1954866176,1954.866176,116,28,96,2,20250815_211632
1755260145.895978,7636235,1954876160,1954.87616,119,28,96,2,20250815_211632
1755260145.905962,7636274,1954886144,1954.886144,123,27,96,2,20250815_211632
1755260145.915946,7636313,1954896128,1954.896128,126,28,96,2,20250815_211632
1755260145.92593,7636352,1954906112,1954.906112,129,28,97,2,20250815_211632
1755260145.935914,7636391,1954916096,1954.916096,132,28,96,2,20250815_211632
1755260145.945898,7636430,1954926080,1954.92608,135,28,97,2,20250815_211632
1755260145.955882,7636469,1954936064,1954.936064,139,28,98,2,20250815_211632
1755260145.965866,7636508,1954946048,1954.946048,142,29,98,2,20250815_211632
1755260145.97585,7636547,1954956032,1954.956032,145,29,98,2,20250815_211632
1755260145.985834,7636586,1954966016,1954.966016,148,29,99,2,20250815_211632
1755260145.995818,7636625,1954976000,1954.976,151,30,100,2,20250815_211632
1755260146.006058,7636665,1954986240,1954.98624,154,30,100,2,20250815_211632
1755260146.016042,7636704,1954996224,1954.996224,158,30,101,2,20250815_211632
1755260146.026026,7636743,1955006208,1955.006208,161,30,102,2,20250815_211632
1755260146.03601,7636782,1955016192,1955.016192,164,30,103,2,20250815_211632
1755260146.045994,7636821,1955026176,1955.026176,167,30,104,2,20250815_211632
1755260146.055978,7636860,1955036160,1955.03616,170,30,106,2,20250815_211632
1755260146.065962,7636899,1955046144,1955.046144,174,30,109,2,20250815_211632
1755260146.075946,7636938,1955056128,1955.056128,177,30,113,2,20250815_211632
1755260146.0861862,7636978,1955066368,1955.066368,180,30,119,2,20250815_211632
1755260146.09617,7637017,1955076352,1955.076352,183,30,125,2,20250815_211632
1755260146.106154,7637056,1955086336,1955.086336,186,30,131,2,20250815_211632
1755260146.116138,7637095,1955096320,1955.09632,190,30,137,2,20250815_211632
1755260146.126122,7637134,1955106304,1955.106304,193,29,139,2,20250815_211632
1755260146.136106,7637173,1955116288,1955.116288,196,29,140,2,20250815_211632
1755260146.14609,7637212,1955126272,1955.126272,199,29,140,2,20250815_211632
1755260146.15633,7637252,1955136512,1955.136512,202,29,141,2,20250815_211632
1755260146.166314,7637291,1955146496,1955.146496,206,29,142,2,20250815_211632
1755260146.176298,7637330,1955156480,1955.15648,209,29,144,2,20250815_211632
1755260146.1862822,7637369,1955166464,1955.166464,212,29,144,2,20250815_211632
1755260146.1962662,7637408,1955176448,1955.176448,215,29,144,2,20250815_211632
1755260146.20625,7637447,1955186432,1955.186432,218,29,144,2,20250815_211632
1755260146.216234,7637486,1955196416,1955.196416,221,29,145,2,20250815_211632
1755260146.226474,7637526,1955206656,1955.206656,225,29,145,2,20250815_211632
1755260146.236458,7637565,1955216640,1955.21664,228,30,145,2,20250815_211632
1755260146.246442,7637604,1955226624,1955.226624,231,30,145,2,20250815_211632
1755260146.256426,7637643,1955236608,1955.236608,234,30,146,2,20250815_211632
1755260146.26641,7637682,1955246592,1955.246592,237,30,146,2,20250815_211632
1755260146.276394,7637721,1955256576,1955.256576,241,30,145,2,20250815_211632
1755260146.286378,7637760,1955266560,1955.26656,244,30,146,2,20250815_211632
1755260146.296618,7637800,1955276800,1955.2768,247,30,146,2,20250815_211632
1755260146.306602,7637839,1955286784,1955.286784,250,29,146,2,20250815_211632
1755260146.316586,7637878,1955296768,1955.296768,253,31,147,2,20250815_211632
1755260146.32657,7637917,1955306752,1955.306752,2,30,147,2,20250815_211632
1755260146.336554,7637956,1955316736,1955.316736,5,31,146,2,20250815_211632
1755260146.346538,7637995,1955326720,1955.32672,8,30,147,2,20250815_211632
1755260146.356522,7638034,1955336704,1955.336704,11,30,146,2,20250815_211632
1755260146.366506,7638073,1955346688,1955.346688,14,30,146,2,20250815_211632
1755260146.3767462,7638113,1955356928,1955.356928,18,30,145,2,20250815_211632
1755260146.38673,7638152,1955366912,1955.366912,21,30,144,2,20250815_211632
1755260146.396714,7638191,1955376896,1955.376896,24,30,143,2,20250815_211632
1755260146.406698,7638230,1955386880,1955.38688,27,29,141,2,20250815_211632
1755260146.416682,7638269,1955396864,1955.396864,30,29,140,2,20250815_211632
1755260146.426666,7638308,1955406848,1955.406848,34,29,135,2,20250815_211632
1755260146.436906,7638348,1955417088,1955.417088,37,29,131,2,20250815_211632
1755260146.44689,7638387,1955427072,1955.427072,40,29,127,2,20250815_211632
1755260146.456874,7638426,1955437056,1955.437056,43,29,126,2,20250815_211632
1755260146.466858,7638465,1955447040,1955.44704,46,28,121,2,20250815_211632
1755260146.4768422,7638504,1955457024,1955.457024,49,28,118,2,20250815_211632
1755260146.4868262,7638543,1955467008,1955.467008,53,28,113,2,20250815_211632
1755260146.49681,7638582,1955476992,1955.476992,56,28,109,2,20250815_211632
1755260146.506794,7638621,1955486976,1955.486976,59,28,106,2,20250815_211632
1755260146.516778,7638660,1955496960,1955.49696,62,28,102,2,20250815_211632
1755260146.527018,7638700,1955507200,1955.5072,65,27,101,2,20250815_211632
1755260146.537002,7638739,1955517184,1955.517184,69,28,99,2,20250815_211632
1755260146.546986,7638778,1955527168,1955.527168,72,27,96,2,20250815_211632
1755260146.55697,7638817,1955537152,1955.537152,75,27,97,2,20250815_211632
1755260146.566954,7638856,1955547136,1955.547136,78,27,95,2,20250815_211632
1755260146.5769382,7638895,1955557120,1955.55712,81,27,95,2,20250815_211632
1755260146.5869222,7638934,1955567104,1955.567104,85,27,95,2,20250815_211632
1755260146.5969062,7638973,1955577088,1955.577088,88,26,97,2,20250815_211632
1755260146.60689,7639012,1955587072,1955.587072,91,26,96,2,20250815_211632
1755260146.616874,7639051,1955597056,1955.597056,94,25,96,2,20250815_211632
1755260146.626858,7639090,1955607040,1955.60704,97,25,96,2,20250815_211632
1755260146.636842,7639129,1955617024,1955.617024,100,25,96,2,20250815_211632
1755260146.646826,7639168,1955627008,1955.627008,104,24,96,2,20250815_211632
1755260146.65681,7639207,1955636992,1955.636992,107,25,95,2,20250815_211632
1755260146.666794,7639246,1955646976,1955.646976,110,24,96,2,20250815_211632
1755260146.677034,7639286,1955657216,1955.657216,113,24,96,2,20250815_211632
1755260146.6870182,7639325,1955667200,1955.6672,116,24,96,2,20250815_211632
1755260146.6970022,7639364,1955677184,1955.677184,120,24,96,2,20250815_211632
1755260146.706986,7639403,1955687168,1955.687168,123,24,96,2,20250815_211632
1755260146.71697,7639442,1955697152,1955.697152,126,24,96,2,20250815_211632
1755260146.726954,7639481,1955707136,1955.707136,129,24,96,2,20250815_211632
1755260146.736938,7639520,1955717120,1955.71712,132,25,96,2,20250815_211632
1755260146.746922,7639559,1955727104,1955.727104,136,25,97,2,20250815_211632
1755260146.756906,7639598,1955737088,1955.737088,139,25,97,2,20250815_211632
1755260146.76689,7639637,1955747072,1955.747072,142,25,98,2,20250815_211632
1755260146.776874,7639676,1955757056,1955.757056,145,26,99,2,20250815_211632
1755260146.786858,7639715,1955767040,1955.76704,148,26,98,2,20250815_211632
1755260146.796842,7639754,1955777024,1955.777024,151,26,100,2,20250815_211632
1755260146.806826,7639793,1955787008,1955.787008,155,26,100,2,20250815_211632
1755260146.817066,7639833,1955797248,1955.797248,158,27,101,2,20250815_211632
1755260146.82705,7639872,1955807232,1955.807232,161,26,102,2,20250815_211632
1755260146.837034,7639911,1955817216,1955.817216,164,27,103,2,20250815_211632
1755260146.847018,7639950,1955827200,1955.8272,167,27,105,2,20250815_211632
1755260146.857002,7639989,1955837184,1955.837184,171,27,106,2,20250815_211632
1755260146.866986,7640028,1955847168,1955.847168,174,27,109,2,20250815_211632
1755260146.87697,7640067,1955857152,1955.857152,177,28,113,2,20250815_211632
1755260146.886954,7640106,1955867136,1955.867136,180,28,119,2,20250815_211632
1755260146.896938,7640145,1955877120,1955.87712,183,29,126,2,20250815_211632
1755260146.906922,7640184,1955887104,1955.887104,186,28,131,2,20250815_211632
1755260146.916906,7640223,1955897088,1955.897088,190,29,138,2,20250815_211632
1755260146.92689,7640262,1955907072,1955.907072,193,28,139,2,20250815_211632
1755260146.9368742,7640301,1955917056,1955.917056,196,28,140,2,20250815_211632
1755260146.9468582,7640340,1955927040,1955.92704,199,28,142,2,20250815_211632
1755260146.957098,7640380,1955937280,1955.93728,202,28,141,2,20250815_211632
1755260146.967082,7640419,1955947264,1955.947264,206,28,143,2,20250815_211632
1755260146.977066,7640458,1955957248,1955.957248,209,28,144,2,20250815_211632
1755260146.98705,7640497,1955967232,1955.967232,212,28,145,2,20250815_211632
1755260146.997034,7640536,1955977216,1955.977216,215,29,145,2,20250815_211632
1755260147.007018,7640575,1955987200,1955.9872,218,29,145,2,20250815_211632
1755260147.017002,7640614,1955997184,1955.997184,222,29,145,2,20250815_211632
1755260147.026986,7640653,1956007168,1956.007168,225,29,146,2,20250815_211632
1755260147.03697,7640692,1956017152,1956.017152,228,30,146,2,20250815_211632
1755260147.0469542,7640731,1956027136,1956.027136,231,30,146,2,20250815_211632
1755260147.0569382,7640770,1956037120,1956.03712,234,30,146,2,20250815_211632
1755260147.066922,7640809,1956047104,1956.047104,237,30,146,2,20250815_211632
1755260147.076906,7640848,1956057088,1956.057088,241,31,146,2,20250815_211632
1755260147.08689,7640887,1956067072,1956.067072,244,31,146,2,20250815_211632
1755260147.09713,7640927,1956077312,1956.077312,247,31,147,2,20250815_211632
1755260147.107114,7640966,1956087296,1956.087296,250,31,147,2,20250815_211632
1755260147.117098,7641005,1956097280,1956.09728,253,31,147,2,20250815_211632
1755260147.127082,7641044,1956107264,1956.107264,2,31,147,2,20250815_211632
1755260147.137066,7641083,1956117248,1956.117248,5,31,147,2,20250815_211632
1755260147.14705,7641122,1956127232,1956.127232,8,31,147,2,20250815_211632
1755260147.1570342,7641161,1956137216,1956.137216,11,32,147,2,20250815_211632
1755260147.1670182,7641200,1956147200,1956.1472,14,32,145,2,20250815_211632
1755260147.177002,7641239,1956157184,1956.157184,18,32,146,2,20250815_211632
1755260147.186986,7641278,1956167168,1956.167168,21,32,144,2,20250815_211632
1755260147.19697,7641317,1956177152,1956.177152,24,32,142,2,20250815_211632
1755260147.206954,7641356,1956187136,1956.187136,27,32,140,2,20250815_211632
1755260147.216938,7641395,1956197120,1956.19712,30,34,138,2,20250815_211632
1755260147.226922,7641434,1956207104,1956.207104,33,32,133,2,20250815_211632
1755260147.237162,7641474,1956217344,1956.217344,37,32,128,2,20250815_211632
1755260147.247146,7641513,1956227328,1956.227328,40,32,127,2,20250815_211632
1755260147.25713,7641552,1956237312,1956.237312,43,32,123,2,20250815_211632
1755260147.2671142,7641591,1956247296,1956.247296,46,32,118,2,20250815_211632
1755260147.2770982,7641630,1956257280,1956.25728,49,32,114,2,20250815_211632
1755260147.287082,7641669,1956267264,1956.267264,53,32,110,2,20250815_211632
1755260147.297066,7641708,1956277248,1956.277248,56,32,107,2,20250815_211632
1755260147.30705,7641747,1956287232,1956.287232,59,32,105,2,20250815_211632
1755260147.317034,7641786,1956297216,1956.297216,62,32,101,2,20250815_211632
1755260147.327018,7641825,1956307200,1956.3072,65,32,99,2,20250815_211632
1755260147.337002,7641864,1956317184,1956.317184,69,32,97,2,20250815_211632
1755260147.346986,7641903,1956327168,1956.327168,72,31,96,2,20250815_211632
1755260147.35697,7641942,1956337152,1956.337152,75,31,96,2,20250815_211632
1755260147.366954,7641981,1956347136,1956.347136,78,31,95,2,20250815_211632
1755260147.3771942,7642021,1956357376,1956.357376,81,31,96,2,20250815_211632
1755260147.3871782,7642060,1956367360,1956.36736,84,31,96,2,20250815_211632
1755260147.397162,7642099,1956377344,1956.377344,88,31,96,2,20250815_211632
1755260147.407146,7642138,1956387328,1956.387328,91,30,96,2,20250815_211632
1755260147.41713,7642177,1956397312,1956.397312,94,30,96,2,20250815_211632
1755260147.427114,7642216,1956407296,1956.407296,97,29,95,2,20250815_211632
1755260147.437098,7642255,1956417280,1956.41728,100,29,96,2,20250815_211632
1755260147.447082,7642294,1956427264,1956.427264,104,29,96,2,20250815_211632
1755260147.457066,7642333,1956437248,1956.437248,107,29,97,2,20250815_211632
1755260147.46705,7642372,1956447232,1956.447232,110,28,96,2,20250815_211632
1755260147.477034,7642411,1956457216,1956.457216,113,28,96,2,20250815_211632
1755260147.487018,7642450,1956467200,1956.4672,116,28,96,2,20250815_211632
1755260147.497002,7642489,1956477184,1956.477184,120,28,96,2,20250815_211632
1755260147.506986,7642528,1956487168,1956.487168,123,29,96,2,20250815_211632
1755260147.517226,7642568,1956497408,1956.497408,126,28,98,2,20250815_211632
1755260147.52721,7642607,1956507392,1956.507392,129,28,97,2,20250815_211632
1755260147.537194,7642646,1956517376,1956.517376,132,29,97,2,20250815_211632
1755260147.547178,7642685,1956527360,1956.52736,135,29,97,2,20250815_211632
1755260147.557162,7642724,1956537344,1956.537344,139,29,97,2,20250815_211632
1755260147.567146,7642763,1956547328,1956.547328,142,29,98,2,20250815_211632
1755260147.57713,7642802,1956557312,1956.557312,145,30,98,2,20250815_211632
1755260147.587114,7642841,1956567296,1956.567296,148,30,98,2,20250815_211632
1755260147.597098,7642880,1956577280,1956.57728,151,30,100,2,20250815_211632
1755260147.607082,7642919,1956587264,1956.587264,155,30,100,2,20250815_211632
1755260147.617066,7642958,1956597248,1956.597248,158,31,101,2,20250815_211632
1755260147.6270502,7642997,1956607232,1956.607232,161,31,102,2,20250815_211632
1755260147.6370342,7643036,1956617216,1956.617216,164,31,103,2,20250815_211632
1755260147.647018,7643075,1956627200,1956.6272,167,31,104,2,20250815_211632
1755260147.657002,7643114,1956637184,1956.637184,170,32,106,2,20250815_211632
1755260147.667242,7643154,1956647424,1956.647424,174,31,108,2,20250815_211632
1755260147.677226,7643193,1956657408,1956.657408,177,32,112,2,20250815_211632
1755260147.68721,7643232,1956667392,1956.667392,180,32,118,2,20250815_211632
1755260147.697194,7643271,1956677376,1956.677376,183,32,125,2,20250815_211632
1755260147.707178,7643310,1956687360,1956.68736,186,32,131,2,20250815_211632
1755260147.717162,7643349,1956697344,1956.697344,190,32,137,2,20250815_211632
1755260147.727146,7643388,1956707328,1956.707328,193,32,139,2,20250815_211632
1755260147.7371302,7643427,1956717312,1956.717312,196,32,140,2,20250815_211632
1755260147.7471142,7643466,1956727296,1956.727296,199,32,141,2,20250815_211632
1755260147.757098,7643505,1956737280,1956.73728,202,32,141,2,20250815_211632
1755260147.767082,7643544,1956747264,1956.747264,206,32,143,2,20250815_211632
1755260147.777066,7643583,1956757248,1956.757248,209,32,144,2,20250815_211632
1755260147.78705,7643622,1956767232,1956.767232,212,32,144,2,20250815_211632
1755260147.797034,7643661,1956777216,1956.777216,215,33,145,2,20250815_211632
1755260147.807274,7643701,1956787456,1956.787456,218,33,145,2,20250815_211632
1755260147.817258,7643740,1956797440,1956.79744,221,33,146,2,20250815_211632
1755260147.827242,7643779,1956807424,1956.807424,225,34,146,2,20250815_211632
1755260147.8372262,7643818,1956817408,1956.817408,228,34,146,2,20250815_211632
1755260147.8472102,7643857,1956827392,1956.827392,231,34,146,2,20250815_211632
1755260147.8571942,7643896,1956837376,1956.837376,234,35,146,2,20250815_211632
1755260147.867178,7643935,1956847360,1956.84736,237,35,147,2,20250815_211632
1755260147.877162,7643974,1956857344,1956.857344,241,35,149,2,20250815_211632
1755260147.887146,7644013,1956867328,1956.867328,244,35,147,2,20250815_211632
1755260147.89713,7644052,1956877312,1956.877312,247,36,147,2,20250815_211632
1755260147.907114,7644091,1956887296,1956.887296,250,36,147,2,20250815_211632
1755260147.917098,7644130,1956897280,1956.89728,253,36,147,2,20250815_211632
1755260147.927082,7644169,1956907264,1956.907264,2,36,147,2,20250815_211632
1755260147.937066,7644208,1956917248,1956.917248,5,37,148,2,20250815_211632
1755260147.9473062,7644248,1956927488,1956.927488,8,37,148,2,20250815_211632
1755260147.9572902,7644287,1956937472,1956.937472,11,37,148,2,20250815_211632
1755260147.967274,7644326,1956947456,1956.947456,14,37,148,2,20250815_211632
1755260147.977258,7644365,1956957440,1956.95744,17,37,147,2,20250815_211632
1755260147.987242,7644404,1956967424,1956.967424,21,37,146,2,20250815_211632
1755260147.997226,7644443,1956977408,1956.977408,24,37,145,2,20250815_211632
1755260148.00721,7644482,1956987392,1956.987392,27,37,143,2,20250815_211632
1755260148.017194,7644521,1956997376,1956.997376,30,37,141,2,20250815_211632
1755260148.027178,7644560,1957007360,1957.00736,33,37,137,2,20250815_211632
1755260148.037162,7644599,1957017344,1957.017344,37,38,132,2,20250815_211632
1755260148.047146,7644638,1957027328,1957.027328,40,37,127,2,20250815_211632
1755260148.05713,7644677,1957037312,1957.037312,43,37,124,2,20250815_211632
1755260148.067114,7644716,1957047296,1957.047296,46,37,119,2,20250815_211632
1755260148.077098,7644755,1957057280,1957.05728,49,37,115,2,20250815_211632
1755260148.087082,7644794,1957067264,1957.067264,53,38,112,2,20250815_211632
1755260148.097322,7644834,1957077504,1957.077504,56,38,107,2,20250815_211632
1755260148.107306,7644873,1957087488,1957.087488,59,37,105,2,20250815_211632
1755260148.11729,7644912,1957097472,1957.097472,62,37,102,2,20250815_211632
1755260148.127274,7644951,1957107456,1957.107456,65,37,99,2,20250815_211632
1755260148.137258,7644990,1957117440,1957.11744,68,37,98,2,20250815_211632
1755260148.147242,7645029,1957127424,1957.127424,72,36,97,2,20250815_211632
1755260148.157226,7645068,1957137408,1957.137408,75,36,96,2,20250815_211632
1755260148.16721,7645107,1957147392,1957.147392,78,36,97,2,20250815_211632
1755260148.177194,7645146,1957157376,1957.157376,81,35,95,2,20250815_211632
1755260148.187178,7645185,1957167360,1957.16736,84,35,96,2,20250815_211632
1755260148.1971622,7645224,1957177344,1957.177344,88,34,96,2,20250815_211632
1755260148.2071462,7645263,1957187328,1957.187328,91,34,96,2,20250815_211632
1755260148.2171302,7645302,1957197312,1957.197312,94,33,96,2,20250815_211632
1755260148.227114,7645341,1957207296,1957.207296,97,33,96,2,20250815_211632
1755260148.237354,7645381,1957217536,1957.217536,100,33,96,2,20250815_211632
1755260148.247338,7645420,1957227520,1957.22752,103,33,96,2,20250815_211632
1755260148.257322,7645459,1957237504,1957.237504,107,32,96,2,20250815_211632
1755260148.267306,7645498,1957247488,1957.247488,110,32,96,2,20250815_211632
1755260148.27729,7645537,1957257472,1957.257472,113,32,96,2,20250815_211632
1755260148.287274,7645576,1957267456,1957.267456,116,32,96,2,20250815_211632
1755260148.297258,7645615,1957277440,1957.27744,119,32,96,2,20250815_211632
1755260148.3072422,7645654,1957287424,1957.287424,123,32,96,2,20250815_211632
1755260148.3172262,7645693,1957297408,1957.297408,126,32,96,2,20250815_211632
1755260148.32721,7645732,1957307392,1957.307392,129,32,97,2,20250815_211632
1755260148.337194,7645771,1957317376,1957.317376,132,33,97,2,20250815_211632
1755260148.347178,7645810,1957327360,1957.32736,135,33,97,2,20250815_211632
1755260148.357162,7645849,1957337344,1957.337344,139,33,97,2,20250815_211632
1755260148.367146,7645888,1957347328,1957.347328,142,33,98,2,20250815_211632
1755260148.377386,7645928,1957357568,1957.357568,145,34,98,2,20250815_211632
1755260148.38737,7645967,1957367552,1957.367552,148,34,99,2,20250815_211632
1755260148.397354,7646006,1957377536,1957.377536,151,34,99,2,20250815_211632
1755260148.407338,7646045,1957387520,1957.38752,154,34,100,2,20250815_211632
1755260148.4173222,7646084,1957397504,1957.397504,158,35,101,2,20250815_211632
1755260148.4273062,7646123,1957407488,1957.407488,161,35,102,2,20250815_211632
1755260148.43729,7646162,1957417472,1957.417472,164,35,103,2,20250815_211632
1755260148.447274,7646201,1957427456,1957.427456,167,36,104,2,20250815_211632
1755260148.457258,7646240,1957437440,1957.43744,170,36,106,2,20250815_211632
1755260148.467242,7646279,1957447424,1957.447424,174,37,109,2,20250815_211632
1755260148.477226,7646318,1957457408,1957.457408,177,37,113,2,20250815_211632
1755260148.48721,7646357,1957467392,1957.467392,180,37,120,2,20250815_211632
1755260148.497194,7646396,1957477376,1957.477376,183,37,126,2,20250815_211632
1755260148.507178,7646435,1957487360,1957.48736,186,37,131,2,20250815_211632
1755260148.517162,7646474,1957497344,1957.497344,190,37,137,2,20250815_211632
1755260148.5274022,7646514,1957507584,1957.507584,193,37,139,2,20250815_211632
1755260148.5373862,7646553,1957517568,1957.517568,196,36,140,2,20250815_211632
1755260148.54737,7646592,1957527552,1957.527552,199,37,140,2,20250815_211632
1755260148.557354,7646631,1957537536,1957.537536,202,37,141,2,20250815_211632
1755260148.567338,7646670,1957547520,1957.54752,205,37,143,2,20250815_211632
1755260148.577322,7646709,1957557504,1957.557504,209,37,143,2,20250815_211632
1755260148.587306,7646748,1957567488,1957.567488,212,38,145,2,20250815_211632
1755260148.59729,7646787,1957577472,1957.577472,215,38,145,2,20250815_211632
1755260148.607274,7646826,1957587456,1957.587456,218,38,144,2,20250815_211632
1755260148.617258,7646865,1957597440,1957.59744,221,38,145,2,20250815_211632
1755260148.627242,7646904,1957607424,1957.607424,225,39,145,2,20250815_211632
1755260148.637226,7646943,1957617408,1957.617408,228,39,146,2,20250815_211632
1755260148.64721,7646982,1957627392,1957.627392,231,40,146,2,20250815_211632
1755260148.657194,7647021,1957637376,1957.637376,234,40,146,2,20250815_211632
1755260148.667434,7647061,1957647616,1957.647616,237,40,146,2,20250815_211632
1755260148.677418,7647100,1957657600,1957.6576,241,41,147,2,20250815_211632
1755260148.687402,7647139,1957667584,1957.667584,244,41,147,2,20250815_211632
1755260148.697386,7647178,1957677568,1957.677568,247,41,147,2,20250815_211632
1755260148.70737,7647217,1957687552,1957.687552,250,41,147,2,20250815_211632
1755260148.717354,7647256,1957697536,1957.697536,253,42,147,2,20250815_211632
1755260148.727338,7647295,1957707520,1957.70752,1,42,146,2,20250815_211632
1755260148.737322,7647334,1957717504,1957.717504,5,42,148,2,20250815_211632
1755260148.747306,7647373,1957727488,1957.727488,8,42,147,2,20250815_211632
1755260148.75729,7647412,1957737472,1957.737472,11,43,148,2,20250815_211632
1755260148.767274,7647451,1957747456,1957.747456,14,43,147,2,20250815_211632
1755260148.7772582,7647490,1957757440,1957.75744,17,43,147,2,20250815_211632
1755260148.7872422,7647529,1957767424,1957.767424,21,43,146,2,20250815_211632
1755260148.797226,7647568,1957777408,1957.777408,24,44,145,2,20250815_211632
1755260148.80721,7647607,1957787392,1957.787392,27,43,142,2,20250815_211632
1755260148.81745,7647647,1957797632,1957.797632,30,43,140,2,20250815_211632
1755260148.827434,7647686,1957807616,1957.807616,33,43,137,2,20250815_211632
1755260148.837418,7647725,1957817600,1957.8176,36,43,133,2,20250815_211632
1755260148.847402,7647764,1957827584,1957.827584,40,43,128,2,20250815_211632
1755260148.857386,7647803,1957837568,1957.837568,43,44,125,2,20250815_211632
1755260148.86737,7647842,1957847552,1957.847552,46,43,119,2,20250815_211632
1755260148.877354,7647881,1957857536,1957.857536,49,43,116,2,20250815_211632
1755260148.8873382,7647920,1957867520,1957.86752,52,43,112,2,20250815_211632
1755260148.8973222,7647959,1957877504,1957.877504,56,43,108,2,20250815_211632
1755260148.907306,7647998,1957887488,1957.887488,59,43,105,2,20250815_211632
1755260148.91729,7648037,1957897472,1957.897472,62,43,102,2,20250815_211632
1755260148.927274,7648076,1957907456,1957.907456,65,42,100,2,20250815_211632
1755260148.937258,7648115,1957917440,1957.91744,68,42,98,2,20250815_211632
1755260148.947242,7648154,1957927424,1957.927424,72,42,97,2,20250815_211632
1755260148.957226,7648193,1957937408,1957.937408,75,42,96,2,20250815_211632
1755260148.967466,7648233,1957947648,1957.947648,78,41,96,2,20250815_211632
1755260148.97745,7648272,1957957632,1957.957632,81,41,96,2,20250815_211632
1755260148.987434,7648311,1957967616,1957.967616,84,40,94,2,20250815_211632
1755260148.9974182,7648350,1957977600,1957.9776,87,40,96,2,20250815_211632
1755260149.0074022,7648389,1957987584,1957.987584,91,39,95,2,20250815_211632
1755260149.017386,7648428,1957997568,1957.997568,94,39,95,2,20250815_211632
1755260149.02737,7648467,1958007552,1958.007552,97,38,96,2,20250815_211632
1755260149.037354,7648506,1958017536,1958.017536,100,38,96,2,20250815_211632
1755260149.047338,7648545,1958027520,1958.02752,103,37,96,2,20250815_211632
1755260149.057322,7648584,1958037504,1958.037504,107,37,95,2,20250815_211632
1755260149.067306,7648623,1958047488,1958.047488,110,37,96,2,20250815_211632
1755260149.07729,7648662,1958057472,1958.057472,113,37,96,2,20250815_211632
1755260149.087274,7648701,1958067456,1958.067456,116,37,96,2,20250815_211632
1755260149.097258,7648740,1958077440,1958.07744,119,37,96,2,20250815_211632
1755260149.1074982,7648780,1958087680,1958.08768,123,37,96,2,20250815_211632
1755260149.1174822,7648819,1958097664,1958.097664,126,38,97,2,20250815_211632
1755260149.127466,7648858,1958107648,1958.107648,129,37,97,2,20250815_211632
1755260149.13745,7648897,1958117632,1958.117632,132,37,97,2,20250815_211632
1755260149.147434,7648936,1958127616,1958.127616,135,38,97,2,20250815_211632
1755260149.157418,7648975,1958137600,1958.1376,138,38,97,2,20250815_211632
1755260149.167402,7649014,1958147584,1958.147584,142,38,98,2,20250815_211632
1755260149.177386,7649053,1958157568,1958.157568,145,39,98,2,20250815_211632
1755260149.18737,7649092,1958167552,1958.167552,148,39,99,2,20250815_211632
1755260149.197354,7649131,1958177536,1958.177536,151,39,99,2,20250815_211632
1755260149.207338,7649170,1958187520,1958.18752,154,39,100,2,20250815_211632
1755260149.217322,7649209,1958197504,1958.197504,158,39,100,2,20250815_211632
1755260149.227306,7649248,1958207488,1958.207488,161,39,101,2,20250815_211632
1755260149.23729,7649287,1958217472,1958.217472,164,40,102,2,20250815_211632
1755260149.24753,7649327,1958227712,1958.227712,167,40,104,2,20250815_211632
1755260149.257514,7649366,1958237696,1958.237696,170,40,104,2,20250815_211632
1755260149.267498,7649405,1958247680,1958.24768,174,41,107,2,20250815_211632
1755260149.277482,7649444,1958257664,1958.257664,177,41,111,2,20250815_211632
1755260149.287466,7649483,1958267648,1958.267648,180,41,115,2,20250815_211632
1755260149.29745,7649522,1958277632,1958.277632,183,42,122,2,20250815_211632
1755260149.307434,7649561,1958287616,1958.287616,186,41,127,2,20250815_211632
1755260149.317418,7649600,1958297600,1958.2976,189,41,135,2,20250815_211632
1755260149.327402,7649639,1958307584,1958.307584,193,41,138,2,20250815_211632
1755260149.337386,7649678,1958317568,1958.317568,196,41,139,2,20250815_211632
1755260149.34737,7649717,1958327552,1958.327552,199,41,140,2,20250815_211632
1755260149.3573542,7649756,1958337536,1958.337536,202,41,141,2,20250815_211632
1755260149.3673382,7649795,1958347520,1958.34752,205,41,143,2,20250815_211632
1755260149.377322,7649834,1958357504,1958.357504,209,42,143,2,20250815_211632
1755260149.387562,7649874,1958367744,1958.367744,212,42,144,2,20250815_211632
1755260149.397546,7649913,1958377728,1958.377728,215,42,144,2,20250815_211632
1755260149.40753,7649952,1958387712,1958.387712,218,43,145,2,20250815_211632
1755260149.417514,7649991,1958397696,1958.397696,221,42,145,2,20250815_211632
1755260149.427498,7650030,1958407680,1958.40768,225,42,144,2,20250815_211632
1755260149.437482,7650069,1958417664,1958.417664,228,43,146,2,20250815_211632
1755260149.447466,7650108,1958427648,1958.427648,231,43,146,2,20250815_211632
1755260149.4574502,7650147,1958437632,1958.437632,234,43,146,2,20250815_211632
1755260149.46769,7650187,1958447872,1958.447872,237,43,146,2,20250815_211632
1755260149.477674,7650226,1958457856,1958.457856,240,44,146,2,20250815_211632
1755260149.487658,7650265,1958467840,1958.46784,244,44,146,2,20250815_211632
1755260149.497642,7650304,1958477824,1958.477824,247,44,146,2,20250815_211632
1755260149.507626,7650343,1958487808,1958.487808,250,44,146,2,20250815_211632
1755260149.51761,7650382,1958497792,1958.497792,253,45,147,2,20250815_211632
1755260149.527594,7650421,1958507776,1958.507776,1,44,145,2,20250815_211632
1755260149.537578,7650460,1958517760,1958.51776,5,45,145,2,20250815_211632
1755260149.547562,7650499,1958527744,1958.527744,8,45,146,2,20250815_211632
1755260149.557546,7650538,1958537728,1958.537728,11,45,145,2,20250815_211632
1755260149.5675302,7650577,1958547712,1958.547712,14,45,144,2,20250815_211632
1755260149.5775142,7650616,1958557696,1958.557696,17,45,144,2,20250815_211632
1755260149.587498,7650655,1958567680,1958.56768,21,46,143,2,20250815_211632
1755260149.597738,7650695,1958577920,1958.57792,24,45,141,2,20250815_211632
1755260149.607722,7650734,1958587904,1958.587904,27,45,138,2,20250815_211632
1755260149.617706,7650773,1958597888,1958.597888,30,45,135,2,20250815_211632
1755260149.62769,7650812,1958607872,1958.607872,33,45,131,2,20250815_211632
1755260149.637674,7650851,1958617856,1958.617856,36,46,127,2,20250815_211632
1755260149.647658,7650890,1958627840,1958.62784,40,45,124,2,20250815_211632
1755260149.657642,7650929,1958637824,1958.637824,43,46,120,2,20250815_211632
1755260149.667626,7650968,1958647808,1958.647808,46,45,117,2,20250815_211632
1755260149.6776102,7651007,1958657792,1958.657792,49,45,114,2,20250815_211632
1755260149.6875942,7651046,1958667776,1958.667776,52,45,110,2,20250815_211632
1755260149.697578,7651085,1958677760,1958.67776,56,45,107,2,20250815_211632
1755260149.707562,7651124,1958687744,1958.687744,59,45,102,2,20250815_211632
1755260149.717546,7651163,1958697728,1958.697728,62,45,101,2,20250815_211632
1755260149.72753,7651202,1958707712,1958.707712,65,44,98,2,20250815_211632
1755260149.73777,7651242,1958717952,1958.717952,68,44,98,2,20250815_211632
1755260149.747754,7651281,1958727936,1958.727936,72,44,96,2,20250815_211632
1755260149.757738,7651320,1958737920,1958.73792,75,44,95,2,20250815_211632
1755260149.767722,7651359,1958747904,1958.747904,78,43,96,2,20250815_211632
1755260149.777706,7651398,1958757888,1958.757888,81,43,96,2,20250815_211632
1755260149.7876902,7651437,1958767872,1958.767872,84,42,95,2,20250815_211632
1755260149.7976742,7651476,1958777856,1958.777856,87,42,96,2,20250815_211632
1755260149.807658,7651515,1958787840,1958.78784,91,41,95,2,20250815_211632
1755260149.817642,7651554,1958797824,1958.797824,94,40,95,2,20250815_211632
1755260149.827626,7651593,1958807808,1958.807808,97,40,96,2,20250815_211632
1755260149.83761,7651632,1958817792,1958.817792,100,40,96,2,20250815_211632
1755260149.847594,7651671,1958827776,1958.827776,103,39,95,2,20250815_211632
1755260149.857578,7651710,1958837760,1958.83776,107,39,96,2,20250815_211632
1755260149.867562,7651749,1958847744,1958.847744,110,39,96,2,20250815_211632
1755260149.877802,7651789,1958857984,1958.857984,113,39,96,2,20250815_211632
1755260149.887786,7651828,1958867968,1958.867968,116,39,96,2,20250815_211632
1755260149.8977702,7651867,1958877952,1958.877952,119,39,96,2,20250815_211632
1755260149.9077542,7651906,1958887936,1958.887936,122,39,96,2,20250815_211632
1755260149.917738,7651945,1958897920,1958.89792,126,39,96,2,20250815_211632
1755260149.927722,7651984,1958907904,1958.907904,129,39,96,2,20250815_211632
1755260149.937706,7652023,1958917888,1958.917888,132,39,96,2,20250815_211632
1755260149.94769,7652062,1958927872,1958.927872,135,39,97,2,20250815_211632
1755260149.957674,7652101,1958937856,1958.937856,138,40,98,2,20250815_211632
1755260149.967658,7652140,1958947840,1958.94784,142,40,98,2,20250815_211632
1755260149.977642,7652179,1958957824,1958.957824,145,40,98,2,20250815_211632
1755260149.987626,7652218,1958967808,1958.967808,148,40,100,2,20250815_211632
1755260149.99761,7652257,1958977792,1958.977792,151,41,99,2,20250815_211632
1755260150.007594,7652296,1958987776,1958.987776,154,41,100,2,20250815_211632
1755260150.017578,7652335,1958997760,1958.99776,158,41,100,2,20250815_211632
1755260150.027818,7652375,1959008000,1959.008,161,41,101,2,20250815_211632
1755260150.037802,7652414,1959017984,1959.017984,164,42,102,2,20250815_211632
1755260150.047786,7652453,1959027968,1959.027968,167,42,103,2,20250815_211632
1755260150.05777,7652492,1959037952,1959.037952,170,42,105,2,20250815_211632
1755260150.067754,7652531,1959047936,1959.047936,173,43,107,2,20250815_211632
1755260150.077738,7652570,1959057920,1959.05792,177,43,110,2,20250815_211632
1755260150.087722,7652609,1959067904,1959.067904,180,43,116,2,20250815_211632
1755260150.097706,7652648,1959077888,1959.077888,183,44,122,2,20250815_211632
1755260150.10769,7652687,1959087872,1959.087872,186,43,127,2,20250815_211632
1755260150.117674,7652726,1959097856,1959.097856,189,44,134,2,20250815_211632
1755260150.127658,7652765,1959107840,1959.10784,193,43,138,2,20250815_211632
1755260150.137642,7652804,1959117824,1959.117824,196,44,139,2,20250815_211632
1755260150.1476262,7652843,1959127808,1959.127808,199,43,140,2,20250815_211632
1755260150.1576102,7652882,1959137792,1959.137792,202,44,140,2,20250815_211632
1755260150.167594,7652921,1959147776,1959.147776,205,44,143,2,20250815_211632
1755260150.177834,7652961,1959158016,1959.158016,209,44,144,2,20250815_211632
1755260150.187818,7653000,1959168000,1959.168,212,44,144,2,20250815_211632
1755260150.197802,7653039,1959177984,1959.177984,215,45,144,2,20250815_211632
1755260150.207786,7653078,1959187968,1959.187968,218,45,145,2,20250815_211632
1755260150.21777,7653117,1959197952,1959.197952,221,45,145,2,20250815_211632
1755260150.227754,7653156,1959207936,1959.207936,224,46,146,2,20250815_211632
1755260150.237738,7653195,1959217920,1959.21792,228,46,145,2,20250815_211632
1755260150.247722,7653234,1959227904,1959.227904,231,46,146,2,20250815_211632
1755260150.2577062,7653273,1959237888,1959.237888,234,47,146,2,20250815_211632
1755260150.2676902,7653312,1959247872,1959.247872,237,47,146,2,20250815_211632
1755260150.277674,7653351,1959257856,1959.257856,240,48,146,2,20250815_211632
1755260150.287658,7653390,1959267840,1959.26784,244,48,146,2,20250815_211632
1755260150.297642,7653429,1959277824,1959.277824,247,48,147,2,20250815_211632
1755260150.307626,7653468,1959287808,1959.287808,250,48,146,2,20250815_211632
1755260150.317866,7653508,1959298048,1959.298048,253,49,147,2,20250815_211632
1755260150.32785,7653547,1959308032,1959.308032,1,49,146,2,20250815_211632
1755260150.337834,7653586,1959318016,1959.318016,5,49,146,2,20250815_211632
1755260150.347818,7653625,1959328000,1959.328,8,49,144,2,20250815_211632
1755260150.3578022,7653664,1959337984,1959.337984,11,50,145,2,20250815_211632
1755260150.3677862,7653703,1959347968,1959.347968,14,49,145,2,20250815_211632
1755260150.3777702,7653742,1959357952,1959.357952,17,50,144,2,20250815_211632
1755260150.387754,7653781,1959367936,1959.367936,20,50,144,2,20250815_211632
1755260150.397738,7653820,1959377920,1959.37792,24,50,142,2,20250815_211632
1755260150.407722,7653859,1959387904,1959.387904,27,50,139,2,20250815_211632
1755260150.417706,7653898,1959397888,1959.397888,30,50,136,2,20250815_211632
1755260150.42769,7653937,1959407872,1959.407872,33,50,132,2,20250815_211632
1755260150.437674,7653976,1959417856,1959.417856,36,50,128,2,20250815_211632
1755260150.447658,7654015,1959427840,1959.42784,40,50,126,2,20250815_211632
1755260150.457642,7654054,1959437824,1959.437824,43,50,122,2,20250815_211632
1755260150.4678822,7654094,1959448064,1959.448064,46,50,118,2,20250815_211632
1755260150.4778662,7654133,1959458048,1959.458048,49,50,114,2,20250815_211632
1755260150.48785,7654172,1959468032,1959.468032,52,50,110,2,20250815_211632
1755260150.497834,7654211,1959478016,1959.478016,55,50,106,2,20250815_211632
1755260150.507818,7654250,1959488000,1959.488,59,49,104,2,20250815_211632
1755260150.517802,7654289,1959497984,1959.497984,62,49,101,2,20250815_211632
1755260150.527786,7654328,1959507968,1959.507968,65,49,100,2,20250815_211632
1755260150.53777,7654367,1959517952,1959.517952,68,49,98,2,20250815_211632
1755260150.547754,7654406,1959527936,1959.527936,71,48,97,2,20250815_211632
1755260150.557738,7654445,1959537920,1959.53792,75,48,96,2,20250815_211632
1755260150.567722,7654484,1959547904,1959.547904,78,47,96,2,20250815_211632
1755260150.577706,7654523,1959557888,1959.557888,81,47,96,2,20250815_211632
1755260150.58769,7654562,1959567872,1959.567872,84,46,96,2,20250815_211632
1755260150.597674,7654601,1959577856,1959.577856,87,46,96,2,20250815_211632
1755260150.607914,7654641,1959588096,1959.588096,91,45,96,2,20250815_211632
1755260150.617898,7654680,1959598080,1959.59808,94,44,95,2,20250815_211632
1755260150.627882,7654719,1959608064,1959.608064,97,43,96,2,20250815_211632
1755260150.637866,7654758,1959618048,1959.618048,100,43,96,2,20250815_211632
1755260150.64785,7654797,1959628032,1959.628032,103,43,96,2,20250815_211632
1755260150.657834,7654836,1959638016,1959.638016,106,43,96,2,20250815_211632
1755260150.667818,7654875,1959648000,1959.648,110,42,96,2,20250815_211632
1755260150.677802,7654914,1959657984,1959.657984,113,43,96,2,20250815_211632
1755260150.687786,7654953,1959667968,1959.667968,116,43,96,2,20250815_211632
1755260150.69777,7654992,1959677952,1959.677952,119,43,96,2,20250815_211632
1755260150.707754,7655031,1959687936,1959.687936,122,43,96,2,20250815_211632
1755260150.717994,7655071,1959698176,1959.698176,126,44,97,2,20250815_211632
1755260150.727978,7655110,1959708160,1959.70816,129,43,96,2,20250815_211632
1755260150.737962,7655149,1959718144,1959.718144,132,43,96,2,20250815_211632
1755260150.747946,7655188,1959728128,1959.728128,135,43,96,2,20250815_211632
1755260150.75793,7655227,1959738112,1959.738112,138,43,97,2,20250815_211632
1755260150.767914,7655266,1959748096,1959.748096,142,44,98,2,20250815_211632
1755260150.777898,7655305,1959758080,1959.75808,145,44,98,2,20250815_211632
1755260150.787882,7655344,1959768064,1959.768064,148,44,99,2,20250815_211632
1755260150.7981222,7655384,1959778304,1959.778304,151,43,99,2,20250815_211632
1755260150.8081062,7655423,1959788288,1959.788288,154,44,100,2,20250815_211632
1755260150.81809,7655462,1959798272,1959.798272,158,44,100,2,20250815_211632
1755260150.828074,7655501,1959808256,1959.808256,161,44,101,2,20250815_211632
1755260150.838058,7655540,1959818240,1959.81824,164,45,102,2,20250815_211632
1755260150.848042,7655579,1959828224,1959.828224,167,44,103,2,20250815_211632
1755260150.858026,7655618,1959838208,1959.838208,170,44,104,2,20250815_211632
1755260150.86801,7655657,1959848192,1959.848192,173,44,107,2,20250815_211632
1755260150.87825,7655697,1959858432,1959.858432,177,45,110,2,20250815_211632
1755260150.888234,7655736,1959868416,1959.868416,180,45,114,2,20250815_211632
1755260150.8982182,7655775,1959878400,1959.8784,183,45,119,2,20250815_211632
1755260150.9082022,7655814,1959888384,1959.888384,186,45,127,2,20250815_211632
1755260150.918186,7655853,1959898368,1959.898368,189,45,132,2,20250815_211632
1755260150.92817,7655892,1959908352,1959.908352,193,44,138,2,20250815_211632
1755260150.938154,7655931,1959918336,1959.918336,196,45,139,2,20250815_211632
1755260150.948138,7655970,1959928320,1959.92832,199,44,140,2,20250815_211632
1755260150.958378,7656010,1959938560,1959.93856,202,45,140,2,20250815_211632
1755260150.968362,7656049,1959948544,1959.948544,205,44,141,2,20250815_211632
1755260150.978346,7656088,1959958528,1959.958528,209,45,143,2,20250815_211632
1755260150.98833,7656127,1959968512,1959.968512,212,45,144,2,20250815_211632
1755260150.998314,7656166,1959978496,1959.978496,215,46,144,2,20250815_211632
1755260151.0082982,7656205,1959988480,1959.98848,218,46,144,2,20250815_211632
1755260151.0182822,7656244,1959998464,1959.998464,221,46,145,2,20250815_211632
1755260151.028266,7656283,1960008448,1960.008448,224,46,145,2,20250815_211632
1755260151.03825,7656322,1960018432,1960.018432,228,47,145,2,20250815_211632
1755260151.048234,7656361,1960028416,1960.028416,231,47,146,2,20250815_211632
1755260151.058218,7656400,1960038400,1960.0384,234,48,145,2,20250815_211632
1755260151.068202,7656439,1960048384,1960.048384,237,48,146,2,20250815_211632
1755260151.078186,7656478,1960058368,1960.058368,240,48,147,2,20250815_211632
1755260151.08817,7656517,1960068352,1960.068352,244,49,146,2,20250815_211632
1755260151.09841,7656557,1960078592,1960.078592,247,49,146,2,20250815_211632
1755260151.108394,7656596,1960088576,1960.088576,250,49,145,2,20250815_211632
1755260151.1183782,7656635,1960098560,1960.09856,253,50,145,2,20250815_211632
1755260151.1283622,7656674,1960108544,1960.108544,1,50,144,2,20250815_211632
1755260151.138346,7656713,1960118528,1960.118528,5,50,144,2,20250815_211632
1755260151.14833,7656752,1960128512,1960.128512,8,50,144,2,20250815_211632
1755260151.158314,7656791,1960138496,1960.138496,11,50,145,2,20250815_211632
1755260151.168298,7656830,1960148480,1960.14848,14,50,143,2,20250815_211632
1755260151.178282,7656869,1960158464,1960.158464,17,50,144,2,20250815_211632
1755260151.188266,7656908,1960168448,1960.168448,20,50,142,2,20250815_211632
1755260151.19825,7656947,1960178432,1960.178432,24,50,140,2,20250815_211632
1755260151.208234,7656986,1960188416,1960.188416,27,50,138,2,20250815_211632
1755260151.218218,7657025,1960198400,1960.1984,30,50,134,2,20250815_211632
1755260151.228202,7657064,1960208384,1960.208384,33,50,130,2,20250815_211632
1755260151.238186,7657103,1960218368,1960.218368,36,50,127,2,20250815_211632
1755260151.248426,7657143,1960228608,1960.228608,40,50,125,2,20250815_211632
1755260151.25841,7657182,1960238592,1960.238592,43,50,121,2,20250815_211632
1755260151.268394,7657221,1960248576,1960.248576,46,50,117,2,20250815_211632
1755260151.278378,7657260,1960258560,1960.25856,49,48,112,2,20250815_211632
1755260151.288362,7657299,1960268544,1960.268544,52,50,109,2,20250815_211632
1755260151.298346,7657338,1960278528,1960.278528,56,50,106,2,20250815_211632
1755260151.30833,7657377,1960288512,1960.288512,59,49,103,2,20250815_211632
1755260151.318314,7657416,1960298496,1960.298496,62,49,101,2,20250815_211632
1755260151.328298,7657455,1960308480,1960.30848,65,48,100,2,20250815_211632
1755260151.338282,7657494,1960318464,1960.318464,68,49,97,2,20250815_211632
1755260151.348266,7657533,1960328448,1960.328448,71,48,97,2,20250815_211632
1755260151.35825,7657572,1960338432,1960.338432,75,48,96,2,20250815_211632
1755260151.3682342,7657611,1960348416,1960.348416,78,47,96,2,20250815_211632
1755260151.3782182,7657650,1960358400,1960.3584,81,47,96,2,20250815_211632
1755260151.388458,7657690,1960368640,1960.36864,84,46,96,2,20250815_211632
1755260151.398442,7657729,1960378624,1960.378624,87,46,96,2,20250815_211632
1755260151.408426,7657768,1960388608,1960.388608,91,45,96,2,20250815_211632
1755260151.41841,7657807,1960398592,1960.398592,94,44,95,2,20250815_211632
1755260151.428394,7657846,1960408576,1960.408576,97,43,96,2,20250815_211632
1755260151.438378,7657885,1960418560,1960.41856,100,44,95,2,20250815_211632
1755260151.448362,7657924,1960428544,1960.428544,103,43,95,2,20250815_211632
1755260151.458346,7657963,1960438528,1960.438528,107,43,95,2,20250815_211632
1755260151.46833,7658002,1960448512,1960.448512,110,42,96,2,20250815_211632
1755260151.4783142,7658041,1960458496,1960.458496,113,42,96,2,20250815_211632
1755260151.4882982,7658080,1960468480,1960.46848,116,42,96,2,20250815_211632
1755260151.498282,7658119,1960478464,1960.478464,119,42,96,2,20250815_211632
1755260151.508266,7658158,1960488448,1960.488448,122,41,96,2,20250815_211632
1755260151.518506,7658198,1960498688,1960.498688,126,41,96,2,20250815_211632
1755260151.52849,7658237,1960508672,1960.508672,129,41,96,2,20250815_211632
1755260151.538474,7658276,1960518656,1960.518656,132,41,96,2,20250815_211632
1755260151.548458,7658315,1960528640,1960.52864,135,41,96,2,20250815_211632
1755260151.558442,7658354,1960538624,1960.538624,138,41,97,2,20250815_211632
1755260151.568426,7658393,1960548608,1960.548608,142,41,98,2,20250815_211632
1755260151.57841,7658432,1960558592,1960.558592,145,42,98,2,20250815_211632
1755260151.58865,7658472,1960568832,1960.568832,148,42,99,2,20250815_211632
1755260151.598634,7658511,1960578816,1960.578816,151,41,99,2,20250815_211632
1755260151.608618,7658550,1960588800,1960.5888,154,42,100,2,20250815_211632
1755260151.618602,7658589,1960598784,1960.598784,158,42,101,2,20250815_211632
1755260151.628586,7658628,1960608768,1960.608768,161,42,102,2,20250815_211632
1755260151.63857,7658667,1960618752,1960.618752,164,42,102,2,20250815_211632
1755260151.648554,7658706,1960628736,1960.628736,167,42,104,2,20250815_211632
1755260151.6587942,7658746,1960638976,1960.638976,170,42,105,2,20250815_211632
1755260151.6687782,7658785,1960648960,1960.64896,174,42,108,2,20250815_211632
1755260151.678762,7658824,1960658944,1960.658944,177,43,111,2,20250815_211632
1755260151.688746,7658863,1960668928,1960.668928,180,43,116,2,20250815_211632
1755260151.69873,7658902,1960678912,1960.678912,183,43,122,2,20250815_211632
1755260151.708714,7658941,1960688896,1960.688896,186,43,127,2,20250815_211632
1755260151.718698,7658980,1960698880,1960.69888,189,42,134,2,20250815_211632
1755260151.728938,7659020,1960709120,1960.70912,193,42,138,2,20250815_211632
1755260151.738922,7659059,1960719104,1960.719104,196,42,140,2,20250815_211632
1755260151.748906,7659098,1960729088,1960.729088,199,42,140,2,20250815_211632
1755260151.7588902,7659137,1960739072,1960.739072,202,42,141,2,20250815_211632
1755260151.7688742,7659176,1960749056,1960.749056,205,42,142,2,20250815_211632
1755260151.7788582,7659215,1960759040,1960.75904,209,42,143,2,20250815_211632
1755260151.788842,7659254,1960769024,1960.769024,212,42,144,2,20250815_211632
1755260151.798826,7659293,1960779008,1960.779008,215,43,144,2,20250815_211632
1755260151.80881,7659332,1960788992,1960.788992,218,43,144,2,20250815_211632
1755260151.818794,7659371,1960798976,1960.798976,221,43,145,2,20250815_211632
1755260151.829034,7659411,1960809216,1960.809216,225,44,145,2,20250815_211632
1755260151.839018,7659450,1960819200,1960.8192,228,44,146,2,20250815_211632
1755260151.849002,7659489,1960829184,1960.829184,231,44,145,2,20250815_211632
1755260151.858986,7659528,1960839168,1960.839168,234,45,145,2,20250815_211632
1755260151.8689702,7659567,1960849152,1960.849152,237,45,147,2,20250815_211632
1755260151.8789542,7659606,1960859136,1960.859136,241,45,146,2,20250815_211632
1755260151.888938,7659645,1960869120,1960.86912,244,46,146,2,20250815_211632
1755260151.898922,7659684,1960879104,1960.879104,247,46,148,2,20250815_211632
1755260151.908906,7659723,1960889088,1960.889088,250,47,146,2,20250815_211632
1755260151.91889,7659762,1960899072,1960.899072,253,47,146,2,20250815_211632
1755260151.928874,7659801,1960909056,1960.909056,1,46,147,2,20250815_211632
1755260151.938858,7659840,1960919040,1960.91904,5,47,147,2,20250815_211632
1755260151.948842,7659879,1960929024,1960.929024,8,47,147,2,20250815_211632
1755260151.958826,7659918,1960939008,1960.939008,11,47,146,2,20250815_211632
1755260151.969066,7659958,1960949248,1960.949248,14,47,146,2,20250815_211632
1755260151.9790502,7659997,1960959232,1960.959232,17,47,146,2,20250815_211632
1755260151.9890342,7660036,1960969216,1960.969216,21,47,145,2,20250815_211632
1755260151.999018,7660075,1960979200,1960.9792,24,47,144,2,20250815_211632
1755260152.009002,7660114,1960989184,1960.989184,27,47,142,2,20250815_211632
1755260152.018986,7660153,1960999168,1960.999168,30,47,139,2,20250815_211632
1755260152.02897,7660192,1961009152,1961.009152,33,48,135,2,20250815_211632
1755260152.038954,7660231,1961019136,1961.019136,36,48,129,2,20250815_211632
1755260152.048938,7660270,1961029120,1961.02912,40,48,127,2,20250815_211632
1755260152.058922,7660309,1961039104,1961.039104,43,48,122,2,20250815_211632
1755260152.068906,7660348,1961049088,1961.049088,46,47,119,2,20250815_211632
1755260152.07889,7660387,1961059072,1961.059072,49,48,114,2,20250815_211632
1755260152.088874,7660426,1961069056,1961.069056,52,47,110,2,20250815_211632
1755260152.098858,7660465,1961079040,1961.07904,56,48,106,2,20250815_211632
1755260152.109098,7660505,1961089280,1961.08928,59,47,104,2,20250815_211632
1755260152.119082,7660544,1961099264,1961.099264,62,47,101,2,20250815_211632
1755260152.129066,7660583,1961109248,1961.109248,65,47,100,2,20250815_211632
1755260152.13905,7660622,1961119232,1961.119232,68,46,98,2,20250815_211632
1755260152.149034,7660661,1961129216,1961.129216,72,46,97,2,20250815_211632
1755260152.159018,7660700,1961139200,1961.1392,75,46,97,2,20250815_211632
1755260152.169002,7660739,1961149184,1961.149184,78,45,96,2,20250815_211632
1755260152.178986,7660778,1961159168,1961.159168,81,45,95,2,20250815_211632
1755260152.18897,7660817,1961169152,1961.169152,84,44,96,2,20250815_211632
1755260152.198954,7660856,1961179136,1961.179136,87,44,96,2,20250815_211632
1755260152.208938,7660895,1961189120,1961.18912,91,43,95,2,20250815_211632
1755260152.218922,7660934,1961199104,1961.199104,94,42,96,2,20250815_211632
1755260152.2289062,7660973,1961209088,1961.209088,97,42,96,2,20250815_211632
1755260152.2388902,7661012,1961219072,1961.219072,100,41,95,2,20250815_211632
1755260152.248874,7661051,1961229056,1961.229056,103,41,96,2,20250815_211632
1755260152.259114,7661091,1961239296,1961.239296,107,40,95,2,20250815_211632
1755260152.269098,7661130,1961249280,1961.24928,110,41,96,2,20250815_211632
1755260152.279082,7661169,1961259264,1961.259264,113,41,97,2,20250815_211632
1755260152.289066,7661208,1961269248,1961.269248,116,40,96,2,20250815_211632
1755260152.29905,7661247,1961279232,1961.279232,119,40,96,2,20250815_211632
1755260152.309034,7661286,1961289216,1961.289216,123,40,97,2,20250815_211632
1755260152.319018,7661325,1961299200,1961.2992,126,40,96,2,20250815_211632
1755260152.329002,7661364,1961309184,1961.309184,129,41,96,2,20250815_211632
1755260152.3389862,7661403,1961319168,1961.319168,132,40,97,2,20250815_211632
1755260152.3489702,7661442,1961329152,1961.329152,135,41,96,2,20250815_211632
1755260152.358954,7661481,1961339136,1961.339136,138,41,97,2,20250815_211632
1755260152.368938,7661520,1961349120,1961.34912,142,41,98,2,20250815_211632
1755260152.378922,7661559,1961359104,1961.359104,145,41,98,2,20250815_211632
1755260152.388906,7661598,1961369088,1961.369088,148,42,99,2,20250815_211632
1755260152.399146,7661638,1961379328,1961.379328,151,42,99,2,20250815_211632
1755260152.40913,7661677,1961389312,1961.389312,154,42,100,2,20250815_211632
1755260152.419114,7661716,1961399296,1961.399296,158,42,101,2,20250815_211632
1755260152.429098,7661755,1961409280,1961.40928,161,43,101,2,20250815_211632
1755260152.439082,7661794,1961419264,1961.419264,164,43,102,2,20250815_211632
1755260152.4490662,7661833,1961429248,1961.429248,167,43,103,2,20250815_211632
1755260152.4590502,7661872,1961439232,1961.439232,170,43,104,2,20250815_211632
1755260152.469034,7661911,1961449216,1961.449216,174,44,107,2,20250815_211632
1755260152.479018,7661950,1961459200,1961.4592,177,44,110,2,20250815_211632
1755260152.489002,7661989,1961469184,1961.469184,180,45,115,2,20250815_211632
1755260152.498986,7662028,1961479168,1961.479168,183,45,120,2,20250815_211632
1755260152.50897,7662067,1961489152,1961.489152,186,45,126,2,20250815_211632
1755260152.518954,7662106,1961499136,1961.499136,189,45,133,2,20250815_211632
1755260152.528938,7662145,1961509120,1961.50912,193,45,138,2,20250815_211632
1755260152.539178,7662185,1961519360,1961.51936,196,44,139,2,20250815_211632
1755260152.549162,7662224,1961529344,1961.529344,199,45,140,2,20250815_211632
1755260152.5591462,7662263,1961539328,1961.539328,202,45,140,2,20250815_211632
1755260152.5691302,7662302,1961549312,1961.549312,205,45,142,2,20250815_211632
1755260152.579114,7662341,1961559296,1961.559296,209,45,142,2,20250815_211632
1755260152.589098,7662380,1961569280,1961.56928,212,45,144,2,20250815_211632
1755260152.599082,7662419,1961579264,1961.579264,215,45,144,2,20250815_211632
1755260152.609066,7662458,1961589248,1961.589248,218,46,145,2,20250815_211632
1755260152.61905,7662497,1961599232,1961.599232,221,46,145,2,20250815_211632
1755260152.629034,7662536,1961609216,1961.609216,224,47,145,2,20250815_211632
1755260152.639018,7662575,1961619200,1961.6192,228,47,145,2,20250815_211632
1755260152.649002,7662614,1961629184,1961.629184,231,48,145,2,20250815_211632
1755260152.658986,7662653,1961639168,1961.639168,234,48,146,2,20250815_211632
1755260152.66897,7662692,1961649152,1961.649152,237,48,146,2,20250815_211632
1755260152.678954,7662731,1961659136,1961.659136,240,49,146,2,20250815_211632
1755260152.689194,7662771,1961669376,1961.669376,244,49,146,2,20250815_211632
1755260152.699178,7662810,1961679360,1961.67936,247,49,147,2,20250815_211632
1755260152.709162,7662849,1961689344,1961.689344,250,49,146,2,20250815_211632
1755260152.719146,7662888,1961699328,1961.699328,253,50,147,2,20250815_211632
1755260152.72913,7662927,1961709312,1961.709312,1,50,147,2,20250815_211632
1755260152.739114,7662966,1961719296,1961.719296,5,50,147,2,20250815_211632
1755260152.749098,7663005,1961729280,1961.72928,8,50,147,2,20250815_211632
1755260152.759082,7663044,1961739264,1961.739264,11,50,147,2,20250815_211632
1755260152.769066,7663083,1961749248,1961.749248,14,50,146,2,20250815_211632
1755260152.77905,7663122,1961759232,1961.759232,17,50,146,2,20250815_211632
1755260152.789034,7663161,1961769216,1961.769216,20,50,145,2,20250815_211632
1755260152.799018,7663200,1961779200,1961.7792,24,50,143,2,20250815_211632
1755260152.8090022,7663239,1961789184,1961.789184,27,51,142,2,20250815_211632
1755260152.8189862,7663278,1961799168,1961.799168,30,50,138,2,20250815_211632
1755260152.82897,7663317,1961809152,1961.809152,33,51,135,2,20250815_211632
1755260152.83921,7663357,1961819392,1961.819392,36,50,130,2,20250815_211632
1755260152.849194,7663396,1961829376,1961.829376,40,50,127,2,20250815_211632
1755260152.859178,7663435,1961839360,1961.83936,43,50,123,2,20250815_211632
1755260152.869162,7663474,1961849344,1961.849344,46,50,119,2,20250815_211632
1755260152.879146,7663513,1961859328,1961.859328,49,50,115,2,20250815_211632
1755260152.88913,7663552,1961869312,1961.869312,52,50,111,2,20250815_211632
1755260152.899114,7663591,1961879296,1961.879296,56,50,107,2,20250815_211632
1755260152.909098,7663630,1961889280,1961.88928,59,50,104,2,20250815_211632
1755260152.9190822,7663669,1961899264,1961.899264,62,49,101,2,20250815_211632
1755260152.9290662,7663708,1961909248,1961.909248,65,49,100,2,20250815_211632
1755260152.93905,7663747,1961919232,1961.919232,68,49,98,2,20250815_211632
1755260152.949034,7663786,1961929216,1961.929216,71,48,97,2,20250815_211632
1755260152.959274,7663826,1961939456,1961.939456,75,47,96,2,20250815_211632
1755260152.969258,7663865,1961949440,1961.94944,78,47,95,2,20250815_211632
1755260152.979242,7663904,1961959424,1961.959424,81,46,96,2,20250815_211632
1755260152.989226,7663943,1961969408,1961.969408,84,46,95,2,20250815_211632
1755260152.99921,7663982,1961979392,1961.979392,87,45,97,2,20250815_211632
1755260153.009194,7664021,1961989376,1961.989376,91,45,96,2,20250815_211632
1755260153.0191782,7664060,1961999360,1961.99936,94,44,96,2,20250815_211632
1755260153.0291622,7664099,1962009344,1962.009344,97,43,96,2,20250815_211632
1755260153.0391462,7664138,1962019328,1962.019328,100,43,95,2,20250815_211632
1755260153.04913,7664177,1962029312,1962.029312,103,42,96,2,20250815_211632
1755260153.059114,7664216,1962039296,1962.039296,107,42,96,2,20250815_211632
1755260153.069354,7664256,1962049536,1962.049536,110,42,96,2,20250815_211632
1755260153.079338,7664295,1962059520,1962.05952,113,42,96,2,20250815_211632
1755260153.089322,7664334,1962069504,1962.069504,116,42,96,2,20250815_211632
1755260153.099306,7664373,1962079488,1962.079488,119,41,96,2,20250815_211632
1755260153.10929,7664412,1962089472,1962.089472,122,41,96,2,20250815_211632
1755260153.119274,7664451,1962099456,1962.099456,126,41,96,2,20250815_211632
1755260153.1292582,7664490,1962109440,1962.10944,129,41,96,2,20250815_211632
1755260153.1392422,7664529,1962119424,1962.119424,132,42,96,2,20250815_211632
1755260153.149226,7664568,1962129408,1962.129408,135,42,96,2,20250815_211632
1755260153.15921,7664607,1962139392,1962.139392,138,42,97,2,20250815_211632
1755260153.169194,7664646,1962149376,1962.149376,142,42,98,2,20250815_211632
1755260153.179178,7664685,1962159360,1962.15936,145,42,98,2,20250815_211632
1755260153.189162,7664724,1962169344,1962.169344,148,42,98,2,20250815_211632
1755260153.199146,7664763,1962179328,1962.179328,151,43,99,2,20250815_211632
1755260153.209386,7664803,1962189568,1962.189568,154,43,99,2,20250815_211632
1755260153.21937,7664842,1962199552,1962.199552,158,43,100,2,20250815_211632
1755260153.229354,7664881,1962209536,1962.209536,161,43,100,2,20250815_211632
1755260153.2393382,7664920,1962219520,1962.21952,164,44,102,2,20250815_211632
1755260153.2493222,7664959,1962229504,1962.229504,167,44,103,2,20250815_211632
1755260153.259306,7664998,1962239488,1962.239488,170,44,104,2,20250815_211632
1755260153.26929,7665037,1962249472,1962.249472,173,45,106,2,20250815_211632
1755260153.279274,7665076,1962259456,1962.259456,177,45,109,2,20250815_211632
1755260153.289258,7665115,1962269440,1962.26944,180,45,114,2,20250815_211632
1755260153.299242,7665154,1962279424,1962.279424,183,46,120,2,20250815_211632
1755260153.309226,7665193,1962289408,1962.289408,186,46,126,2,20250815_211632
1755260153.31921,7665232,1962299392,1962.299392,189,46,132,2,20250815_211632
1755260153.329194,7665271,1962309376,1962.309376,193,45,137,2,20250815_211632
1755260153.339178,7665310,1962319360,1962.31936,196,45,139,2,20250815_211632
1755260153.3494182,7665350,1962329600,1962.3296,199,45,140,2,20250815_211632
1755260153.3594022,7665389,1962339584,1962.339584,202,45,140,2,20250815_211632
1755260153.369386,7665428,1962349568,1962.349568,205,46,141,2,20250815_211632
1755260153.37937,7665467,1962359552,1962.359552,209,46,142,2,20250815_211632
1755260153.389354,7665506,1962369536,1962.369536,212,47,145,2,20250815_211632
1755260153.399338,7665545,1962379520,1962.37952,215,47,144,2,20250815_211632
1755260153.409322,7665584,1962389504,1962.389504,218,46,145,2,20250815_211632
1755260153.419306,7665623,1962399488,1962.399488,221,47,145,2,20250815_211632
1755260153.42929,7665662,1962409472,1962.409472,224,47,145,2,20250815_211632
1755260153.439274,7665701,1962419456,1962.419456,228,48,146,2,20250815_211632
1755260153.449258,7665740,1962429440,1962.42944,231,48,146,2,20250815_211632
1755260153.459242,7665779,1962439424,1962.439424,234,49,146,2,20250815_211632
1755260153.469226,7665818,1962449408,1962.449408,237,49,146,2,20250815_211632
1755260153.479466,7665858,1962459648,1962.459648,240,49,146,2,20250815_211632
1755260153.48945,7665897,1962469632,1962.469632,244,49,146,2,20250815_211632
1755260153.499434,7665936,1962479616,1962.479616,247,50,147,2,20250815_211632
1755260153.509418,7665975,1962489600,1962.4896,250,50,146,2,20250815_211632
1755260153.519402,7666014,1962499584,1962.499584,253,50,147,2,20250815_211632
1755260153.529386,7666053,1962509568,1962.509568,1,50,147,2,20250815_211632
1755260153.53937,7666092,1962519552,1962.519552,4,50,146,2,20250815_211632
1755260153.549354,7666131,1962529536,1962.529536,8,50,146,2,20250815_211632
1755260153.559338,7666170,1962539520,1962.53952,11,50,146,2,20250815_211632
1755260153.569322,7666209,1962549504,1962.549504,14,51,146,2,20250815_211632
1755260153.579306,7666248,1962559488,1962.559488,17,51,145,2,20250815_211632
1755260153.58929,7666287,1962569472,1962.569472,20,51,144,2,20250815_211632
1755260153.5992742,7666326,1962579456,1962.579456,24,51,142,2,20250815_211632
1755260153.6092582,7666365,1962589440,1962.58944,27,51,140,2,20250815_211632
1755260153.619242,7666404,1962599424,1962.599424,30,51,136,2,20250815_211632
1755260153.629482,7666444,1962609664,1962.609664,33,51,132,2,20250815_211632
1755260153.639466,7666483,1962619648,1962.619648,36,51,128,2,20250815_211632
1755260153.64945,7666522,1962629632,1962.629632,40,50,126,2,20250815_211632
1755260153.659434,7666561,1962639616,1962.639616,43,50,122,2,20250815_211632
1755260153.669418,7666600,1962649600,1962.6496,46,50,117,2,20250815_211632
1755260153.679402,7666639,1962659584,1962.659584,49,50,113,2,20250815_211632
1755260153.689386,7666678,1962669568,1962.669568,52,50,110,2,20250815_211632
1755260153.69937,7666717,1962679552,1962.679552,55,50,106,2,20250815_211632
1755260153.7093542,7666756,1962689536,1962.689536,59,49,104,2,20250815_211632
1755260153.7193382,7666795,1962699520,1962.69952,62,50,103,2,20250815_211632
1755260153.729322,7666834,1962709504,1962.709504,65,49,99,2,20250815_211632
1755260153.739306,7666873,1962719488,1962.719488,68,49,98,2,20250815_211632
1755260153.74929,7666912,1962729472,1962.729472,71,48,98,2,20250815_211632
1755260153.75953,7666952,1962739712,1962.739712,75,48,96,2,20250815_211632
1755260153.769514,7666991,1962749696,1962.749696,78,47,96,2,20250815_211632
1755260153.779498,7667030,1962759680,1962.75968,81,47,96,2,20250815_211632
1755260153.789482,7667069,1962769664,1962.769664,84,46,96,2,20250815_211632
1755260153.799466,7667108,1962779648,1962.779648,87,46,96,2,20250815_211632
1755260153.80945,7667147,1962789632,1962.789632,91,45,96,2,20250815_211632
1755260153.8194342,7667186,1962799616,1962.799616,94,45,96,2,20250815_211632
1755260153.8294182,7667225,1962809600,1962.8096,97,44,97,2,20250815_211632
1755260153.839402,7667264,1962819584,1962.819584,100,43,96,2,20250815_211632
1755260153.849386,7667303,1962829568,1962.829568,103,43,96,2,20250815_211632
1755260153.85937,7667342,1962839552,1962.839552,106,43,96,2,20250815_211632
1755260153.869354,7667381,1962849536,1962.849536,110,42,96,2,20250815_211632
1755260153.879338,7667420,1962859520,1962.85952,113,42,96,2,20250815_211632
1755260153.889322,7667459,1962869504,1962.869504,116,42,97,2,20250815_211632
1755260153.899306,7667498,1962879488,1962.879488,119,42,96,2,20250815_211632
1755260153.909546,7667538,1962889728,1962.889728,122,42,96,2,20250815_211632
1755260153.9195302,7667577,1962899712,1962.899712,126,42,96,2,20250815_211632
1755260153.9295142,7667616,1962909696,1962.909696,129,42,97,2,20250815_211632
1755260153.9394982,7667655,1962919680,1962.91968,132,43,97,2,20250815_211632
1755260153.949482,7667694,1962929664,1962.929664,135,43,98,2,20250815_211632
1755260153.959466,7667733,1962939648,1962.939648,138,43,98,2,20250815_211632
1755260153.96945,7667772,1962949632,1962.949632,142,43,99,2,20250815_211632
1755260153.979434,7667811,1962959616,1962.959616,145,44,99,2,20250815_211632
1755260153.989418,7667850,1962969600,1962.9696,148,44,99,2,20250815_211632
1755260153.999402,7667889,1962979584,1962.979584,151,44,99,2,20250815_211632
1755260154.009386,7667928,1962989568,1962.989568,154,44,100,2,20250815_211632
1755260154.01937,7667967,1962999552,1962.999552,157,45,101,2,20250815_211632
1755260154.029354,7668006,1963009536,1963.009536,161,44,101,2,20250815_211632
1755260154.039338,7668045,1963019520,1963.01952,164,45,103,2,20250815_211632
1755260154.049578,7668085,1963029760,1963.02976,167,45,104,2,20250815_211632
1755260154.059562,7668124,1963039744,1963.039744,170,45,105,2,20250815_211632
1755260154.069546,7668163,1963049728,1963.049728,173,46,108,2,20250815_211632
1755260154.07953,7668202,1963059712,1963.059712,177,47,111,2,20250815_211632
1755260154.089514,7668241,1963069696,1963.069696,180,46,116,2,20250815_211632
1755260154.099498,7668280,1963079680,1963.07968,183,47,123,2,20250815_211632
1755260154.109482,7668319,1963089664,1963.089664,186,47,127,2,20250815_211632
1755260154.119466,7668358,1963099648,1963.099648,189,47,135,2,20250815_211632
1755260154.12945,7668397,1963109632,1963.109632,193,46,138,2,20250815_211632
1755260154.139434,7668436,1963119616,1963.119616,196,47,139,2,20250815_211632
1755260154.149418,7668475,1963129600,1963.1296,199,46,140,2,20250815_211632
1755260154.159402,7668514,1963139584,1963.139584,202,47,140,2,20250815_211632
1755260154.169386,7668553,1963149568,1963.149568,205,47,142,2,20250815_211632
1755260154.1793702,7668592,1963159552,1963.159552,208,47,143,2,20250815_211632
1755260154.18961,7668632,1963169792,1963.169792,212,47,144,2,20250815_211632
1755260154.199594,7668671,1963179776,1963.179776,215,48,143,2,20250815_211632
1755260154.209578,7668710,1963189760,1963.18976,218,48,144,2,20250815_211632
1755260154.219562,7668749,1963199744,1963.199744,221,48,145,2,20250815_211632
1755260154.229546,7668788,1963209728,1963.209728,224,48,146,2,20250815_211632
1755260154.23953,7668827,1963219712,1963.219712,228,49,145,2,20250815_211632
1755260154.249514,7668866,1963229696,1963.229696,231,49,145,2,20250815_211632
1755260154.259498,7668905,1963239680,1963.23968,234,50,145,2,20250815_211632
1755260154.269482,7668944,1963249664,1963.249664,237,49,145,2,20250815_211632
1755260154.2794662,7668983,1963259648,1963.259648,240,50,145,2,20250815_211632
1755260154.2894502,7669022,1963269632,1963.269632,243,50,146,2,20250815_211632
1755260154.2994342,7669061,1963279616,1963.279616,247,51,145,2,20250815_211632
1755260154.309418,7669100,1963289600,1963.2896,250,51,146,2,20250815_211632
1755260154.319402,7669139,1963299584,1963.299584,253,51,146,2,20250815_211632
1755260154.329386,7669178,1963309568,1963.309568,1,51,145,2,20250815_211632
1755260154.339626,7669218,1963319808,1963.319808,4,52,145,2,20250815_211632
1755260154.34961,7669257,1963329792,1963.329792,8,51,146,2,20250815_211632
1755260154.359594,7669296,1963339776,1963.339776,11,52,145,2,20250815_211632
1755260154.369578,7669335,1963349760,1963.34976,14,52,144,2,20250815_211632
1755260154.379562,7669374,1963359744,1963.359744,17,52,143,2,20250815_211632
1755260154.3895462,7669413,1963369728,1963.369728,20,52,142,2,20250815_211632
1755260154.3995302,7669452,1963379712,1963.379712,24,52,141,2,20250815_211632
1755260154.409514,7669491,1963389696,1963.389696,27,52,138,2,20250815_211632
1755260154.419498,7669530,1963399680,1963.39968,30,52,136,2,20250815_211632
1755260154.429482,7669569,1963409664,1963.409664,33,52,132,2,20250815_211632
1755260154.439466,7669608,1963419648,1963.419648,36,52,128,2,20250815_211632
1755260154.44945,7669647,1963429632,1963.429632,39,52,125,2,20250815_211632
1755260154.459434,7669686,1963439616,1963.439616,43,52,120,2,20250815_211632
1755260154.469418,7669725,1963449600,1963.4496,46,52,117,2,20250815_211632
1755260154.479658,7669765,1963459840,1963.45984,49,52,114,2,20250815_211632
1755260154.489642,7669804,1963469824,1963.469824,52,52,110,2,20250815_211632
1755260154.4996262,7669843,1963479808,1963.479808,55,52,107,2,20250815_211632
1755260154.5096102,7669882,1963489792,1963.489792,59,51,104,2,20250815_211632
1755260154.519594,7669921,1963499776,1963.499776,62,51,101,2,20250815_211632
1755260154.529578,7669960,1963509760,1963.50976,65,51,99,2,20250815_211632
1755260154.539562,7669999,1963519744,1963.519744,68,50,98,2,20250815_211632
1755260154.549546,7670038,1963529728,1963.529728,71,50,97,2,20250815_211632
1755260154.55953,7670077,1963539712,1963.539712,75,50,96,2,20250815_211632
1755260154.569514,7670116,1963549696,1963.549696,78,49,96,2,20250815_211632
1755260154.579498,7670155,1963559680,1963.55968,81,49,96,2,20250815_211632
1755260154.589482,7670194,1963569664,1963.569664,84,48,96,2,20250815_211632
1755260154.599466,7670233,1963579648,1963.579648,87,48,96,2,20250815_211632
1755260154.60945,7670272,1963589632,1963.589632,90,46,96,2,20250815_211632
1755260154.6196902,7670312,1963599872,1963.599872,94,46,96,2,20250815_211632
1755260154.629674,7670351,1963609856,1963.609856,97,45,96,2,20250815_211632
1755260154.639658,7670390,1963619840,1963.61984,100,45,96,2,20250815_211632
1755260154.649642,7670429,1963629824,1963.629824,103,45,96,2,20250815_211632
1755260154.659626,7670468,1963639808,1963.639808,106,44,96,2,20250815_211632
1755260154.66961,7670507,1963649792,1963.649792,110,44,97,2,20250815_211632
1755260154.679594,7670546,1963659776,1963.659776,113,44,95,2,20250815_211632
1755260154.689578,7670585,1963669760,1963.66976,116,43,96,2,20250815_211632
1755260154.699562,7670624,1963679744,1963.679744,119,43,96,2,20250815_211632
1755260154.709546,7670663,1963689728,1963.689728,122,43,98,2,20250815_211632
1755260154.71953,7670702,1963699712,1963.699712,126,43,97,2,20250815_211632
1755260154.729514,7670741,1963709696,1963.709696,129,43,97,2,20250815_211632
1755260154.739498,7670780,1963719680,1963.71968,132,43,97,2,20250815_211632
1755260154.7494822,7670819,1963729664,1963.729664,135,43,97,2,20250815_211632
1755260154.759722,7670859,1963739904,1963.739904,138,44,98,2,20250815_211632
1755260154.769706,7670898,1963749888,1963.749888,141,44,98,2,20250815_211632
1755260154.77969,7670937,1963759872,1963.759872,145,44,99,2,20250815_211632
1755260154.789674,7670976,1963769856,1963.769856,148,44,99,2,20250815_211632
1755260154.799658,7671015,1963779840,1963.77984,151,44,99,2,20250815_211632
1755260154.809642,7671054,1963789824,1963.789824,154,44,100,2,20250815_211632
1755260154.819626,7671093,1963799808,1963.799808,157,45,101,2,20250815_211632
1755260154.82961,7671132,1963809792,1963.809792,161,44,103,2,20250815_211632
1755260154.839594,7671171,1963819776,1963.819776,164,45,102,2,20250815_211632
1755260154.849578,7671210,1963829760,1963.82976,167,45,104,2,20250815_211632
1755260154.8595622,7671249,1963839744,1963.839744,170,45,105,2,20250815_211632
1755260154.8695462,7671288,1963849728,1963.849728,173,46,107,2,20250815_211632
1755260154.87953,7671327,1963859712,1963.859712,176,46,111,2,20250815_211632
1755260154.889514,7671366,1963869696,1963.869696,180,47,116,2,20250815_211632
1755260154.899754,7671406,1963879936,1963.879936,183,47,121,2,20250815_211632
1755260154.909738,7671445,1963889920,1963.88992,186,47,127,2,20250815_211632
1755260154.919722,7671484,1963899904,1963.899904,189,47,134,2,20250815_211632
1755260154.929706,7671523,1963909888,1963.909888,192,46,138,2,20250815_211632
1755260154.93969,7671562,1963919872,1963.919872,196,47,139,2,20250815_211632
1755260154.949674,7671601,1963929856,1963.929856,199,47,140,2,20250815_211632
1755260154.959658,7671640,1963939840,1963.93984,202,47,140,2,20250815_211632
1755260154.9696422,7671679,1963949824,1963.949824,205,47,142,2,20250815_211632
1755260154.9796262,7671718,1963959808,1963.959808,208,47,142,2,20250815_211632
1755260154.98961,7671757,1963969792,1963.969792,212,47,144,2,20250815_211632
1755260154.999594,7671796,1963979776,1963.979776,215,48,144,2,20250815_211632
1755260155.009578,7671835,1963989760,1963.98976,218,48,144,2,20250815_211632
1755260155.019562,7671874,1963999744,1963.999744,221,49,145,2,20250815_211632
1755260155.029802,7671914,1964009984,1964.009984,224,48,145,2,20250815_211632
1755260155.039786,7671953,1964019968,1964.019968,227,49,145,2,20250815_211632
1755260155.04977,7671992,1964029952,1964.029952,231,49,145,2,20250815_211632
1755260155.059754,7672031,1964039936,1964.039936,234,51,146,2,20250815_211632
1755260155.069738,7672070,1964049920,1964.04992,237,50,145,2,20250815_211632
1755260155.0797222,7672109,1964059904,1964.059904,240,50,146,2,20250815_211632
1755260155.0897062,7672148,1964069888,1964.069888,243,51,146,2,20250815_211632
1755260155.09969,7672187,1964079872,1964.079872,247,52,146,2,20250815_211632
1755260155.109674,7672226,1964089856,1964.089856,250,51,145,2,20250815_211632
1755260155.119658,7672265,1964099840,1964.09984,253,52,145,2,20250815_211632
1755260155.129642,7672304,1964109824,1964.109824,1,51,144,2,20250815_211632
1755260155.139626,7672343,1964119808,1964.119808,4,52,144,2,20250815_211632
1755260155.14961,7672382,1964129792,1964.129792,8,52,145,2,20250815_211632
1755260155.159594,7672421,1964139776,1964.139776,11,52,144,2,20250815_211632
1755260155.169578,7672460,1964149760,1964.14976,14,52,143,2,20250815_211632
1755260155.1798182,7672500,1964160000,1964.16,17,53,143,2,20250815_211632
1755260155.1898022,7672539,1964169984,1964.169984,20,52,141,2,20250815_211632
1755260155.1997862,7672578,1964179968,1964.179968,23,52,140,2,20250815_211632
1755260155.20977,7672617,1964189952,1964.189952,27,52,138,2,20250815_211632
1755260155.219754,7672656,1964199936,1964.199936,30,52,135,2,20250815_211632
1755260155.229738,7672695,1964209920,1964.20992,33,52,131,2,20250815_211632
1755260155.239722,7672734,1964219904,1964.219904,36,53,127,2,20250815_211632
1755260155.249706,7672773,1964229888,1964.229888,39,52,124,2,20250815_211632
1755260155.25969,7672812,1964239872,1964.239872,43,52,120,2,20250815_211632
1755260155.269674,7672851,1964249856,1964.249856,46,52,117,2,20250815_211632
1755260155.279658,7672890,1964259840,1964.25984,49,53,113,2,20250815_211632
1755260155.289642,7672929,1964269824,1964.269824,52,52,108,2,20250815_211632
1755260155.299626,7672968,1964279808,1964.279808,55,52,105,2,20250815_211632
1755260155.30961,7673007,1964289792,1964.289792,59,51,103,2,20250815_211632
1755260155.31985,7673047,1964300032,1964.300032,62,51,99,2,20250815_211632
1755260155.329834,7673086,1964310016,1964.310016,65,51,98,2,20250815_211632
1755260155.339818,7673125,1964320000,1964.32,68,51,97,2,20250815_211632
1755260155.349802,7673164,1964329984,1964.329984,71,50,96,2,20250815_211632
1755260155.359786,7673203,1964339968,1964.339968,74,51,96,2,20250815_211632
1755260155.36977,7673242,1964349952,1964.349952,78,49,96,2,20250815_211632
1755260155.379754,7673281,1964359936,1964.359936,81,49,95,2,20250815_211632
1755260155.389738,7673320,1964369920,1964.36992,84,48,96,2,20250815_211632
1755260155.399722,7673359,1964379904,1964.379904,87,47,96,2,20250815_211632
1755260155.4099622,7673399,1964390144,1964.390144,90,46,96,2,20250815_211632
1755260155.419946,7673438,1964400128,1964.400128,94,45,96,2,20250815_211632
1755260155.42993,7673477,1964410112,1964.410112,97,45,96,2,20250815_211632
1755260155.439914,7673516,1964420096,1964.420096,100,44,96,2,20250815_211632
1755260155.449898,7673555,1964430080,1964.43008,103,44,96,2,20250815_211632
1755260155.459882,7673594,1964440064,1964.440064,106,44,96,2,20250815_211632
1755260155.469866,7673633,1964450048,1964.450048,110,43,97,2,20250815_211632
1755260155.47985,7673672,1964460032,1964.460032,113,43,98,2,20250815_211632
1755260155.489834,7673711,1964470016,1964.470016,116,43,96,2,20250815_211632
1755260155.499818,7673750,1964480000,1964.48,119,43,96,2,20250815_211632
1755260155.509802,7673789,1964489984,1964.489984,122,43,97,2,20250815_211632
1755260155.519786,7673828,1964499968,1964.499968,125,43,97,2,20250815_211632
1755260155.52977,7673867,1964509952,1964.509952,129,43,98,2,20250815_211632
1755260155.5397542,7673906,1964519936,1964.519936,132,43,98,2,20250815_211632
1755260155.549994,7673946,1964530176,1964.530176,135,43,97,2,20250815_211632
1755260155.559978,7673985,1964540160,1964.54016,138,44,98,2,20250815_211632
1755260155.569962,7674024,1964550144,1964.550144,141,44,98,2,20250815_211632
1755260155.579946,7674063,1964560128,1964.560128,145,44,98,2,20250815_211632
1755260155.58993,7674102,1964570112,1964.570112,148,44,99,2,20250815_211632
1755260155.599914,7674141,1964580096,1964.580096,151,44,99,2,20250815_211632
1755260155.609898,7674180,1964590080,1964.59008,154,45,100,2,20250815_211632
1755260155.619882,7674219,1964600064,1964.600064,157,45,101,2,20250815_211632
1755260155.629866,7674258,1964610048,1964.610048,161,45,102,2,20250815_211632
1755260155.63985,7674297,1964620032,1964.620032,164,45,102,2,20250815_211632
1755260155.6498342,7674336,1964630016,1964.630016,167,45,103,2,20250815_211632
1755260155.6598182,7674375,1964640000,1964.64,170,46,106,2,20250815_211632
1755260155.669802,7674414,1964649984,1964.649984,173,46,107,2,20250815_211632
1755260155.679786,7674453,1964659968,1964.659968,176,47,111,2,20250815_211632
1755260155.690026,7674493,1964670208,1964.670208,180,47,116,2,20250815_211632
1755260155.70001,7674532,1964680192,1964.680192,183,48,121,2,20250815_211632
1755260155.709994,7674571,1964690176,1964.690176,186,47,127,2,20250815_211632
1755260155.719978,7674610,1964700160,1964.70016,189,48,134,2,20250815_211632
1755260155.729962,7674649,1964710144,1964.710144,192,47,138,2,20250815_211632
1755260155.739946,7674688,1964720128,1964.720128,196,47,139,2,20250815_211632
1755260155.74993,7674727,1964730112,1964.730112,199,47,140,2,20250815_211632
1755260155.7599142,7674766,1964740096,1964.740096,202,46,141,2,20250815_211632
1755260155.7698982,7674805,1964750080,1964.75008,205,47,142,2,20250815_211632
1755260155.779882,7674844,1964760064,1964.760064,208,47,143,2,20250815_211632
1755260155.789866,7674883,1964770048,1964.770048,212,48,144,2,20250815_211632
1755260155.79985,7674922,1964780032,1964.780032,215,48,144,2,20250815_211632
1755260155.809834,7674961,1964790016,1964.790016,218,48,145,2,20250815_211632
1755260155.819818,7675000,1964800000,1964.8,221,48,145,2,20250815_211632
1755260155.830058,7675040,1964810240,1964.81024,224,49,145,2,20250815_211632
1755260155.840042,7675079,1964820224,1964.820224,227,49,145,2,20250815_211632
1755260155.850026,7675118,1964830208,1964.830208,231,49,146,2,20250815_211632
1755260155.86001,7675157,1964840192,1964.840192,234,50,146,2,20250815_211632
1755260155.8699942,7675196,1964850176,1964.850176,237,51,146,2,20250815_211632
1755260155.8799782,7675235,1964860160,1964.86016,240,51,146,2,20250815_211632
1755260155.889962,7675274,1964870144,1964.870144,243,51,147,2,20250815_211632
1755260155.899946,7675313,1964880128,1964.880128,247,51,147,2,20250815_211632
1755260155.90993,7675352,1964890112,1964.890112,250,51,147,2,20250815_211632
1755260155.919914,7675391,1964900096,1964.900096,253,52,147,2,20250815_211632
1755260155.929898,7675430,1964910080,1964.91008,1,52,147,2,20250815_211632
1755260155.939882,7675469,1964920064,1964.920064,4,52,146,2,20250815_211632
1755260155.949866,7675508,1964930048,1964.930048,7,52,147,2,20250815_211632
1755260155.95985,7675547,1964940032,1964.940032,11,52,147,2,20250815_211632
1755260155.969834,7675586,1964950016,1964.950016,14,52,146,2,20250815_211632
1755260155.9800742,7675626,1964960256,1964.960256,17,52,145,2,20250815_211632
1755260155.9900582,7675665,1964970240,1964.97024,20,52,145,2,20250815_211632
1755260156.000042,7675704,1964980224,1964.980224,23,52,144,2,20250815_211632
1755260156.010026,7675743,1964990208,1964.990208,27,52,142,2,20250815_211632
1755260156.02001,7675782,1965000192,1965.000192,30,52,139,2,20250815_211632
1755260156.029994,7675821,1965010176,1965.010176,33,52,135,2,20250815_211632
1755260156.039978,7675860,1965020160,1965.02016,36,51,130,2,20250815_211632
1755260156.049962,7675899,1965030144,1965.030144,39,51,127,2,20250815_211632
1755260156.060202,7675939,1965040384,1965.040384,43,51,124,2,20250815_211632
1755260156.070186,7675978,1965050368,1965.050368,46,51,120,2,20250815_211632
1755260156.0801702,7676017,1965060352,1965.060352,49,51,116,2,20250815_211632
1755260156.0901542,7676056,1965070336,1965.070336,52,50,111,2,20250815_211632
1755260156.100138,7676095,1965080320,1965.08032,55,50,108,2,20250815_211632
1755260156.110122,7676134,1965090304,1965.090304,59,50,104,2,20250815_211632
1755260156.120106,7676173,1965100288,1965.100288,62,50,102,2,20250815_211632
1755260156.130346,7676213,1965110528,1965.110528,65,49,100,2,20250815_211632
1755260156.14033,7676252,1965120512,1965.120512,68,48,98,2,20250815_211632
1755260156.150314,7676291,1965130496,1965.130496,71,47,97,2,20250815_211632
1755260156.160298,7676330,1965140480,1965.14048,74,47,96,2,20250815_211632
1755260156.170282,7676369,1965150464,1965.150464,78,46,96,2,20250815_211632
1755260156.180266,7676408,1965160448,1965.160448,81,46,96,2,20250815_211632
1755260156.190506,7676448,1965170688,1965.170688,84,45,95,2,20250815_211632
1755260156.20049,7676487,1965180672,1965.180672,87,44,96,2,20250815_211632
1755260156.210474,7676526,1965190656,1965.190656,90,43,96,2,20250815_211632
1755260156.220458,7676565,1965200640,1965.20064,94,42,96,2,20250815_211632
1755260156.230442,7676604,1965210624,1965.210624,97,42,96,2,20250815_211632
1755260156.240426,7676643,1965220608,1965.220608,100,41,96,2,20250815_211632
1755260156.25041,7676682,1965230592,1965.230592,103,41,95,2,20250815_211632
1755260156.260394,7676721,1965240576,1965.240576,106,40,96,2,20250815_211632
1755260156.2706342,7676761,1965250816,1965.250816,110,40,96,2,20250815_211632
1755260156.280618,7676800,1965260800,1965.2608,113,40,96,2,20250815_211632
1755260156.290602,7676839,1965270784,1965.270784,116,39,96,2,20250815_211632
1755260156.300586,7676878,1965280768,1965.280768,119,39,96,2,20250815_211632
1755260156.31057,7676917,1965290752,1965.290752,122,39,97,2,20250815_211632
1755260156.320554,7676956,1965300736,1965.300736,126,39,96,2,20250815_211632
1755260156.330538,7676995,1965310720,1965.31072,129,39,97,2,20250815_211632
1755260156.340778,7677035,1965320960,1965.32096,132,39,98,2,20250815_211632
1755260156.350762,7677074,1965330944,1965.330944,135,38,97,2,20250815_211632
1755260156.360746,7677113,1965340928,1965.340928,138,39,97,2,20250815_211632
1755260156.3707302,7677152,1965350912,1965.350912,142,39,98,2,20250815_211632
1755260156.3807142,7677191,1965360896,1965.360896,145,39,98,2,20250815_211632
1755260156.390698,7677230,1965370880,1965.37088,148,39,99,2,20250815_211632
1755260156.400682,7677269,1965380864,1965.380864,151,39,101,2,20250815_211632
1755260156.410666,7677308,1965390848,1965.390848,154,39,100,2,20250815_211632
1755260156.42065,7677347,1965400832,1965.400832,157,39,100,2,20250815_211632
1755260156.430634,7677386,1965410816,1965.410816,161,39,102,2,20250815_211632
1755260156.440618,7677425,1965420800,1965.4208,164,40,102,2,20250815_211632
1755260156.450858,7677465,1965431040,1965.43104,167,40,103,2,20250815_211632
1755260156.460842,7677504,1965441024,1965.441024,170,40,104,2,20250815_211632
1755260156.470826,7677543,1965451008,1965.451008,173,40,107,2,20250815_211632
1755260156.4808102,7677582,1965460992,1965.460992,177,41,110,2,20250815_211632
1755260156.4907942,7677621,1965470976,1965.470976,180,41,115,2,20250815_211632
1755260156.500778,7677660,1965480960,1965.48096,183,41,122,2,20250815_211632
1755260156.510762,7677699,1965490944,1965.490944,186,41,127,2,20250815_211632
1755260156.520746,7677738,1965500928,1965.500928,189,41,133,2,20250815_211632
1755260156.53073,7677777,1965510912,1965.510912,193,41,138,2,20250815_211632
1755260156.540714,7677816,1965520896,1965.520896,196,41,139,2,20250815_211632
1755260156.550698,7677855,1965530880,1965.53088,199,41,140,2,20250815_211632
1755260156.560682,7677894,1965540864,1965.540864,202,41,140,2,20250815_211632
1755260156.570666,7677933,1965550848,1965.550848,205,41,142,2,20250815_211632
1755260156.58065,7677972,1965560832,1965.560832,208,42,142,2,20250815_211632
1755260156.5908902,7678012,1965571072,1965.571072,212,41,144,2,20250815_211632
1755260156.6008742,7678051,1965581056,1965.581056,215,42,144,2,20250815_211632
1755260156.610858,7678090,1965591040,1965.59104,218,42,145,2,20250815_211632
1755260156.620842,7678129,1965601024,1965.601024,221,43,146,2,20250815_211632
1755260156.630826,7678168,1965611008,1965.611008,224,43,146,2,20250815_211632
1755260156.64081,7678207,1965620992,1965.620992,228,43,146,2,20250815_211632
1755260156.650794,7678246,1965630976,1965.630976,231,43,146,2,20250815_211632
1755260156.660778,7678285,1965640960,1965.64096,234,44,146,2,20250815_211632
1755260156.670762,7678324,1965650944,1965.650944,237,44,146,2,20250815_211632
1755260156.680746,7678363,1965660928,1965.660928,240,44,146,2,20250815_211632
1755260156.69073,7678402,1965670912,1965.670912,244,44,148,2,20250815_211632
1755260156.700714,7678441,1965680896,1965.680896,247,45,147,2,20250815_211632
1755260156.710698,7678480,1965690880,1965.69088,250,45,147,2,20250815_211632
1755260156.720682,7678519,1965700864,1965.700864,253,45,147,2,20250815_211632
1755260156.730922,7678559,1965711104,1965.711104,1,45,146,2,20250815_211632
1755260156.740906,7678598,1965721088,1965.721088,4,45,147,2,20250815_211632
1755260156.75089,7678637,1965731072,1965.731072,8,45,147,2,20250815_211632
1755260156.760874,7678676,1965741056,1965.741056,11,46,147,2,20250815_211632
1755260156.770858,7678715,1965751040,1965.75104,14,45,146,2,20250815_211632
1755260156.780842,7678754,1965761024,1965.761024,17,46,146,2,20250815_211632
1755260156.790826,7678793,1965771008,1965.771008,20,45,145,2,20250815_211632
1755260156.80081,7678832,1965780992,1965.780992,24,46,144,2,20250815_211632
1755260156.810794,7678871,1965790976,1965.790976,27,45,142,2,20250815_211632
1755260156.820778,7678910,1965800960,1965.80096,30,46,138,2,20250815_211632
1755260156.830762,7678949,1965810944,1965.810944,33,46,134,2,20250815_211632
1755260156.8407462,7678988,1965820928,1965.820928,36,46,129,2,20250815_211632
1755260156.8507302,7679027,1965830912,1965.830912,39,46,127,2,20250815_211632
1755260156.860714,7679066,1965840896,1965.840896,43,46,122,2,20250815_211632
1755260156.870698,7679105,1965850880,1965.85088,46,45,118,2,20250815_211632
1755260156.880938,7679145,1965861120,1965.86112,49,46,115,2,20250815_211632
1755260156.890922,7679184,1965871104,1965.871104,52,45,110,2,20250815_211632
1755260156.900906,7679223,1965881088,1965.881088,55,45,106,2,20250815_211632
1755260156.91089,7679262,1965891072,1965.891072,59,45,104,2,20250815_211632
1755260156.920874,7679301,1965901056,1965.901056,62,45,101,2,20250815_211632
1755260156.930858,7679340,1965911040,1965.91104,65,45,100,2,20250815_211632
1755260156.9408422,7679379,1965921024,1965.921024,68,44,98,2,20250815_211632
1755260156.9508262,7679418,1965931008,1965.931008,71,44,97,2,20250815_211632
1755260156.9608102,7679457,1965940992,1965.940992,75,43,96,2,20250815_211632
1755260156.970794,7679496,1965950976,1965.950976,78,43,95,2,20250815_211632
1755260156.980778,7679535,1965960960,1965.96096,81,42,96,2,20250815_211632
1755260156.991018,7679575,1965971200,1965.9712,84,41,96,2,20250815_211632
1755260157.001002,7679614,1965981184,1965.981184,87,40,96,2,20250815_211632
1755260157.010986,7679653,1965991168,1965.991168,90,40,96,2,20250815_211632
1755260157.02097,7679692,1966001152,1966.001152,94,40,96,2,20250815_211632
1755260157.030954,7679731,1966011136,1966.011136,97,39,96,2,20250815_211632
1755260157.040938,7679770,1966021120,1966.02112,100,39,96,2,20250815_211632
1755260157.0509222,7679809,1966031104,1966.031104,103,39,96,2,20250815_211632
1755260157.0609062,7679848,1966041088,1966.041088,106,38,96,2,20250815_211632
1755260157.07089,7679887,1966051072,1966.051072,110,38,96,2,20250815_211632
1755260157.080874,7679926,1966061056,1966.061056,113,38,97,2,20250815_211632
1755260157.090858,7679965,1966071040,1966.07104,116,38,96,2,20250815_211632
1755260157.100842,7680004,1966081024,1966.081024,119,38,96,2,20250815_211632
1755260157.110826,7680043,1966091008,1966.091008,122,38,96,2,20250815_211632
1755260157.12081,7680082,1966100992,1966.100992,126,38,96,2,20250815_211632
1755260157.13105,7680122,1966111232,1966.111232,129,38,97,2,20250815_211632
1755260157.141034,7680161,1966121216,1966.121216,132,38,98,2,20250815_211632
1755260157.151018,7680200,1966131200,1966.1312,135,38,97,2,20250815_211632
1755260157.1610022,7680239,1966141184,1966.141184,138,39,97,2,20250815_211632
1755260157.1709862,7680278,1966151168,1966.151168,141,39,98,2,20250815_211632
1755260157.18097,7680317,1966161152,1966.161152,145,39,98,2,20250815_211632
1755260157.190954,7680356,1966171136,1966.171136,148,39,98,2,20250815_211632
1755260157.200938,7680395,1966181120,1966.18112,151,39,98,2,20250815_211632
1755260157.210922,7680434,1966191104,1966.191104,154,39,100,2,20250815_211632
1755260157.220906,7680473,1966201088,1966.201088,157,39,100,2,20250815_211632
1755260157.23089,7680512,1966211072,1966.211072,161,40,101,2,20250815_211632
1755260157.240874,7680551,1966221056,1966.221056,164,40,102,2,20250815_211632
1755260157.250858,7680590,1966231040,1966.23104,167,40,104,2,20250815_211632
1755260157.260842,7680629,1966241024,1966.241024,170,41,105,2,20250815_211632
1755260157.2710822,7680669,1966251264,1966.251264,173,41,107,2,20250815_211632
1755260157.2810662,7680708,1966261248,1966.261248,177,41,110,2,20250815_211632
1755260157.29105,7680747,1966271232,1966.271232,180,41,114,2,20250815_211632
1755260157.301034,7680786,1966281216,1966.281216,183,42,119,2,20250815_211632
1755260157.311018,7680825,1966291200,1966.2912,186,42,127,2,20250815_211632
1755260157.321002,7680864,1966301184,1966.301184,189,42,134,2,20250815_211632
1755260157.330986,7680903,1966311168,1966.311168,192,41,138,2,20250815_211632
1755260157.34097,7680942,1966321152,1966.321152,196,41,139,2,20250815_211632
1755260157.350954,7680981,1966331136,1966.331136,199,41,140,2,20250815_211632
1755260157.360938,7681020,1966341120,1966.34112,202,42,140,2,20250815_211632
1755260157.370922,7681059,1966351104,1966.351104,205,42,142,2,20250815_211632
1755260157.380906,7681098,1966361088,1966.361088,208,42,144,2,20250815_211632
1755260157.39089,7681137,1966371072,1966.371072,212,42,144,2,20250815_211632
1755260157.400874,7681176,1966381056,1966.381056,215,43,144,2,20250815_211632
1755260157.411114,7681216,1966391296,1966.391296,218,46,146,2,20250815_211632
1755260157.421098,7681255,1966401280,1966.40128,221,43,146,2,20250815_211632
1755260157.431082,7681294,1966411264,1966.411264,224,43,146,2,20250815_211632
1755260157.441066,7681333,1966421248,1966.421248,228,44,146,2,20250815_211632
1755260157.45105,7681372,1966431232,1966.431232,231,44,146,2,20250815_211632
1755260157.461034,7681411,1966441216,1966.441216,234,44,147,2,20250815_211632
1755260157.471018,7681450,1966451200,1966.4512,237,44,147,2,20250815_211632
1755260157.481002,7681489,1966461184,1966.461184,240,45,147,2,20250815_211632
1755260157.490986,7681528,1966471168,1966.471168,243,45,147,2,20250815_211632
1755260157.50097,7681567,1966481152,1966.481152,247,46,148,2,20250815_211632
1755260157.510954,7681606,1966491136,1966.491136,250,46,147,2,20250815_211632
1755260157.5209382,7681645,1966501120,1966.50112,253,46,147,2,20250815_211632
1755260157.5309222,7681684,1966511104,1966.511104,1,46,147,2,20250815_211632
1755260157.540906,7681723,1966521088,1966.521088,4,46,146,2,20250815_211632
1755260157.551146,7681763,1966531328,1966.531328,8,46,147,2,20250815_211632
1755260157.56113,7681802,1966541312,1966.541312,11,46,146,2,20250815_211632
1755260157.571114,7681841,1966551296,1966.551296,14,46,146,2,20250815_211632
1755260157.581098,7681880,1966561280,1966.56128,17,46,145,2,20250815_211632
1755260157.591082,7681919,1966571264,1966.571264,20,46,144,2,20250815_211632
1755260157.601066,7681958,1966581248,1966.581248,23,46,142,2,20250815_211632
1755260157.61105,7681997,1966591232,1966.591232,27,46,140,2,20250815_211632
1755260157.621034,7682036,1966601216,1966.601216,30,46,139,2,20250815_211632
1755260157.6310182,7682075,1966611200,1966.6112,33,46,135,2,20250815_211632
1755260157.6410022,7682114,1966621184,1966.621184,36,47,130,2,20250815_211632
1755260157.650986,7682153,1966631168,1966.631168,39,46,127,2,20250815_211632
1755260157.66097,7682192,1966641152,1966.641152,43,47,123,2,20250815_211632
1755260157.670954,7682231,1966651136,1966.651136,46,46,119,2,20250815_211632
1755260157.680938,7682270,1966661120,1966.66112,49,47,115,2,20250815_211632
1755260157.690922,7682309,1966671104,1966.671104,52,46,111,2,20250815_211632
1755260157.701162,7682349,1966681344,1966.681344,55,47,108,2,20250815_211632
1755260157.711146,7682388,1966691328,1966.691328,59,46,104,2,20250815_211632
1755260157.72113,7682427,1966701312,1966.701312,62,46,102,2,20250815_211632
1755260157.731114,7682466,1966711296,1966.711296,65,46,100,2,20250815_211632
1755260157.7410982,7682505,1966721280,1966.72128,68,45,98,2,20250815_211632
1755260157.7510822,7682544,1966731264,1966.731264,71,45,95,2,20250815_211632
1755260157.761066,7682583,1966741248,1966.741248,74,45,96,2,20250815_211632
1755260157.77105,7682622,1966751232,1966.751232,78,44,96,2,20250815_211632
1755260157.781034,7682661,1966761216,1966.761216,81,44,96,2,20250815_211632
1755260157.791018,7682700,1966771200,1966.7712,84,43,95,2,20250815_211632
1755260157.801002,7682739,1966781184,1966.781184,87,43,96,2,20250815_211632
1755260157.810986,7682778,1966791168,1966.791168,90,42,96,2,20250815_211632
1755260157.82097,7682817,1966801152,1966.801152,94,42,95,2,20250815_211632
1755260157.830954,7682856,1966811136,1966.811136,97,41,96,2,20250815_211632
1755260157.8411942,7682896,1966821376,1966.821376,100,40,95,2,20250815_211632
1755260157.8511782,7682935,1966831360,1966.83136,103,40,96,2,20250815_211632
1755260157.8611622,7682974,1966841344,1966.841344,106,40,96,2,20250815_211632
1755260157.871146,7683013,1966851328,1966.851328,110,39,96,2,20250815_211632
1755260157.88113,7683052,1966861312,1966.861312,113,40,96,2,20250815_211632
1755260157.891114,7683091,1966871296,1966.871296,116,39,96,2,20250815_211632
1755260157.901098,7683130,1966881280,1966.88128,119,39,96,2,20250815_211632
1755260157.911082,7683169,1966891264,1966.891264,122,39,98,2,20250815_211632
1755260157.921066,7683208,1966901248,1966.901248,125,40,96,2,20250815_211632
1755260157.93105,7683247,1966911232,1966.911232,129,39,96,2,20250815_211632
1755260157.941034,7683286,1966921216,1966.921216,132,40,96,2,20250815_211632
1755260157.951018,7683325,1966931200,1966.9312,135,40,96,2,20250815_211632
1755260157.961002,7683364,1966941184,1966.941184,138,40,97,2,20250815_211632
1755260157.970986,7683403,1966951168,1966.951168,141,40,97,2,20250815_211632
1755260157.98097,7683442,1966961152,1966.961152,145,40,98,2,20250815_211632
1755260157.99121,7683482,1966971392,1966.971392,148,40,98,2,20250815_211632
1755260158.001194,7683521,1966981376,1966.981376,151,40,99,2,20250815_211632
1755260158.011178,7683560,1966991360,1966.99136,154,40,100,2,20250815_211632
1755260158.021162,7683599,1967001344,1967.001344,157,41,100,2,20250815_211632
1755260158.031146,7683638,1967011328,1967.011328,161,40,101,2,20250815_211632
1755260158.04113,7683677,1967021312,1967.021312,164,41,101,2,20250815_211632
1755260158.051114,7683716,1967031296,1967.031296,167,41,102,2,20250815_211632
1755260158.061098,7683755,1967041280,1967.04128,170,42,104,2,20250815_211632
1755260158.071082,7683794,1967051264,1967.051264,173,42,106,2,20250815_211632
1755260158.081066,7683833,1967061248,1967.061248,176,42,109,2,20250815_211632
1755260158.09105,7683872,1967071232,1967.071232,180,42,113,2,20250815_211632
1755260158.1010342,7683911,1967081216,1967.081216,183,43,118,2,20250815_211632
1755260158.1110182,7683950,1967091200,1967.0912,186,43,126,2,20250815_211632
1755260158.121002,7683989,1967101184,1967.101184,189,43,132,2,20250815_211632
1755260158.131242,7684029,1967111424,1967.111424,192,42,138,2,20250815_211632
1755260158.141226,7684068,1967121408,1967.121408,196,42,134,2,20250815_211632
1755260158.15121,7684107,1967131392,1967.131392,199,43,140,2,20250815_211632
1755260158.161194,7684146,1967141376,1967.141376,202,42,141,2,20250815_211632
1755260158.171178,7684185,1967151360,1967.15136,205,42,141,2,20250815_211632
1755260158.181162,7684224,1967161344,1967.161344,208,43,143,2,20250815_211632
1755260158.191146,7684263,1967171328,1967.171328,211,43,144,2,20250815_211632
1755260158.2011302,7684302,1967181312,1967.181312,215,43,144,2,20250815_211632
1755260158.2111142,7684341,1967191296,1967.191296,218,43,146,2,20250815_211632
1755260158.2210982,7684380,1967201280,1967.20128,221,44,145,2,20250815_211632
1755260158.231082,7684419,1967211264,1967.211264,224,44,146,2,20250815_211632
1755260158.241066,7684458,1967221248,1967.221248,227,44,146,2,20250815_211632
1755260158.25105,7684497,1967231232,1967.231232,231,44,147,2,20250815_211632
1755260158.261034,7684536,1967241216,1967.241216,234,45,147,2,20250815_211632
1755260158.271018,7684575,1967251200,1967.2512,237,45,147,2,20250815_211632
1755260158.281258,7684615,1967261440,1967.26144,240,45,147,2,20250815_211632
1755260158.291242,7684654,1967271424,1967.271424,243,45,147,2,20250815_211632
1755260158.301226,7684693,1967281408,1967.281408,247,45,147,2,20250815_211632
1755260158.3112102,7684732,1967291392,1967.291392,250,46,147,2,20250815_211632
1755260158.3211942,7684771,1967301376,1967.301376,253,46,147,2,20250815_211632
1755260158.331178,7684810,1967311360,1967.31136,1,45,148,2,20250815_211632
1755260158.341162,7684849,1967321344,1967.321344,4,46,148,2,20250815_211632
1755260158.351146,7684888,1967331328,1967.331328,7,46,147,2,20250815_211632
1755260158.36113,7684927,1967341312,1967.341312,11,46,147,2,20250815_211632
1755260158.371114,7684966,1967351296,1967.351296,14,46,146,2,20250815_211632
1755260158.381098,7685005,1967361280,1967.36128,17,47,146,2,20250815_211632
1755260158.391082,7685044,1967371264,1967.371264,20,46,144,2,20250815_211632
1755260158.401066,7685083,1967381248,1967.381248,23,46,143,2,20250815_211632
1755260158.41105,7685122,1967391232,1967.391232,27,46,141,2,20250815_211632
1755260158.4212902,7685162,1967401472,1967.401472,30,46,138,2,20250815_211632
1755260158.4312742,7685201,1967411456,1967.411456,33,46,134,2,20250815_211632
1755260158.441258,7685240,1967421440,1967.42144,36,46,130,2,20250815_211632
1755260158.451242,7685279,1967431424,1967.431424,39,45,127,2,20250815_211632
1755260158.461226,7685318,1967441408,1967.441408,43,46,122,2,20250815_211632
1755260158.47121,7685357,1967451392,1967.451392,46,45,118,2,20250815_211632
1755260158.481194,7685396,1967461376,1967.461376,49,46,115,2,20250815_211632
1755260158.491178,7685435,1967471360,1967.47136,52,46,110,2,20250815_211632
1755260158.501162,7685474,1967481344,1967.481344,55,45,106,2,20250815_211632
1755260158.511146,7685513,1967491328,1967.491328,58,45,104,2,20250815_211632
1755260158.52113,7685552,1967501312,1967.501312,62,45,101,2,20250815_211632
1755260158.531114,7685591,1967511296,1967.511296,65,44,100,2,20250815_211632
1755260158.541098,7685630,1967521280,1967.52128,68,44,98,2,20250815_211632
1755260158.551338,7685670,1967531520,1967.53152,71,43,97,2,20250815_211632
1755260158.561322,7685709,1967541504,1967.541504,74,43,96,2,20250815_211632
1755260158.571306,7685748,1967551488,1967.551488,78,43,95,2,20250815_211632
1755260158.58129,7685787,1967561472,1967.561472,81,42,96,2,20250815_211632
1755260158.591274,7685826,1967571456,1967.571456,84,41,96,2,20250815_211632
1755260158.601258,7685865,1967581440,1967.58144,87,41,96,2,20250815_211632
1755260158.611242,7685904,1967591424,1967.591424,90,40,96,2,20250815_211632
1755260158.621226,7685943,1967601408,1967.601408,94,40,96,2,20250815_211632
1755260158.63121,7685982,1967611392,1967.611392,97,39,96,2,20250815_211632
1755260158.641194,7686021,1967621376,1967.621376,100,39,96,2,20250815_211632
1755260158.651178,7686060,1967631360,1967.63136,103,38,95,2,20250815_211632
1755260158.661162,7686099,1967641344,1967.641344,106,38,96,2,20250815_211632
1755260158.6711462,7686138,1967651328,1967.651328,109,38,96,2,20250815_211632
1755260158.6811302,7686177,1967661312,1967.661312,113,38,96,2,20250815_211632
1755260158.69137,7686217,1967671552,1967.671552,116,38,96,2,20250815_211632
1755260158.701354,7686256,1967681536,1967.681536,119,38,96,2,20250815_211632
1755260158.711338,7686295,1967691520,1967.69152,122,38,97,2,20250815_211632
1755260158.721322,7686334,1967701504,1967.701504,125,38,97,2,20250815_211632
1755260158.731306,7686373,1967711488,1967.711488,129,38,97,2,20250815_211632
1755260158.74129,7686412,1967721472,1967.721472,132,38,97,2,20250815_211632
1755260158.751274,7686451,1967731456,1967.731456,135,38,98,2,20250815_211632
1755260158.761258,7686490,1967741440,1967.74144,138,38,97,2,20250815_211632
1755260158.771242,7686529,1967751424,1967.751424,141,38,98,2,20250815_211632
1755260158.7812262,7686568,1967761408,1967.761408,145,39,98,2,20250815_211632
1755260158.7912102,7686607,1967771392,1967.771392,148,38,99,2,20250815_211632
1755260158.801194,7686646,1967781376,1967.781376,151,38,99,2,20250815_211632
1755260158.811178,7686685,1967791360,1967.79136,154,39,100,2,20250815_211632
1755260158.821162,7686724,1967801344,1967.801344,157,39,101,2,20250815_211632
1755260158.831146,7686763,1967811328,1967.811328,160,39,101,2,20250815_211632
1755260158.841386,7686803,1967821568,1967.821568,164,39,102,2,20250815_211632
1755260158.85137,7686842,1967831552,1967.831552,167,39,103,2,20250815_211632
1755260158.861354,7686881,1967841536,1967.841536,170,39,104,2,20250815_211632
1755260158.871338,7686920,1967851520,1967.85152,173,40,106,2,20250815_211632
1755260158.881322,7686959,1967861504,1967.861504,176,40,109,2,20250815_211632
1755260158.8913062,7686998,1967871488,1967.871488,180,40,113,2,20250815_211632
1755260158.9012902,7687037,1967881472,1967.881472,183,40,119,2,20250815_211632
1755260158.911274,7687076,1967891456,1967.891456,186,40,126,2,20250815_211632
1755260158.921258,7687115,1967901440,1967.90144,189,40,134,2,20250815_211632
1755260158.931242,7687154,1967911424,1967.911424,192,40,137,2,20250815_211632
1755260158.941482,7687194,1967921664,1967.921664,196,39,139,2,20250815_211632
1755260158.951466,7687233,1967931648,1967.931648,199,39,140,2,20250815_211632
1755260158.96145,7687272,1967941632,1967.941632,202,40,140,2,20250815_211632
1755260158.971434,7687311,1967951616,1967.951616,205,39,141,2,20250815_211632
1755260158.981418,7687350,1967961600,1967.9616,208,40,142,2,20250815_211632
1755260158.991402,7687389,1967971584,1967.971584,211,40,143,2,20250815_211632
1755260159.0013862,7687428,1967981568,1967.981568,215,40,144,2,20250815_211632
1755260159.0113702,7687467,1967991552,1967.991552,218,40,145,2,20250815_211632
1755260159.021354,7687506,1968001536,1968.001536,221,40,146,2,20250815_211632
1755260159.031338,7687545,1968011520,1968.01152,224,40,146,2,20250815_211632
1755260159.041322,7687584,1968021504,1968.021504,227,40,146,2,20250815_211632
1755260159.051306,7687623,1968031488,1968.031488,231,40,146,2,20250815_211632
1755260159.06129,7687662,1968041472,1968.041472,234,41,147,2,20250815_211632
1755260159.071274,7687701,1968051456,1968.051456,237,42,147,2,20250815_211632
1755260159.081514,7687741,1968061696,1968.061696,240,42,147,2,20250815_211632
1755260159.091498,7687780,1968071680,1968.07168,243,41,147,2,20250815_211632
1755260159.1014822,7687819,1968081664,1968.081664,246,42,147,2,20250815_211632
1755260159.1114662,7687858,1968091648,1968.091648,250,42,148,2,20250815_211632
1755260159.1214502,7687897,1968101632,1968.101632,253,43,148,2,20250815_211632
1755260159.131434,7687936,1968111616,1968.111616,1,42,148,2,20250815_211632
1755260159.141418,7687975,1968121600,1968.1216,4,42,147,2,20250815_211632
1755260159.151402,7688014,1968131584,1968.131584,7,42,147,2,20250815_211632
1755260159.161386,7688053,1968141568,1968.141568,11,42,147,2,20250815_211632
1755260159.17137,7688092,1968151552,1968.151552,14,42,147,2,20250815_211632
1755260159.181354,7688131,1968161536,1968.161536,17,43,146,2,20250815_211632
1755260159.191338,7688170,1968171520,1968.17152,20,42,145,2,20250815_211632
1755260159.201322,7688209,1968181504,1968.181504,23,43,143,2,20250815_211632
1755260159.211306,7688248,1968191488,1968.191488,27,42,141,2,20250815_211632
1755260159.22129,7688287,1968201472,1968.201472,30,43,138,2,20250815_211632
1755260159.23153,7688327,1968211712,1968.211712,33,43,134,2,20250815_211632
1755260159.241514,7688366,1968221696,1968.221696,36,42,129,2,20250815_211632
1755260159.251498,7688405,1968231680,1968.23168,39,42,127,2,20250815_211632
1755260159.261482,7688444,1968241664,1968.241664,42,42,122,2,20250815_211632
1755260159.271466,7688483,1968251648,1968.251648,46,42,118,2,20250815_211632
1755260159.28145,7688522,1968261632,1968.261632,49,42,115,2,20250815_211632
1755260159.291434,7688561,1968271616,1968.271616,52,42,111,2,20250815_211632
1755260159.301418,7688600,1968281600,1968.2816,55,42,106,2,20250815_211632
1755260159.311402,7688639,1968291584,1968.291584,58,41,104,2,20250815_211632
1755260159.321386,7688678,1968301568,1968.301568,62,42,102,2,20250815_211632
1755260159.33137,7688717,1968311552,1968.311552,65,41,99,2,20250815_211632
1755260159.341354,7688756,1968321536,1968.321536,68,41,98,2,20250815_211632
1755260159.351338,7688795,1968331520,1968.33152,71,40,96,2,20250815_211632
1755260159.3613222,7688834,1968341504,1968.341504,74,40,95,2,20250815_211632
1755260159.371562,7688874,1968351744,1968.351744,78,40,96,2,20250815_211632
1755260159.381546,7688913,1968361728,1968.361728,81,39,96,2,20250815_211632
1755260159.39153,7688952,1968371712,1968.371712,84,38,96,2,20250815_211632
1755260159.401514,7688991,1968381696,1968.381696,87,39,96,2,20250815_211632
1755260159.411498,7689030,1968391680,1968.39168,90,37,96,2,20250815_211632
1755260159.421482,7689069,1968401664,1968.401664,93,37,96,2,20250815_211632
1755260159.431466,7689108,1968411648,1968.411648,97,36,96,2,20250815_211632
1755260159.44145,7689147,1968421632,1968.421632,100,36,96,2,20250815_211632
1755260159.451434,7689186,1968431616,1968.431616,103,35,96,2,20250815_211632
1755260159.4614182,7689225,1968441600,1968.4416,106,35,96,2,20250815_211632
1755260159.4714022,7689264,1968451584,1968.451584,109,35,96,2,20250815_211632
1755260159.481642,7689304,1968461824,1968.461824,113,35,97,2,20250815_211632
1755260159.491626,7689343,1968471808,1968.471808,116,35,96,2,20250815_211632
1755260159.50161,7689382,1968481792,1968.481792,119,35,96,2,20250815_211632
1755260159.511594,7689421,1968491776,1968.491776,122,34,97,2,20250815_211632
1755260159.521578,7689460,1968501760,1968.50176,125,35,97,2,20250815_211632
1755260159.531562,7689499,1968511744,1968.511744,129,35,97,2,20250815_211632
1755260159.541546,7689538,1968521728,1968.521728,132,36,97,2,20250815_211632
1755260159.55153,7689577,1968531712,1968.531712,135,35,98,2,20250815_211632
1755260159.561514,7689616,1968541696,1968.541696,138,36,97,2,20250815_211632
1755260159.5714982,7689655,1968551680,1968.55168,141,35,98,2,20250815_211632
1755260159.5814822,7689694,1968561664,1968.561664,144,36,98,2,20250815_211632
1755260159.591466,7689733,1968571648,1968.571648,148,35,99,2,20250815_211632
1755260159.60145,7689772,1968581632,1968.581632,151,36,100,2,20250815_211632
1755260159.611434,7689811,1968591616,1968.591616,154,36,99,2,20250815_211632
1755260159.621418,7689850,1968601600,1968.6016,157,36,101,2,20250815_211632
1755260159.631658,7689890,1968611840,1968.61184,160,36,101,2,20250815_211632
1755260159.641642,7689929,1968621824,1968.621824,164,37,102,2,20250815_211632
1755260159.651626,7689968,1968631808,1968.631808,167,36,103,2,20250815_211632
1755260159.66161,7690007,1968641792,1968.641792,170,37,104,2,20250815_211632
1755260159.671594,7690046,1968651776,1968.651776,173,37,107,2,20250815_211632
1755260159.6815782,7690085,1968661760,1968.66176,176,37,110,2,20250815_211632
1755260159.6915622,7690124,1968671744,1968.671744,180,37,115,2,20250815_211632
1755260159.701546,7690163,1968681728,1968.681728,183,38,121,2,20250815_211632
1755260159.71153,7690202,1968691712,1968.691712,186,37,127,2,20250815_211632
1755260159.721514,7690241,1968701696,1968.701696,189,38,133,2,20250815_211632
1755260159.731498,7690280,1968711680,1968.71168,192,37,138,2,20250815_211632
1755260159.741482,7690319,1968721664,1968.721664,195,38,139,2,20250815_211632
1755260159.751466,7690358,1968731648,1968.731648,199,37,140,2,20250815_211632
1755260159.76145,7690397,1968741632,1968.741632,202,38,140,2,20250815_211632
1755260159.77169,7690437,1968751872,1968.751872,205,37,143,2,20250815_211632
1755260159.781674,7690476,1968761856,1968.761856,208,38,143,2,20250815_211632
1755260159.7916582,7690515,1968771840,1968.77184,211,37,144,2,20250815_211632
1755260159.8016422,7690554,1968781824,1968.781824,215,38,144,2,20250815_211632
1755260159.811626,7690593,1968791808,1968.791808,218,38,144,2,20250815_211632
1755260159.82161,7690632,1968801792,1968.801792,221,39,145,2,20250815_211632
1755260159.831594,7690671,1968811776,1968.811776,224,39,145,2,20250815_211632
1755260159.841578,7690710,1968821760,1968.82176,227,39,145,2,20250815_211632
1755260159.851562,7690749,1968831744,1968.831744,230,39,146,2,20250815_211632
1755260159.861546,7690788,1968841728,1968.841728,234,40,146,2,20250815_211632
1755260159.87153,7690827,1968851712,1968.851712,237,39,146,2,20250815_211632
1755260159.881514,7690866,1968861696,1968.861696,240,40,146,2,20250815_211632
1755260159.891498,7690905,1968871680,1968.87168,243,39,146,2,20250815_211632
1755260159.901482,7690944,1968881664,1968.881664,246,40,146,2,20250815_211632
1755260159.9117222,7690984,1968891904,1968.891904,250,39,146,2,20250815_211632
1755260159.921706,7691023,1968901888,1968.901888,253,40,146,2,20250815_211632
1755260159.93169,7691062,1968911872,1968.911872,1,40,148,2,20250815_211632
1755260159.941674,7691101,1968921856,1968.921856,4,41,147,2,20250815_211632
1755260159.951658,7691140,1968931840,1968.93184,7,40,147,2,20250815_211632
1755260159.961642,7691179,1968941824,1968.941824,11,41,147,2,20250815_211632
1755260159.971626,7691218,1968951808,1968.951808,14,40,146,2,20250815_211632
1755260159.98161,7691257,1968961792,1968.961792,17,41,144,2,20250815_211632
1755260159.991594,7691296,1968971776,1968.971776,20,40,144,2,20250815_211632
1755260160.001578,7691335,1968981760,1968.98176,23,41,143,2,20250815_211632
1755260160.011562,7691374,1968991744,1968.991744,26,40,141,2,20250815_211632
1755260160.021546,7691413,1969001728,1969.001728,30,40,138,2,20250815_211632
1755260160.03153,7691452,1969011712,1969.011712,33,40,135,2,20250815_211632
1755260160.0415142,7691491,1969021696,1969.021696,36,41,130,2,20250815_211632
1755260160.051754,7691531,1969031936,1969.031936,39,40,127,2,20250815_211632
1755260160.061738,7691570,1969041920,1969.04192,42,40,123,2,20250815_211632
1755260160.071722,7691609,1969051904,1969.051904,46,40,120,2,20250815_211632
1755260160.081706,7691648,1969061888,1969.061888,49,40,116,2,20250815_211632
1755260160.09169,7691687,1969071872,1969.071872,52,40,112,2,20250815_211632
1755260160.101674,7691726,1969081856,1969.081856,55,40,107,2,20250815_211632
1755260160.111658,7691765,1969091840,1969.09184,58,39,105,2,20250815_211632
1755260160.121642,7691804,1969101824,1969.101824,62,39,101,2,20250815_211632
1755260160.131626,7691843,1969111808,1969.111808,65,39,100,2,20250815_211632
1755260160.14161,7691882,1969121792,1969.121792,68,39,98,2,20250815_211632
1755260160.1515942,7691921,1969131776,1969.131776,71,38,97,2,20250815_211632
1755260160.1615782,7691960,1969141760,1969.14176,74,38,96,2,20250815_211632
1755260160.171562,7691999,1969151744,1969.151744,77,38,95,2,20250815_211632
1755260160.181546,7692038,1969161728,1969.161728,81,38,96,2,20250815_211632
1755260160.191786,7692078,1969171968,1969.171968,84,37,96,2,20250815_211632
1755260160.20177,7692117,1969181952,1969.181952,87,37,96,2,20250815_211632
1755260160.211754,7692156,1969191936,1969.191936,90,36,96,2,20250815_211632
1755260160.221738,7692195,1969201920,1969.20192,93,36,96,2,20250815_211632
1755260160.231722,7692234,1969211904,1969.211904,97,34,96,2,20250815_211632
1755260160.241706,7692273,1969221888,1969.221888,100,35,96,2,20250815_211632
1755260160.25169,7692312,1969231872,1969.231872,103,34,96,2,20250815_211632
1755260160.2616742,7692351,1969241856,1969.241856,106,35,96,2,20250815_211632
1755260160.2716582,7692390,1969251840,1969.25184,109,34,96,2,20250815_211632
1755260160.281642,7692429,1969261824,1969.261824,113,34,96,2,20250815_211632
1755260160.291626,7692468,1969271808,1969.271808,116,34,96,2,20250815_211632
1755260160.30161,7692507,1969281792,1969.281792,119,34,96,2,20250815_211632
1755260160.311594,7692546,1969291776,1969.291776,122,34,96,2,20250815_211632
1755260160.321578,7692585,1969301760,1969.30176,125,35,97,2,20250815_211632
1755260160.331818,7692625,1969312000,1969.312,128,34,97,2,20250815_211632
1755260160.341802,7692664,1969321984,1969.321984,132,34,97,2,20250815_211632
1755260160.351786,7692703,1969331968,1969.331968,135,34,97,2,20250815_211632
1755260160.3617702,7692742,1969341952,1969.341952,138,35,98,2,20250815_211632
1755260160.3717542,7692781,1969351936,1969.351936,141,34,98,2,20250815_211632
1755260160.3817382,7692820,1969361920,1969.36192,144,35,99,2,20250815_211632
1755260160.391722,7692859,1969371904,1969.371904,148,35,99,2,20250815_211632
1755260160.401706,7692898,1969381888,1969.381888,151,35,99,2,20250815_211632
1755260160.41169,7692937,1969391872,1969.391872,154,35,100,2,20250815_211632
1755260160.421674,7692976,1969401856,1969.401856,157,35,100,2,20250815_211632
1755260160.431658,7693015,1969411840,1969.41184,160,35,101,2,20250815_211632
1755260160.441642,7693054,1969421824,1969.421824,164,35,102,2,20250815_211632
1755260160.451626,7693093,1969431808,1969.431808,167,35,103,2,20250815_211632
1755260160.46161,7693132,1969441792,1969.441792,170,36,105,2,20250815_211632
1755260160.471594,7693171,1969451776,1969.451776,173,36,106,2,20250815_211632
1755260160.4818342,7693211,1969462016,1969.462016,176,36,110,2,20250815_211632
1755260160.491818,7693250,1969472000,1969.472,179,36,115,2,20250815_211632
1755260160.501802,7693289,1969481984,1969.481984,183,37,120,2,20250815_211632
1755260160.511786,7693328,1969491968,1969.491968,186,36,127,2,20250815_211632
1755260160.52177,7693367,1969501952,1969.501952,189,37,134,2,20250815_211632
1755260160.531754,7693406,1969511936,1969.511936,192,36,138,2,20250815_211632
1755260160.541738,7693445,1969521920,1969.52192,195,37,139,2,20250815_211632
1755260160.551722,7693484,1969531904,1969.531904,199,36,140,2,20250815_211632
1755260160.561706,7693523,1969541888,1969.541888,202,37,140,2,20250815_211632
1755260160.57169,7693562,1969551872,1969.551872,205,36,142,2,20250815_211632
1755260160.581674,7693601,1969561856,1969.561856,208,37,144,2,20250815_211632
1755260160.591658,7693640,1969571840,1969.57184,211,37,144,2,20250815_211632
1755260160.601642,7693679,1969581824,1969.581824,214,37,145,2,20250815_211632
1755260160.611626,7693718,1969591808,1969.591808,218,37,146,2,20250815_211632
1755260160.621866,7693758,1969602048,1969.602048,221,38,146,2,20250815_211632
1755260160.63185,7693797,1969612032,1969.612032,224,37,146,2,20250815_211632
1755260160.641834,7693836,1969622016,1969.622016,227,38,146,2,20250815_211632
1755260160.651818,7693875,1969632000,1969.632,230,38,147,2,20250815_211632
1755260160.661802,7693914,1969641984,1969.641984,234,38,147,2,20250815_211632
1755260160.671786,7693953,1969651968,1969.651968,237,38,147,2,20250815_211632
1755260160.68177,7693992,1969661952,1969.661952,240,39,147,2,20250815_211632
1755260160.691754,7694031,1969671936,1969.671936,243,39,147,2,20250815_211632
1755260160.701738,7694070,1969681920,1969.68192,246,39,147,2,20250815_211632
1755260160.711722,7694109,1969691904,1969.691904,250,39,147,2,20250815_211632
1755260160.7217062,7694148,1969701888,1969.701888,253,40,148,2,20250815_211632
1755260160.7316902,7694187,1969711872,1969.711872,1,39,147,2,20250815_211632
1755260160.7416742,7694226,1969721856,1969.721856,4,39,146,2,20250815_211632
1755260160.751658,7694265,1969731840,1969.73184,7,39,146,2,20250815_211632
1755260160.761898,7694305,1969742080,1969.74208,10,40,146,2,20250815_211632
1755260160.771882,7694344,1969752064,1969.752064,14,39,146,2,20250815_211632
1755260160.781866,7694383,1969762048,1969.762048,17,40,145,2,20250815_211632
1755260160.79185,7694422,1969772032,1969.772032,20,39,143,2,20250815_211632
1755260160.801834,7694461,1969782016,1969.782016,23,39,142,2,20250815_211632
1755260160.811818,7694500,1969792000,1969.792,26,38,139,2,20250815_211632
1755260160.821802,7694539,1969801984,1969.801984,30,39,135,2,20250815_211632
1755260160.8317862,7694578,1969811968,1969.811968,33,38,132,2,20250815_211632
1755260160.8417702,7694617,1969821952,1969.821952,36,38,127,2,20250815_211632
1755260160.85201,7694657,1969832192,1969.832192,39,37,125,2,20250815_211632
1755260160.861994,7694696,1969842176,1969.842176,42,38,119,2,20250815_211632
1755260160.871978,7694735,1969852160,1969.85216,46,37,117,2,20250815_211632
1755260160.881962,7694774,1969862144,1969.862144,49,37,113,2,20250815_211632
1755260160.891946,7694813,1969872128,1969.872128,52,37,109,2,20250815_211632
1755260160.90193,7694852,1969882112,1969.882112,55,36,105,2,20250815_211632
1755260160.9121702,7694892,1969892352,1969.892352,58,35,103,2,20250815_211632
1755260160.922154,7694931,1969902336,1969.902336,62,36,101,2,20250815_211632
1755260160.932138,7694970,1969912320,1969.91232,65,35,99,2,20250815_211632
1755260160.942122,7695009,1969922304,1969.922304,68,35,97,2,20250815_211632
1755260160.952106,7695048,1969932288,1969.932288,71,34,96,2,20250815_211632
1755260160.96209,7695087,1969942272,1969.942272,74,35,95,2,20250815_211632
1755260160.972074,7695126,1969952256,1969.952256,77,34,95,2,20250815_211632
1755260160.982058,7695165,1969962240,1969.96224,81,34,96,2,20250815_211632
1755260160.992042,7695204,1969972224,1969.972224,84,33,96,2,20250815_211632
1755260161.002026,7695243,1969982208,1969.982208,87,33,96,2,20250815_211632
1755260161.01201,7695282,1969992192,1969.992192,90,32,96,2,20250815_211632
1755260161.021994,7695321,1970002176,1970.002176,93,32,96,2,20250815_211632
1755260161.031978,7695360,1970012160,1970.01216,97,31,96,2,20250815_211632
1755260161.041962,7695399,1970022144,1970.022144,100,31,96,2,20250815_211632
1755260161.052202,7695439,1970032384,1970.032384,103,31,96,2,20250815_211632
1755260161.062186,7695478,1970042368,1970.042368,106,31,95,2,20250815_211632
1755260161.07217,7695517,1970052352,1970.052352,109,31,96,2,20250815_211632
1755260161.082154,7695556,1970062336,1970.062336,113,31,96,2,20250815_211632
1755260161.092138,7695595,1970072320,1970.07232,116,31,96,2,20250815_211632
1755260161.102122,7695634,1970082304,1970.082304,119,31,96,2,20250815_211632
1755260161.112106,7695673,1970092288,1970.092288,122,31,96,2,20250815_211632
1755260161.12209,7695712,1970102272,1970.102272,125,31,97,2,20250815_211632
1755260161.132074,7695751,1970112256,1970.112256,128,31,96,2,20250815_211632
1755260161.142058,7695790,1970122240,1970.12224,132,31,96,2,20250815_211632
1755260161.1520422,7695829,1970132224,1970.132224,135,31,97,2,20250815_211632
1755260161.1620262,7695868,1970142208,1970.142208,138,31,96,2,20250815_211632
1755260161.1720102,7695907,1970152192,1970.152192,141,31,98,2,20250815_211632
1755260161.181994,7695946,1970162176,1970.162176,144,31,98,2,20250815_211632
1755260161.192234,7695986,1970172416,1970.172416,148,31,99,2,20250815_211632
1755260161.202218,7696025,1970182400,1970.1824,151,31,99,2,20250815_211632
1755260161.212202,7696064,1970192384,1970.192384,154,31,100,2,20250815_211632
1755260161.222186,7696103,1970202368,1970.202368,157,32,100,2,20250815_211632
1755260161.23217,7696142,1970212352,1970.212352,160,31,102,2,20250815_211632
1755260161.242154,7696181,1970222336,1970.222336,164,32,102,2,20250815_211632
1755260161.252138,7696220,1970232320,1970.23232,167,31,103,2,20250815_211632
1755260161.2621222,7696259,1970242304,1970.242304,170,32,104,2,20250815_211632
1755260161.2721062,7696298,1970252288,1970.252288,173,32,106,2,20250815_211632
1755260161.28209,7696337,1970262272,1970.262272,176,33,110,2,20250815_211632
1755260161.292074,7696376,1970272256,1970.272256,179,32,114,2,20250815_211632
1755260161.302058,7696415,1970282240,1970.28224,183,33,119,2,20250815_211632
1755260161.312042,7696454,1970292224,1970.292224,186,32,125,2,20250815_211632
1755260161.322026,7696493,1970302208,1970.302208,189,33,132,2,20250815_211632
1755260161.33201,7696532,1970312192,1970.312192,192,32,137,2,20250815_211632
1755260161.34225,7696572,1970322432,1970.322432,195,33,139,2,20250815_211632
1755260161.352234,7696611,1970332416,1970.332416,199,32,140,2,20250815_211632
1755260161.362218,7696650,1970342400,1970.3424,202,33,140,2,20250815_211632
1755260161.3722022,7696689,1970352384,1970.352384,205,32,141,2,20250815_211632
1755260161.3821862,7696728,1970362368,1970.362368,208,33,142,2,20250815_211632
1755260161.39217,7696767,1970372352,1970.372352,211,32,144,2,20250815_211632
1755260161.402154,7696806,1970382336,1970.382336,214,33,144,2,20250815_211632
1755260161.412138,7696845,1970392320,1970.39232,218,33,145,2,20250815_211632
1755260161.422122,7696884,1970402304,1970.402304,221,34,145,2,20250815_211632
1755260161.432106,7696923,1970412288,1970.412288,224,33,146,2,20250815_211632
1755260161.44209,7696962,1970422272,1970.422272,227,34,146,2,20250815_211632
1755260161.452074,7697001,1970432256,1970.432256,230,34,147,2,20250815_211632
1755260161.462058,7697040,1970442240,1970.44224,234,34,146,2,20250815_211632
1755260161.472042,7697079,1970452224,1970.452224,237,34,146,2,20250815_211632
1755260161.4822822,7697119,1970462464,1970.462464,240,35,146,2,20250815_211632
1755260161.4922662,7697158,1970472448,1970.472448,243,33,147,2,20250815_211632
1755260161.50225,7697197,1970482432,1970.482432,246,35,146,2,20250815_211632
1755260161.512234,7697236,1970492416,1970.492416,250,33,147,2,20250815_211632
1755260161.522218,7697275,1970502400,1970.5024,253,34,147,2,20250815_211632
1755260161.532202,7697314,1970512384,1970.512384,1,33,146,2,20250815_211632
1755260161.542186,7697353,1970522368,1970.522368,4,34,146,2,20250815_211632
1755260161.552426,7697393,1970532608,1970.532608,7,33,146,2,20250815_211632
1755260161.56241,7697432,1970542592,1970.542592,11,34,146,2,20250815_211632
1755260161.572394,7697471,1970552576,1970.552576,14,32,144,2,20250815_211632
1755260161.582378,7697510,1970562560,1970.56256,17,33,144,2,20250815_211632
1755260161.5923622,7697549,1970572544,1970.572544,20,32,143,2,20250815_211632
1755260161.6023462,7697588,1970582528,1970.582528,23,33,142,2,20250815_211632
1755260161.61233,7697627,1970592512,1970.592512,26,32,139,2,20250815_211632
1755260161.622314,7697666,1970602496,1970.602496,30,32,136,2,20250815_211632
1755260161.632554,7697706,1970612736,1970.612736,33,32,132,2,20250815_211632
1755260161.642538,7697745,1970622720,1970.62272,36,32,127,2,20250815_211632
1755260161.652522,7697784,1970632704,1970.632704,39,31,125,2,20250815_211632
1755260161.662506,7697823,1970642688,1970.642688,42,32,121,2,20250815_211632
1755260161.67249,7697862,1970652672,1970.652672,46,31,117,2,20250815_211632
1755260161.682474,7697901,1970662656,1970.662656,49,31,113,2,20250815_211632
1755260161.692714,7697941,1970672896,1970.672896,52,31,109,2,20250815_211632
1755260161.702698,7697980,1970682880,1970.68288,55,31,105,2,20250815_211632
1755260161.712682,7698019,1970692864,1970.692864,58,30,103,2,20250815_211632
1755260161.722666,7698058,1970702848,1970.702848,62,31,100,2,20250815_211632
1755260161.73265,7698097,1970712832,1970.712832,65,29,99,2,20250815_211632
1755260161.742634,7698136,1970722816,1970.722816,68,30,97,2,20250815_211632
1755260161.752618,7698175,1970732800,1970.7328,71,29,97,2,20250815_211632
1755260161.762602,7698214,1970742784,1970.742784,74,29,96,2,20250815_211632
1755260161.7728422,7698254,1970753024,1970.753024,78,28,96,2,20250815_211632
1755260161.7828262,7698293,1970763008,1970.763008,81,29,95,2,20250815_211632
1755260161.79281,7698332,1970772992,1970.772992,84,27,96,2,20250815_211632
1755260161.802794,7698371,1970782976,1970.782976,87,28,96,2,20250815_211632
1755260161.812778,7698410,1970792960,1970.79296,90,27,96,2,20250815_211632
1755260161.822762,7698449,1970802944,1970.802944,93,27,95,2,20250815_211632
1755260161.832746,7698488,1970812928,1970.812928,97,26,95,2,20250815_211632
1755260161.84273,7698527,1970822912,1970.822912,100,27,96,2,20250815_211632
1755260161.852714,7698566,1970832896,1970.832896,103,25,95,2,20250815_211632
1755260161.862698,7698605,1970842880,1970.84288,106,26,95,2,20250815_211632
1755260161.872682,7698644,1970852864,1970.852864,109,25,96,2,20250815_211632
1755260161.882666,7698683,1970862848,1970.862848,113,26,96,2,20250815_211632
1755260161.89265,7698722,1970872832,1970.872832,116,25,96,2,20250815_211632
1755260161.902634,7698761,1970882816,1970.882816,119,26,96,2,20250815_211632
1755260161.912874,7698801,1970893056,1970.893056,122,26,96,2,20250815_211632
1755260161.922858,7698840,1970903040,1970.90304,125,26,96,2,20250815_211632
1755260161.932842,7698879,1970913024,1970.913024,129,25,96,2,20250815_211632
1755260161.942826,7698918,1970923008,1970.923008,132,26,96,2,20250815_211632
1755260161.95281,7698957,1970932992,1970.932992,135,26,96,2,20250815_211632
1755260161.962794,7698996,1970942976,1970.942976,138,26,97,2,20250815_211632
1755260161.972778,7699035,1970952960,1970.95296,141,26,97,2,20250815_211632
1755260161.982762,7699074,1970962944,1970.962944,144,26,98,2,20250815_211632
1755260161.992746,7699113,1970972928,1970.972928,148,26,98,2,20250815_211632
1755260162.00273,7699152,1970982912,1970.982912,151,27,99,2,20250815_211632
1755260162.012714,7699191,1970992896,1970.992896,154,26,99,2,20250815_211632
1755260162.0226982,7699230,1971002880,1971.00288,157,26,100,2,20250815_211632
1755260162.0326822,7699269,1971012864,1971.012864,160,26,100,2,20250815_211632
1755260162.042666,7699308,1971022848,1971.022848,164,26,102,2,20250815_211632
1755260162.052906,7699348,1971033088,1971.033088,167,26,102,2,20250815_211632
1755260162.06289,7699387,1971043072,1971.043072,170,27,104,2,20250815_211632
1755260162.072874,7699426,1971053056,1971.053056,173,27,106,2,20250815_211632
1755260162.082858,7699465,1971063040,1971.06304,176,27,109,2,20250815_211632
1755260162.092842,7699504,1971073024,1971.073024,180,27,113,2,20250815_211632
1755260162.102826,7699543,1971083008,1971.083008,183,27,119,2,20250815_211632
1755260162.11281,7699582,1971092992,1971.092992,186,27,125,2,20250815_211632
1755260162.1227942,7699621,1971102976,1971.102976,189,28,132,2,20250815_211632
1755260162.1327782,7699660,1971112960,1971.11296,192,27,138,2,20250815_211632
1755260162.1427622,7699699,1971122944,1971.122944,195,27,139,2,20250815_211632
1755260162.152746,7699738,1971132928,1971.132928,199,27,140,2,20250815_211632
1755260162.16273,7699777,1971142912,1971.142912,202,28,141,2,20250815_211632
1755260162.172714,7699816,1971152896,1971.152896,205,27,141,2,20250815_211632
1755260162.182698,7699855,1971162880,1971.16288,208,28,142,2,20250815_211632
1755260162.192938,7699895,1971173120,1971.17312,211,27,144,2,20250815_211632
1755260162.202922,7699934,1971183104,1971.183104,215,28,144,2,20250815_211632
1755260162.212906,7699973,1971193088,1971.193088,218,27,145,2,20250815_211632
1755260162.22289,7700012,1971203072,1971.203072,221,28,145,2,20250815_211632
1755260162.2328742,7700051,1971213056,1971.213056,224,27,145,2,20250815_211632
1755260162.2428582,7700090,1971223040,1971.22304,227,28,146,2,20250815_211632
1755260162.252842,7700129,1971233024,1971.233024,231,28,146,2,20250815_211632
1755260162.262826,7700168,1971243008,1971.243008,234,29,146,2,20250815_211632
1755260162.27281,7700207,1971252992,1971.252992,237,28,146,2,20250815_211632
1755260162.282794,7700246,1971262976,1971.262976,240,29,147,2,20250815_211632
1755260162.292778,7700285,1971272960,1971.27296,243,28,147,2,20250815_211632
1755260162.302762,7700324,1971282944,1971.282944,246,29,147,2,20250815_211632
1755260162.312746,7700363,1971292928,1971.292928,250,28,147,2,20250815_211632
1755260162.32273,7700402,1971302912,1971.302912,253,29,148,2,20250815_211632
1755260162.33297,7700442,1971313152,1971.313152,1,29,147,2,20250815_211632
1755260162.3429542,7700481,1971323136,1971.323136,4,29,146,2,20250815_211632
1755260162.3529382,7700520,1971333120,1971.33312,7,29,146,2,20250815_211632
1755260162.362922,7700559,1971343104,1971.343104,11,29,146,2,20250815_211632
1755260162.372906,7700598,1971353088,1971.353088,14,28,145,2,20250815_211632
1755260162.38289,7700637,1971363072,1971.363072,17,29,144,2,20250815_211632
1755260162.392874,7700676,1971373056,1971.373056,20,28,142,2,20250815_211632
1755260162.402858,7700715,1971383040,1971.38304,23,29,141,2,20250815_211632
1755260162.412842,7700754,1971393024,1971.393024,27,28,139,2,20250815_211632
1755260162.422826,7700793,1971403008,1971.403008,30,29,134,2,20250815_211632
1755260162.43281,7700832,1971412992,1971.412992,33,28,131,2,20250815_211632
1755260162.442794,7700871,1971422976,1971.422976,36,28,127,2,20250815_211632
1755260162.4530342,7700911,1971433216,1971.433216,39,29,124,2,20250815_211632
1755260162.4630182,7700950,1971443200,1971.4432,42,29,121,2,20250815_211632
1755260162.473002,7700989,1971453184,1971.453184,46,28,117,2,20250815_211632
1755260162.482986,7701028,1971463168,1971.463168,49,29,113,2,20250815_211632
1755260162.49297,7701067,1971473152,1971.473152,52,28,110,2,20250815_211632
1755260162.502954,7701106,1971483136,1971.483136,55,28,106,2,20250815_211632
1755260162.512938,7701145,1971493120,1971.49312,58,28,104,2,20250815_211632
1755260162.522922,7701184,1971503104,1971.503104,62,28,101,2,20250815_211632
1755260162.532906,7701223,1971513088,1971.513088,65,27,99,2,20250815_211632
1755260162.54289,7701262,1971523072,1971.523072,68,28,97,2,20250815_211632
1755260162.552874,7701301,1971533056,1971.533056,71,27,96,2,20250815_211632
1755260162.562858,7701340,1971543040,1971.54304,74,27,96,2,20250815_211632
1755260162.572842,7701379,1971553024,1971.553024,77,27,96,2,20250815_211632
1755260162.582826,7701418,1971563008,1971.563008,81,27,95,2,20250815_211632
1755260162.593066,7701458,1971573248,1971.573248,84,26,96,2,20250815_211632
1755260162.60305,7701497,1971583232,1971.583232,87,26,96,2,20250815_211632
1755260162.613034,7701536,1971593216,1971.593216,90,25,94,2,20250815_211632
1755260162.623018,7701575,1971603200,1971.6032,93,25,96,2,20250815_211632
1755260162.633002,7701614,1971613184,1971.613184,97,24,96,2,20250815_211632
1755260162.642986,7701653,1971623168,1971.623168,100,25,96,2,20250815_211632
1755260162.65297,7701692,1971633152,1971.633152,103,24,95,2,20250815_211632
1755260162.662954,7701731,1971643136,1971.643136,106,24,95,2,20250815_211632
1755260162.672938,7701770,1971653120,1971.65312,109,24,96,2,20250815_211632
1755260162.682922,7701809,1971663104,1971.663104,113,24,96,2,20250815_211632
1755260162.692906,7701848,1971673088,1971.673088,116,24,96,2,20250815_211632
1755260162.7028902,7701887,1971683072,1971.683072,119,24,96,2,20250815_211632
1755260162.7128742,7701926,1971693056,1971.693056,122,24,96,2,20250815_211632
1755260162.722858,7701965,1971703040,1971.70304,125,24,96,2,20250815_211632
1755260162.733098,7702005,1971713280,1971.71328,128,24,96,2,20250815_211632
1755260162.743082,7702044,1971723264,1971.723264,132,24,96,2,20250815_211632
1755260162.753066,7702083,1971733248,1971.733248,135,24,97,2,20250815_211632
1755260162.76305,7702122,1971743232,1971.743232,138,24,97,2,20250815_211632
1755260162.773034,7702161,1971753216,1971.753216,141,24,97,2,20250815_211632
1755260162.783018,7702200,1971763200,1971.7632,144,25,98,2,20250815_211632
1755260162.793002,7702239,1971773184,1971.773184,148,24,99,2,20250815_211632
1755260162.802986,7702278,1971783168,1971.783168,151,25,99,2,20250815_211632
1755260162.8129702,7702317,1971793152,1971.793152,154,25,100,2,20250815_211632
1755260162.8229542,7702356,1971803136,1971.803136,157,25,100,2,20250815_211632
1755260162.832938,7702395,1971813120,1971.81312,160,25,101,2,20250815_211632
1755260162.842922,7702434,1971823104,1971.823104,164,25,102,2,20250815_211632
1755260162.852906,7702473,1971833088,1971.833088,167,25,103,2,20250815_211632
1755260162.86289,7702512,1971843072,1971.843072,170,25,104,2,20250815_211632
1755260162.872874,7702551,1971853056,1971.853056,173,25,106,2,20250815_211632
1755260162.883114,7702591,1971863296,1971.863296,176,26,109,2,20250815_211632
1755260162.893098,7702630,1971873280,1971.87328,179,26,114,2,20250815_211632
1755260162.903082,7702669,1971883264,1971.883264,183,26,119,2,20250815_211632
1755260162.913066,7702708,1971893248,1971.893248,186,25,125,2,20250815_211632
1755260162.9230502,7702747,1971903232,1971.903232,189,26,132,2,20250815_211632
1755260162.9330342,7702786,1971913216,1971.913216,192,25,137,2,20250815_211632
1755260162.943018,7702825,1971923200,1971.9232,195,26,138,2,20250815_211632
1755260162.953002,7702864,1971933184,1971.933184,199,26,140,2,20250815_211632
1755260162.962986,7702903,1971943168,1971.943168,202,26,140,2,20250815_211632
1755260162.97297,7702942,1971953152,1971.953152,205,26,141,2,20250815_211632
1755260162.982954,7702981,1971963136,1971.963136,208,26,142,2,20250815_211632
1755260162.992938,7703020,1971973120,1971.97312,211,25,144,2,20250815_211632
1755260163.003178,7703060,1971983360,1971.98336,215,26,145,2,20250815_211632
1755260163.013162,7703099,1971993344,1971.993344,218,26,144,2,20250815_211632
1755260163.0231462,7703138,1972003328,1972.003328,221,26,145,2,20250815_211632
1755260163.0331302,7703177,1972013312,1972.013312,224,26,146,2,20250815_211632
1755260163.0431142,7703216,1972023296,1972.023296,227,27,146,2,20250815_211632
1755260163.053098,7703255,1972033280,1972.03328,230,27,146,2,20250815_211632
1755260163.063082,7703294,1972043264,1972.043264,234,27,147,2,20250815_211632
1755260163.073066,7703333,1972053248,1972.053248,237,26,146,2,20250815_211632
1755260163.08305,7703372,1972063232,1972.063232,240,27,147,2,20250815_211632
1755260163.093034,7703411,1972073216,1972.073216,243,26,146,2,20250815_211632
1755260163.103018,7703450,1972083200,1972.0832,246,27,147,2,20250815_211632
1755260163.113002,7703489,1972093184,1972.093184,250,27,147,2,20250815_211632
1755260163.122986,7703528,1972103168,1972.103168,253,28,147,2,20250815_211632
1755260163.13297,7703567,1972113152,1972.113152,1,27,146,2,20250815_211632
1755260163.1432102,7703607,1972123392,1972.123392,4,27,147,2,20250815_211632
1755260163.153194,7703646,1972133376,1972.133376,7,27,147,2,20250815_211632
1755260163.163178,7703685,1972143360,1972.14336,11,28,146,2,20250815_211632
1755260163.173162,7703724,1972153344,1972.153344,14,27,146,2,20250815_211632
1755260163.183146,7703763,1972163328,1972.163328,17,28,145,2,20250815_211632
1755260163.19313,7703802,1972173312,1972.173312,20,27,144,2,20250815_211632
1755260163.203114,7703841,1972183296,1972.183296,23,28,143,2,20250815_211632
1755260163.213098,7703880,1972193280,1972.19328,26,27,140,2,20250815_211632
1755260163.223082,7703919,1972203264,1972.203264,30,28,137,2,20250815_211632
1755260163.233066,7703958,1972213248,1972.213248,33,27,135,2,20250815_211632
1755260163.24305,7703997,1972223232,1972.223232,36,28,129,2,20250815_211632
1755260163.253034,7704036,1972233216,1972.233216,39,27,127,2,20250815_211632
1755260163.263018,7704075,1972243200,1972.2432,42,27,122,2,20250815_211632
1755260163.273002,7704114,1972253184,1972.253184,46,27,117,2,20250815_211632
1755260163.2829862,7704153,1972263168,1972.263168,49,27,114,2,20250815_211632
1755260163.293226,7704193,1972273408,1972.273408,52,27,111,2,20250815_211632
1755260163.30321,7704232,1972283392,1972.283392,55,27,108,2,20250815_211632
1755260163.313194,7704271,1972293376,1972.293376,58,26,104,2,20250815_211632
1755260163.323178,7704310,1972303360,1972.30336,61,27,102,2,20250815_211632
1755260163.333162,7704349,1972313344,1972.313344,65,26,99,2,20250815_211632
1755260163.343146,7704388,1972323328,1972.323328,68,27,98,2,20250815_211632
1755260163.35313,7704427,1972333312,1972.333312,71,26,97,2,20250815_211632
1755260163.363114,7704466,1972343296,1972.343296,74,26,96,2,20250815_211632
1755260163.373098,7704505,1972353280,1972.35328,77,25,96,2,20250815_211632
1755260163.3830822,7704544,1972363264,1972.363264,81,26,96,2,20250815_211632
1755260163.3930662,7704583,1972373248,1972.373248,84,26,96,2,20250815_211632
1755260163.4030502,7704622,1972383232,1972.383232,87,25,96,2,20250815_211632
1755260163.413034,7704661,1972393216,1972.393216,90,24,96,2,20250815_211632
1755260163.423018,7704700,1972403200,1972.4032,93,24,96,2,20250815_211632
1755260163.433002,7704739,1972413184,1972.413184,97,24,96,2,20250815_211632
1755260163.443242,7704779,1972423424,1972.423424,100,24,96,2,20250815_211632
1755260163.453226,7704818,1972433408,1972.433408,103,24,96,2,20250815_211632
1755260163.46321,7704857,1972443392,1972.443392,106,24,96,2,20250815_211632
1755260163.473194,7704896,1972453376,1972.453376,109,23,96,2,20250815_211632
1755260163.483178,7704935,1972463360,1972.46336,112,24,97,2,20250815_211632
1755260163.4931622,7704974,1972473344,1972.473344,116,23,96,2,20250815_211632
1755260163.5031462,7705013,1972483328,1972.483328,119,24,96,2,20250815_211632
1755260163.51313,7705052,1972493312,1972.493312,122,23,96,2,20250815_211632
1755260163.523114,7705091,1972503296,1972.503296,125,24,96,2,20250815_211632
1755260163.533098,7705130,1972513280,1972.51328,128,23,96,2,20250815_211632
1755260163.543082,7705169,1972523264,1972.523264,132,24,97,2,20250815_211632
1755260163.553066,7705208,1972533248,1972.533248,135,23,97,2,20250815_211632
1755260163.56305,7705247,1972543232,1972.543232,138,24,97,2,20250815_211632
1755260163.573034,7705286,1972553216,1972.553216,141,24,98,2,20250815_211632
1755260163.583274,7705326,1972563456,1972.563456,144,24,98,2,20250815_211632
1755260163.593258,7705365,1972573440,1972.57344,148,23,99,2,20250815_211632
1755260163.6032422,7705404,1972583424,1972.583424,151,24,99,2,20250815_211632
1755260163.6132262,7705443,1972593408,1972.593408,154,24,100,2,20250815_211632
1755260163.62321,7705482,1972603392,1972.603392,157,25,100,2,20250815_211632
1755260163.633194,7705521,1972613376,1972.613376,160,24,101,2,20250815_211632
1755260163.643178,7705560,1972623360,1972.62336,163,24,103,2,20250815_211632
1755260163.653162,7705599,1972633344,1972.633344,167,24,102,2,20250815_211632
1755260163.663146,7705638,1972643328,1972.643328,170,25,104,2,20250815_211632
1755260163.67313,7705677,1972653312,1972.653312,173,24,105,2,20250815_211632
1755260163.683114,7705716,1972663296,1972.663296,176,25,108,2,20250815_211632
1755260163.693098,7705755,1972673280,1972.67328,179,24,114,2,20250815_211632
1755260163.703082,7705794,1972683264,1972.683264,183,25,118,2,20250815_211632
1755260163.713066,7705833,1972693248,1972.693248,186,25,125,2,20250815_211632
1755260163.7233062,7705873,1972703488,1972.703488,189,25,132,2,20250815_211632
1755260163.73329,7705912,1972713472,1972.713472,192,24,137,2,20250815_211632
1755260163.743274,7705951,1972723456,1972.723456,195,26,139,2,20250815_211632
1755260163.753258,7705990,1972733440,1972.73344,199,25,140,2,20250815_211632
1755260163.763242,7706029,1972743424,1972.743424,202,25,140,2,20250815_211632
1755260163.773226,7706068,1972753408,1972.753408,205,24,141,2,20250815_211632
1755260163.78321,7706107,1972763392,1972.763392,208,25,142,2,20250815_211632
1755260163.793194,7706146,1972773376,1972.773376,211,25,144,2,20250815_211632
1755260163.803178,7706185,1972783360,1972.78336,214,25,144,2,20250815_211632
1755260163.813162,7706224,1972793344,1972.793344,218,25,145,2,20250815_211632
1755260163.823146,7706263,1972803328,1972.803328,221,25,145,2,20250815_211632
1755260163.83313,7706302,1972813312,1972.813312,224,25,145,2,20250815_211632
1755260163.843114,7706341,1972823296,1972.823296,227,26,147,2,20250815_211632
1755260163.8530982,7706380,1972833280,1972.83328,230,25,146,2,20250815_211632
1755260163.863338,7706420,1972843520,1972.84352,234,26,146,2,20250815_211632
1755260163.873322,7706459,1972853504,1972.853504,237,26,148,2,20250815_211632
1755260163.883306,7706498,1972863488,1972.863488,240,26,147,2,20250815_211632
1755260163.89329,7706537,1972873472,1972.873472,243,26,147,2,20250815_211632
1755260163.903274,7706576,1972883456,1972.883456,246,26,147,2,20250815_211632
1755260163.913258,7706615,1972893440,1972.89344,249,26,148,2,20250815_211632
1755260163.923242,7706654,1972903424,1972.903424,253,27,147,2,20250815_211632
1755260163.933226,7706693,1972913408,1972.913408,1,26,148,2,20250815_211632
1755260163.94321,7706732,1972923392,1972.923392,4,27,147,2,20250815_211632
1755260163.953194,7706771,1972933376,1972.933376,7,26,147,2,20250815_211632
1755260163.9631782,7706810,1972943360,1972.94336,10,27,147,2,20250815_211632
1755260163.9731622,7706849,1972953344,1972.953344,14,26,147,2,20250815_211632
1755260163.983146,7706888,1972963328,1972.963328,17,27,146,2,20250815_211632
1755260163.99313,7706927,1972973312,1972.973312,20,26,144,2,20250815_211632
1755260164.00337,7706967,1972983552,1972.983552,23,27,143,2,20250815_211632
1755260164.013354,7707006,1972993536,1972.993536,26,27,141,2,20250815_211632
1755260164.023338,7707045,1973003520,1973.00352,30,27,137,2,20250815_211632
1755260164.033322,7707084,1973013504,1973.013504,33,26,133,2,20250815_211632
1755260164.043306,7707123,1973023488,1973.023488,36,27,128,2,20250815_211632
1755260164.05329,7707162,1973033472,1973.033472,39,26,126,2,20250815_211632
1755260164.063274,7707201,1973043456,1973.043456,42,27,121,2,20250815_211632
1755260164.0732582,7707240,1973053440,1973.05344,45,26,118,2,20250815_211632
1755260164.0832422,7707279,1973063424,1973.063424,49,26,113,2,20250815_211632
1755260164.093226,7707318,1973073408,1973.073408,52,26,111,2,20250815_211632
1755260164.10321,7707357,1973083392,1973.083392,55,26,106,2,20250815_211632
1755260164.113194,7707396,1973093376,1973.093376,58,25,104,2,20250815_211632
1755260164.123178,7707435,1973103360,1973.10336,61,26,101,2,20250815_211632
1755260164.133162,7707474,1973113344,1973.113344,65,26,99,2,20250815_211632
1755260164.143402,7707514,1973123584,1973.123584,68,26,97,2,20250815_211632
1755260164.153386,7707553,1973133568,1973.133568,71,25,96,2,20250815_211632
1755260164.16337,7707592,1973143552,1973.143552,74,26,95,2,20250815_211632
1755260164.173354,7707631,1973153536,1973.153536,77,25,96,2,20250815_211632
1755260164.1833382,7707670,1973163520,1973.16352,81,25,96,2,20250815_211632
1755260164.1933222,7707709,1973173504,1973.173504,84,24,96,2,20250815_211632
1755260164.203306,7707748,1973183488,1973.183488,87,24,96,2,20250815_211632
1755260164.21329,7707787,1973193472,1973.193472,90,23,96,2,20250815_211632
1755260164.223274,7707826,1973203456,1973.203456,93,24,96,2,20250815_211632
1755260164.233258,7707865,1973213440,1973.21344,96,24,96,2,20250815_211632
1755260164.243242,7707904,1973223424,1973.223424,100,23,96,2,20250815_211632
1755260164.253226,7707943,1973233408,1973.233408,103,22,95,2,20250815_211632
1755260164.26321,7707982,1973243392,1973.243392,106,23,95,2,20250815_211632
1755260164.273194,7708021,1973253376,1973.253376,109,22,96,2,20250815_211632
1755260164.2834342,7708061,1973263616,1973.263616,112,23,96,2,20250815_211632
1755260164.2934182,7708100,1973273600,1973.2736,116,22,96,2,20250815_211632
1755260164.3034022,7708139,1973283584,1973.283584,119,23,96,2,20250815_211632
1755260164.313386,7708178,1973293568,1973.293568,122,22,97,2,20250815_211632
1755260164.32337,7708217,1973303552,1973.303552,125,23,96,2,20250815_211632
1755260164.333354,7708256,1973313536,1973.313536,128,22,96,2,20250815_211632
1755260164.343338,7708295,1973323520,1973.32352,132,23,99,2,20250815_211632
1755260164.353322,7708334,1973333504,1973.333504,135,23,97,2,20250815_211632
1755260164.363306,7708373,1973343488,1973.343488,138,23,97,2,20250815_211632
1755260164.37329,7708412,1973353472,1973.353472,141,22,98,2,20250815_211632
1755260164.383274,7708451,1973363456,1973.363456,144,23,98,2,20250815_211632
1755260164.393258,7708490,1973373440,1973.37344,147,23,99,2,20250815_211632
1755260164.403242,7708529,1973383424,1973.383424,151,22,99,2,20250815_211632
1755260164.413226,7708568,1973393408,1973.393408,154,23,100,2,20250815_211632
1755260164.423466,7708608,1973403648,1973.403648,157,23,100,2,20250815_211632
1755260164.43345,7708647,1973413632,1973.413632,160,23,101,2,20250815_211632
1755260164.443434,7708686,1973423616,1973.423616,163,23,102,2,20250815_211632
1755260164.453418,7708725,1973433600,1973.4336,167,23,103,2,20250815_211632
1755260164.463402,7708764,1973443584,1973.443584,170,24,103,2,20250815_211632
1755260164.473386,7708803,1973453568,1973.453568,173,23,106,2,20250815_211632
1755260164.48337,7708842,1973463552,1973.463552,176,24,109,2,20250815_211632
1755260164.493354,7708881,1973473536,1973.473536,179,23,113,2,20250815_211632
1755260164.503338,7708920,1973483520,1973.48352,183,24,119,2,20250815_211632
1755260164.513322,7708959,1973493504,1973.493504,186,24,127,2,20250815_211632
1755260164.523306,7708998,1973503488,1973.503488,189,24,133,2,20250815_211632
1755260164.53329,7709037,1973513472,1973.513472,192,24,138,2,20250815_211632
1755260164.5432742,7709076,1973523456,1973.523456,195,24,139,2,20250815_211632
1755260164.5532582,7709115,1973533440,1973.53344,198,24,140,2,20250815_211632
1755260164.563498,7709155,1973543680,1973.54368,202,24,140,2,20250815_211632
1755260164.573482,7709194,1973553664,1973.553664,205,24,141,2,20250815_211632
1755260164.583466,7709233,1973563648,1973.563648,208,24,142,2,20250815_211632
1755260164.59345,7709272,1973573632,1973.573632,211,24,144,2,20250815_211632
1755260164.603434,7709311,1973583616,1973.583616,214,24,144,2,20250815_211632
1755260164.613418,7709350,1973593600,1973.5936,218,24,145,2,20250815_211632
1755260164.623402,7709389,1973603584,1973.603584,221,25,145,2,20250815_211632
1755260164.633386,7709428,1973613568,1973.613568,224,24,146,2,20250815_211632
1755260164.6433702,7709467,1973623552,1973.623552,227,25,146,2,20250815_211632
1755260164.6533542,7709506,1973633536,1973.633536,230,25,146,2,20250815_211632
1755260164.6633382,7709545,1973643520,1973.64352,233,25,147,2,20250815_211632
1755260164.673322,7709584,1973653504,1973.653504,237,25,147,2,20250815_211632
1755260164.683306,7709623,1973663488,1973.663488,240,25,147,2,20250815_211632
1755260164.69329,7709662,1973673472,1973.673472,243,25,147,2,20250815_211632
1755260164.70353,7709702,1973683712,1973.683712,246,26,147,2,20250815_211632
1755260164.713514,7709741,1973693696,1973.693696,249,25,147,2,20250815_211632
1755260164.723498,7709780,1973703680,1973.70368,253,26,146,2,20250815_211632
1755260164.733482,7709819,1973713664,1973.713664,1,25,146,2,20250815_211632
1755260164.743466,7709858,1973723648,1973.723648,4,26,146,2,20250815_211632
1755260164.7534502,7709897,1973733632,1973.733632,7,25,145,2,20250815_211632
1755260164.7634342,7709936,1973743616,1973.743616,10,26,144,2,20250815_211632
1755260164.773418,7709975,1973753600,1973.7536,14,25,144,2,20250815_211632
1755260164.783402,7710014,1973763584,1973.763584,17,26,143,2,20250815_211632
1755260164.793386,7710053,1973773568,1973.773568,20,26,142,2,20250815_211632
1755260164.80337,7710092,1973783552,1973.783552,23,26,140,2,20250815_211632
1755260164.813354,7710131,1973793536,1973.793536,26,25,138,2,20250815_211632
1755260164.823338,7710170,1973803520,1973.80352,29,26,134,2,20250815_211632
1755260164.833322,7710209,1973813504,1973.813504,33,26,130,2,20250815_211632
1755260164.843306,7710248,1973823488,1973.823488,36,26,127,2,20250815_211632
1755260164.853546,7710288,1973833728,1973.833728,39,26,125,2,20250815_211632
1755260164.8635302,7710327,1973843712,1973.843712,42,26,121,2,20250815_211632
1755260164.8735142,7710366,1973853696,1973.853696,45,26,117,2,20250815_211632
1755260164.883498,7710405,1973863680,1973.86368,49,26,113,2,20250815_211632
1755260164.893482,7710444,1973873664,1973.873664,52,26,111,2,20250815_211632
1755260164.903466,7710483,1973883648,1973.883648,55,26,106,2,20250815_211632
1755260164.91345,7710522,1973893632,1973.893632,58,25,104,2,20250815_211632
1755260164.923434,7710561,1973903616,1973.903616,61,26,101,2,20250815_211632
1755260164.933418,7710600,1973913600,1973.9136,65,25,99,2,20250815_211632
1755260164.943402,7710639,1973923584,1973.923584,68,26,99,2,20250815_211632
1755260164.953386,7710678,1973933568,1973.933568,71,25,96,2,20250815_211632
1755260164.96337,7710717,1973943552,1973.943552,74,25,96,2,20250815_211632
1755260164.973354,7710756,1973953536,1973.953536,77,24,95,2,20250815_211632
1755260164.983338,7710795,1973963520,1973.96352,80,24,96,2,20250815_211632
1755260164.993578,7710835,1973973760,1973.97376,84,24,96,2,20250815_211632
1755260165.003562,7710874,1973983744,1973.983744,87,24,96,2,20250815_211632
1755260165.013546,7710913,1973993728,1973.993728,90,23,97,2,20250815_211632
1755260165.02353,7710952,1974003712,1974.003712,93,23,97,2,20250815_211632
1755260165.033514,7710991,1974013696,1974.013696,96,22,96,2,20250815_211632
1755260165.043498,7711030,1974023680,1974.02368,100,23,96,2,20250815_211632
1755260165.053482,7711069,1974033664,1974.033664,103,23,95,2,20250815_211632
1755260165.063466,7711108,1974043648,1974.043648,106,22,96,2,20250815_211632
1755260165.07345,7711147,1974053632,1974.053632,109,22,94,2,20250815_211632
1755260165.083434,7711186,1974063616,1974.063616,112,22,96,2,20250815_211632
1755260165.093418,7711225,1974073600,1974.0736,116,22,96,2,20250815_211632
1755260165.103402,7711264,1974083584,1974.083584,119,22,96,2,20250815_211632
1755260165.1133862,7711303,1974093568,1974.093568,122,22,96,2,20250815_211632
1755260165.1233702,7711342,1974103552,1974.103552,125,22,96,2,20250815_211632
1755260165.13361,7711382,1974113792,1974.113792,128,22,95,2,20250815_211632
1755260165.143594,7711421,1974123776,1974.123776,131,22,96,2,20250815_211632
1755260165.153578,7711460,1974133760,1974.13376,135,22,96,2,20250815_211632
1755260165.163562,7711499,1974143744,1974.143744,138,23,97,2,20250815_211632
1755260165.173546,7711538,1974153728,1974.153728,141,22,97,2,20250815_211632
1755260165.18353,7711577,1974163712,1974.163712,144,23,98,2,20250815_211632
1755260165.193514,7711616,1974173696,1974.173696,147,22,98,2,20250815_211632
1755260165.203498,7711655,1974183680,1974.18368,151,23,99,2,20250815_211632
1755260165.213482,7711694,1974193664,1974.193664,154,22,100,2,20250815_211632
1755260165.2234662,7711733,1974203648,1974.203648,157,23,101,2,20250815_211632
1755260165.2334502,7711772,1974213632,1974.213632,160,22,101,2,20250815_211632
1755260165.243434,7711811,1974223616,1974.223616,163,23,102,2,20250815_211632
1755260165.253418,7711850,1974233600,1974.2336,166,22,102,2,20250815_211632
1755260165.263402,7711889,1974243584,1974.243584,170,23,104,2,20250815_211632
1755260165.273642,7711929,1974253824,1974.253824,173,23,105,2,20250815_211632
1755260165.283626,7711968,1974263808,1974.263808,176,23,108,2,20250815_211632
1755260165.29361,7712007,1974273792,1974.273792,179,24,113,2,20250815_211632
1755260165.303594,7712046,1974283776,1974.283776,182,23,119,2,20250815_211632
1755260165.313578,7712085,1974293760,1974.29376,186,23,126,2,20250815_211632
1755260165.323562,7712124,1974303744,1974.303744,189,24,132,2,20250815_211632
1755260165.3335462,7712163,1974313728,1974.313728,192,23,138,2,20250815_211632
1755260165.3435302,7712202,1974323712,1974.323712,195,23,139,2,20250815_211632
1755260165.353514,7712241,1974333696,1974.333696,198,23,140,2,20250815_211632
1755260165.363498,7712280,1974343680,1974.34368,202,24,141,2,20250815_211632
1755260165.373482,7712319,1974353664,1974.353664,205,23,141,2,20250815_211632
1755260165.383466,7712358,1974363648,1974.363648,208,24,143,2,20250815_211632
1755260165.39345,7712397,1974373632,1974.373632,211,23,146,2,20250815_211632
1755260165.403434,7712436,1974383616,1974.383616,214,24,146,2,20250815_211632
1755260165.413674,7712476,1974393856,1974.393856,217,23,145,2,20250815_211632
1755260165.423658,7712515,1974403840,1974.40384,221,24,146,2,20250815_211632
1755260165.433642,7712554,1974413824,1974.413824,224,24,146,2,20250815_211632
1755260165.4436262,7712593,1974423808,1974.423808,227,24,146,2,20250815_211632
1755260165.4536102,7712632,1974433792,1974.433792,230,24,146,2,20250815_211632
1755260165.463594,7712671,1974443776,1974.443776,233,25,147,2,20250815_211632
1755260165.473578,7712710,1974453760,1974.45376,237,24,147,2,20250815_211632
1755260165.483562,7712749,1974463744,1974.463744,240,25,147,2,20250815_211632
1755260165.493546,7712788,1974473728,1974.473728,243,24,147,2,20250815_211632
1755260165.50353,7712827,1974483712,1974.483712,246,25,147,2,20250815_211632
1755260165.513514,7712866,1974493696,1974.493696,249,25,147,2,20250815_211632
1755260165.523498,7712905,1974503680,1974.50368,253,25,147,2,20250815_211632
1755260165.533482,7712944,1974513664,1974.513664,1,25,148,2,20250815_211632
1755260165.543466,7712983,1974523648,1974.523648,4,25,147,2,20250815_211632
1755260165.5537062,7713023,1974533888,1974.533888,7,25,148,2,20250815_211632
1755260165.5636902,7713062,1974543872,1974.543872,10,26,147,2,20250815_211632
1755260165.573674,7713101,1974553856,1974.553856,13,25,146,2,20250815_211632
1755260165.583658,7713140,1974563840,1974.56384,17,26,145,2,20250815_211632
1755260165.593642,7713179,1974573824,1974.573824,20,25,144,2,20250815_211632
1755260165.603626,7713218,1974583808,1974.583808,23,25,142,2,20250815_211632
1755260165.61361,7713257,1974593792,1974.593792,26,25,140,2,20250815_211632
1755260165.623594,7713296,1974603776,1974.603776,29,26,136,2,20250815_211632
1755260165.633578,7713335,1974613760,1974.61376,33,25,132,2,20250815_211632
1755260165.643562,7713374,1974623744,1974.623744,36,26,128,2,20250815_211632
1755260165.653546,7713413,1974633728,1974.633728,39,25,126,2,20250815_211632
1755260165.66353,7713452,1974643712,1974.643712,42,26,121,2,20250815_211632
1755260165.673514,7713491,1974653696,1974.653696,45,25,118,2,20250815_211632
1755260165.683498,7713530,1974663680,1974.66368,49,26,114,2,20250815_211632
1755260165.693738,7713570,1974673920,1974.67392,52,25,108,2,20250815_211632
1755260165.703722,7713609,1974683904,1974.683904,55,25,107,2,20250815_211632
1755260165.713706,7713648,1974693888,1974.693888,58,25,104,2,20250815_211632
1755260165.72369,7713687,1974703872,1974.703872,61,25,102,2,20250815_211632
1755260165.733674,7713726,1974713856,1974.713856,64,25,100,2,20250815_211632
1755260165.743658,7713765,1974723840,1974.72384,68,25,97,2,20250815_211632
1755260165.753642,7713804,1974733824,1974.733824,71,25,97,2,20250815_211632
1755260165.763626,7713843,1974743808,1974.743808,74,24,96,2,20250815_211632
1755260165.77361,7713882,1974753792,1974.753792,77,24,96,2,20250815_211632
1755260165.783594,7713921,1974763776,1974.763776,80,24,95,2,20250815_211632
1755260165.793578,7713960,1974773760,1974.77376,84,23,96,2,20250815_211632
1755260165.8035622,7713999,1974783744,1974.783744,87,24,96,2,20250815_211632
1755260165.8135462,7714038,1974793728,1974.793728,90,23,96,2,20250815_211632
1755260165.82353,7714077,1974803712,1974.803712,93,23,96,2,20250815_211632
1755260165.83377,7714117,1974813952,1974.813952,96,22,96,2,20250815_211632
1755260165.843754,7714156,1974823936,1974.823936,100,22,96,2,20250815_211632
1755260165.853738,7714195,1974833920,1974.83392,103,22,95,2,20250815_211632
1755260165.863722,7714234,1974843904,1974.843904,106,22,96,2,20250815_211632
1755260165.873706,7714273,1974853888,1974.853888,109,22,97,2,20250815_211632
1755260165.88369,7714312,1974863872,1974.863872,112,22,96,2,20250815_211632
1755260165.893674,7714351,1974873856,1974.873856,115,22,96,2,20250815_211632
1755260165.9036582,7714390,1974883840,1974.88384,119,22,96,2,20250815_211632
1755260165.9136422,7714429,1974893824,1974.893824,122,22,96,2,20250815_211632
1755260165.9236262,7714468,1974903808,1974.903808,125,22,96,2,20250815_211632
1755260165.93361,7714507,1974913792,1974.913792,128,22,96,2,20250815_211632
1755260165.94385,7714547,1974924032,1974.924032,131,22,96,2,20250815_211632
1755260165.953834,7714586,1974934016,1974.934016,135,22,96,2,20250815_211632
1755260165.963818,7714625,1974944000,1974.944,138,22,97,2,20250815_211632
1755260165.973802,7714664,1974953984,1974.953984,141,22,97,2,20250815_211632
1755260165.983786,7714703,1974963968,1974.963968,144,23,98,2,20250815_211632
1755260165.99377,7714742,1974973952,1974.973952,147,22,98,2,20250815_211632
1755260166.003754,7714781,1974983936,1974.983936,151,23,99,2,20250815_211632
1755260166.013994,7714821,1974994176,1974.994176,154,22,100,2,20250815_211632
1755260166.023978,7714860,1975004160,1975.00416,157,23,100,2,20250815_211632
1755260166.033962,7714899,1975014144,1975.014144,160,23,101,2,20250815_211632
1755260166.043946,7714938,1975024128,1975.024128,163,23,102,2,20250815_211632
1755260166.05393,7714977,1975034112,1975.034112,167,23,104,2,20250815_211632
1755260166.063914,7715016,1975044096,1975.044096,170,24,103,2,20250815_211632
1755260166.073898,7715055,1975054080,1975.05408,173,24,106,2,20250815_211632
1755260166.0841382,7715095,1975064320,1975.06432,176,24,109,2,20250815_211632
1755260166.0941222,7715134,1975074304,1975.074304,179,24,113,2,20250815_211632
1755260166.104106,7715173,1975084288,1975.084288,182,25,119,2,20250815_211632
1755260166.11409,7715212,1975094272,1975.094272,186,24,126,2,20250815_211632
1755260166.124074,7715251,1975104256,1975.104256,189,25,132,2,20250815_211632
1755260166.134058,7715290,1975114240,1975.11424,192,25,137,2,20250815_211632
1755260166.144042,7715329,1975124224,1975.124224,195,25,139,2,20250815_211632
1755260166.154282,7715369,1975134464,1975.134464,198,25,140,2,20250815_211632
1755260166.164266,7715408,1975144448,1975.144448,202,26,140,2,20250815_211632
1755260166.17425,7715447,1975154432,1975.154432,205,25,141,2,20250815_211632
1755260166.184234,7715486,1975164416,1975.164416,208,25,143,2,20250815_211632
1755260166.1942182,7715525,1975174400,1975.1744,211,25,144,2,20250815_211632
1755260166.2042022,7715564,1975184384,1975.184384,214,26,144,2,20250815_211632
1755260166.214442,7715604,1975194624,1975.194624,218,26,145,2,20250815_211632
1755260166.224426,7715643,1975204608,1975.204608,221,27,145,2,20250815_211632
1755260166.23441,7715682,1975214592,1975.214592,224,27,145,2,20250815_211632
1755260166.244394,7715721,1975224576,1975.224576,227,27,146,2,20250815_211632
1755260166.254378,7715760,1975234560,1975.23456,230,27,146,2,20250815_211632
1755260166.264362,7715799,1975244544,1975.244544,234,28,147,2,20250815_211632
1755260166.274346,7715838,1975254528,1975.254528,237,28,146,2,20250815_211632
1755260166.28433,7715877,1975264512,1975.264512,240,28,146,2,20250815_211632
1755260166.29457,7715917,1975274752,1975.274752,243,29,147,2,20250815_211632
1755260166.304554,7715956,1975284736,1975.284736,246,29,147,2,20250815_211632
1755260166.314538,7715995,1975294720,1975.29472,250,29,147,2,20250815_211632
1755260166.324522,7716034,1975304704,1975.304704,253,29,147,2,20250815_211632
1755260166.334506,7716073,1975314688,1975.314688,1,30,147,2,20250815_211632
1755260166.34449,7716112,1975324672,1975.324672,4,30,147,2,20250815_211632
1755260166.354474,7716151,1975334656,1975.334656,7,30,146,2,20250815_211632
1755260166.364714,7716191,1975344896,1975.344896,10,30,146,2,20250815_211632
1755260166.3746982,7716230,1975354880,1975.35488,14,30,146,2,20250815_211632
1755260166.3846822,7716269,1975364864,1975.364864,17,30,144,2,20250815_211632
1755260166.394666,7716308,1975374848,1975.374848,20,31,143,2,20250815_211632
1755260166.40465,7716347,1975384832,1975.384832,23,31,141,2,20250815_211632
1755260166.414634,7716386,1975394816,1975.394816,26,31,139,2,20250815_211632
1755260166.424618,7716425,1975404800,1975.4048,30,31,135,2,20250815_211632
1755260166.434602,7716464,1975414784,1975.414784,33,31,131,2,20250815_211632
1755260166.444842,7716504,1975425024,1975.425024,36,31,127,2,20250815_211632
1755260166.454826,7716543,1975435008,1975.435008,39,31,125,2,20250815_211632
1755260166.46481,7716582,1975444992,1975.444992,42,31,120,2,20250815_211632
1755260166.474794,7716621,1975454976,1975.454976,46,31,117,2,20250815_211632
1755260166.4847782,7716660,1975464960,1975.46496,49,32,114,2,20250815_211632
1755260166.4947622,7716699,1975474944,1975.474944,52,31,111,2,20250815_211632
1755260166.504746,7716738,1975484928,1975.484928,55,31,106,2,20250815_211632
1755260166.51473,7716777,1975494912,1975.494912,58,31,104,2,20250815_211632
1755260166.524714,7716816,1975504896,1975.504896,61,31,101,2,20250815_211632
1755260166.534698,7716855,1975514880,1975.51488,65,31,99,2,20250815_211632
1755260166.544682,7716894,1975524864,1975.524864,68,31,98,2,20250815_211632
1755260166.554666,7716933,1975534848,1975.534848,71,30,97,2,20250815_211632
1755260166.56465,7716972,1975544832,1975.544832,74,31,95,2,20250815_211632
1755260166.574634,7717011,1975554816,1975.554816,77,30,95,2,20250815_211632
1755260166.5848742,7717051,1975565056,1975.565056,81,30,95,2,20250815_211632
1755260166.5948582,7717090,1975575040,1975.57504,84,29,96,2,20250815_211632
1755260166.6048422,7717129,1975585024,1975.585024,87,30,96,2,20250815_211632
1755260166.614826,7717168,1975595008,1975.595008,90,29,96,2,20250815_211632
1755260166.62481,7717207,1975604992,1975.604992,93,29,96,2,20250815_211632
1755260166.634794,7717246,1975614976,1975.614976,97,28,96,2,20250815_211632
1755260166.644778,7717285,1975624960,1975.62496,100,29,96,2,20250815_211632
1755260166.654762,7717324,1975634944,1975.634944,103,28,94,2,20250815_211632
1755260166.664746,7717363,1975644928,1975.644928,106,28,96,2,20250815_211632
1755260166.67473,7717402,1975654912,1975.654912,109,28,96,2,20250815_211632
1755260166.684714,7717441,1975664896,1975.664896,112,28,96,2,20250815_211632
1755260166.694698,7717480,1975674880,1975.67488,116,28,96,2,20250815_211632
1755260166.704682,7717519,1975684864,1975.684864,119,28,95,2,20250815_211632
1755260166.714666,7717558,1975694848,1975.694848,122,28,96,2,20250815_211632
1755260166.724906,7717598,1975705088,1975.705088,125,28,98,2,20250815_211632
1755260166.73489,7717637,1975715072,1975.715072,128,28,95,2,20250815_211632
1755260166.744874,7717676,1975725056,1975.725056,132,28,96,2,20250815_211632
1755260166.754858,7717715,1975735040,1975.73504,135,28,96,2,20250815_211632
1755260166.764842,7717754,1975745024,1975.745024,138,29,96,2,20250815_211632
1755260166.774826,7717793,1975755008,1975.755008,141,28,97,2,20250815_211632
1755260166.78481,7717832,1975764992,1975.764992,144,29,96,2,20250815_211632
1755260166.794794,7717871,1975774976,1975.774976,148,29,98,2,20250815_211632
1755260166.804778,7717910,1975784960,1975.78496,151,29,99,2,20250815_211632
1755260166.814762,7717949,1975794944,1975.794944,154,29,98,2,20250815_211632
1755260166.824746,7717988,1975804928,1975.804928,157,29,100,2,20250815_211632
1755260166.83473,7718027,1975814912,1975.814912,160,29,100,2,20250815_211632
1755260166.8447142,7718066,1975824896,1975.824896,163,29,101,2,20250815_211632
1755260166.8546982,7718105,1975834880,1975.83488,167,29,102,2,20250815_211632
1755260166.864938,7718145,1975845120,1975.84512,170,30,103,2,20250815_211632
1755260166.874922,7718184,1975855104,1975.855104,173,30,106,2,20250815_211632
1755260166.884906,7718223,1975865088,1975.865088,176,30,108,2,20250815_211632
1755260166.89489,7718262,1975875072,1975.875072,179,30,112,2,20250815_211632
1755260166.904874,7718301,1975885056,1975.885056,183,31,116,2,20250815_211632
1755260166.914858,7718340,1975895040,1975.89504,186,31,122,2,20250815_211632
1755260166.924842,7718379,1975905024,1975.905024,189,31,129,2,20250815_211632
1755260166.934826,7718418,1975915008,1975.915008,192,30,136,2,20250815_211632
1755260166.9448102,7718457,1975924992,1975.924992,195,31,138,2,20250815_211632
1755260166.9547942,7718496,1975934976,1975.934976,199,31,139,2,20250815_211632
1755260166.9647782,7718535,1975944960,1975.94496,202,31,140,2,20250815_211632
1755260166.974762,7718574,1975954944,1975.954944,205,31,140,2,20250815_211632
1755260166.984746,7718613,1975964928,1975.964928,208,31,142,2,20250815_211632
1755260166.99473,7718652,1975974912,1975.974912,211,31,144,2,20250815_211632
1755260167.00497,7718692,1975985152,1975.985152,214,31,144,2,20250815_211632
1755260167.014954,7718731,1975995136,1975.995136,218,31,144,2,20250815_211632
1755260167.024938,7718770,1976005120,1976.00512,221,32,144,2,20250815_211632
1755260167.034922,7718809,1976015104,1976.015104,224,32,145,2,20250815_211632
1755260167.044906,7718848,1976025088,1976.025088,227,32,145,2,20250815_211632
1755260167.0548902,7718887,1976035072,1976.035072,230,32,145,2,20250815_211632
1755260167.0648742,7718926,1976045056,1976.045056,234,33,146,2,20250815_211632
1755260167.074858,7718965,1976055040,1976.05504,237,33,145,2,20250815_211632
1755260167.084842,7719004,1976065024,1976.065024,240,34,146,2,20250815_211632
1755260167.094826,7719043,1976075008,1976.075008,243,33,146,2,20250815_211632
1755260167.10481,7719082,1976084992,1976.084992,246,34,146,2,20250815_211632
1755260167.114794,7719121,1976094976,1976.094976,249,34,146,2,20250815_211632
1755260167.124778,7719160,1976104960,1976.10496,253,35,146,2,20250815_211632
1755260167.134762,7719199,1976114944,1976.114944,1,34,146,2,20250815_211632
1755260167.145002,7719239,1976125184,1976.125184,4,34,146,2,20250815_211632
1755260167.154986,7719278,1976135168,1976.135168,7,34,147,2,20250815_211632
1755260167.1649702,7719317,1976145152,1976.145152,10,35,146,2,20250815_211632
1755260167.1749542,7719356,1976155136,1976.155136,14,35,146,2,20250815_211632
1755260167.184938,7719395,1976165120,1976.16512,17,35,145,2,20250815_211632
1755260167.194922,7719434,1976175104,1976.175104,20,35,144,2,20250815_211632
1755260167.204906,7719473,1976185088,1976.185088,23,35,143,2,20250815_211632
1755260167.21489,7719512,1976195072,1976.195072,26,35,141,2,20250815_211632
1755260167.224874,7719551,1976205056,1976.205056,30,36,139,2,20250815_211632
1755260167.234858,7719590,1976215040,1976.21504,33,35,136,2,20250815_211632
1755260167.244842,7719629,1976225024,1976.225024,36,36,132,2,20250815_211632
1755260167.254826,7719668,1976235008,1976.235008,39,35,127,2,20250815_211632
1755260167.26481,7719707,1976244992,1976.244992,42,36,124,2,20250815_211632
1755260167.274794,7719746,1976254976,1976.254976,45,36,120,2,20250815_211632
1755260167.284778,7719785,1976264960,1976.26496,49,36,115,2,20250815_211632
1755260167.295018,7719825,1976275200,1976.2752,52,35,111,2,20250815_211632
1755260167.305002,7719864,1976285184,1976.285184,55,36,107,2,20250815_211632
1755260167.314986,7719903,1976295168,1976.295168,58,36,105,2,20250815_211632
1755260167.32497,7719942,1976305152,1976.305152,61,36,101,2,20250815_211632
1755260167.334954,7719981,1976315136,1976.315136,65,35,100,2,20250815_211632
1755260167.344938,7720020,1976325120,1976.32512,68,35,98,2,20250815_211632
1755260167.354922,7720059,1976335104,1976.335104,71,35,96,2,20250815_211632
1755260167.364906,7720098,1976345088,1976.345088,74,35,96,2,20250815_211632
1755260167.37489,7720137,1976355072,1976.355072,77,34,96,2,20250815_211632
1755260167.384874,7720176,1976365056,1976.365056,81,35,96,2,20250815_211632
1755260167.394858,7720215,1976375040,1976.37504,84,34,96,2,20250815_211632
1755260167.404842,7720254,1976385024,1976.385024,87,34,95,2,20250815_211632
1755260167.4148262,7720293,1976395008,1976.395008,90,33,96,2,20250815_211632
1755260167.4248102,7720332,1976404992,1976.404992,93,33,96,2,20250815_211632
1755260167.43505,7720372,1976415232,1976.415232,96,32,96,2,20250815_211632
1755260167.445034,7720411,1976425216,1976.425216,100,32,96,2,20250815_211632
1755260167.455018,7720450,1976435200,1976.4352,103,32,95,2,20250815_211632
1755260167.465002,7720489,1976445184,1976.445184,106,32,96,2,20250815_211632
1755260167.474986,7720528,1976455168,1976.455168,109,31,97,2,20250815_211632
1755260167.48497,7720567,1976465152,1976.465152,112,31,96,2,20250815_211632
1755260167.494954,7720606,1976475136,1976.475136,116,31,97,2,20250815_211632
1755260167.504938,7720645,1976485120,1976.48512,119,32,96,2,20250815_211632
1755260167.514922,7720684,1976495104,1976.495104,122,31,96,2,20250815_211632
1755260167.5249062,7720723,1976505088,1976.505088,125,32,96,2,20250815_211632
1755260167.5348902,7720762,1976515072,1976.515072,128,31,96,2,20250815_211632
1755260167.544874,7720801,1976525056,1976.525056,132,32,96,2,20250815_211632
1755260167.554858,7720840,1976535040,1976.53504,135,31,97,2,20250815_211632
1755260167.564842,7720879,1976545024,1976.545024,138,32,97,2,20250815_211632
1755260167.574826,7720918,1976555008,1976.555008,141,32,98,2,20250815_211632
1755260167.585066,7720958,1976565248,1976.565248,144,32,97,2,20250815_211632
1755260167.59505,7720997,1976575232,1976.575232,147,32,98,2,20250815_211632
1755260167.605034,7721036,1976585216,1976.585216,151,33,99,2,20250815_211632
1755260167.615018,7721075,1976595200,1976.5952,154,32,99,2,20250815_211632
1755260167.625002,7721114,1976605184,1976.605184,157,33,99,2,20250815_211632
1755260167.6349862,7721153,1976615168,1976.615168,160,33,101,2,20250815_211632
1755260167.6449702,7721192,1976625152,1976.625152,163,33,102,2,20250815_211632
1755260167.654954,7721231,1976635136,1976.635136,167,33,102,2,20250815_211632
1755260167.664938,7721270,1976645120,1976.64512,170,34,104,2,20250815_211632
1755260167.674922,7721309,1976655104,1976.655104,173,34,105,2,20250815_211632
1755260167.684906,7721348,1976665088,1976.665088,176,34,108,2,20250815_211632
1755260167.69489,7721387,1976675072,1976.675072,179,34,113,2,20250815_211632
1755260167.704874,7721426,1976685056,1976.685056,183,35,118,2,20250815_211632
1755260167.714858,7721465,1976695040,1976.69504,186,34,125,2,20250815_211632
1755260167.725098,7721505,1976705280,1976.70528,189,35,131,2,20250815_211632
1755260167.735082,7721544,1976715264,1976.715264,192,34,137,2,20250815_211632
1755260167.7450662,7721583,1976725248,1976.725248,195,35,139,2,20250815_211632
1755260167.7550502,7721622,1976735232,1976.735232,198,35,140,2,20250815_211632
1755260167.765034,7721661,1976745216,1976.745216,202,35,140,2,20250815_211632
1755260167.775018,7721700,1976755200,1976.7552,205,35,141,2,20250815_211632
1755260167.785002,7721739,1976765184,1976.765184,208,35,142,2,20250815_211632
1755260167.794986,7721778,1976775168,1976.775168,211,35,144,2,20250815_211632
1755260167.80497,7721817,1976785152,1976.785152,214,36,144,2,20250815_211632
1755260167.814954,7721856,1976795136,1976.795136,218,36,144,2,20250815_211632
1755260167.824938,7721895,1976805120,1976.80512,221,36,145,2,20250815_211632
1755260167.834922,7721934,1976815104,1976.815104,224,36,145,2,20250815_211632
1755260167.844906,7721973,1976825088,1976.825088,227,36,146,2,20250815_211632
1755260167.85489,7722012,1976835072,1976.835072,230,37,146,2,20250815_211632
1755260167.8651302,7722052,1976845312,1976.845312,233,37,146,2,20250815_211632
1755260167.875114,7722091,1976855296,1976.855296,237,37,145,2,20250815_211632
1755260167.885098,7722130,1976865280,1976.86528,240,38,146,2,20250815_211632
1755260167.895082,7722169,1976875264,1976.875264,243,38,147,2,20250815_211632
1755260167.905066,7722208,1976885248,1976.885248,246,38,147,2,20250815_211632
1755260167.91505,7722247,1976895232,1976.895232,249,38,146,2,20250815_211632
1755260167.925034,7722286,1976905216,1976.905216,253,38,146,2,20250815_211632
1755260167.935018,7722325,1976915200,1976.9152,1,38,146,2,20250815_211632
1755260167.945002,7722364,1976925184,1976.925184,4,38,146,2,20250815_211632
1755260167.954986,7722403,1976935168,1976.935168,7,38,147,2,20250815_211632
1755260167.96497,7722442,1976945152,1976.945152,10,39,146,2,20250815_211632
1755260167.974954,7722481,1976955136,1976.955136,14,39,146,2,20250815_211632
1755260167.984938,7722520,1976965120,1976.96512,17,39,145,2,20250815_211632
1755260167.9949222,7722559,1976975104,1976.975104,20,39,144,2,20250815_211632
1755260168.005162,7722599,1976985344,1976.985344,23,39,144,2,20250815_211632
1755260168.015146,7722638,1976995328,1976.995328,26,39,141,2,20250815_211632
1755260168.02513,7722677,1977005312,1977.005312,29,39,138,2,20250815_211632
1755260168.035114,7722716,1977015296,1977.015296,33,39,135,2,20250815_211632
1755260168.045098,7722755,1977025280,1977.02528,36,39,130,2,20250815_211632
1755260168.055082,7722794,1977035264,1977.035264,39,39,127,2,20250815_211632
1755260168.065066,7722833,1977045248,1977.045248,42,39,123,2,20250815_211632
1755260168.07505,7722872,1977055232,1977.055232,45,39,119,2,20250815_211632
1755260168.085034,7722911,1977065216,1977.065216,49,39,114,2,20250815_211632
1755260168.095018,7722950,1977075200,1977.0752,52,39,111,2,20250815_211632
1755260168.1050022,7722989,1977085184,1977.085184,55,39,107,2,20250815_211632
1755260168.1149862,7723028,1977095168,1977.095168,58,39,105,2,20250815_211632
1755260168.12497,7723067,1977105152,1977.105152,61,39,102,2,20250815_211632
1755260168.134954,7723106,1977115136,1977.115136,65,38,100,2,20250815_211632
1755260168.145194,7723146,1977125376,1977.125376,68,38,98,2,20250815_211632
1755260168.155178,7723185,1977135360,1977.13536,71,38,97,2,20250815_211632
1755260168.165162,7723224,1977145344,1977.145344,74,38,97,2,20250815_211632
1755260168.175146,7723263,1977155328,1977.155328,77,37,95,2,20250815_211632
1755260168.18513,7723302,1977165312,1977.165312,80,37,96,2,20250815_211632
1755260168.195114,7723341,1977175296,1977.175296,84,36,95,2,20250815_211632
1755260168.2050982,7723380,1977185280,1977.18528,87,36,96,2,20250815_211632
1755260168.2150822,7723419,1977195264,1977.195264,90,35,96,2,20250815_211632
1755260168.2250662,7723458,1977205248,1977.205248,93,35,96,2,20250815_211632
1755260168.23505,7723497,1977215232,1977.215232,96,34,96,2,20250815_211632
1755260168.245034,7723536,1977225216,1977.225216,100,34,96,2,20250815_211632
1755260168.255018,7723575,1977235200,1977.2352,103,34,96,2,20250815_211632
1755260168.265002,7723614,1977245184,1977.245184,106,34,96,2,20250815_211632
1755260168.274986,7723653,1977255168,1977.255168,109,33,96,2,20250815_211632
1755260168.28497,7723692,1977265152,1977.265152,112,34,96,2,20250815_211632
1755260168.29521,7723732,1977275392,1977.275392,116,33,96,2,20250815_211632
1755260168.305194,7723771,1977285376,1977.285376,119,33,94,2,20250815_211632
1755260168.3151782,7723810,1977295360,1977.29536,122,33,96,2,20250815_211632
1755260168.3251622,7723849,1977305344,1977.305344,125,33,96,2,20250815_211632
1755260168.335146,7723888,1977315328,1977.315328,128,33,96,2,20250815_211632
1755260168.34513,7723927,1977325312,1977.325312,131,34,97,2,20250815_211632
1755260168.355114,7723966,1977335296,1977.335296,135,34,97,2,20250815_211632
1755260168.365098,7724005,1977345280,1977.34528,138,34,97,2,20250815_211632
1755260168.375082,7724044,1977355264,1977.355264,141,34,98,2,20250815_211632
1755260168.385066,7724083,1977365248,1977.365248,144,34,99,2,20250815_211632
1755260168.39505,7724122,1977375232,1977.375232,147,34,98,2,20250815_211632
1755260168.405034,7724161,1977385216,1977.385216,151,35,99,2,20250815_211632
1755260168.415018,7724200,1977395200,1977.3952,154,34,100,2,20250815_211632
1755260168.425002,7724239,1977405184,1977.405184,157,35,101,2,20250815_211632
1755260168.4352422,7724279,1977415424,1977.415424,160,35,102,2,20250815_211632
1755260168.445226,7724318,1977425408,1977.425408,163,35,103,2,20250815_211632
1755260168.45521,7724357,1977435392,1977.435392,166,36,104,2,20250815_211632
1755260168.465194,7724396,1977445376,1977.445376,170,36,106,2,20250815_211632
1755260168.475178,7724435,1977455360,1977.45536,173,37,108,2,20250815_211632
1755260168.485162,7724474,1977465344,1977.465344,176,37,109,2,20250815_211632
1755260168.495146,7724513,1977475328,1977.475328,179,37,111,2,20250815_211632
1755260168.50513,7724552,1977485312,1977.485312,182,38,114,2,20250815_211632
1755260168.515114,7724591,1977495296,1977.495296,186,37,117,2,20250815_211632
1755260168.525098,7724630,1977505280,1977.50528,189,38,118,2,20250815_211632
1755260168.535082,7724669,1977515264,1977.515264,192,37,118,2,20250815_211632
1755260168.545066,7724708,1977525248,1977.525248,195,37,119,2,20250815_211632
1755260168.55505,7724747,1977535232,1977.535232,198,37,119,2,20250815_211632
1755260168.56529,7724787,1977545472,1977.545472,202,38,119,2,20250815_211632
1755260168.575274,7724826,1977555456,1977.555456,205,37,119,2,20250815_211632
1755260168.585258,7724865,1977565440,1977.56544,208,38,120,2,20250815_211632
1755260168.595242,7724904,1977575424,1977.575424,211,38,120,2,20250815_211632
1755260168.605226,7724943,1977585408,1977.585408,214,38,121,2,20250815_211632
1755260168.61521,7724982,1977595392,1977.595392,217,39,122,2,20250815_211632
1755260168.625194,7725021,1977605376,1977.605376,221,39,124,2,20250815_211632
1755260168.635178,7725060,1977615360,1977.61536,224,39,127,2,20250815_211632
1755260168.645162,7725099,1977625344,1977.625344,227,39,129,2,20250815_211632
1755260168.655146,7725138,1977635328,1977.635328,230,39,133,2,20250815_211632
1755260168.66513,7725177,1977645312,1977.645312,233,39,136,2,20250815_211632
1755260168.6751142,7725216,1977655296,1977.655296,237,39,139,2,20250815_211632
1755260168.6850982,7725255,1977665280,1977.66528,240,39,141,2,20250815_211632
1755260168.695082,7725294,1977675264,1977.675264,243,39,141,2,20250815_211632
1755260168.705066,7725333,1977685248,1977.685248,246,39,141,2,20250815_211632
1755260168.715306,7725373,1977695488,1977.695488,249,40,142,2,20250815_211632
1755260168.72529,7725412,1977705472,1977.705472,253,41,142,2,20250815_211632
1755260168.735274,7725451,1977715456,1977.715456,1,41,142,2,20250815_211632
1755260168.745258,7725490,1977725440,1977.72544,4,42,143,2,20250815_211632
1755260168.755242,7725529,1977735424,1977.735424,7,42,144,2,20250815_211632
1755260168.765226,7725568,1977745408,1977.745408,10,43,144,2,20250815_211632
1755260168.77521,7725607,1977755392,1977.755392,13,42,145,2,20250815_211632
1755260168.7851942,7725646,1977765376,1977.765376,17,42,144,2,20250815_211632
1755260168.7951782,7725685,1977775360,1977.77536,20,41,140,2,20250815_211632
1755260168.805162,7725724,1977785344,1977.785344,23,41,135,2,20250815_211632
1755260168.815146,7725763,1977795328,1977.795328,26,40,128,2,20250815_211632
1755260168.82513,7725802,1977805312,1977.805312,29,41,124,2,20250815_211632
1755260168.835114,7725841,1977815296,1977.815296,33,41,119,2,20250815_211632
1755260168.845354,7725881,1977825536,1977.825536,36,40,113,2,20250815_211632
1755260168.855338,7725920,1977835520,1977.83552,39,39,108,2,20250815_211632
1755260168.865322,7725959,1977845504,1977.845504,42,40,106,2,20250815_211632
1755260168.875306,7725998,1977855488,1977.855488,45,39,106,2,20250815_211632
1755260168.88529,7726037,1977865472,1977.865472,49,39,104,2,20250815_211632
1755260168.8952742,7726076,1977875456,1977.875456,52,38,103,2,20250815_211632
1755260168.9052582,7726115,1977885440,1977.88544,55,38,101,2,20250815_211632
1755260168.915242,7726154,1977895424,1977.895424,58,37,100,2,20250815_211632
1755260168.925226,7726193,1977905408,1977.905408,61,37,100,2,20250815_211632
1755260168.93521,7726232,1977915392,1977.915392,64,37,98,2,20250815_211632
1755260168.945194,7726271,1977925376,1977.925376,68,38,98,2,20250815_211632
1755260168.955178,7726310,1977935360,1977.93536,71,38,98,2,20250815_211632
1755260168.965162,7726349,1977945344,1977.945344,74,38,98,2,20250815_211632
1755260168.975146,7726388,1977955328,1977.955328,77,41,97,2,20250815_211632
1755260168.98513,7726427,1977965312,1977.965312,80,48,97,2,20250815_211632
1755260168.99537,7726467,1977975552,1977.975552,84,58,98,2,20250815_211632
1755260169.0053542,7726506,1977985536,1977.985536,87,66,98,2,20250815_211632
1755260169.0153382,7726545,1977995520,1977.99552,90,66,98,2,20250815_211632
1755260169.025322,7726584,1978005504,1978.005504,93,62,98,2,20250815_211632
1755260169.035306,7726623,1978015488,1978.015488,96,61,98,2,20250815_211632
1755260169.04529,7726662,1978025472,1978.025472,99,53,98,2,20250815_211632
1755260169.055274,7726701,1978035456,1978.035456,103,47,97,2,20250815_211632
1755260169.065258,7726740,1978045440,1978.04544,106,46,96,2,20250815_211632
1755260169.075242,7726779,1978055424,1978.055424,109,36,97,2,20250815_211632
1755260169.085226,7726818,1978065408,1978.065408,112,39,97,2,20250815_211632
1755260169.09521,7726857,1978075392,1978.075392,115,34,97,2,20250815_211632
1755260169.105194,7726896,1978085376,1978.085376,119,36,97,2,20250815_211632
1755260169.115178,7726935,1978095360,1978.09536,122,32,97,2,20250815_211632
1755260169.125162,7726974,1978105344,1978.105344,125,27,97,2,20250815_211632
1755260169.135402,7727014,1978115584,1978.115584,128,26,97,2,20250815_211632
1755260169.145386,7727053,1978125568,1978.125568,131,35,97,2,20250815_211632
1755260169.15537,7727092,1978135552,1978.135552,135,31,97,2,20250815_211632
1755260169.165354,7727131,1978145536,1978.145536,138,17,98,2,20250815_211632
1755260169.175338,7727170,1978155520,1978.15552,141,23,98,2,20250815_211632
1755260169.185322,7727209,1978165504,1978.165504,144,23,97,2,20250815_211632
1755260169.195306,7727248,1978175488,1978.175488,147,29,97,2,20250815_211632
1755260169.20529,7727287,1978185472,1978.185472,150,28,97,2,20250815_211632
1755260169.215274,7727326,1978195456,1978.195456,154,29,98,2,20250815_211632
1755260169.225258,7727365,1978205440,1978.20544,157,29,98,2,20250815_211632
1755260169.235242,7727404,1978215424,1978.215424,160,27,98,2,20250815_211632
1755260169.245226,7727443,1978225408,1978.225408,163,24,98,2,20250815_211632
1755260169.2552102,7727482,1978235392,1978.235392,166,24,99,2,20250815_211632
1755260169.2651942,7727521,1978245376,1978.245376,170,24,98,2,20250815_211632
1755260169.275434,7727561,1978255616,1978.255616,173,23,98,2,20250815_211632
1755260169.285418,7727600,1978265600,1978.2656,176,24,98,2,20250815_211632
1755260169.295402,7727639,1978275584,1978.275584,179,23,99,2,20250815_211632
1755260169.305386,7727678,1978285568,1978.285568,182,24,98,2,20250815_211632
1755260169.31537,7727717,1978295552,1978.295552,186,24,99,2,20250815_211632
1755260169.325354,7727756,1978305536,1978.305536,189,24,98,2,20250815_211632
1755260169.335338,7727795,1978315520,1978.31552,192,24,98,2,20250815_211632
1755260169.345322,7727834,1978325504,1978.325504,195,25,98,2,20250815_211632
1755260169.355306,7727873,1978335488,1978.335488,198,25,99,2,20250815_211632
1755260169.3652902,7727912,1978345472,1978.345472,201,26,99,2,20250815_211632
1755260169.3752742,7727951,1978355456,1978.355456,205,26,100,2,20250815_211632
1755260169.385258,7727990,1978365440,1978.36544,208,27,100,2,20250815_211632
1755260169.395242,7728029,1978375424,1978.375424,211,28,100,2,20250815_211632
1755260169.405226,7728068,1978385408,1978.385408,214,29,101,2,20250815_211632
1755260169.41521,7728107,1978395392,1978.395392,217,29,101,2,20250815_211632
1755260169.42545,7728147,1978405632,1978.405632,221,31,101,2,20250815_211632
1755260169.435434,7728186,1978415616,1978.415616,224,32,101,2,20250815_211632
1755260169.445418,7728225,1978425600,1978.4256,227,36,103,2,20250815_211632
1755260169.455402,7728264,1978435584,1978.435584,230,36,104,2,20250815_211632
1755260169.4653862,7728303,1978445568,1978.445568,233,37,105,2,20250815_211632
1755260169.4753702,7728342,1978455552,1978.455552,237,37,106,2,20250815_211632
1755260169.4853542,7728381,1978465536,1978.465536,240,38,107,2,20250815_211632
1755260169.495338,7728420,1978475520,1978.47552,243,38,107,2,20250815_211632
1755260169.505322,7728459,1978485504,1978.485504,246,38,107,2,20250815_211632
1755260169.515306,7728498,1978495488,1978.495488,249,38,108,2,20250815_211632
1755260169.52529,7728537,1978505472,1978.505472,252,39,110,2,20250815_211632
1755260169.535274,7728576,1978515456,1978.515456,1,39,113,2,20250815_211632
1755260169.545258,7728615,1978525440,1978.52544,4,40,118,2,20250815_211632
1755260169.555242,7728654,1978535424,1978.535424,7,40,120,2,20250815_211632
1755260169.565482,7728694,1978545664,1978.545664,10,41,122,2,20250815_211632
1755260169.5754662,7728733,1978555648,1978.555648,13,41,126,2,20250815_211632
1755260169.5854502,7728772,1978565632,1978.565632,17,42,127,2,20250815_211632
1755260169.595434,7728811,1978575616,1978.575616,20,42,127,2,20250815_211632
1755260169.605418,7728850,1978585600,1978.5856,23,43,128,2,20250815_211632
1755260169.615402,7728889,1978595584,1978.595584,26,43,128,2,20250815_211632
1755260169.625386,7728928,1978605568,1978.605568,29,45,127,2,20250815_211632
1755260169.63537,7728967,1978615552,1978.615552,33,45,127,2,20250815_211632
1755260169.645354,7729006,1978625536,1978.625536,36,46,127,2,20250815_211632
1755260169.655338,7729045,1978635520,1978.63552,39,46,125,2,20250815_211632
1755260169.665322,7729084,1978645504,1978.645504,42,47,124,2,20250815_211632
1755260169.675306,7729123,1978655488,1978.655488,45,48,124,2,20250815_211632
1755260169.68529,7729162,1978665472,1978.665472,48,49,122,2,20250815_211632
1755260169.695274,7729201,1978675456,1978.675456,52,49,120,2,20250815_211632
1755260169.705258,7729240,1978685440,1978.68544,55,50,118,2,20250815_211632
1755260169.715498,7729280,1978695680,1978.69568,58,51,118,2,20250815_211632
1755260169.725482,7729319,1978705664,1978.705664,61,52,117,2,20250815_211632
1755260169.735466,7729358,1978715648,1978.715648,64,52,120,2,20250815_211632
1755260169.74545,7729397,1978725632,1978.725632,68,53,118,2,20250815_211632
1755260169.755434,7729436,1978735616,1978.735616,71,53,117,2,20250815_211632
1755260169.765418,7729475,1978745600,1978.7456,74,55,118,2,20250815_211632
1755260169.775402,7729514,1978755584,1978.755584,77,56,116,2,20250815_211632
1755260169.785386,7729553,1978765568,1978.765568,80,58,117,2,20250815_211632
1755260169.79537,7729592,1978775552,1978.775552,83,58,114,2,20250815_211632
1755260169.805354,7729631,1978785536,1978.785536,87,59,112,2,20250815_211632
1755260169.815338,7729670,1978795520,1978.79552,90,59,112,2,20250815_211632
1755260169.8253222,7729709,1978805504,1978.805504,93,61,110,2,20250815_211632
1755260169.8353062,7729748,1978815488,1978.815488,96,60,109,2,20250815_211632
1755260169.8452902,7729787,1978825472,1978.825472,99,61,109,2,20250815_211632
1755260169.85553,7729827,1978835712,1978.835712,103,61,109,2,20250815_211632
1755260169.865514,7729866,1978845696,1978.845696,106,62,107,2,20250815_211632
1755260169.875498,7729905,1978855680,1978.85568,109,62,106,2,20250815_211632
1755260169.885482,7729944,1978865664,1978.865664,112,63,106,2,20250815_211632
1755260169.895466,7729983,1978875648,1978.875648,115,63,105,2,20250815_211632
1755260169.90545,7730022,1978885632,1978.885632,119,64,105,2,20250815_211632
1755260169.915434,7730061,1978895616,1978.895616,122,64,104,2,20250815_211632
1755260169.925418,7730100,1978905600,1978.9056,125,66,104,2,20250815_211632
1755260169.9354022,7730139,1978915584,1978.915584,128,66,103,2,20250815_211632
1755260169.9453862,7730178,1978925568,1978.925568,131,68,102,2,20250815_211632
1755260169.955626,7730218,1978935808,1978.935808,134,68,102,2,20250815_211632
1755260169.96561,7730257,1978945792,1978.945792,138,70,102,2,20250815_211632
1755260169.975594,7730296,1978955776,1978.955776,141,70,103,2,20250815_211632
1755260169.985578,7730335,1978965760,1978.96576,144,72,103,2,20250815_211632
1755260169.995562,7730374,1978975744,1978.975744,147,72,103,2,20250815_211632
1755260170.005546,7730413,1978985728,1978.985728,150,73,103,2,20250815_211632
1755260170.01553,7730452,1978995712,1978.995712,154,74,102,2,20250815_211632
1755260170.025514,7730491,1979005696,1979.005696,157,77,100,2,20250815_211632
1755260170.035498,7730530,1979015680,1979.01568,160,77,100,2,20250815_211632
1755260170.0454822,7730569,1979025664,1979.025664,163,80,100,2,20250815_211632
1755260170.055722,7730609,1979035904,1979.035904,166,80,99,2,20250815_211632
1755260170.065706,7730648,1979045888,1979.045888,170,81,98,2,20250815_211632
1755260170.07569,7730687,1979055872,1979.055872,173,81,98,2,20250815_211632
1755260170.085674,7730726,1979065856,1979.065856,176,83,99,2,20250815_211632
1755260170.095658,7730765,1979075840,1979.07584,179,83,100,2,20250815_211632
1755260170.105642,7730804,1979085824,1979.085824,182,84,99,2,20250815_211632
1755260170.115626,7730843,1979095808,1979.095808,185,84,100,2,20250815_211632
1755260170.12561,7730882,1979105792,1979.105792,189,86,100,2,20250815_211632
1755260170.135594,7730921,1979115776,1979.115776,192,85,100,2,20250815_211632
1755260170.145578,7730960,1979125760,1979.12576,195,87,100,2,20250815_211632
1755260170.1555622,7730999,1979135744,1979.135744,198,86,100,2,20250815_211632
1755260170.1655462,7731038,1979145728,1979.145728,201,88,100,2,20250815_211632
1755260170.17553,7731077,1979155712,1979.155712,205,88,100,2,20250815_211632
1755260170.185514,7731116,1979165696,1979.165696,208,89,100,2,20250815_211632
1755260170.195498,7731155,1979175680,1979.17568,211,89,103,2,20250815_211632
1755260170.205738,7731195,1979185920,1979.18592,214,90,100,2,20250815_211632
1755260170.215722,7731234,1979195904,1979.195904,217,90,101,2,20250815_211632
1755260170.225706,7731273,1979205888,1979.205888,221,92,101,2,20250815_211632
1755260170.23569,7731312,1979215872,1979.215872,224,92,101,2,20250815_211632
1755260170.245674,7731351,1979225856,1979.225856,227,94,102,2,20250815_211632
1755260170.255658,7731390,1979235840,1979.23584,230,93,103,2,20250815_211632
1755260170.2656422,7731429,1979245824,1979.245824,233,95,102,2,20250815_211632
1755260170.2756262,7731468,1979255808,1979.255808,236,94,102,2,20250815_211632
1755260170.28561,7731507,1979265792,1979.265792,240,95,103,2,20250815_211632
1755260170.295594,7731546,1979275776,1979.275776,243,95,102,2,20250815_211632
1755260170.305578,7731585,1979285760,1979.28576,246,96,103,2,20250815_211632
1755260170.315562,7731624,1979295744,1979.295744,249,95,105,2,20250815_211632
1755260170.325546,7731663,1979305728,1979.305728,252,97,108,2,20250815_211632
1755260170.33553,7731702,1979315712,1979.315712,1,97,111,2,20250815_211632
1755260170.34577,7731742,1979325952,1979.325952,4,99,115,2,20250815_211632
1755260170.355754,7731781,1979335936,1979.335936,7,100,119,2,20250815_211632
1755260170.3657382,7731820,1979345920,1979.34592,10,102,123,2,20250815_211632
1755260170.3757222,7731859,1979355904,1979.355904,13,102,126,2,20250815_211632
1755260170.3857062,7731898,1979365888,1979.365888,17,104,128,2,20250815_211632
1755260170.39569,7731937,1979375872,1979.375872,20,103,130,2,20250815_211632
1755260170.405674,7731976,1979385856,1979.385856,23,105,129,2,20250815_211632
1755260170.415658,7732015,1979395840,1979.39584,26,104,132,2,20250815_211632
1755260170.425642,7732054,1979405824,1979.405824,29,105,131,2,20250815_211632
1755260170.435626,7732093,1979415808,1979.415808,32,104,129,2,20250815_211632
1755260170.44561,7732132,1979425792,1979.425792,36,106,127,2,20250815_211632
1755260170.455594,7732171,1979435776,1979.435776,39,105,122,2,20250815_211632
1755260170.465578,7732210,1979445760,1979.44576,42,106,118,2,20250815_211632
1755260170.475562,7732249,1979455744,1979.455744,45,105,114,2,20250815_211632
1755260170.4858022,7732289,1979465984,1979.465984,48,107,110,2,20250815_211632
1755260170.495786,7732328,1979475968,1979.475968,52,106,107,2,20250815_211632
1755260170.50577,7732367,1979485952,1979.485952,55,108,105,2,20250815_211632
1755260170.515754,7732406,1979495936,1979.495936,58,107,106,2,20250815_211632
1755260170.525738,7732445,1979505920,1979.50592,61,108,103,2,20250815_211632
1755260170.535722,7732484,1979515904,1979.515904,64,107,103,2,20250815_211632
1755260170.545706,7732523,1979525888,1979.525888,68,109,101,2,20250815_211632
1755260170.55569,7732562,1979535872,1979.535872,71,108,98,2,20250815_211632
1755260170.565674,7732601,1979545856,1979.545856,74,110,99,2,20250815_211632
1755260170.575658,7732640,1979555840,1979.55584,77,111,98,2,20250815_211632
1755260170.585642,7732679,1979565824,1979.565824,80,113,97,2,20250815_211632
1755260170.595626,7732718,1979575808,1979.575808,83,113,97,2,20250815_211632
1755260170.60561,7732757,1979585792,1979.585792,87,115,99,2,20250815_211632
1755260170.615594,7732796,1979595776,1979.595776,90,114,97,2,20250815_211632
1755260170.6255782,7732835,1979605760,1979.60576,93,115,97,2,20250815_211632
1755260170.635818,7732875,1979616000,1979.616,96,114,95,2,20250815_211632
1755260170.645802,7732914,1979625984,1979.625984,99,114,97,2,20250815_211632
1755260170.655786,7732953,1979635968,1979.635968,103,111,97,2,20250815_211632
1755260170.66577,7732992,1979645952,1979.645952,106,111,97,2,20250815_211632
1755260170.675754,7733031,1979655936,1979.655936,109,108,99,2,20250815_211632
1755260170.685738,7733070,1979665920,1979.66592,112,108,98,2,20250815_211632
1755260170.695722,7733109,1979675904,1979.675904,115,105,97,2,20250815_211632
1755260170.705706,7733148,1979685888,1979.685888,118,104,98,2,20250815_211632
1755260170.71569,7733187,1979695872,1979.695872,122,102,97,2,20250815_211632
1755260170.7256742,7733226,1979705856,1979.705856,125,101,97,2,20250815_211632
1755260170.7356582,7733265,1979715840,1979.71584,128,99,97,2,20250815_211632
1755260170.7456422,7733304,1979725824,1979.725824,131,98,97,2,20250815_211632
1755260170.755626,7733343,1979735808,1979.735808,134,96,97,2,20250815_211632
1755260170.76561,7733382,1979745792,1979.745792,138,96,97,2,20250815_211632
1755260170.77585,7733422,1979756032,1979.756032,141,95,97,2,20250815_211632
1755260170.785834,7733461,1979766016,1979.766016,144,95,97,2,20250815_211632
1755260170.795818,7733500,1979776000,1979.776,147,93,97,2,20250815_211632
1755260170.805802,7733539,1979785984,1979.785984,150,94,97,2,20250815_211632
1755260170.815786,7733578,1979795968,1979.795968,154,94,98,2,20250815_211632
1755260170.82577,7733617,1979805952,1979.805952,157,94,97,2,20250815_211632
1755260170.8357542,7733656,1979815936,1979.815936,160,93,98,2,20250815_211632
1755260170.8457382,7733695,1979825920,1979.82592,163,94,98,2,20250815_211632
1755260170.855722,7733734,1979835904,1979.835904,166,94,98,2,20250815_211632
1755260170.865706,7733773,1979845888,1979.845888,169,95,97,2,20250815_211632
1755260170.87569,7733812,1979855872,1979.855872,173,95,98,2,20250815_211632
1755260170.885674,7733851,1979865856,1979.865856,176,95,98,2,20250815_211632
1755260170.895658,7733890,1979875840,1979.87584,179,95,98,2,20250815_211632
1755260170.905642,7733929,1979885824,1979.885824,182,95,98,2,20250815_211632
1755260170.915626,7733968,1979895808,1979.895808,185,94,99,2,20250815_211632
1755260170.925866,7734008,1979906048,1979.906048,189,95,100,2,20250815_211632
1755260170.93585,7734047,1979916032,1979.916032,192,94,102,2,20250815_211632
1755260170.9458342,7734086,1979926016,1979.926016,195,94,105,2,20250815_211632
1755260170.9558182,7734125,1979936000,1979.936,198,94,107,2,20250815_211632
1755260170.965802,7734164,1979945984,1979.945984,201,94,111,2,20250815_211632
1755260170.975786,7734203,1979955968,1979.955968,205,93,115,2,20250815_211632
1755260170.98577,7734242,1979965952,1979.965952,208,92,119,2,20250815_211632
1755260170.995754,7734281,1979975936,1979.975936,211,91,123,2,20250815_211632
1755260171.005738,7734320,1979985920,1979.98592,214,91,126,2,20250815_211632
1755260171.015722,7734359,1979995904,1979.995904,217,91,127,2,20250815_211632
1755260171.025706,7734398,1980005888,1980.005888,220,91,129,2,20250815_211632
1755260171.03569,7734437,1980015872,1980.015872,224,90,130,2,20250815_211632
1755260171.045674,7734476,1980025856,1980.025856,227,90,130,2,20250815_211632
1755260171.055658,7734515,1980035840,1980.03584,230,88,130,2,20250815_211632
1755260171.0658982,7734555,1980046080,1980.04608,233,87,131,2,20250815_211632
1755260171.075882,7734594,1980056064,1980.056064,236,87,131,2,20250815_211632
1755260171.085866,7734633,1980066048,1980.066048,240,87,133,2,20250815_211632
1755260171.09585,7734672,1980076032,1980.076032,243,87,136,2,20250815_211632
1755260171.105834,7734711,1980086016,1980.086016,246,87,138,2,20250815_211632
1755260171.115818,7734750,1980096000,1980.096,249,86,140,2,20250815_211632
1755260171.125802,7734789,1980105984,1980.105984,252,86,141,2,20250815_211632
1755260171.135786,7734828,1980115968,1980.115968,1,84,140,2,20250815_211632
1755260171.14577,7734867,1980125952,1980.125952,4,85,140,2,20250815_211632
1755260171.155754,7734906,1980135936,1980.135936,7,85,139,2,20250815_211632
1755260171.165738,7734945,1980145920,1980.14592,10,85,136,2,20250815_211632
1755260171.175722,7734984,1980155904,1980.155904,13,86,127,2,20250815_211632
1755260171.185706,7735023,1980165888,1980.165888,16,87,119,2,20250815_211632
1755260171.1956902,7735062,1980175872,1980.175872,20,89,114,2,20250815_211632
1755260171.2056742,7735101,1980185856,1980.185856,23,91,109,2,20250815_211632
1755260171.215914,7735141,1980196096,1980.196096,26,92,105,2,20250815_211632
1755260171.225898,7735180,1980206080,1980.20608,29,94,103,2,20250815_211632
1755260171.235882,7735219,1980216064,1980.216064,32,95,101,2,20250815_211632
1755260171.245866,7735258,1980226048,1980.226048,36,96,100,2,20250815_211632
1755260171.25585,7735297,1980236032,1980.236032,39,95,99,2,20250815_211632
1755260171.265834,7735336,1980246016,1980.246016,42,96,100,2,20250815_211632
1755260171.275818,7735375,1980256000,1980.256,45,95,100,2,20250815_211632
1755260171.285802,7735414,1980265984,1980.265984,48,96,100,2,20250815_211632
1755260171.295786,7735453,1980275968,1980.275968,51,95,100,2,20250815_211632
1755260171.3057702,7735492,1980285952,1980.285952,55,96,100,2,20250815_211632
1755260171.3157542,7735531,1980295936,1980.295936,58,95,101,2,20250815_211632
1755260171.325738,7735570,1980305920,1980.30592,61,95,102,2,20250815_211632
1755260171.335722,7735609,1980315904,1980.315904,64,94,102,2,20250815_211632
1755260171.345706,7735648,1980325888,1980.325888,67,94,102,2,20250815_211632
1755260171.355946,7735688,1980336128,1980.336128,71,93,102,2,20250815_211632
1755260171.36593,7735727,1980346112,1980.346112,74,94,102,2,20250815_211632
1755260171.375914,7735766,1980356096,1980.356096,77,94,101,2,20250815_211632
1755260171.385898,7735805,1980366080,1980.36608,80,95,101,2,20250815_211632
1755260171.395882,7735844,1980376064,1980.376064,83,95,100,2,20250815_211632
1755260171.405866,7735883,1980386048,1980.386048,87,97,100,2,20250815_211632
1755260171.4158502,7735922,1980396032,1980.396032,90,95,100,2,20250815_211632
1755260171.4258342,7735961,1980406016,1980.406016,93,96,100,2,20250815_211632
1755260171.435818,7736000,1980416000,1980.416,96,93,102,2,20250815_211632
1755260171.445802,7736039,1980425984,1980.425984,99,94,100,2,20250815_211632
1755260171.455786,7736078,1980435968,1980.435968,102,89,99,2,20250815_211632
1755260171.46577,7736117,1980445952,1980.445952,106,89,98,2,20250815_211632
1755260171.475754,7736156,1980455936,1980.455936,109,86,98,2,20250815_211632
1755260171.485738,7736195,1980465920,1980.46592,112,87,98,2,20250815_211632
1755260171.495978,7736235,1980476160,1980.47616,115,84,98,2,20250815_211632
1755260171.505962,7736274,1980486144,1980.486144,118,85,99,2,20250815_211632
1755260171.515946,7736313,1980496128,1980.496128,122,82,98,2,20250815_211632
1755260171.5259302,7736352,1980506112,1980.506112,125,84,100,2,20250815_211632
1755260171.5359142,7736391,1980516096,1980.516096,128,83,98,2,20250815_211632
1755260171.545898,7736430,1980526080,1980.52608,131,85,98,2,20250815_211632
1755260171.555882,7736469,1980536064,1980.536064,134,84,98,2,20250815_211632
1755260171.565866,7736508,1980546048,1980.546048,138,87,98,2,20250815_211632
1755260171.57585,7736547,1980556032,1980.556032,141,86,98,2,20250815_211632
1755260171.585834,7736586,1980566016,1980.566016,144,89,98,2,20250815_211632
1755260171.595818,7736625,1980576000,1980.576,147,88,98,2,20250815_211632
1755260171.605802,7736664,1980585984,1980.585984,150,91,98,2,20250815_211632
1755260171.615786,7736703,1980595968,1980.595968,153,90,98,2,20250815_211632
1755260171.62577,7736742,1980605952,1980.605952,157,93,98,2,20250815_211632
1755260171.6360102,7736782,1980616192,1980.616192,160,92,98,2,20250815_211632
1755260171.6459942,7736821,1980626176,1980.626176,163,95,98,2,20250815_211632
1755260171.655978,7736860,1980636160,1980.63616,166,94,99,2,20250815_211632
1755260171.665962,7736899,1980646144,1980.646144,169,97,99,2,20250815_211632
1755260171.675946,7736938,1980656128,1980.656128,173,96,99,2,20250815_211632
1755260171.68593,7736977,1980666112,1980.666112,176,100,99,2,20250815_211632
1755260171.695914,7737016,1980676096,1980.676096,179,98,100,2,20250815_211632
1755260171.705898,7737055,1980686080,1980.68608,182,103,101,2,20250815_211632
1755260171.715882,7737094,1980696064,1980.696064,185,101,103,2,20250815_211632
1755260171.725866,7737133,1980706048,1980.706048,189,105,105,2,20250815_211632
1755260171.73585,7737172,1980716032,1980.716032,192,104,105,2,20250815_211632
1755260171.745834,7737211,1980726016,1980.726016,195,108,106,2,20250815_211632
1755260171.755818,7737250,1980736000,1980.736,198,106,105,2,20250815_211632
1755260171.765802,7737289,1980745984,1980.745984,201,110,108,2,20250815_211632
1755260171.776042,7737329,1980756224,1980.756224,204,109,116,2,20250815_211632
1755260171.786026,7737368,1980766208,1980.766208,208,112,126,2,20250815_211632
1755260171.79601,7737407,1980776192,1980.776192,211,110,133,2,20250815_211632
1755260171.805994,7737446,1980786176,1980.786176,214,113,138,2,20250815_211632
1755260171.815978,7737485,1980796160,1980.79616,217,111,140,2,20250815_211632
1755260171.825962,7737524,1980806144,1980.806144,220,116,141,2,20250815_211632
1755260171.835946,7737563,1980816128,1980.816128,224,113,142,2,20250815_211632
1755260171.8461862,7737603,1980826368,1980.826368,227,117,142,2,20250815_211632
1755260171.8561702,7737642,1980836352,1980.836352,230,116,143,2,20250815_211632
1755260171.866154,7737681,1980846336,1980.846336,233,121,143,2,20250815_211632
1755260171.876138,7737720,1980856320,1980.85632,236,119,144,2,20250815_211632
1755260171.886122,7737759,1980866304,1980.866304,240,124,144,2,20250815_211632
1755260171.896106,7737798,1980876288,1980.876288,243,122,145,2,20250815_211632
1755260171.90609,7737837,1980886272,1980.886272,246,127,145,2,20250815_211632
1755260171.91633,7737877,1980896512,1980.896512,249,125,146,2,20250815_211632
1755260171.926314,7737916,1980906496,1980.906496,252,129,145,2,20250815_211632
1755260171.936298,7737955,1980916480,1980.91648,1,127,146,2,20250815_211632
1755260171.946282,7737994,1980926464,1980.926464,4,132,146,2,20250815_211632
1755260171.956522,7738034,1980936704,1980.936704,7,131,146,2,20250815_211632
1755260171.966506,7738073,1980946688,1980.946688,10,138,146,2,20250815_211632
1755260171.97649,7738112,1980956672,1980.956672,13,138,147,2,20250815_211632
1755260171.986474,7738151,1980966656,1980.966656,17,145,147,2,20250815_211632
1755260171.996458,7738190,1980976640,1980.97664,20,143,146,2,20250815_211632
1755260172.006442,7738229,1980986624,1980.986624,23,147,147,2,20250815_211632
1755260172.016426,7738268,1980996608,1980.996608,26,144,147,2,20250815_211632
1755260172.02641,7738307,1981006592,1981.006592,29,146,147,2,20250815_211632
1755260172.036394,7738346,1981016576,1981.016576,32,140,150,2,20250815_211632
1755260172.046634,7738386,1981026816,1981.026816,36,133,147,2,20250815_211632
1755260172.056618,7738425,1981036800,1981.0368,39,112,147,2,20250815_211632
1755260172.066602,7738464,1981046784,1981.046784,42,103,147,2,20250815_211632
1755260172.076586,7738503,1981056768,1981.056768,45,99,146,2,20250815_211632
1755260172.08657,7738542,1981066752,1981.066752,48,98,142,2,20250815_211632
1755260172.096554,7738581,1981076736,1981.076736,52,97,137,2,20250815_211632
1755260172.106538,7738620,1981086720,1981.08672,55,96,126,2,20250815_211632
1755260172.116778,7738660,1981096960,1981.09696,58,94,116,2,20250815_211632
1755260172.1267622,7738699,1981106944,1981.106944,61,92,109,2,20250815_211632
1755260172.1367462,7738738,1981116928,1981.116928,64,87,104,2,20250815_211632
1755260172.1467302,7738777,1981126912,1981.126912,68,85,101,2,20250815_211632
1755260172.156714,7738816,1981136896,1981.136896,71,84,99,2,20250815_211632
1755260172.166698,7738855,1981146880,1981.14688,74,85,97,2,20250815_211632
1755260172.176682,7738894,1981156864,1981.156864,77,86,95,2,20250815_211632
1755260172.186666,7738933,1981166848,1981.166848,80,89,96,2,20250815_211632
1755260172.196906,7738973,1981177088,1981.177088,84,91,96,2,20250815_211632
1755260172.20689,7739012,1981187072,1981.187072,87,94,98,2,20250815_211632
1755260172.216874,7739051,1981197056,1981.197056,90,93,100,2,20250815_211632
1755260172.226858,7739090,1981207040,1981.20704,93,94,100,2,20250815_211632
1755260172.2368422,7739129,1981217024,1981.217024,96,91,101,2,20250815_211632
1755260172.2468262,7739168,1981227008,1981.227008,99,88,102,2,20250815_211632
1755260172.25681,7739207,1981236992,1981.236992,103,83,102,2,20250815_211632
1755260172.266794,7739246,1981246976,1981.246976,106,80,103,2,20250815_211632
1755260172.276778,7739285,1981256960,1981.25696,109,77,102,2,20250815_211632
1755260172.286762,7739324,1981266944,1981.266944,112,74,101,2,20250815_211632
1755260172.296746,7739363,1981276928,1981.276928,115,71,100,2,20250815_211632
1755260172.30673,7739402,1981286912,1981.286912,119,69,100,2,20250815_211632
1755260172.316714,7739441,1981296896,1981.296896,122,67,99,2,20250815_211632
1755260172.326698,7739480,1981306880,1981.30688,125,67,99,2,20250815_211632
1755260172.336938,7739520,1981317120,1981.31712,128,67,99,2,20250815_211632
1755260172.3469222,7739559,1981327104,1981.327104,131,69,98,2,20250815_211632
1755260172.3569062,7739598,1981337088,1981.337088,135,71,98,2,20250815_211632
1755260172.36689,7739637,1981347072,1981.347072,138,75,98,2,20250815_211632
1755260172.376874,7739676,1981357056,1981.357056,141,82,99,2,20250815_211632
1755260172.386858,7739715,1981367040,1981.36704,144,91,99,2,20250815_211632
1755260172.396842,7739754,1981377024,1981.377024,147,92,99,2,20250815_211632
1755260172.406826,7739793,1981387008,1981.387008,150,95,99,2,20250815_211632
1755260172.41681,7739832,1981396992,1981.396992,154,93,99,2,20250815_211632
1755260172.426794,7739871,1981406976,1981.406976,157,95,99,2,20250815_211632
1755260172.436778,7739910,1981416960,1981.41696,160,94,100,2,20250815_211632
1755260172.446762,7739949,1981426944,1981.426944,163,96,99,2,20250815_211632
1755260172.456746,7739988,1981436928,1981.436928,166,94,99,2,20250815_211632
1755260172.46673,7740027,1981446912,1981.446912,170,96,100,2,20250815_211632
1755260172.476714,7740066,1981456896,1981.456896,173,95,100,2,20250815_211632
1755260172.486954,7740106,1981467136,1981.467136,176,97,101,2,20250815_211632
1755260172.496938,7740145,1981477120,1981.47712,179,95,100,2,20250815_211632
1755260172.506922,7740184,1981487104,1981.487104,182,98,100,2,20250815_211632
1755260172.516906,7740223,1981497088,1981.497088,186,96,101,2,20250815_211632
1755260172.52689,7740262,1981507072,1981.507072,189,100,102,2,20250815_211632
1755260172.536874,7740301,1981517056,1981.517056,192,98,104,2,20250815_211632
1755260172.546858,7740340,1981527040,1981.52704,195,101,107,2,20250815_211632
1755260172.556842,7740379,1981537024,1981.537024,198,100,112,2,20250815_211632
1755260172.566826,7740418,1981547008,1981.547008,201,104,119,2,20250815_211632
1755260172.57681,7740457,1981556992,1981.556992,205,102,127,2,20250815_211632
1755260172.586794,7740496,1981566976,1981.566976,208,107,136,2,20250815_211632
1755260172.5967782,7740535,1981576960,1981.57696,211,108,138,2,20250815_211632
1755260172.6067622,7740574,1981586944,1981.586944,214,117,140,2,20250815_211632
1755260172.616746,7740613,1981596928,1981.596928,217,120,141,2,20250815_211632
1755260172.626986,7740653,1981607168,1981.607168,221,133,141,2,20250815_211632
1755260172.63697,7740692,1981617152,1981.617152,224,135,141,2,20250815_211632
1755260172.646954,7740731,1981627136,1981.627136,227,147,143,2,20250815_211632
1755260172.656938,7740770,1981637120,1981.63712,230,144,143,2,20250815_211632
1755260172.666922,7740809,1981647104,1981.647104,233,153,144,2,20250815_211632
1755260172.676906,7740848,1981657088,1981.657088,236,148,145,2,20250815_211632
1755260172.68689,7740887,1981667072,1981.667072,240,154,144,2,20250815_211632
1755260172.696874,7740926,1981677056,1981.677056,243,147,145,2,20250815_211632
1755260172.7068582,7740965,1981687040,1981.68704,246,153,144,2,20250815_211632
1755260172.7168422,7741004,1981697024,1981.697024,249,147,145,2,20250815_211632
1755260172.726826,7741043,1981707008,1981.707008,252,153,146,2,20250815_211632
1755260172.73681,7741082,1981716992,1981.716992,1,147,146,2,20250815_211632
1755260172.746794,7741121,1981726976,1981.726976,4,155,146,2,20250815_211632
1755260172.756778,7741160,1981736960,1981.73696,7,149,146,2,20250815_211632
1755260172.767018,7741200,1981747200,1981.7472,10,157,146,2,20250815_211632
1755260172.777002,7741239,1981757184,1981.757184,13,151,147,2,20250815_211632
1755260172.786986,7741278,1981767168,1981.767168,17,159,147,2,20250815_211632
1755260172.79697,7741317,1981777152,1981.777152,20,153,147,2,20250815_211632
1755260172.806954,7741356,1981787136,1981.787136,23,159,147,2,20250815_211632
1755260172.8169382,7741395,1981797120,1981.79712,26,153,146,2,20250815_211632
1755260172.8269222,7741434,1981807104,1981.807104,29,159,148,2,20250815_211632
1755260172.836906,7741473,1981817088,1981.817088,32,152,147,2,20250815_211632
1755260172.84689,7741512,1981827072,1981.827072,36,158,147,2,20250815_211632
1755260172.856874,7741551,1981837056,1981.837056,39,150,147,2,20250815_211632
1755260172.866858,7741590,1981847040,1981.84704,42,157,147,2,20250815_211632
1755260172.876842,7741629,1981857024,1981.857024,45,150,147,2,20250815_211632
1755260172.886826,7741668,1981867008,1981.867008,48,158,142,2,20250815_211632
1755260172.89681,7741707,1981876992,1981.876992,52,151,137,2,20250815_211632
1755260172.90705,7741747,1981887232,1981.887232,55,158,131,2,20250815_211632
1755260172.917034,7741786,1981897216,1981.897216,58,150,127,2,20250815_211632
1755260172.9270182,7741825,1981907200,1981.9072,61,157,125,2,20250815_211632
1755260172.9370022,7741864,1981917184,1981.917184,64,150,124,2,20250815_211632
1755260172.946986,7741903,1981927168,1981.927168,68,156,125,2,20250815_211632
1755260172.95697,7741942,1981937152,1981.937152,71,148,124,2,20250815_211632
1755260172.966954,7741981,1981947136,1981.947136,74,155,124,2,20250815_211632
1755260172.976938,7742020,1981957120,1981.95712,77,146,123,2,20250815_211632
1755260172.986922,7742059,1981967104,1981.967104,80,151,122,2,20250815_211632
1755260172.996906,7742098,1981977088,1981.977088,83,141,126,2,20250815_211632
1755260173.00689,7742137,1981987072,1981.987072,87,144,127,2,20250815_211632
1755260173.016874,7742176,1981997056,1981.997056,90,132,127,2,20250815_211632
1755260173.026858,7742215,1982007040,1982.00704,93,129,127,2,20250815_211632
1755260173.036842,7742254,1982017024,1982.017024,96,106,127,2,20250815_211632
1755260173.0470822,7742294,1982027264,1982.027264,99,98,127,2,20250815_211632
1755260173.057066,7742333,1982037248,1982.037248,103,93,123,2,20250815_211632
1755260173.06705,7742372,1982047232,1982.047232,106,95,117,2,20250815_211632
1755260173.077034,7742411,1982057216,1982.057216,109,90,114,2,20250815_211632
1755260173.087018,7742450,1982067200,1982.0672,112,71,111,2,20250815_211632
1755260173.097002,7742489,1982077184,1982.077184,115,55,107,2,20250815_211632
1755260173.106986,7742528,1982087168,1982.087168,119,53,103,2,20250815_211632
1755260173.11697,7742567,1982097152,1982.097152,122,52,100,2,20250815_211632
1755260173.126954,7742606,1982107136,1982.107136,125,51,99,2,20250815_211632
1755260173.136938,7742645,1982117120,1982.11712,128,50,96,2,20250815_211632
1755260173.146922,7742684,1982127104,1982.127104,131,48,95,2,20250815_211632
1755260173.156906,7742723,1982137088,1982.137088,134,47,97,2,20250815_211632
1755260173.16689,7742762,1982147072,1982.147072,138,46,101,2,20250815_211632
1755260173.1768742,7742801,1982157056,1982.157056,141,46,101,2,20250815_211632
1755260173.187114,7742841,1982167296,1982.167296,144,45,100,2,20250815_211632
1755260173.197098,7742880,1982177280,1982.17728,147,45,100,2,20250815_211632
1755260173.207082,7742919,1982187264,1982.187264,150,44,101,2,20250815_211632
1755260173.217066,7742958,1982197248,1982.197248,154,45,102,2,20250815_211632
1755260173.22705,7742997,1982207232,1982.207232,157,44,104,2,20250815_211632
1755260173.237034,7743036,1982217216,1982.217216,160,44,106,2,20250815_211632
1755260173.247018,7743075,1982227200,1982.2272,163,45,107,2,20250815_211632
1755260173.257002,7743114,1982237184,1982.237184,166,46,108,2,20250815_211632
1755260173.266986,7743153,1982247168,1982.247168,169,46,107,2,20250815_211632
1755260173.27697,7743192,1982257152,1982.257152,173,46,106,2,20250815_211632
1755260173.2869542,7743231,1982267136,1982.267136,176,45,104,2,20250815_211632
1755260173.2969382,7743270,1982277120,1982.27712,179,45,104,2,20250815_211632
1755260173.306922,7743309,1982287104,1982.287104,182,43,103,2,20250815_211632
1755260173.316906,7743348,1982297088,1982.297088,185,43,102,2,20250815_211632
1755260173.32689,7743387,1982307072,1982.307072,189,41,100,2,20250815_211632
1755260173.33713,7743427,1982317312,1982.317312,192,41,98,2,20250815_211632
1755260173.347114,7743466,1982327296,1982.327296,195,40,98,2,20250815_211632
1755260173.357098,7743505,1982337280,1982.33728,198,41,97,2,20250815_211632
1755260173.367082,7743544,1982347264,1982.347264,201,41,97,2,20250815_211632
1755260173.377066,7743583,1982357248,1982.357248,205,42,97,2,20250815_211632
1755260173.3870502,7743622,1982367232,1982.367232,208,43,98,2,20250815_211632
1755260173.3970342,7743661,1982377216,1982.377216,211,43,98,2,20250815_211632
1755260173.4070182,7743700,1982387200,1982.3872,214,43,99,2,20250815_211632
1755260173.417002,7743739,1982397184,1982.397184,217,44,100,2,20250815_211632
1755260173.426986,7743778,1982407168,1982.407168,220,45,102,2,20250815_211632
1755260173.43697,7743817,1982417152,1982.417152,224,45,105,2,20250815_211632
1755260173.446954,7743856,1982427136,1982.427136,227,45,105,2,20250815_211632
1755260173.456938,7743895,1982437120,1982.43712,230,45,105,2,20250815_211632
1755260173.466922,7743934,1982447104,1982.447104,233,44,104,2,20250815_211632
1755260173.477162,7743974,1982457344,1982.457344,236,43,104,2,20250815_211632
1755260173.487146,7744013,1982467328,1982.467328,240,41,104,2,20250815_211632
1755260173.4971302,7744052,1982477312,1982.477312,243,40,105,2,20250815_211632
1755260173.5071142,7744091,1982487296,1982.487296,246,39,106,2,20250815_211632
1755260173.517098,7744130,1982497280,1982.49728,249,38,106,2,20250815_211632
1755260173.527082,7744169,1982507264,1982.507264,252,37,106,2,20250815_211632
1755260173.537066,7744208,1982517248,1982.517248,1,37,106,2,20250815_211632
1755260173.54705,7744247,1982527232,1982.527232,4,36,107,2,20250815_211632
1755260173.557034,7744286,1982537216,1982.537216,7,37,107,2,20250815_211632
1755260173.567018,7744325,1982547200,1982.5472,10,36,107,2,20250815_211632
1755260173.577002,7744364,1982557184,1982.557184,13,36,107,2,20250815_211632
1755260173.586986,7744403,1982567168,1982.567168,16,35,107,2,20250815_211632
1755260173.59697,7744442,1982577152,1982.577152,20,35,107,2,20250815_211632
1755260173.606954,7744481,1982587136,1982.587136,23,33,107,2,20250815_211632
1755260173.6171942,7744521,1982597376,1982.597376,26,33,107,2,20250815_211632
1755260173.627178,7744560,1982607360,1982.60736,29,32,105,2,20250815_211632
1755260173.637162,7744599,1982617344,1982.617344,32,32,106,2,20250815_211632
1755260173.647146,7744638,1982627328,1982.627328,36,31,107,2,20250815_211632
1755260173.65713,7744677,1982637312,1982.637312,39,31,107,2,20250815_211632
1755260173.667114,7744716,1982647296,1982.647296,42,30,106,2,20250815_211632
1755260173.677098,7744755,1982657280,1982.65728,45,30,107,2,20250815_211632
1755260173.687082,7744794,1982667264,1982.667264,48,30,108,2,20250815_211632
1755260173.697066,7744833,1982677248,1982.677248,52,29,107,2,20250815_211632
1755260173.70705,7744872,1982687232,1982.687232,55,28,106,2,20250815_211632
1755260173.717034,7744911,1982697216,1982.697216,58,29,106,2,20250815_211632
1755260173.727018,7744950,1982707200,1982.7072,61,28,106,2,20250815_211632
1755260173.737002,7744989,1982717184,1982.717184,64,29,108,2,20250815_211632
1755260136.4694517,7651042,1958666752,1958.666752,52,32,112,5,20250815_211632
1755260136.4791796,7651080,1958676480,1958.67648,55,31,112,5,20250815_211632
1755260136.4891636,7651119,1958686464,1958.686464,59,32,112,5,20250815_211632
1755260136.4991477,7651158,1958696448,1958.696448,62,31,111,5,20250815_211632
1755260136.5091317,7651197,1958706432,1958.706432,65,33,106,5,20250815_211632
1755260136.5193715,7651237,1958716672,1958.716672,68,31,100,5,20250815_211632
1755260136.5293555,7651276,1958726656,1958.726656,71,32,96,5,20250815_211632
1755260136.5393395,7651315,1958736640,1958.73664,74,31,92,5,20250815_211632
1755260136.5493236,7651354,1958746624,1958.746624,78,32,91,5,20250815_211632
1755260136.5593076,7651393,1958756608,1958.756608,81,31,90,5,20250815_211632
1755260136.5692916,7651432,1958766592,1958.766592,84,31,89,5,20250815_211632
1755260136.5792756,7651471,1958776576,1958.776576,87,31,89,5,20250815_211632
1755260136.5892596,7651510,1958786560,1958.78656,91,31,89,5,20250815_211632
1755260136.5992436,7651549,1958796544,1958.796544,94,31,90,5,20250815_211632
1755260136.6094837,7651589,1958806784,1958.806784,97,31,90,5,20250815_211632
1755260136.6194675,7651628,1958816768,1958.816768,100,30,90,5,20250815_211632
1755260136.6294515,7651667,1958826752,1958.826752,103,31,89,5,20250815_211632
1755260136.6394355,7651706,1958836736,1958.836736,106,30,90,5,20250815_211632
1755260136.6494195,7651745,1958846720,1958.84672,110,31,90,5,20250815_211632
1755260136.6594036,7651784,1958856704,1958.856704,113,29,90,5,20250815_211632
1755260136.6693876,7651823,1958866688,1958.866688,116,30,90,5,20250815_211632
1755260136.6793716,7651862,1958876672,1958.876672,119,29,90,5,20250815_211632
1755260136.6893556,7651901,1958886656,1958.886656,122,30,90,5,20250815_211632
1755260136.6993396,7651940,1958896640,1958.89664,125,29,90,5,20250815_211632
1755260136.7093236,7651979,1958906624,1958.906624,129,29,90,5,20250815_211632
1755260136.7193077,7652018,1958916608,1958.916608,132,29,90,5,20250815_211632
1755260136.7292917,7652057,1958926592,1958.926592,135,30,89,5,20250815_211632
1755260136.7392757,7652096,1958936576,1958.936576,138,29,89,5,20250815_211632
1755260136.7495155,7652136,1958946816,1958.946816,142,30,89,5,20250815_211632
1755260136.7594995,7652175,1958956800,1958.9568,145,29,90,5,20250815_211632
1755260136.7694836,7652214,1958966784,1958.966784,148,30,90,5,20250815_211632
1755260136.7794676,7652253,1958976768,1958.976768,151,29,90,5,20250815_211632
1755260136.7894516,7652292,1958986752,1958.986752,154,30,90,5,20250815_211632
1755260136.7994356,7652331,1958996736,1958.996736,157,30,90,5,20250815_211632
1755260136.8094196,7652370,1959006720,1959.00672,161,30,90,5,20250815_211632
1755260136.8194036,7652409,1959016704,1959.016704,164,30,90,5,20250815_211632
1755260136.8293877,7652448,1959026688,1959.026688,167,30,91,5,20250815_211632
1755260136.8393717,7652487,1959036672,1959.036672,170,29,90,5,20250815_211632
1755260136.8493557,7652526,1959046656,1959.046656,173,30,90,5,20250815_211632
1755260136.8593397,7652565,1959056640,1959.05664,177,29,90,5,20250815_211632
1755260136.8693235,7652604,1959066624,1959.066624,180,30,90,5,20250815_211632
1755260136.8795636,7652644,1959076864,1959.076864,183,30,90,5,20250815_211632
1755260136.8895476,7652683,1959086848,1959.086848,186,31,93,5,20250815_211632
1755260136.8995316,7652722,1959096832,1959.096832,189,31,91,5,20250815_211632
1755260136.9095156,7652761,1959106816,1959.106816,193,32,91,5,20250815_211632
1755260136.9194996,7652800,1959116800,1959.1168,196,31,92,5,20250815_211632
1755260136.9294837,7652839,1959126784,1959.126784,199,32,92,5,20250815_211632
1755260136.9394677,7652878,1959136768,1959.136768,202,32,92,5,20250815_211632
1755260136.9494517,7652917,1959146752,1959.146752,205,33,92,5,20250815_211632
1755260136.9594357,7652956,1959156736,1959.156736,208,32,92,5,20250815_211632
1755260136.9694197,7652995,1959166720,1959.16672,212,33,92,5,20250815_211632
1755260136.9794035,7653034,1959176704,1959.176704,215,32,93,5,20250815_211632
1755260136.9893875,7653073,1959186688,1959.186688,218,33,93,5,20250815_211632
1755260136.9993715,7653112,1959196672,1959.196672,221,33,94,5,20250815_211632
1755260137.0096116,7653152,1959206912,1959.206912,224,34,93,5,20250815_211632
1755260137.0195956,7653191,1959216896,1959.216896,228,33,93,5,20250815_211632
1755260137.0295796,7653230,1959226880,1959.22688,231,35,93,5,20250815_211632
1755260137.0395637,7653269,1959236864,1959.236864,234,33,93,5,20250815_211632
1755260137.0495477,7653308,1959246848,1959.246848,237,35,96,5,20250815_211632
1755260137.0595317,7653347,1959256832,1959.256832,240,33,94,5,20250815_211632
1755260137.0695157,7653386,1959266816,1959.266816,243,34,94,5,20250815_211632
1755260137.0794995,7653425,1959276800,1959.2768,247,34,94,5,20250815_211632
1755260137.0894835,7653464,1959286784,1959.286784,250,35,94,5,20250815_211632
1755260137.0994675,7653503,1959296768,1959.296768,1,34,95,5,20250815_211632
1755260137.1094515,7653542,1959306752,1959.306752,5,35,95,5,20250815_211632
1755260137.1194355,7653581,1959316736,1959.316736,8,34,95,5,20250815_211632
1755260137.1294196,7653620,1959326720,1959.32672,11,35,96,5,20250815_211632
1755260137.1396596,7653660,1959336960,1959.33696,14,34,96,5,20250815_211632
1755260137.1496437,7653699,1959346944,1959.346944,17,35,95,5,20250815_211632
1755260137.1596277,7653738,1959356928,1959.356928,20,34,94,5,20250815_211632
1755260137.1696117,7653777,1959366912,1959.366912,24,35,94,5,20250815_211632
1755260137.1795957,7653816,1959376896,1959.376896,27,34,91,5,20250815_211632
1755260137.1895795,7653855,1959386880,1959.38688,30,36,89,5,20250815_211632
1755260137.1995635,7653894,1959396864,1959.396864,33,35,84,5,20250815_211632
1755260137.2095475,7653933,1959406848,1959.406848,36,35,83,5,20250815_211632
1755260137.2195315,7653972,1959416832,1959.416832,40,34,80,5,20250815_211632
1755260137.2295156,7654011,1959426816,1959.426816,43,36,80,5,20250815_211632
1755260137.2394996,7654050,1959436800,1959.4368,46,35,80,5,20250815_211632
1755260137.2494836,7654089,1959446784,1959.446784,49,35,81,5,20250815_211632
1755260137.2594676,7654128,1959456768,1959.456768,52,34,81,5,20250815_211632
1755260137.2694516,7654167,1959466752,1959.466752,55,35,81,5,20250815_211632
1755260137.2794356,7654206,1959476736,1959.476736,59,34,81,5,20250815_211632
1755260137.2896757,7654246,1959486976,1959.486976,62,35,81,5,20250815_211632
1755260137.2996595,7654285,1959496960,1959.49696,65,34,81,5,20250815_211632
1755260137.3096435,7654324,1959506944,1959.506944,68,34,81,5,20250815_211632
1755260137.3196275,7654363,1959516928,1959.516928,71,33,82,5,20250815_211632
1755260137.3296115,7654402,1959526912,1959.526912,75,34,81,5,20250815_211632
1755260137.3395956,7654441,1959536896,1959.536896,78,33,82,5,20250815_211632
1755260137.3495796,7654480,1959546880,1959.54688,81,34,81,5,20250815_211632
1755260137.3595636,7654519,1959556864,1959.556864,84,31,82,5,20250815_211632
1755260137.3695476,7654558,1959566848,1959.566848,87,31,82,5,20250815_211632
1755260137.3795316,7654597,1959576832,1959.576832,91,30,82,5,20250815_211632
1755260137.3895156,7654636,1959586816,1959.586816,94,34,82,5,20250815_211632
1755260137.3994997,7654675,1959596800,1959.5968,97,28,81,5,20250815_211632
1755260137.4094837,7654714,1959606784,1959.606784,100,26,81,5,20250815_211632
1755260137.4194674,7654753,1959616768,1959.616768,103,25,81,5,20250815_211632
1755260137.4297075,7654793,1959627008,1959.627008,106,25,81,5,20250815_211632
1755260137.4396915,7654832,1959636992,1959.636992,110,24,81,5,20250815_211632
1755260137.4496756,7654871,1959646976,1959.646976,113,24,80,5,20250815_211632
1755260137.4596596,7654910,1959656960,1959.65696,116,24,80,5,20250815_211632
1755260137.4696436,7654949,1959666944,1959.666944,119,24,81,5,20250815_211632
1755260137.4796276,7654988,1959676928,1959.676928,122,23,81,5,20250815_211632
1755260137.4896116,7655027,1959686912,1959.686912,126,23,82,5,20250815_211632
1755260137.4995956,7655066,1959696896,1959.696896,129,22,83,5,20250815_211632
1755260137.5095797,7655105,1959706880,1959.70688,132,23,84,5,20250815_211632
1755260137.5195637,7655144,1959716864,1959.716864,135,23,84,5,20250815_211632
1755260137.5295477,7655183,1959726848,1959.726848,138,23,84,5,20250815_211632
1755260137.5395317,7655222,1959736832,1959.736832,142,24,86,5,20250815_211632
1755260137.5495155,7655261,1959746816,1959.746816,145,24,88,5,20250815_211632
1755260137.5594995,7655300,1959756800,1959.7568,148,24,90,5,20250815_211632
1755260137.5697396,7655340,1959767040,1959.76704,151,24,94,5,20250815_211632
1755260137.5797236,7655379,1959777024,1959.777024,154,24,98,5,20250815_211632
1755260137.5897076,7655418,1959787008,1959.787008,157,25,103,5,20250815_211632
1755260137.5996916,7655457,1959796992,1959.796992,161,26,111,5,20250815_211632
1755260137.6096756,7655496,1959806976,1959.806976,164,26,118,5,20250815_211632
1755260137.6196597,7655535,1959816960,1959.81696,167,26,125,5,20250815_211632
1755260137.6296437,7655574,1959826944,1959.826944,170,26,127,5,20250815_211632
1755260137.6396277,7655613,1959836928,1959.836928,173,25,130,5,20250815_211632
1755260137.6496117,7655652,1959846912,1959.846912,177,26,131,5,20250815_211632
1755260137.6595955,7655691,1959856896,1959.856896,180,26,131,5,20250815_211632
1755260137.6695795,7655730,1959866880,1959.86688,183,26,132,5,20250815_211632
1755260137.6795635,7655769,1959876864,1959.876864,186,25,134,5,20250815_211632
1755260137.6895475,7655808,1959886848,1959.886848,189,26,135,5,20250815_211632
1755260137.6995316,7655847,1959896832,1959.896832,193,26,136,5,20250815_211632
1755260137.7097716,7655887,1959907072,1959.907072,196,28,136,5,20250815_211632
1755260137.7197556,7655926,1959917056,1959.917056,199,28,137,5,20250815_211632
1755260137.7297397,7655965,1959927040,1959.92704,202,30,138,5,20250815_211632
1755260137.7397237,7656004,1959937024,1959.937024,205,29,138,5,20250815_211632
1755260137.7497077,7656043,1959947008,1959.947008,208,27,138,5,20250815_211632
1755260137.7596917,7656082,1959956992,1959.956992,212,27,139,5,20250815_211632
1755260137.7696755,7656121,1959966976,1959.966976,215,28,139,5,20250815_211632
1755260137.7796595,7656160,1959976960,1959.97696,218,29,140,5,20250815_211632
1755260137.7896435,7656199,1959986944,1959.986944,221,29,140,5,20250815_211632
1755260137.7996275,7656238,1959996928,1959.996928,224,29,140,5,20250815_211632
1755260137.8096116,7656277,1960006912,1960.006912,228,31,140,5,20250815_211632
1755260137.8195956,7656316,1960016896,1960.016896,231,31,140,5,20250815_211632
1755260137.8295796,7656355,1960026880,1960.02688,234,31,141,5,20250815_211632
1755260137.8395636,7656394,1960036864,1960.036864,237,31,141,5,20250815_211632
1755260137.8500595,7656435,1960047360,1960.04736,240,28,140,5,20250815_211632
1755260137.8600435,7656474,1960057344,1960.057344,244,29,140,5,20250815_211632
1755260137.8700275,7656513,1960067328,1960.067328,247,30,140,5,20250815_211632
1755260137.8800116,7656552,1960077312,1960.077312,250,30,139,5,20250815_211632
1755260137.8899956,7656591,1960087296,1960.087296,253,31,140,5,20250815_211632
1755260137.8999796,7656630,1960097280,1960.09728,1,30,140,5,20250815_211632
1755260137.9099636,7656669,1960107264,1960.107264,5,30,140,5,20250815_211632
1755260137.9199476,7656708,1960117248,1960.117248,8,29,140,5,20250815_211632
1755260137.9299316,7656747,1960127232,1960.127232,11,29,140,5,20250815_211632
1755260137.9399157,7656786,1960137216,1960.137216,14,30,139,5,20250815_211632
1755260137.9498997,7656825,1960147200,1960.1472,17,30,138,5,20250815_211632
1755260137.9598837,7656864,1960157184,1960.157184,20,29,137,5,20250815_211632
1755260137.9698677,7656903,1960167168,1960.167168,24,29,136,5,20250815_211632
1755260137.9801075,7656943,1960177408,1960.177408,27,29,134,5,20250815_211632
1755260137.9900916,7656982,1960187392,1960.187392,30,29,133,5,20250815_211632
1755260138.0000756,7657021,1960197376,1960.197376,33,31,133,5,20250815_211632
1755260138.0100596,7657060,1960207360,1960.20736,36,31,127,5,20250815_211632
1755260138.0200436,7657099,1960217344,1960.217344,40,30,125,5,20250815_211632
1755260138.0300276,7657138,1960227328,1960.227328,43,29,118,5,20250815_211632
1755260138.0400116,7657177,1960237312,1960.237312,46,29,113,5,20250815_211632
1755260138.0499957,7657216,1960247296,1960.247296,49,30,107,5,20250815_211632
1755260138.0599797,7657255,1960257280,1960.25728,52,29,102,5,20250815_211632
1755260138.0699637,7657294,1960267264,1960.267264,56,30,98,5,20250815_211632
1755260138.0799477,7657333,1960277248,1960.277248,59,29,93,5,20250815_211632
1755260138.0899315,7657372,1960287232,1960.287232,62,29,90,5,20250815_211632
1755260138.0999155,7657411,1960297216,1960.297216,65,29,87,5,20250815_211632
1755260138.1098995,7657450,1960307200,1960.3072,68,29,85,5,20250815_211632
1755260138.1201396,7657490,1960317440,1960.31744,71,29,83,5,20250815_211632
1755260138.1301236,7657529,1960327424,1960.327424,75,30,83,5,20250815_211632
1755260138.1401076,7657568,1960337408,1960.337408,78,28,81,5,20250815_211632
1755260138.1500916,7657607,1960347392,1960.347392,81,30,79,5,20250815_211632
1755260138.1600757,7657646,1960357376,1960.357376,84,29,79,5,20250815_211632
1755260138.1700597,7657685,1960367360,1960.36736,87,30,79,5,20250815_211632
1755260138.1800437,7657724,1960377344,1960.377344,91,29,80,5,20250815_211632
1755260138.1900277,7657763,1960387328,1960.387328,94,29,80,5,20250815_211632
1755260138.2000115,7657802,1960397312,1960.397312,97,27,80,5,20250815_211632
1755260138.2099955,7657841,1960407296,1960.407296,100,28,79,5,20250815_211632
1755260138.2199795,7657880,1960417280,1960.41728,103,27,79,5,20250815_211632
1755260138.2299635,7657919,1960427264,1960.427264,106,27,79,5,20250815_211632
1755260138.2399476,7657958,1960437248,1960.437248,110,27,79,5,20250815_211632
1755260138.2499316,7657997,1960447232,1960.447232,113,27,79,5,20250815_211632
1755260138.2599156,7658036,1960457216,1960.457216,116,26,80,5,20250815_211632
1755260138.2701557,7658076,1960467456,1960.467456,119,27,80,5,20250815_211632
1755260138.2801397,7658115,1960477440,1960.47744,122,26,79,5,20250815_211632
1755260138.2901237,7658154,1960487424,1960.487424,126,26,80,5,20250815_211632
1755260138.3001077,7658193,1960497408,1960.497408,129,26,80,5,20250815_211632
1755260138.3100915,7658232,1960507392,1960.507392,132,26,79,5,20250815_211632
1755260138.3200755,7658271,1960517376,1960.517376,135,25,80,5,20250815_211632
1755260138.3300595,7658310,1960527360,1960.52736,138,26,80,5,20250815_211632
1755260138.3400435,7658349,1960537344,1960.537344,142,25,81,5,20250815_211632
1755260138.3500276,7658388,1960547328,1960.547328,145,26,81,5,20250815_211632
1755260138.3600116,7658427,1960557312,1960.557312,148,26,82,5,20250815_211632
1755260138.3699956,7658466,1960567296,1960.567296,151,26,82,5,20250815_211632
1755260138.3799796,7658505,1960577280,1960.57728,154,26,83,5,20250815_211632
1755260138.3899636,7658544,1960587264,1960.587264,157,27,84,5,20250815_211632
1755260138.3999476,7658583,1960597248,1960.597248,161,26,85,5,20250815_211632
1755260138.4101875,7658623,1960607488,1960.607488,164,28,86,5,20250815_211632
1755260138.4201715,7658662,1960617472,1960.617472,167,29,89,5,20250815_211632
1755260138.4301555,7658701,1960627456,1960.627456,170,29,91,5,20250815_211632
1755260138.4401395,7658740,1960637440,1960.63744,173,28,97,5,20250815_211632
1755260138.4501235,7658779,1960647424,1960.647424,177,29,105,5,20250815_211632
1755260138.4601076,7658818,1960657408,1960.657408,180,29,115,5,20250815_211632
1755260138.4700916,7658857,1960667392,1960.667392,183,30,125,5,20250815_211632
1755260138.4800756,7658896,1960677376,1960.677376,186,30,130,5,20250815_211632
1755260138.4900596,7658935,1960687360,1960.68736,189,30,132,5,20250815_211632
1755260138.5000436,7658974,1960697344,1960.697344,193,30,131,5,20250815_211632
1755260138.5100276,7659013,1960707328,1960.707328,196,30,131,5,20250815_211632
1755260138.5200117,7659052,1960717312,1960.717312,199,30,133,5,20250815_211632
1755260138.5299957,7659091,1960727296,1960.727296,202,30,135,5,20250815_211632
1755260138.5399797,7659130,1960737280,1960.73728,205,30,138,5,20250815_211632
1755260138.5502195,7659170,1960747520,1960.74752,208,30,139,5,20250815_211632
1755260138.5602036,7659209,1960757504,1960.757504,212,30,140,5,20250815_211632
1755260138.5701876,7659248,1960767488,1960.767488,215,31,140,5,20250815_211632
1755260138.5801716,7659287,1960777472,1960.777472,218,31,141,5,20250815_211632
1755260138.5901556,7659326,1960787456,1960.787456,221,31,140,5,20250815_211632
1755260138.6001396,7659365,1960797440,1960.79744,224,31,142,5,20250815_211632
1755260138.6101236,7659404,1960807424,1960.807424,228,31,142,5,20250815_211632
1755260138.6201077,7659443,1960817408,1960.817408,231,31,143,5,20250815_211632
1755260138.6300917,7659482,1960827392,1960.827392,234,32,143,5,20250815_211632
1755260138.6400757,7659521,1960837376,1960.837376,237,31,143,5,20250815_211632
1755260138.6500597,7659560,1960847360,1960.84736,240,33,143,5,20250815_211632
1755260138.6600437,7659599,1960857344,1960.857344,244,33,143,5,20250815_211632
1755260138.6700275,7659638,1960867328,1960.867328,247,34,143,5,20250815_211632
1755260138.6800115,7659677,1960877312,1960.877312,250,33,143,5,20250815_211632
1755260138.6902516,7659717,1960887552,1960.887552,253,34,142,5,20250815_211632
1755260138.7002356,7659756,1960897536,1960.897536,1,34,143,5,20250815_211632
1755260138.7102196,7659795,1960907520,1960.90752,4,34,144,5,20250815_211632
1755260138.7202036,7659834,1960917504,1960.917504,8,34,145,5,20250815_211632
1755260138.7301877,7659873,1960927488,1960.927488,11,34,145,5,20250815_211632
1755260138.7401717,7659912,1960937472,1960.937472,14,34,143,5,20250815_211632
1755260138.7501554,7659951,1960947456,1960.947456,17,34,142,5,20250815_211632
1755260138.7601397,7659990,1960957440,1960.95744,20,33,140,5,20250815_211632
1755260138.7701235,7660029,1960967424,1960.967424,24,34,138,5,20250815_211632
1755260138.7801075,7660068,1960977408,1960.977408,27,34,136,5,20250815_211632
1755260138.7900915,7660107,1960987392,1960.987392,30,35,136,5,20250815_211632
1755260138.8000755,7660146,1960997376,1960.997376,33,35,132,5,20250815_211632
1755260138.8100595,7660185,1961007360,1961.00736,36,35,127,5,20250815_211632
1755260138.8200436,7660224,1961017344,1961.017344,39,35,123,5,20250815_211632
1755260138.8300276,7660263,1961027328,1961.027328,43,35,116,5,20250815_211632
1755260138.8402677,7660303,1961037568,1961.037568,46,35,109,5,20250815_211632
1755260138.8502517,7660342,1961047552,1961.047552,49,35,103,5,20250815_211632
1755260138.8602357,7660381,1961057536,1961.057536,52,35,98,5,20250815_211632
1755260138.8702197,7660420,1961067520,1961.06752,55,35,93,5,20250815_211632
1755260138.8802035,7660459,1961077504,1961.077504,59,35,89,5,20250815_211632
1755260138.8901875,7660498,1961087488,1961.087488,62,35,87,5,20250815_211632
1755260138.9001715,7660537,1961097472,1961.097472,65,35,84,5,20250815_211632
1755260138.9101555,7660576,1961107456,1961.107456,68,35,81,5,20250815_211632
1755260138.9201396,7660615,1961117440,1961.11744,71,34,81,5,20250815_211632
1755260138.9301236,7660654,1961127424,1961.127424,75,35,80,5,20250815_211632
1755260138.9401076,7660693,1961137408,1961.137408,78,34,79,5,20250815_211632
1755260138.9500916,7660732,1961147392,1961.147392,81,35,79,5,20250815_211632
1755260138.9600756,7660771,1961157376,1961.157376,84,34,79,5,20250815_211632
1755260138.9700596,7660810,1961167360,1961.16736,87,34,80,5,20250815_211632
1755260138.9802997,7660850,1961177600,1961.1776,90,34,79,5,20250815_211632
1755260138.9902835,7660889,1961187584,1961.187584,94,34,79,5,20250815_211632
1755260139.0002675,7660928,1961197568,1961.197568,97,34,79,5,20250815_211632
1755260139.0102515,7660967,1961207552,1961.207552,100,33,80,5,20250815_211632
1755260139.0202355,7661006,1961217536,1961.217536,103,33,80,5,20250815_211632
1755260139.0302196,7661045,1961227520,1961.22752,106,32,80,5,20250815_211632
1755260139.0402036,7661084,1961237504,1961.237504,110,32,79,5,20250815_211632
1755260139.0501876,7661123,1961247488,1961.247488,113,32,80,5,20250815_211632
1755260139.0601716,7661162,1961257472,1961.257472,116,33,80,5,20250815_211632
1755260139.0701556,7661201,1961267456,1961.267456,119,34,81,5,20250815_211632
1755260139.0801396,7661240,1961277440,1961.27744,122,34,80,5,20250815_211632
1755260139.0901237,7661279,1961287424,1961.287424,126,34,80,5,20250815_211632
1755260139.1001077,7661318,1961297408,1961.297408,129,35,80,5,20250815_211632
1755260139.1100914,7661357,1961307392,1961.307392,132,34,80,5,20250815_211632
1755260139.1203315,7661397,1961317632,1961.317632,135,33,80,5,20250815_211632
1755260139.1303155,7661436,1961327616,1961.327616,138,33,81,5,20250815_211632
1755260139.1402996,7661475,1961337600,1961.3376,141,32,81,5,20250815_211632
1755260139.1502836,7661514,1961347584,1961.347584,145,32,81,5,20250815_211632
1755260139.1602676,7661553,1961357568,1961.357568,148,32,82,5,20250815_211632
1755260139.1702516,7661592,1961367552,1961.367552,151,33,83,5,20250815_211632
1755260139.1802356,7661631,1961377536,1961.377536,154,33,84,5,20250815_211632
1755260139.1902196,7661670,1961387520,1961.38752,157,33,85,5,20250815_211632
1755260139.2002037,7661709,1961397504,1961.397504,161,34,87,5,20250815_211632
1755260139.2101877,7661748,1961407488,1961.407488,164,35,89,5,20250815_211632
1755260139.2201717,7661787,1961417472,1961.417472,167,35,93,5,20250815_211632
1755260139.2301557,7661826,1961427456,1961.427456,170,35,98,5,20250815_211632
1755260139.2401395,7661865,1961437440,1961.43744,173,36,106,5,20250815_211632
1755260139.2501235,7661904,1961447424,1961.447424,177,37,116,5,20250815_211632
1755260139.2601075,7661943,1961457408,1961.457408,180,36,125,5,20250815_211632
1755260139.2703476,7661983,1961467648,1961.467648,183,36,131,5,20250815_211632
1755260139.2803316,7662022,1961477632,1961.477632,186,36,133,5,20250815_211632
1755260139.2903156,7662061,1961487616,1961.487616,189,36,133,5,20250815_211632
1755260139.3002996,7662100,1961497600,1961.4976,192,36,134,5,20250815_211632
1755260139.3102837,7662139,1961507584,1961.507584,196,36,136,5,20250815_211632
1755260139.3202677,7662178,1961517568,1961.517568,199,36,137,5,20250815_211632
1755260139.3302517,7662217,1961527552,1961.527552,202,37,138,5,20250815_211632
1755260139.3402357,7662256,1961537536,1961.537536,205,37,139,5,20250815_211632
1755260139.3502195,7662295,1961547520,1961.54752,208,37,139,5,20250815_211632
1755260139.3602035,7662334,1961557504,1961.557504,212,37,140,5,20250815_211632
1755260139.3701875,7662373,1961567488,1961.567488,215,39,141,5,20250815_211632
1755260139.3801715,7662412,1961577472,1961.577472,218,39,141,5,20250815_211632
1755260139.3901556,7662451,1961587456,1961.587456,221,40,142,5,20250815_211632
1755260139.4001396,7662490,1961597440,1961.59744,224,40,142,5,20250815_211632
1755260139.4103796,7662530,1961607680,1961.60768,227,41,142,5,20250815_211632
1755260139.4203637,7662569,1961617664,1961.617664,231,41,143,5,20250815_211632
1755260139.4303477,7662608,1961627648,1961.627648,234,42,143,5,20250815_211632
1755260139.4403317,7662647,1961637632,1961.637632,237,43,143,5,20250815_211632
1755260139.4503157,7662686,1961647616,1961.647616,240,44,142,5,20250815_211632
1755260139.4602995,7662725,1961657600,1961.6576,243,44,142,5,20250815_211632
1755260139.4702835,7662764,1961667584,1961.667584,247,44,142,5,20250815_211632
1755260139.4802675,7662803,1961677568,1961.677568,250,43,142,5,20250815_211632
1755260139.4902515,7662842,1961687552,1961.687552,253,42,140,5,20250815_211632
1755260139.5002356,7662881,1961697536,1961.697536,1,41,141,5,20250815_211632
1755260139.5102196,7662920,1961707520,1961.70752,4,41,140,5,20250815_211632
1755260139.5202036,7662959,1961717504,1961.717504,8,41,139,5,20250815_211632
1755260139.5301876,7662998,1961727488,1961.727488,11,41,140,5,20250815_211632
1755260139.5401716,7663037,1961737472,1961.737472,14,41,139,5,20250815_211632
1755260139.5501556,7663076,1961747456,1961.747456,17,42,138,5,20250815_211632
1755260139.5603957,7663116,1961757696,1961.757696,20,41,137,5,20250815_211632
1755260139.5703795,7663155,1961767680,1961.76768,23,42,136,5,20250815_211632
1755260139.5803635,7663194,1961777664,1961.777664,27,41,132,5,20250815_211632
1755260139.5903475,7663233,1961787648,1961.787648,30,42,130,5,20250815_211632
1755260139.6003315,7663272,1961797632,1961.797632,33,42,127,5,20250815_211632
1755260139.6103156,7663311,1961807616,1961.807616,36,42,124,5,20250815_211632
1755260139.6202996,7663350,1961817600,1961.8176,39,43,119,5,20250815_211632
1755260139.6302836,7663389,1961827584,1961.827584,43,43,112,5,20250815_211632
1755260139.6402676,7663428,1961837568,1961.837568,46,44,107,5,20250815_211632
1755260139.6502516,7663467,1961847552,1961.847552,49,45,102,5,20250815_211632
1755260139.6602356,7663506,1961857536,1961.857536,52,45,98,5,20250815_211632
1755260139.6702197,7663545,1961867520,1961.86752,55,45,93,5,20250815_211632
1755260139.6802037,7663584,1961877504,1961.877504,59,45,90,5,20250815_211632
1755260139.6901877,7663623,1961887488,1961.887488,62,46,88,5,20250815_211632
1755260139.7004275,7663663,1961897728,1961.897728,65,46,85,5,20250815_211632
1755260139.7104115,7663702,1961907712,1961.907712,68,45,83,5,20250815_211632
1755260139.7203956,7663741,1961917696,1961.917696,71,45,81,5,20250815_211632
1755260139.7303796,7663780,1961927680,1961.92768,74,46,80,5,20250815_211632
1755260139.7403636,7663819,1961937664,1961.937664,78,47,80,5,20250815_211632
1755260139.7503476,7663858,1961947648,1961.947648,81,47,78,5,20250815_211632
1755260139.7603316,7663897,1961957632,1961.957632,84,47,78,5,20250815_211632
1755260139.7703156,7663936,1961967616,1961.967616,87,46,80,5,20250815_211632
1755260139.7802997,7663975,1961977600,1961.9776,90,46,80,5,20250815_211632
1755260139.7902837,7664014,1961987584,1961.987584,94,44,80,5,20250815_211632
1755260139.8002677,7664053,1961997568,1961.997568,97,43,80,5,20250815_211632
1755260139.8102517,7664092,1962007552,1962.007552,100,42,80,5,20250815_211632
1755260139.8202355,7664131,1962017536,1962.017536,103,42,79,5,20250815_211632
1755260139.8302195,7664170,1962027520,1962.02752,106,41,80,5,20250815_211632
1755260139.8402035,7664209,1962037504,1962.037504,110,41,80,5,20250815_211632
1755260139.8504436,7664249,1962047744,1962.047744,113,41,80,5,20250815_211632
1755260139.8604276,7664288,1962057728,1962.057728,116,40,81,5,20250815_211632
1755260139.8704116,7664327,1962067712,1962.067712,119,39,80,5,20250815_211632
1755260139.8803957,7664366,1962077696,1962.077696,122,39,80,5,20250815_211632
1755260139.8903797,7664405,1962087680,1962.08768,125,40,81,5,20250815_211632
1755260139.9003637,7664444,1962097664,1962.097664,129,38,81,5,20250815_211632
1755260139.9103477,7664483,1962107648,1962.107648,132,38,80,5,20250815_211632
1755260139.9203317,7664522,1962117632,1962.117632,135,39,80,5,20250815_211632
1755260139.9303155,7664561,1962127616,1962.127616,138,39,81,5,20250815_211632
1755260139.9402995,7664600,1962137600,1962.1376,141,39,81,5,20250815_211632
1755260139.9502835,7664639,1962147584,1962.147584,145,39,82,5,20250815_211632
1755260139.9602675,7664678,1962157568,1962.157568,148,40,82,5,20250815_211632
1755260139.9702516,7664717,1962167552,1962.167552,151,40,83,5,20250815_211632
1755260139.9802356,7664756,1962177536,1962.177536,154,41,83,5,20250815_211632
1755260139.9902196,7664795,1962187520,1962.18752,157,41,84,5,20250815_211632
1755260140.0004597,7664835,1962197760,1962.19776,160,42,86,5,20250815_211632
1755260140.0104434,7664874,1962207744,1962.207744,164,44,88,5,20250815_211632
1755260140.0204277,7664913,1962217728,1962.217728,167,44,90,5,20250815_211632
1755260140.0304115,7664952,1962227712,1962.227712,170,44,93,5,20250815_211632
1755260140.0403955,7664991,1962237696,1962.237696,173,45,99,5,20250815_211632
1755260140.0503795,7665030,1962247680,1962.24768,176,45,107,5,20250815_211632
1755260140.0603635,7665069,1962257664,1962.257664,180,46,116,5,20250815_211632
1755260140.0703475,7665108,1962267648,1962.267648,183,46,127,5,20250815_211632
1755260140.0803316,7665147,1962277632,1962.277632,186,46,132,5,20250815_211632
1755260140.0903156,7665186,1962287616,1962.287616,189,46,133,5,20250815_211632
1755260140.1002996,7665225,1962297600,1962.2976,192,46,131,5,20250815_211632
1755260140.1102836,7665264,1962307584,1962.307584,196,45,132,5,20250815_211632
1755260140.1202676,7665303,1962317568,1962.317568,199,45,134,5,20250815_211632
1755260140.1302516,7665342,1962327552,1962.327552,202,45,136,5,20250815_211632
1755260140.1404915,7665382,1962337792,1962.337792,205,45,139,5,20250815_211632
1755260140.1504755,7665421,1962347776,1962.347776,208,45,142,5,20250815_211632
1755260140.1604595,7665460,1962357760,1962.35776,211,45,141,5,20250815_211632
1755260140.1704435,7665499,1962367744,1962.367744,215,46,141,5,20250815_211632
1755260140.1804276,7665538,1962377728,1962.377728,218,46,143,5,20250815_211632
1755260140.1904116,7665577,1962387712,1962.387712,221,46,143,5,20250815_211632
1755260140.2003956,7665616,1962397696,1962.397696,224,46,143,5,20250815_211632
1755260140.2103796,7665655,1962407680,1962.40768,227,46,144,5,20250815_211632
1755260140.2203636,7665694,1962417664,1962.417664,231,46,144,5,20250815_211632
1755260140.2303476,7665733,1962427648,1962.427648,234,47,145,5,20250815_211632
1755260140.2403316,7665772,1962437632,1962.437632,237,47,145,5,20250815_211632
1755260140.2503157,7665811,1962447616,1962.447616,240,47,144,5,20250815_211632
1755260140.2602997,7665850,1962457600,1962.4576,243,47,143,5,20250815_211632
1755260140.2702837,7665889,1962467584,1962.467584,247,48,143,5,20250815_211632
1755260140.2805235,7665929,1962477824,1962.477824,250,48,145,5,20250815_211632
1755260140.2905076,7665968,1962487808,1962.487808,253,49,142,5,20250815_211632
1755260140.3004916,7666007,1962497792,1962.497792,1,49,143,5,20250815_211632
1755260140.3104756,7666046,1962507776,1962.507776,4,49,142,5,20250815_211632
1755260140.3204596,7666085,1962517760,1962.51776,7,49,142,5,20250815_211632
1755260140.3304436,7666124,1962527744,1962.527744,11,49,140,5,20250815_211632
1755260140.3404276,7666163,1962537728,1962.537728,14,49,140,5,20250815_211632
1755260140.3504117,7666202,1962547712,1962.547712,17,49,137,5,20250815_211632
1755260140.3603957,7666241,1962557696,1962.557696,20,49,137,5,20250815_211632
1755260140.3703794,7666280,1962567680,1962.56768,23,50,133,5,20250815_211632
1755260140.3803637,7666319,1962577664,1962.577664,27,49,130,5,20250815_211632
1755260140.3903477,7666358,1962587648,1962.587648,30,49,127,5,20250815_211632
1755260140.4003315,7666397,1962597632,1962.597632,33,49,124,5,20250815_211632
1755260140.4103155,7666436,1962607616,1962.607616,36,50,118,5,20250815_211632
1755260140.4205556,7666476,1962617856,1962.617856,39,50,111,5,20250815_211632
1755260140.4305396,7666515,1962627840,1962.62784,43,50,105,5,20250815_211632
1755260140.4405236,7666554,1962637824,1962.637824,46,51,100,5,20250815_211632
1755260140.4505076,7666593,1962647808,1962.647808,49,50,96,5,20250815_211632
1755260140.4604917,7666632,1962657792,1962.657792,52,50,93,5,20250815_211632
1755260140.4704757,7666671,1962667776,1962.667776,55,51,89,5,20250815_211632
1755260140.4804597,7666710,1962677760,1962.67776,58,51,86,5,20250815_211632
1755260140.4904437,7666749,1962687744,1962.687744,62,51,84,5,20250815_211632
1755260140.5004275,7666788,1962697728,1962.697728,65,51,82,5,20250815_211632
1755260140.5104115,7666827,1962707712,1962.707712,68,52,81,5,20250815_211632
1755260140.5203955,7666866,1962717696,1962.717696,71,51,79,5,20250815_211632
1755260140.5303795,7666905,1962727680,1962.72768,74,51,78,5,20250815_211632
1755260140.5403636,7666944,1962737664,1962.737664,78,51,78,5,20250815_211632
1755260140.5503476,7666983,1962747648,1962.747648,81,51,78,5,20250815_211632
1755260140.5605876,7667023,1962757888,1962.757888,84,50,78,5,20250815_211632
1755260140.5705717,7667062,1962767872,1962.767872,87,49,79,5,20250815_211632
1755260140.5805557,7667101,1962777856,1962.777856,90,49,79,5,20250815_211632
1755260140.5905397,7667140,1962787840,1962.78784,93,48,80,5,20250815_211632
1755260140.6005237,7667179,1962797824,1962.797824,97,47,79,5,20250815_211632
1755260140.6105075,7667218,1962807808,1962.807808,100,46,79,5,20250815_211632
1755260140.6204915,7667257,1962817792,1962.817792,103,46,79,5,20250815_211632
1755260140.6304755,7667296,1962827776,1962.827776,106,45,80,5,20250815_211632
1755260140.6404595,7667335,1962837760,1962.83776,109,44,80,5,20250815_211632
1755260140.6504436,7667374,1962847744,1962.847744,113,44,80,5,20250815_211632
1755260140.6604276,7667413,1962857728,1962.857728,116,44,81,5,20250815_211632
1755260140.6704116,7667452,1962867712,1962.867712,119,44,80,5,20250815_211632
1755260140.6803956,7667491,1962877696,1962.877696,122,43,80,5,20250815_211632
1755260140.6903796,7667530,1962887680,1962.88768,125,43,80,5,20250815_211632
1755260140.7006197,7667570,1962897920,1962.89792,129,43,80,5,20250815_211632
1755260140.7106037,7667609,1962907904,1962.907904,132,43,80,5,20250815_211632
1755260140.7205875,7667648,1962917888,1962.917888,135,43,80,5,20250815_211632
1755260140.7305715,7667687,1962927872,1962.927872,138,44,82,5,20250815_211632
1755260140.7405555,7667726,1962937856,1962.937856,141,44,81,5,20250815_211632
1755260140.7505395,7667765,1962947840,1962.94784,144,45,82,5,20250815_211632
1755260140.7605236,7667804,1962957824,1962.957824,148,45,82,5,20250815_211632
1755260140.7705076,7667843,1962967808,1962.967808,151,46,83,5,20250815_211632
1755260140.7804916,7667882,1962977792,1962.977792,154,46,84,5,20250815_211632
1755260140.7904756,7667921,1962987776,1962.987776,157,46,85,5,20250815_211632
1755260140.8004596,7667960,1962997760,1962.99776,160,47,87,5,20250815_211632
1755260140.8104436,7667999,1963007744,1963.007744,164,47,89,5,20250815_211632
1755260140.8204277,7668038,1963017728,1963.017728,167,48,92,5,20250815_211632
1755260140.8304117,7668077,1963027712,1963.027712,170,49,96,5,20250815_211632
1755260140.8406515,7668117,1963037952,1963.037952,173,49,105,5,20250815_211632
1755260140.8506355,7668156,1963047936,1963.047936,176,49,113,5,20250815_211632
1755260140.8606195,7668195,1963057920,1963.05792,180,49,123,5,20250815_211632
1755260140.8706036,7668234,1963067904,1963.067904,183,50,130,5,20250815_211632
1755260140.8805876,7668273,1963077888,1963.077888,186,50,133,5,20250815_211632
1755260140.8905716,7668312,1963087872,1963.087872,189,50,133,5,20250815_211632
1755260140.9005556,7668351,1963097856,1963.097856,192,51,134,5,20250815_211632
1755260140.9105396,7668390,1963107840,1963.10784,195,51,135,5,20250815_211632
1755260140.9205236,7668429,1963117824,1963.117824,199,50,137,5,20250815_211632
1755260140.9305077,7668468,1963127808,1963.127808,202,51,140,5,20250815_211632
1755260140.9404917,7668507,1963137792,1963.137792,205,51,141,5,20250815_211632
1755260140.9504757,7668546,1963147776,1963.147776,208,52,141,5,20250815_211632
1755260140.9604597,7668585,1963157760,1963.15776,211,52,141,5,20250815_211632
1755260140.9704435,7668624,1963167744,1963.167744,215,52,142,5,20250815_211632
1755260140.9804275,7668663,1963177728,1963.177728,218,53,143,5,20250815_211632
1755260140.9906676,7668703,1963187968,1963.187968,221,53,143,5,20250815_211632
1755260141.0006516,7668742,1963197952,1963.197952,224,53,143,5,20250815_211632
1755260141.0106356,7668781,1963207936,1963.207936,227,54,144,5,20250815_211632
1755260141.0206196,7668820,1963217920,1963.21792,231,53,144,5,20250815_211632
1755260141.0306036,7668859,1963227904,1963.227904,234,54,144,5,20250815_211632
1755260141.0405877,7668898,1963237888,1963.237888,237,54,144,5,20250815_211632
1755260141.0505717,7668937,1963247872,1963.247872,240,54,144,5,20250815_211632
1755260141.0605557,7668976,1963257856,1963.257856,243,54,144,5,20250815_211632
1755260141.0705397,7669015,1963267840,1963.26784,246,54,145,5,20250815_211632
1755260141.0805235,7669054,1963277824,1963.277824,250,55,145,5,20250815_211632
1755260141.0905075,7669093,1963287808,1963.287808,253,55,144,5,20250815_211632
1755260141.1004915,7669132,1963297792,1963.297792,1,55,144,5,20250815_211632
1755260141.1104755,7669171,1963307776,1963.307776,4,56,143,5,20250815_211632
1755260141.1207156,7669211,1963318016,1963.318016,7,55,142,5,20250815_211632
1755260141.1306996,7669250,1963328000,1963.328,11,57,140,5,20250815_211632
1755260141.1406837,7669289,1963337984,1963.337984,14,56,141,5,20250815_211632
1755260141.1506677,7669328,1963347968,1963.347968,17,57,139,5,20250815_211632
1755260141.1606517,7669367,1963357952,1963.357952,20,57,136,5,20250815_211632
1755260141.1706357,7669406,1963367936,1963.367936,23,57,133,5,20250815_211632
1755260141.1806197,7669445,1963377920,1963.37792,27,57,130,5,20250815_211632
1755260141.1906035,7669484,1963387904,1963.387904,30,58,127,5,20250815_211632
1755260141.2005875,7669523,1963397888,1963.397888,33,58,124,5,20250815_211632
1755260141.2105715,7669562,1963407872,1963.407872,36,59,118,5,20250815_211632
1755260141.2205555,7669601,1963417856,1963.417856,39,58,112,5,20250815_211632
1755260141.2305396,7669640,1963427840,1963.42784,42,59,106,5,20250815_211632
1755260141.2405236,7669679,1963437824,1963.437824,46,58,101,5,20250815_211632
1755260141.2505076,7669718,1963447808,1963.447808,49,58,96,5,20250815_211632
1755260141.2607477,7669758,1963458048,1963.458048,52,58,92,5,20250815_211632
1755260141.2707314,7669797,1963468032,1963.468032,55,58,89,5,20250815_211632
1755260141.2807157,7669836,1963478016,1963.478016,58,57,86,5,20250815_211632
1755260141.2906995,7669875,1963488000,1963.488,62,58,85,5,20250815_211632
1755260141.3006835,7669914,1963497984,1963.497984,65,57,82,5,20250815_211632
1755260141.3106675,7669953,1963507968,1963.507968,68,58,81,5,20250815_211632
1755260141.3206515,7669992,1963517952,1963.517952,71,57,79,5,20250815_211632
1755260141.3306355,7670031,1963527936,1963.527936,74,58,78,5,20250815_211632
1755260141.3406196,7670070,1963537920,1963.53792,77,59,78,5,20250815_211632
1755260141.3506036,7670109,1963547904,1963.547904,81,58,78,5,20250815_211632
1755260141.3605876,7670148,1963557888,1963.557888,84,57,78,5,20250815_211632
1755260141.3705716,7670187,1963567872,1963.567872,87,57,78,5,20250815_211632
1755260141.3805556,7670226,1963577856,1963.577856,90,55,79,5,20250815_211632
1755260141.3905396,7670265,1963587840,1963.58784,93,54,93,5,20250815_211632
1755260141.4005237,7670304,1963597824,1963.597824,97,53,79,5,20250815_211632
1755260141.4107635,7670344,1963608064,1963.608064,100,53,79,5,20250815_211632
1755260141.4207475,7670383,1963618048,1963.618048,103,52,79,5,20250815_211632
1755260141.4307315,7670422,1963628032,1963.628032,106,52,78,5,20250815_211632
1755260141.4407156,7670461,1963638016,1963.638016,109,50,79,5,20250815_211632
1755260141.4506996,7670500,1963648000,1963.648,113,50,79,5,20250815_211632
1755260141.4606836,7670539,1963657984,1963.657984,116,49,79,5,20250815_211632
1755260141.4706676,7670578,1963667968,1963.667968,119,49,80,5,20250815_211632
1755260141.4806516,7670617,1963677952,1963.677952,122,48,79,5,20250815_211632
1755260141.4906356,7670656,1963687936,1963.687936,125,49,80,5,20250815_211632
1755260141.5006196,7670695,1963697920,1963.69792,128,48,80,5,20250815_211632
1755260141.5106037,7670734,1963707904,1963.707904,132,48,80,5,20250815_211632
1755260141.5205877,7670773,1963717888,1963.717888,135,49,80,5,20250815_211632
1755260141.5305717,7670812,1963727872,1963.727872,138,49,81,5,20250815_211632
1755260141.5408115,7670852,1963738112,1963.738112,141,49,81,5,20250815_211632
1755260141.5507956,7670891,1963748096,1963.748096,144,50,82,5,20250815_211632
1755260141.5607796,7670930,1963758080,1963.75808,148,50,82,5,20250815_211632
1755260141.5707636,7670969,1963768064,1963.768064,151,51,83,5,20250815_211632
1755260141.5807476,7671008,1963778048,1963.778048,154,50,84,5,20250815_211632
1755260141.5907316,7671047,1963788032,1963.788032,157,51,86,5,20250815_211632
1755260141.6009717,7671087,1963798272,1963.798272,160,51,87,5,20250815_211632
1755260141.6109557,7671126,1963808256,1963.808256,164,52,89,5,20250815_211632
1755260141.6209395,7671165,1963818240,1963.81824,167,52,93,5,20250815_211632
1755260141.6309235,7671204,1963828224,1963.828224,170,52,98,5,20250815_211632
1755260141.6409075,7671243,1963838208,1963.838208,173,53,107,5,20250815_211632
1755260141.6508915,7671282,1963848192,1963.848192,176,53,116,5,20250815_211632
1755260141.6611316,7671322,1963858432,1963.858432,180,52,125,5,20250815_211632
1755260141.6711156,7671361,1963868416,1963.868416,183,53,133,5,20250815_211632
1755260141.6810997,7671400,1963878400,1963.8784,186,53,135,5,20250815_211632
1755260141.6910837,7671439,1963888384,1963.888384,189,53,134,5,20250815_211632
1755260141.7010674,7671478,1963898368,1963.898368,192,53,135,5,20250815_211632
1755260141.7110517,7671517,1963908352,1963.908352,196,53,138,5,20250815_211632
1755260141.7210357,7671556,1963918336,1963.918336,199,52,140,5,20250815_211632
1755260141.7310195,7671595,1963928320,1963.92832,202,53,141,5,20250815_211632
1755260141.7412596,7671635,1963938560,1963.93856,205,52,141,5,20250815_211632
1755260141.7512436,7671674,1963948544,1963.948544,208,52,142,5,20250815_211632
1755260141.7612276,7671713,1963958528,1963.958528,211,52,142,5,20250815_211632
1755260141.7712116,7671752,1963968512,1963.968512,215,53,143,5,20250815_211632
1755260141.7811956,7671791,1963978496,1963.978496,218,53,143,5,20250815_211632
1755260141.7911797,7671830,1963988480,1963.98848,221,53,144,5,20250815_211632
1755260141.8011637,7671869,1963998464,1963.998464,224,53,143,5,20250815_211632
1755260141.8114035,7671909,1964008704,1964.008704,227,53,144,5,20250815_211632
1755260141.8213875,7671948,1964018688,1964.018688,231,53,144,5,20250815_211632
1755260141.8313715,7671987,1964028672,1964.028672,234,52,145,5,20250815_211632
1755260141.8413556,7672026,1964038656,1964.038656,237,51,145,5,20250815_211632
1755260141.8513396,7672065,1964048640,1964.04864,240,52,144,5,20250815_211632
1755260141.8613236,7672104,1964058624,1964.058624,243,51,144,5,20250815_211632
1755260141.8715637,7672144,1964068864,1964.068864,247,52,145,5,20250815_211632
1755260141.8815477,7672183,1964078848,1964.078848,250,52,145,5,20250815_211632
1755260141.8915317,7672222,1964088832,1964.088832,253,53,145,5,20250815_211632
1755260141.9015155,7672261,1964098816,1964.098816,1,52,145,5,20250815_211632
1755260141.9114995,7672300,1964108800,1964.1088,4,54,143,5,20250815_211632
1755260141.9214835,7672339,1964118784,1964.118784,8,53,142,5,20250815_211632
1755260141.9314675,7672378,1964128768,1964.128768,11,53,140,5,20250815_211632
1755260141.9417076,7672418,1964139008,1964.139008,14,53,139,5,20250815_211632
1755260141.9516916,7672457,1964148992,1964.148992,17,54,137,5,20250815_211632
1755260141.9616756,7672496,1964158976,1964.158976,20,53,135,5,20250815_211632
1755260141.9716597,7672535,1964168960,1964.16896,24,53,132,5,20250815_211632
1755260141.9816437,7672574,1964178944,1964.178944,27,53,128,5,20250815_211632
1755260141.9916277,7672613,1964188928,1964.188928,30,54,127,5,20250815_211632
1755260142.0016117,7672652,1964198912,1964.198912,33,52,123,5,20250815_211632
1755260142.0115955,7672691,1964208896,1964.208896,36,53,118,5,20250815_211632
1755260142.0218356,7672731,1964219136,1964.219136,39,52,111,5,20250815_211632
1755260142.0318196,7672770,1964229120,1964.22912,43,52,106,5,20250815_211632
1755260142.0418036,7672809,1964239104,1964.239104,46,52,101,5,20250815_211632
1755260142.0517876,7672848,1964249088,1964.249088,49,52,97,5,20250815_211632
1755260142.0617716,7672887,1964259072,1964.259072,52,52,92,5,20250815_211632
1755260142.0717556,7672926,1964269056,1964.269056,55,53,89,5,20250815_211632
1755260142.0817397,7672965,1964279040,1964.27904,59,53,86,5,20250815_211632
1755260142.0917237,7673004,1964289024,1964.289024,62,53,84,5,20250815_211632
1755260142.1017077,7673043,1964299008,1964.299008,65,53,81,5,20250815_211632
1755260142.1116917,7673082,1964308992,1964.308992,68,54,81,5,20250815_211632
1755260142.1216755,7673121,1964318976,1964.318976,71,53,79,5,20250815_211632
1755260142.1316595,7673160,1964328960,1964.32896,75,54,78,5,20250815_211632
1755260142.1416435,7673199,1964338944,1964.338944,78,53,78,5,20250815_211632
1755260142.1518836,7673239,1964349184,1964.349184,81,53,78,5,20250815_211632
1755260142.1618676,7673278,1964359168,1964.359168,84,52,78,5,20250815_211632
1755260142.1718516,7673317,1964369152,1964.369152,87,52,79,5,20250815_211632
1755260142.1818357,7673356,1964379136,1964.379136,90,50,78,5,20250815_211632
1755260142.1918197,7673395,1964389120,1964.38912,94,49,78,5,20250815_211632
1755260142.2018037,7673434,1964399104,1964.399104,97,49,78,5,20250815_211632
1755260142.2117877,7673473,1964409088,1964.409088,100,48,78,5,20250815_211632
1755260142.2217717,7673512,1964419072,1964.419072,103,47,79,5,20250815_211632
1755260142.2317555,7673551,1964429056,1964.429056,106,47,79,5,20250815_211632
1755260142.2417395,7673590,1964439040,1964.43904,110,46,79,5,20250815_211632
1755260142.2517235,7673629,1964449024,1964.449024,113,46,79,5,20250815_211632
1755260142.2617075,7673668,1964459008,1964.459008,116,45,80,5,20250815_211632
1755260142.2716916,7673707,1964468992,1964.468992,119,45,79,5,20250815_211632
1755260142.2816756,7673746,1964478976,1964.478976,122,45,80,5,20250815_211632
1755260142.2919157,7673786,1964489216,1964.489216,126,45,79,5,20250815_211632
1755260142.3018997,7673825,1964499200,1964.4992,129,45,80,5,20250815_211632
1755260142.3118834,7673864,1964509184,1964.509184,132,46,80,5,20250815_211632
1755260142.3218677,7673903,1964519168,1964.519168,135,45,80,5,20250815_211632
1755260142.3318515,7673942,1964529152,1964.529152,138,46,80,5,20250815_211632
1755260142.3418355,7673981,1964539136,1964.539136,141,46,81,5,20250815_211632
1755260142.3518195,7674020,1964549120,1964.54912,145,46,81,5,20250815_211632
1755260142.3618035,7674059,1964559104,1964.559104,148,46,82,5,20250815_211632
1755260142.3717875,7674098,1964569088,1964.569088,151,47,83,5,20250815_211632
1755260142.3817716,7674137,1964579072,1964.579072,154,47,84,5,20250815_211632
1755260142.3917556,7674176,1964589056,1964.589056,157,48,86,5,20250815_211632
1755260142.4017396,7674215,1964599040,1964.59904,161,48,88,5,20250815_211632
1755260142.4117236,7674254,1964609024,1964.609024,164,49,90,5,20250815_211632
1755260142.4217076,7674293,1964619008,1964.619008,167,49,94,5,20250815_211632
1755260142.4316916,7674332,1964628992,1964.628992,170,50,100,5,20250815_211632
1755260142.4419315,7674372,1964639232,1964.639232,173,50,110,5,20250815_211632
1755260142.4519155,7674411,1964649216,1964.649216,177,50,119,5,20250815_211632
1755260142.4618995,7674450,1964659200,1964.6592,180,51,127,5,20250815_211632
1755260142.4718835,7674489,1964669184,1964.669184,183,51,134,5,20250815_211632
1755260142.4818676,7674528,1964679168,1964.679168,186,51,135,5,20250815_211632
1755260142.4918516,7674567,1964689152,1964.689152,189,51,134,5,20250815_211632
1755260142.5018356,7674606,1964699136,1964.699136,192,51,135,5,20250815_211632
1755260142.5118196,7674645,1964709120,1964.70912,196,52,138,5,20250815_211632
1755260142.5218036,7674684,1964719104,1964.719104,199,52,140,5,20250815_211632
1755260142.5317876,7674723,1964729088,1964.729088,202,52,141,5,20250815_211632
1755260142.5417717,7674762,1964739072,1964.739072,205,52,142,5,20250815_211632
1755260142.5517557,7674801,1964749056,1964.749056,208,52,142,5,20250815_211632
1755260142.5617397,7674840,1964759040,1964.75904,212,52,143,5,20250815_211632
1755260142.5717237,7674879,1964769024,1964.769024,215,53,143,5,20250815_211632
1755260142.5819635,7674919,1964779264,1964.779264,218,52,144,5,20250815_211632
1755260142.5919476,7674958,1964789248,1964.789248,221,53,144,5,20250815_211632
1755260142.6019316,7674997,1964799232,1964.799232,224,53,144,5,20250815_211632
1755260142.6119156,7675036,1964809216,1964.809216,227,53,145,5,20250815_211632
1755260142.6218996,7675075,1964819200,1964.8192,231,52,145,5,20250815_211632
1755260142.6318836,7675114,1964829184,1964.829184,234,53,145,5,20250815_211632
1755260142.6418676,7675153,1964839168,1964.839168,237,52,145,5,20250815_211632
1755260142.6518517,7675192,1964849152,1964.849152,240,53,145,5,20250815_211632
1755260142.6618357,7675231,1964859136,1964.859136,243,53,146,5,20250815_211632
1755260142.6718194,7675270,1964869120,1964.86912,247,53,146,5,20250815_211632
1755260142.6818037,7675309,1964879104,1964.879104,250,53,146,5,20250815_211632
1755260142.6917875,7675348,1964889088,1964.889088,253,54,146,5,20250815_211632
1755260142.7017715,7675387,1964899072,1964.899072,1,54,146,5,20250815_211632
1755260142.7117555,7675426,1964909056,1964.909056,4,55,144,5,20250815_211632
1755260142.7219956,7675466,1964919296,1964.919296,8,54,143,5,20250815_211632
1755260142.7319796,7675505,1964929280,1964.92928,11,54,142,5,20250815_211632
1755260142.7419636,7675544,1964939264,1964.939264,14,55,141,5,20250815_211632
1755260142.7519476,7675583,1964949248,1964.949248,17,55,138,5,20250815_211632
1755260142.7619317,7675622,1964959232,1964.959232,20,54,135,5,20250815_211632
1755260142.7719157,7675661,1964969216,1964.969216,23,55,133,5,20250815_211632
1755260142.7818997,7675700,1964979200,1964.9792,27,55,129,5,20250815_211632
1755260142.7918837,7675739,1964989184,1964.989184,30,55,127,5,20250815_211632
1755260142.8018675,7675778,1964999168,1964.999168,33,55,125,5,20250815_211632
1755260142.8118515,7675817,1965009152,1965.009152,36,55,118,5,20250815_211632
1755260142.8218355,7675856,1965019136,1965.019136,39,55,111,5,20250815_211632
1755260142.8318195,7675895,1965029120,1965.02912,43,55,105,5,20250815_211632
1755260142.8418036,7675934,1965039104,1965.039104,46,55,101,5,20250815_211632
1755260142.8520436,7675974,1965049344,1965.049344,49,55,96,5,20250815_211632
1755260142.8620276,7676013,1965059328,1965.059328,52,55,92,5,20250815_211632
1755260142.8720117,7676052,1965069312,1965.069312,55,56,89,5,20250815_211632
1755260142.8819957,7676091,1965079296,1965.079296,59,56,86,5,20250815_211632
1755260142.8919797,7676130,1965089280,1965.08928,62,56,84,5,20250815_211632
1755260142.9019637,7676169,1965099264,1965.099264,65,56,82,5,20250815_211632
1755260142.9119475,7676208,1965109248,1965.109248,68,57,81,5,20250815_211632
1755260142.9219315,7676247,1965119232,1965.119232,71,58,80,5,20250815_211632
1755260142.9319155,7676286,1965129216,1965.129216,74,57,78,5,20250815_211632
1755260142.9418995,7676325,1965139200,1965.1392,78,56,78,5,20250815_211632
1755260142.9518836,7676364,1965149184,1965.149184,81,56,78,5,20250815_211632
1755260142.9618676,7676403,1965159168,1965.159168,84,55,78,5,20250815_211632
1755260142.9718516,7676442,1965169152,1965.169152,87,55,79,5,20250815_211632
1755260142.9818356,7676481,1965179136,1965.179136,90,53,78,5,20250815_211632
1755260142.9920757,7676521,1965189376,1965.189376,94,53,79,5,20250815_211632
1755260143.0020597,7676560,1965199360,1965.19936,97,52,79,5,20250815_211632
1755260143.0120437,7676599,1965209344,1965.209344,100,51,79,5,20250815_211632
1755260143.0220275,7676638,1965219328,1965.219328,103,50,79,5,20250815_211632
1755260143.0320115,7676677,1965229312,1965.229312,106,49,79,5,20250815_211632
1755260143.0419955,7676716,1965239296,1965.239296,110,48,79,5,20250815_211632
1755260143.0519795,7676755,1965249280,1965.24928,113,48,79,5,20250815_211632
1755260143.0619636,7676794,1965259264,1965.259264,116,48,79,5,20250815_211632
1755260143.0719476,7676833,1965269248,1965.269248,119,48,79,5,20250815_211632
1755260143.0819316,7676872,1965279232,1965.279232,122,48,78,5,20250815_211632
1755260143.0919156,7676911,1965289216,1965.289216,125,47,79,5,20250815_211632
1755260143.1018996,7676950,1965299200,1965.2992,129,47,80,5,20250815_211632
1755260143.1118836,7676989,1965309184,1965.309184,132,48,80,5,20250815_211632
1755260143.1218677,7677028,1965319168,1965.319168,135,48,80,5,20250815_211632
1755260143.1321075,7677068,1965329408,1965.329408,138,48,80,5,20250815_211632
1755260143.1420915,7677107,1965339392,1965.339392,141,48,82,5,20250815_211632
1755260143.1520755,7677146,1965349376,1965.349376,145,49,81,5,20250815_211632
1755260143.1620595,7677185,1965359360,1965.35936,148,49,82,5,20250815_211632
1755260143.1720436,7677224,1965369344,1965.369344,151,49,82,5,20250815_211632
1755260143.1820276,7677263,1965379328,1965.379328,154,50,84,5,20250815_211632
1755260143.1920116,7677302,1965389312,1965.389312,157,51,85,5,20250815_211632
1755260143.2019956,7677341,1965399296,1965.399296,160,51,87,5,20250815_211632
1755260143.2119796,7677380,1965409280,1965.40928,164,52,89,5,20250815_211632
1755260143.2219636,7677419,1965419264,1965.419264,167,52,92,5,20250815_211632
1755260143.2319477,7677458,1965429248,1965.429248,170,53,98,5,20250815_211632
1755260143.2419317,7677497,1965439232,1965.439232,173,53,106,5,20250815_211632
1755260143.2519157,7677536,1965449216,1965.449216,176,55,116,5,20250815_211632
1755260143.2618997,7677575,1965459200,1965.4592,180,54,124,5,20250815_211632
1755260143.2718835,7677614,1965469184,1965.469184,183,54,132,5,20250815_211632
1755260143.2821236,7677654,1965479424,1965.479424,186,54,135,5,20250815_211632
1755260143.2921076,7677693,1965489408,1965.489408,189,54,134,5,20250815_211632
1755260143.3020916,7677732,1965499392,1965.499392,192,54,134,5,20250815_211632
1755260143.3120756,7677771,1965509376,1965.509376,196,55,136,5,20250815_211632
1755260143.3220596,7677810,1965519360,1965.51936,199,54,139,5,20250815_211632
1755260143.3320436,7677849,1965529344,1965.529344,202,55,141,5,20250815_211632
1755260143.3420277,7677888,1965539328,1965.539328,205,55,142,5,20250815_211632
1755260143.3520117,7677927,1965549312,1965.549312,208,55,142,5,20250815_211632
1755260143.3619957,7677966,1965559296,1965.559296,211,55,143,5,20250815_211632
1755260143.3719797,7678005,1965569280,1965.56928,215,56,143,5,20250815_211632
1755260143.3819635,7678044,1965579264,1965.579264,218,56,144,5,20250815_211632
1755260143.3919475,7678083,1965589248,1965.589248,221,57,144,5,20250815_211632
1755260143.4019315,7678122,1965599232,1965.599232,224,57,145,5,20250815_211632
1755260143.4119155,7678161,1965609216,1965.609216,227,57,144,5,20250815_211632
1755260143.4221556,7678201,1965619456,1965.619456,231,57,146,5,20250815_211632
1755260143.4321396,7678240,1965629440,1965.62944,234,57,145,5,20250815_211632
1755260143.4421237,7678279,1965639424,1965.639424,237,58,145,5,20250815_211632
1755260143.4521077,7678318,1965649408,1965.649408,240,58,145,5,20250815_211632
1755260143.4620917,7678357,1965659392,1965.659392,243,58,145,5,20250815_211632
1755260143.4720757,7678396,1965669376,1965.669376,247,58,145,5,20250815_211632
1755260143.4820597,7678435,1965679360,1965.67936,250,58,145,5,20250815_211632
1755260143.4920435,7678474,1965689344,1965.689344,253,59,145,5,20250815_211632
1755260143.5020275,7678513,1965699328,1965.699328,1,59,145,5,20250815_211632
1755260143.5120115,7678552,1965709312,1965.709312,4,59,145,5,20250815_211632
1755260143.5219955,7678591,1965719296,1965.719296,7,59,143,5,20250815_211632
1755260143.5319796,7678630,1965729280,1965.72928,11,60,141,5,20250815_211632
1755260143.5419636,7678669,1965739264,1965.739264,14,59,140,5,20250815_211632
1755260143.5519476,7678708,1965749248,1965.749248,17,60,138,5,20250815_211632
1755260143.5621877,7678748,1965759488,1965.759488,20,59,137,5,20250815_211632
1755260143.5721714,7678787,1965769472,1965.769472,23,60,134,5,20250815_211632
1755260143.5821557,7678826,1965779456,1965.779456,27,61,132,5,20250815_211632
1755260143.5921395,7678865,1965789440,1965.78944,30,60,129,5,20250815_211632
1755260143.6021235,7678904,1965799424,1965.799424,33,60,126,5,20250815_211632
1755260143.6121075,7678943,1965809408,1965.809408,36,60,120,5,20250815_211632
1755260143.6220915,7678982,1965819392,1965.819392,39,60,112,5,20250815_211632
1755260143.6320755,7679021,1965829376,1965.829376,43,60,107,5,20250815_211632
1755260143.6420596,7679060,1965839360,1965.83936,46,60,101,5,20250815_211632
1755260143.6520436,7679099,1965849344,1965.849344,49,60,97,5,20250815_211632
1755260143.6620276,7679138,1965859328,1965.859328,52,60,93,5,20250815_211632
1755260143.6722677,7679178,1965869568,1965.869568,55,60,89,5,20250815_211632
1755260143.6822517,7679217,1965879552,1965.879552,58,60,86,5,20250815_211632
1755260143.6922357,7679256,1965889536,1965.889536,62,60,84,5,20250815_211632
1755260143.7022195,7679295,1965899520,1965.89952,65,60,82,5,20250815_211632
1755260143.7122035,7679334,1965909504,1965.909504,68,61,81,5,20250815_211632
1755260143.7221875,7679373,1965919488,1965.919488,71,61,79,5,20250815_211632
1755260143.7321715,7679412,1965929472,1965.929472,74,61,78,5,20250815_211632
1755260143.7421556,7679451,1965939456,1965.939456,78,60,78,5,20250815_211632
1755260143.7521396,7679490,1965949440,1965.94944,81,60,78,5,20250815_211632
1755260143.7621236,7679529,1965959424,1965.959424,84,59,78,5,20250815_211632
1755260143.7721076,7679568,1965969408,1965.969408,87,58,79,5,20250815_211632
1755260143.7820916,7679607,1965979392,1965.979392,90,57,79,5,20250815_211632
1755260143.7920756,7679646,1965989376,1965.989376,94,56,79,5,20250815_211632
1755260143.8020597,7679685,1965999360,1965.99936,97,54,79,5,20250815_211632
1755260143.8122995,7679725,1966009600,1966.0096,100,54,79,5,20250815_211632
1755260143.8222835,7679764,1966019584,1966.019584,103,53,79,5,20250815_211632
1755260143.8322675,7679803,1966029568,1966.029568,106,53,79,5,20250815_211632
1755260143.8422515,7679842,1966039552,1966.039552,109,51,79,5,20250815_211632
1755260143.8522356,7679881,1966049536,1966.049536,113,51,79,5,20250815_211632
1755260143.8622196,7679920,1966059520,1966.05952,116,50,80,5,20250815_211632
1755260143.8722036,7679959,1966069504,1966.069504,119,50,79,5,20250815_211632
1755260143.8821876,7679998,1966079488,1966.079488,122,50,79,5,20250815_211632
1755260143.8921716,7680037,1966089472,1966.089472,125,50,79,5,20250815_211632
1755260143.9021556,7680076,1966099456,1966.099456,129,50,80,5,20250815_211632
1755260143.9121397,7680115,1966109440,1966.10944,132,50,80,5,20250815_211632
1755260143.9221237,7680154,1966119424,1966.119424,135,50,80,5,20250815_211632
1755260143.9321074,7680193,1966129408,1966.129408,138,51,80,5,20250815_211632
1755260143.9420917,7680232,1966139392,1966.139392,141,51,81,5,20250815_211632
1755260143.9520755,7680271,1966149376,1966.149376,145,51,81,5,20250815_211632
1755260143.9623156,7680311,1966159616,1966.159616,148,52,82,5,20250815_211632
1755260143.9722996,7680350,1966169600,1966.1696,151,52,82,5,20250815_211632
1755260143.9822836,7680389,1966179584,1966.179584,154,53,83,5,20250815_211632
1755260143.9922676,7680428,1966189568,1966.189568,157,54,84,5,20250815_211632
1755260144.0022516,7680467,1966199552,1966.199552,160,54,86,5,20250815_211632
1755260144.0122356,7680506,1966209536,1966.209536,164,55,88,5,20250815_211632
1755260144.0222197,7680545,1966219520,1966.21952,167,55,91,5,20250815_211632
1755260144.0322037,7680584,1966229504,1966.229504,170,56,96,5,20250815_211632
1755260144.0421877,7680623,1966239488,1966.239488,173,57,106,5,20250815_211632
1755260144.0521717,7680662,1966249472,1966.249472,176,57,114,5,20250815_211632
1755260144.0621555,7680701,1966259456,1966.259456,180,57,123,5,20250815_211632
1755260144.0721395,7680740,1966269440,1966.26944,183,57,131,5,20250815_211632
1755260144.0821235,7680779,1966279424,1966.279424,186,58,134,5,20250815_211632
1755260144.0921075,7680818,1966289408,1966.289408,189,57,134,5,20250815_211632
1755260144.1023476,7680858,1966299648,1966.299648,192,58,132,5,20250815_211632
1755260144.1123316,7680897,1966309632,1966.309632,195,58,134,5,20250815_211632
1755260144.1223156,7680936,1966319616,1966.319616,199,58,137,5,20250815_211632
1755260144.1322997,7680975,1966329600,1966.3296,202,58,140,5,20250815_211632
1755260144.1422837,7681014,1966339584,1966.339584,205,58,141,5,20250815_211632
1755260144.1522677,7681053,1966349568,1966.349568,208,59,142,5,20250815_211632
1755260144.1622517,7681092,1966359552,1966.359552,211,59,143,5,20250815_211632
1755260144.1722355,7681131,1966369536,1966.369536,215,59,144,5,20250815_211632
1755260144.1822195,7681170,1966379520,1966.37952,218,60,143,5,20250815_211632
1755260144.1922035,7681209,1966389504,1966.389504,221,60,144,5,20250815_211632
1755260144.2021875,7681248,1966399488,1966.399488,224,60,144,5,20250815_211632
1755260144.2121716,7681287,1966409472,1966.409472,227,61,145,5,20250815_211632
1755260144.2221556,7681326,1966419456,1966.419456,231,59,146,5,20250815_211632
1755260144.2321396,7681365,1966429440,1966.42944,234,60,146,5,20250815_211632
1755260144.2423797,7681405,1966439680,1966.43968,237,60,146,5,20250815_211632
1755260144.2523637,7681444,1966449664,1966.449664,240,60,146,5,20250815_211632
1755260144.2623477,7681483,1966459648,1966.459648,243,61,146,5,20250815_211632
1755260144.2723317,7681522,1966469632,1966.469632,246,61,145,5,20250815_211632
1755260144.2823155,7681561,1966479616,1966.479616,250,61,146,5,20250815_211632
1755260144.2922995,7681600,1966489600,1966.4896,253,61,145,5,20250815_211632
1755260144.3022835,7681639,1966499584,1966.499584,1,61,146,5,20250815_211632
1755260144.3122675,7681678,1966509568,1966.509568,4,61,143,5,20250815_211632
1755260144.3222516,7681717,1966519552,1966.519552,7,61,143,5,20250815_211632
1755260144.3322356,7681756,1966529536,1966.529536,11,61,141,5,20250815_211632
1755260144.3422196,7681795,1966539520,1966.53952,14,61,141,5,20250815_211632
1755260144.3522036,7681834,1966549504,1966.549504,17,61,138,5,20250815_211632
1755260144.3621876,7681873,1966559488,1966.559488,20,61,136,5,20250815_211632
1755260144.3721716,7681912,1966569472,1966.569472,23,61,134,5,20250815_211632
1755260144.3824117,7681952,1966579712,1966.579712,27,61,130,5,20250815_211632
1755260144.3923955,7681991,1966589696,1966.589696,30,61,127,5,20250815_211632
1755260144.4023795,7682030,1966599680,1966.59968,33,61,124,5,20250815_211632
1755260144.4123635,7682069,1966609664,1966.609664,36,61,117,5,20250815_211632
1755260144.4223475,7682108,1966619648,1966.619648,39,62,111,5,20250815_211632
1755260144.4323316,7682147,1966629632,1966.629632,42,61,105,5,20250815_211632
1755260144.4423156,7682186,1966639616,1966.639616,46,61,100,5,20250815_211632
1755260144.4522996,7682225,1966649600,1966.6496,49,61,96,5,20250815_211632
1755260144.4622836,7682264,1966659584,1966.659584,52,61,92,5,20250815_211632
1755260144.4722676,7682303,1966669568,1966.669568,55,61,89,5,20250815_211632
1755260144.4822516,7682342,1966679552,1966.679552,58,61,86,5,20250815_211632
1755260144.4922357,7682381,1966689536,1966.689536,62,61,84,5,20250815_211632
1755260144.5022197,7682420,1966699520,1966.69952,65,62,82,5,20250815_211632
1755260144.5122037,7682459,1966709504,1966.709504,68,63,80,5,20250815_211632
1755260144.5224435,7682499,1966719744,1966.719744,71,62,79,5,20250815_211632
1755260144.5324275,7682538,1966729728,1966.729728,74,62,78,5,20250815_211632
1755260144.5424116,7682577,1966739712,1966.739712,78,62,78,5,20250815_211632
1755260144.5523956,7682616,1966749696,1966.749696,81,61,78,5,20250815_211632
1755260144.5623796,7682655,1966759680,1966.75968,84,60,78,5,20250815_211632
1755260144.5723636,7682694,1966769664,1966.769664,87,59,79,5,20250815_211632
1755260144.5823476,7682733,1966779648,1966.779648,90,58,79,5,20250815_211632
1755260144.5923316,7682772,1966789632,1966.789632,93,57,79,5,20250815_211632
1755260144.6023157,7682811,1966799616,1966.799616,97,56,79,5,20250815_211632
1755260144.6122997,7682850,1966809600,1966.8096,100,55,79,5,20250815_211632
1755260144.6222837,7682889,1966819584,1966.819584,103,54,80,5,20250815_211632
1755260144.6322677,7682928,1966829568,1966.829568,106,53,80,5,20250815_211632
1755260144.6422515,7682967,1966839552,1966.839552,109,52,80,5,20250815_211632
1755260144.6522355,7683006,1966849536,1966.849536,113,52,79,5,20250815_211632
1755260144.6624756,7683046,1966859776,1966.859776,116,52,79,5,20250815_211632
1755260144.6724596,7683085,1966869760,1966.86976,119,52,79,5,20250815_211632
1755260144.6824436,7683124,1966879744,1966.879744,122,52,79,5,20250815_211632
1755260144.6924276,7683163,1966889728,1966.889728,125,51,80,5,20250815_211632
1755260144.7024117,7683202,1966899712,1966.899712,128,51,79,5,20250815_211632
1755260144.7123957,7683241,1966909696,1966.909696,132,51,80,5,20250815_211632
1755260144.7223797,7683280,1966919680,1966.91968,135,51,80,5,20250815_211632
1755260144.7323637,7683319,1966929664,1966.929664,138,52,80,5,20250815_211632
1755260144.7423477,7683358,1966939648,1966.939648,141,52,80,5,20250815_211632
1755260144.7523315,7683397,1966949632,1966.949632,144,52,81,5,20250815_211632
1755260144.7623155,7683436,1966959616,1966.959616,148,54,82,5,20250815_211632
1755260144.7722995,7683475,1966969600,1966.9696,151,53,82,5,20250815_211632
1755260144.7822835,7683514,1966979584,1966.979584,154,54,83,5,20250815_211632
1755260144.7922676,7683553,1966989568,1966.989568,157,54,84,5,20250815_211632
1755260144.8022516,7683592,1966999552,1966.999552,160,55,85,5,20250815_211632
1755260144.8124917,7683632,1967009792,1967.009792,164,55,87,5,20250815_211632
1755260144.8224757,7683671,1967019776,1967.019776,167,56,90,5,20250815_211632
1755260144.8324594,7683710,1967029760,1967.02976,170,55,94,5,20250815_211632
1755260144.8424437,7683749,1967039744,1967.039744,173,57,101,5,20250815_211632
1755260144.8524275,7683788,1967049728,1967.049728,176,58,110,5,20250815_211632
1755260144.8624115,7683827,1967059712,1967.059712,179,58,120,5,20250815_211632
1755260144.8723955,7683866,1967069696,1967.069696,183,58,128,5,20250815_211632
1755260144.8823795,7683905,1967079680,1967.07968,186,58,134,5,20250815_211632
1755260144.8923635,7683944,1967089664,1967.089664,189,58,134,5,20250815_211632
1755260144.9023476,7683983,1967099648,1967.099648,192,58,132,5,20250815_211632
1755260144.9123316,7684022,1967109632,1967.109632,195,58,132,5,20250815_211632
1755260144.9223156,7684061,1967119616,1967.119616,199,58,135,5,20250815_211632
1755260144.9322996,7684100,1967129600,1967.1296,202,58,139,5,20250815_211632
1755260144.9422836,7684139,1967139584,1967.139584,205,59,142,5,20250815_211632
1755260144.9525237,7684179,1967149824,1967.149824,208,59,142,5,20250815_211632
1755260144.9625075,7684218,1967159808,1967.159808,211,59,143,5,20250815_211632
1755260144.9724915,7684257,1967169792,1967.169792,215,59,143,5,20250815_211632
1755260144.9824755,7684296,1967179776,1967.179776,218,60,144,5,20250815_211632
1755260144.9924595,7684335,1967189760,1967.18976,221,60,144,5,20250815_211632
1755260145.0024436,7684374,1967199744,1967.199744,224,60,145,5,20250815_211632
1755260145.0124276,7684413,1967209728,1967.209728,227,60,145,5,20250815_211632
1755260145.0224116,7684452,1967219712,1967.219712,230,60,146,5,20250815_211632
1755260145.0323956,7684491,1967229696,1967.229696,234,60,146,5,20250815_211632
1755260145.0423796,7684530,1967239680,1967.23968,237,60,146,5,20250815_211632
1755260145.0523636,7684569,1967249664,1967.249664,240,60,145,5,20250815_211632
1755260145.0623477,7684608,1967259648,1967.259648,243,60,145,5,20250815_211632
1755260145.0723317,7684647,1967269632,1967.269632,246,60,144,5,20250815_211632
1755260145.0823157,7684686,1967279616,1967.279616,250,61,142,5,20250815_211632
1755260145.0922997,7684725,1967289600,1967.2896,253,62,142,5,20250815_211632
1755260145.1025395,7684765,1967299840,1967.29984,1,61,142,5,20250815_211632
1755260145.1125236,7684804,1967309824,1967.309824,4,61,142,5,20250815_211632
1755260145.1225076,7684843,1967319808,1967.319808,7,62,141,5,20250815_211632
1755260145.1324916,7684882,1967329792,1967.329792,11,62,140,5,20250815_211632
1755260145.1424756,7684921,1967339776,1967.339776,14,62,140,5,20250815_211632
1755260145.1524596,7684960,1967349760,1967.34976,17,62,138,5,20250815_211632
1755260145.1624436,7684999,1967359744,1967.359744,20,62,136,5,20250815_211632
1755260145.1724277,7685038,1967369728,1967.369728,23,62,132,5,20250815_211632
1755260145.1824117,7685077,1967379712,1967.379712,26,62,130,5,20250815_211632
1755260145.1923954,7685116,1967389696,1967.389696,30,62,127,5,20250815_211632
1755260145.2023797,7685155,1967399680,1967.39968,33,62,123,5,20250815_211632
1755260145.2123635,7685194,1967409664,1967.409664,36,62,117,5,20250815_211632
1755260145.2223475,7685233,1967419648,1967.419648,39,62,111,5,20250815_211632
1755260145.2323315,7685272,1967429632,1967.429632,42,62,105,5,20250815_211632
1755260145.2425716,7685312,1967439872,1967.439872,46,62,100,5,20250815_211632
1755260145.2525556,7685351,1967449856,1967.449856,49,62,96,5,20250815_211632
1755260145.2625396,7685390,1967459840,1967.45984,52,62,92,5,20250815_211632
1755260145.2725236,7685429,1967469824,1967.469824,55,62,88,5,20250815_211632
1755260145.2825077,7685468,1967479808,1967.479808,58,62,85,5,20250815_211632
1755260145.2924917,7685507,1967489792,1967.489792,61,62,83,5,20250815_211632
1755260145.3024757,7685546,1967499776,1967.499776,65,62,81,5,20250815_211632
1755260145.3124597,7685585,1967509760,1967.50976,68,63,79,5,20250815_211632
1755260145.3224435,7685624,1967519744,1967.519744,71,62,79,5,20250815_211632
1755260145.3324275,7685663,1967529728,1967.529728,74,62,78,5,20250815_211632
1755260145.3424115,7685702,1967539712,1967.539712,77,62,78,5,20250815_211632
1755260145.3523955,7685741,1967549696,1967.549696,81,61,78,5,20250815_211632
1755260145.3623796,7685780,1967559680,1967.55968,84,60,78,5,20250815_211632
1755260145.3723636,7685819,1967569664,1967.569664,87,59,79,5,20250815_211632
1755260145.3826036,7685859,1967579904,1967.579904,90,58,79,5,20250815_211632
1755260145.3925877,7685898,1967589888,1967.589888,93,57,79,5,20250815_211632
1755260145.4025717,7685937,1967599872,1967.599872,97,56,79,5,20250815_211632
1755260145.4125557,7685976,1967609856,1967.609856,100,55,80,5,20250815_211632
1755260145.4225397,7686015,1967619840,1967.61984,103,54,79,5,20250815_211632
1755260145.4325235,7686054,1967629824,1967.629824,106,53,79,5,20250815_211632
1755260145.4425075,7686093,1967639808,1967.639808,109,52,79,5,20250815_211632
1755260145.4524915,7686132,1967649792,1967.649792,112,52,78,5,20250815_211632
1755260145.4624755,7686171,1967659776,1967.659776,116,51,79,5,20250815_211632
1755260145.4724596,7686210,1967669760,1967.66976,119,51,79,5,20250815_211632
1755260145.4824436,7686249,1967679744,1967.679744,122,51,79,5,20250815_211632
1755260145.4924276,7686288,1967689728,1967.689728,125,51,79,5,20250815_211632
1755260145.5024116,7686327,1967699712,1967.699712,128,51,79,5,20250815_211632
1755260145.5123956,7686366,1967709696,1967.709696,132,51,80,5,20250815_211632
1755260145.5223796,7686405,1967719680,1967.71968,135,51,80,5,20250815_211632
1755260145.5326197,7686445,1967729920,1967.72992,138,51,80,5,20250815_211632
1755260145.5426035,7686484,1967739904,1967.739904,141,52,80,5,20250815_211632
1755260145.5525875,7686523,1967749888,1967.749888,144,52,81,5,20250815_211632
1755260145.5625715,7686562,1967759872,1967.759872,148,52,82,5,20250815_211632
1755260145.5725555,7686601,1967769856,1967.769856,151,53,82,5,20250815_211632
1755260145.5825396,7686640,1967779840,1967.77984,154,53,83,5,20250815_211632
1755260145.5925236,7686679,1967789824,1967.789824,157,54,84,5,20250815_211632
1755260145.6025076,7686718,1967799808,1967.799808,160,55,86,5,20250815_211632
1755260145.6124916,7686757,1967809792,1967.809792,163,54,87,5,20250815_211632
1755260145.6224756,7686796,1967819776,1967.819776,167,55,90,5,20250815_211632
1755260145.6324596,7686835,1967829760,1967.82976,170,55,95,5,20250815_211632
1755260145.6424437,7686874,1967839744,1967.839744,173,56,101,5,20250815_211632
1755260145.6524277,7686913,1967849728,1967.849728,176,56,110,5,20250815_211632
1755260145.6624117,7686952,1967859712,1967.859712,179,57,118,5,20250815_211632
1755260145.6726515,7686992,1967869952,1967.869952,183,56,127,5,20250815_211632
1755260145.6826355,7687031,1967879936,1967.879936,186,57,133,5,20250815_211632
1755260145.6926196,7687070,1967889920,1967.88992,189,57,134,5,20250815_211632
1755260145.7026036,7687109,1967899904,1967.899904,192,57,134,5,20250815_211632
1755260145.7125876,7687148,1967909888,1967.909888,195,57,133,5,20250815_211632
1755260145.7225716,7687187,1967919872,1967.919872,199,57,136,5,20250815_211632
1755260145.7325556,7687226,1967929856,1967.929856,202,57,139,5,20250815_211632
1755260145.7425396,7687265,1967939840,1967.93984,205,57,141,5,20250815_211632
1755260145.7525237,7687304,1967949824,1967.949824,208,58,142,5,20250815_211632
1755260145.7625077,7687343,1967959808,1967.959808,211,58,142,5,20250815_211632
1755260145.7724917,7687382,1967969792,1967.969792,214,58,143,5,20250815_211632
1755260145.7824757,7687421,1967979776,1967.979776,218,59,144,5,20250815_211632
1755260145.7924595,7687460,1967989760,1967.98976,221,59,144,5,20250815_211632
1755260145.8024435,7687499,1967999744,1967.999744,224,59,144,5,20250815_211632
1755260145.8124275,7687538,1968009728,1968.009728,227,59,145,5,20250815_211632
1755260145.8226676,7687578,1968019968,1968.019968,230,60,145,5,20250815_211632
1755260145.8326516,7687617,1968029952,1968.029952,234,59,145,5,20250815_211632
1755260145.8426356,7687656,1968039936,1968.039936,237,59,146,5,20250815_211632
1755260145.8526196,7687695,1968049920,1968.04992,240,59,146,5,20250815_211632
1755260145.8626037,7687734,1968059904,1968.059904,243,60,146,5,20250815_211632
1755260145.8725877,7687773,1968069888,1968.069888,246,60,145,5,20250815_211632
1755260145.8825717,7687812,1968079872,1968.079872,249,60,144,5,20250815_211632
1755260145.8925557,7687851,1968089856,1968.089856,253,60,144,5,20250815_211632
1755260145.9025395,7687890,1968099840,1968.09984,1,60,145,5,20250815_211632
1755260145.9125235,7687929,1968109824,1968.109824,4,60,144,5,20250815_211632
1755260145.9225075,7687968,1968119808,1968.119808,7,60,142,5,20250815_211632
1755260145.9324915,7688007,1968129792,1968.129792,10,61,140,5,20250815_211632
1755260145.9424756,7688046,1968139776,1968.139776,14,61,139,5,20250815_211632
1755260145.9524596,7688085,1968149760,1968.14976,17,61,137,5,20250815_211632
1755260145.9626997,7688125,1968160000,1968.16,20,60,134,5,20250815_211632
1755260145.9726837,7688164,1968169984,1968.169984,23,60,130,5,20250815_211632
1755260145.9826677,7688203,1968179968,1968.179968,26,61,127,5,20250815_211632
1755260145.9926517,7688242,1968189952,1968.189952,30,60,124,5,20250815_211632
1755260146.0026357,7688281,1968199936,1968.199936,33,60,119,5,20250815_211632
1755260146.0126195,7688320,1968209920,1968.20992,36,60,113,5,20250815_211632
1755260146.0226035,7688359,1968219904,1968.219904,39,60,107,5,20250815_211632
1755260146.0325875,7688398,1968229888,1968.229888,42,60,102,5,20250815_211632
1755260146.0425715,7688437,1968239872,1968.239872,45,60,98,5,20250815_211632
1755260146.0525556,7688476,1968249856,1968.249856,49,61,94,5,20250815_211632
1755260146.0625396,7688515,1968259840,1968.25984,52,60,90,5,20250815_211632
1755260146.0725236,7688554,1968269824,1968.269824,55,60,87,5,20250815_211632
1755260146.0825076,7688593,1968279808,1968.279808,58,60,84,5,20250815_211632
1755260146.0924916,7688632,1968289792,1968.289792,61,61,82,5,20250815_211632
1755260146.1027317,7688672,1968300032,1968.300032,65,61,81,5,20250815_211632
1755260146.1127155,7688711,1968310016,1968.310016,68,61,79,5,20250815_211632
1755260146.1226995,7688750,1968320000,1968.32,71,61,78,5,20250815_211632
1755260146.1326835,7688789,1968329984,1968.329984,74,61,78,5,20250815_211632
1755260146.1426675,7688828,1968339968,1968.339968,77,61,79,5,20250815_211632
1755260146.1526515,7688867,1968349952,1968.349952,81,60,78,5,20250815_211632
1755260146.1626356,7688906,1968359936,1968.359936,84,59,79,5,20250815_211632
1755260146.1726196,7688945,1968369920,1968.36992,87,58,79,5,20250815_211632
1755260146.1826036,7688984,1968379904,1968.379904,90,57,79,5,20250815_211632
1755260146.1925876,7689023,1968389888,1968.389888,93,57,80,5,20250815_211632
1755260146.2025716,7689062,1968399872,1968.399872,96,55,79,5,20250815_211632
1755260146.2125556,7689101,1968409856,1968.409856,100,55,80,5,20250815_211632
1755260146.2225397,7689140,1968419840,1968.41984,103,54,79,5,20250815_211632
1755260146.2325237,7689179,1968429824,1968.429824,106,53,79,5,20250815_211632
1755260146.2427635,7689219,1968440064,1968.440064,109,52,80,5,20250815_211632
1755260146.2527475,7689258,1968450048,1968.450048,112,52,80,5,20250815_211632
1755260146.2627316,7689297,1968460032,1968.460032,116,52,79,5,20250815_211632
1755260146.2727156,7689336,1968470016,1968.470016,119,52,79,5,20250815_211632
1755260146.2826996,7689375,1968480000,1968.48,122,51,79,5,20250815_211632
1755260146.2926836,7689414,1968489984,1968.489984,125,52,79,5,20250815_211632
1755260146.3026676,7689453,1968499968,1968.499968,128,52,80,5,20250815_211632
1755260146.3129077,7689493,1968510208,1968.510208,132,52,80,5,20250815_211632
1755260146.3228917,7689532,1968520192,1968.520192,135,52,80,5,20250815_211632
1755260146.3328755,7689571,1968530176,1968.530176,138,52,80,5,20250815_211632
1755260146.3428595,7689610,1968540160,1968.54016,141,53,80,5,20250815_211632
1755260146.3528435,7689649,1968550144,1968.550144,144,53,81,5,20250815_211632
1755260146.3628275,7689688,1968560128,1968.560128,148,53,82,5,20250815_211632
1755260146.3728116,7689727,1968570112,1968.570112,151,53,83,5,20250815_211632
1755260146.3830516,7689767,1968580352,1968.580352,154,53,83,5,20250815_211632
1755260146.3930357,7689806,1968590336,1968.590336,157,54,84,5,20250815_211632
1755260146.4030197,7689845,1968600320,1968.60032,160,54,86,5,20250815_211632
1755260146.4130037,7689884,1968610304,1968.610304,163,55,88,5,20250815_211632
1755260146.4229877,7689923,1968620288,1968.620288,167,55,91,5,20250815_211632
1755260146.4329717,7689962,1968630272,1968.630272,170,56,95,5,20250815_211632
1755260146.4429555,7690001,1968640256,1968.640256,173,56,103,5,20250815_211632
1755260146.4529395,7690040,1968650240,1968.65024,176,57,112,5,20250815_211632
1755260146.4631796,7690080,1968660480,1968.66048,179,57,121,5,20250815_211632
1755260146.4731636,7690119,1968670464,1968.670464,183,57,130,5,20250815_211632
1755260146.4831476,7690158,1968680448,1968.680448,186,57,134,5,20250815_211632
1755260146.4931316,7690197,1968690432,1968.690432,189,58,134,5,20250815_211632
1755260146.5031157,7690236,1968700416,1968.700416,192,58,132,5,20250815_211632
1755260146.5130997,7690275,1968710400,1968.7104,195,58,134,5,20250815_211632
1755260146.5230834,7690314,1968720384,1968.720384,199,58,137,5,20250815_211632
1755260146.5333235,7690354,1968730624,1968.730624,202,58,140,5,20250815_211632
1755260146.5433075,7690393,1968740608,1968.740608,205,59,142,5,20250815_211632
1755260146.5532916,7690432,1968750592,1968.750592,208,59,142,5,20250815_211632
1755260146.5632756,7690471,1968760576,1968.760576,211,59,143,5,20250815_211632
1755260146.5732596,7690510,1968770560,1968.77056,215,60,144,5,20250815_211632
1755260146.5832436,7690549,1968780544,1968.780544,218,59,144,5,20250815_211632
1755260146.5932276,7690588,1968790528,1968.790528,221,60,144,5,20250815_211632
1755260146.6034677,7690628,1968800768,1968.800768,224,60,144,5,20250815_211632
1755260146.6134515,7690667,1968810752,1968.810752,227,61,145,5,20250815_211632
1755260146.6234355,7690706,1968820736,1968.820736,231,60,145,5,20250815_211632
1755260146.6334195,7690745,1968830720,1968.83072,234,60,146,5,20250815_211632
1755260146.6434035,7690784,1968840704,1968.840704,237,60,146,5,20250815_211632
1755260146.6533875,7690823,1968850688,1968.850688,240,60,145,5,20250815_211632
1755260146.6636276,7690863,1968860928,1968.860928,243,61,145,5,20250815_211632
1755260146.6736116,7690902,1968870912,1968.870912,246,61,144,5,20250815_211632
1755260146.6835957,7690941,1968880896,1968.880896,250,60,143,5,20250815_211632
1755260146.6935797,7690980,1968890880,1968.89088,253,61,142,5,20250815_211632
1755260146.7035637,7691019,1968900864,1968.900864,1,61,143,5,20250815_211632
1755260146.7135477,7691058,1968910848,1968.910848,4,62,141,5,20250815_211632
1755260146.7235315,7691097,1968920832,1968.920832,7,62,141,5,20250815_211632
1755260146.7335155,7691136,1968930816,1968.930816,11,63,139,5,20250815_211632
1755260146.7434995,7691175,1968940800,1968.9408,14,63,137,5,20250815_211632
1755260146.7537396,7691215,1968951040,1968.95104,17,64,137,5,20250815_211632
1755260146.7637236,7691254,1968961024,1968.961024,20,63,133,5,20250815_211632
1755260146.7737076,7691293,1968971008,1968.971008,23,64,130,5,20250815_211632
1755260146.7836916,7691332,1968980992,1968.980992,27,64,127,5,20250815_211632
1755260146.7936757,7691371,1968990976,1968.990976,30,64,125,5,20250815_211632
1755260146.8036597,7691410,1969000960,1969.00096,33,64,122,5,20250815_211632
1755260146.8136437,7691449,1969010944,1969.010944,36,64,114,5,20250815_211632
1755260146.8236277,7691488,1969020928,1969.020928,39,64,108,5,20250815_211632
1755260146.8336115,7691527,1969030912,1969.030912,43,64,103,5,20250815_211632
1755260146.8435955,7691566,1969040896,1969.040896,46,64,100,5,20250815_211632
1755260146.8535795,7691605,1969050880,1969.05088,49,64,96,5,20250815_211632
1755260146.8635635,7691644,1969060864,1969.060864,52,63,91,5,20250815_211632
1755260146.8735476,7691683,1969070848,1969.070848,55,64,89,5,20250815_211632
1755260146.8835316,7691722,1969080832,1969.080832,58,63,86,5,20250815_211632
1755260146.8937716,7691762,1969091072,1969.091072,62,64,83,5,20250815_211632
1755260146.9037557,7691801,1969101056,1969.101056,65,63,82,5,20250815_211632
1755260146.9137397,7691840,1969111040,1969.11104,68,64,80,5,20250815_211632
1755260146.9237237,7691879,1969121024,1969.121024,71,63,79,5,20250815_211632
1755260146.9337077,7691918,1969131008,1969.131008,74,63,78,5,20250815_211632
1755260146.9436915,7691957,1969140992,1969.140992,78,62,78,5,20250815_211632
1755260146.9536755,7691996,1969150976,1969.150976,81,62,78,5,20250815_211632
1755260146.9636595,7692035,1969160960,1969.16096,84,60,78,5,20250815_211632
1755260146.9736435,7692074,1969170944,1969.170944,87,59,79,5,20250815_211632
1755260146.9836276,7692113,1969180928,1969.180928,90,58,79,5,20250815_211632
1755260146.9936116,7692152,1969190912,1969.190912,93,57,79,5,20250815_211632
1755260147.0035956,7692191,1969200896,1969.200896,97,56,79,5,20250815_211632
1755260147.0135796,7692230,1969210880,1969.21088,100,55,79,5,20250815_211632
1755260147.0235636,7692269,1969220864,1969.220864,103,54,79,5,20250815_211632
1755260147.0338037,7692309,1969231104,1969.231104,106,53,79,5,20250815_211632
1755260147.0437877,7692348,1969241088,1969.241088,109,53,79,5,20250815_211632
1755260147.0537715,7692387,1969251072,1969.251072,113,52,79,5,20250815_211632
1755260147.0637555,7692426,1969261056,1969.261056,116,52,79,5,20250815_211632
1755260147.0737395,7692465,1969271040,1969.27104,119,51,79,5,20250815_211632
1755260147.0837235,7692504,1969281024,1969.281024,122,51,78,5,20250815_211632
1755260147.0937076,7692543,1969291008,1969.291008,125,51,79,5,20250815_211632
1755260147.1036916,7692582,1969300992,1969.300992,129,51,80,5,20250815_211632
1755260147.1136756,7692621,1969310976,1969.310976,132,51,80,5,20250815_211632
1755260147.1236596,7692660,1969320960,1969.32096,135,51,80,5,20250815_211632
1755260147.1336436,7692699,1969330944,1969.330944,138,52,80,5,20250815_211632
1755260147.1436276,7692738,1969340928,1969.340928,141,52,81,5,20250815_211632
1755260147.1536117,7692777,1969350912,1969.350912,144,52,81,5,20250815_211632
1755260147.1635957,7692816,1969360896,1969.360896,148,53,82,5,20250815_211632
1755260147.1735797,7692855,1969370880,1969.37088,151,53,82,5,20250815_211632
1755260147.1838195,7692895,1969381120,1969.38112,154,54,83,5,20250815_211632
1755260147.1938035,7692934,1969391104,1969.391104,157,54,85,5,20250815_211632
1755260147.2037876,7692973,1969401088,1969.401088,160,55,85,5,20250815_211632
1755260147.2137716,7693012,1969411072,1969.411072,164,55,87,5,20250815_211632
1755260147.2237556,7693051,1969421056,1969.421056,167,55,90,5,20250815_211632
1755260147.2337396,7693090,1969431040,1969.43104,170,56,95,5,20250815_211632
1755260147.2437236,7693129,1969441024,1969.441024,173,56,102,5,20250815_211632
1755260147.2537076,7693168,1969451008,1969.451008,176,57,110,5,20250815_211632
1755260147.2636917,7693207,1969460992,1969.460992,180,56,119,5,20250815_211632
1755260147.2736757,7693246,1969470976,1969.470976,183,57,127,5,20250815_211632
1755260147.2836597,7693285,1969480960,1969.48096,186,57,133,5,20250815_211632
1755260147.2936437,7693324,1969490944,1969.490944,189,57,134,5,20250815_211632
1755260147.3036275,7693363,1969500928,1969.500928,192,56,133,5,20250815_211632
1755260147.3138676,7693403,1969511168,1969.511168,195,57,132,5,20250815_211632
1755260147.3238516,7693442,1969521152,1969.521152,199,57,136,5,20250815_211632
1755260147.3338356,7693481,1969531136,1969.531136,202,57,139,5,20250815_211632
1755260147.3438196,7693520,1969541120,1969.54112,205,57,142,5,20250815_211632
1755260147.3538036,7693559,1969551104,1969.551104,208,57,142,5,20250815_211632
1755260147.3637877,7693598,1969561088,1969.561088,211,57,143,5,20250815_211632
1755260147.3737717,7693637,1969571072,1969.571072,215,58,144,5,20250815_211632
1755260147.3837557,7693676,1969581056,1969.581056,218,58,144,5,20250815_211632
1755260147.3937397,7693715,1969591040,1969.59104,221,59,144,5,20250815_211632
1755260147.4037237,7693754,1969601024,1969.601024,224,58,145,5,20250815_211632
1755260147.4137075,7693793,1969611008,1969.611008,227,59,145,5,20250815_211632
1755260147.4236915,7693832,1969620992,1969.620992,231,59,145,5,20250815_211632
1755260147.4336755,7693871,1969630976,1969.630976,234,59,146,5,20250815_211632
1755260147.4439156,7693911,1969641216,1969.641216,237,59,146,5,20250815_211632
1755260147.4538996,7693950,1969651200,1969.6512,240,60,145,5,20250815_211632
1755260147.4638836,7693989,1969661184,1969.661184,243,60,145,5,20250815_211632
1755260147.4738677,7694028,1969671168,1969.671168,246,60,146,5,20250815_211632
1755260147.4838517,7694067,1969681152,1969.681152,250,60,146,5,20250815_211632
1755260147.4938354,7694106,1969691136,1969.691136,253,61,143,5,20250815_211632
1755260147.5038197,7694145,1969701120,1969.70112,1,61,144,5,20250815_211632
1755260147.5138035,7694184,1969711104,1969.711104,4,62,142,5,20250815_211632
1755260147.5237875,7694223,1969721088,1969.721088,7,62,142,5,20250815_211632
1755260147.5337715,7694262,1969731072,1969.731072,11,62,141,5,20250815_211632
1755260147.5437555,7694301,1969741056,1969.741056,14,62,139,5,20250815_211632
1755260147.5537395,7694340,1969751040,1969.75104,17,62,139,5,20250815_211632
1755260147.5637236,7694379,1969761024,1969.761024,20,62,137,5,20250815_211632
1755260147.5737076,7694418,1969771008,1969.771008,23,62,135,5,20250815_211632
1755260147.5839477,7694458,1969781248,1969.781248,27,62,132,5,20250815_211632
1755260147.5939317,7694497,1969791232,1969.791232,30,62,128,5,20250815_211632
1755260147.6039157,7694536,1969801216,1969.801216,33,62,124,5,20250815_211632
1755260147.6138997,7694575,1969811200,1969.8112,36,62,117,5,20250815_211632
1755260147.6238835,7694614,1969821184,1969.821184,39,62,110,5,20250815_211632
1755260147.6338675,7694653,1969831168,1969.831168,42,62,105,5,20250815_211632
1755260147.6438515,7694692,1969841152,1969.841152,46,61,100,5,20250815_211632
1755260147.6538355,7694731,1969851136,1969.851136,49,62,95,5,20250815_211632
1755260147.6638196,7694770,1969861120,1969.86112,52,62,92,5,20250815_211632
1755260147.6738036,7694809,1969871104,1969.871104,55,62,88,5,20250815_211632
1755260147.6837876,7694848,1969881088,1969.881088,58,62,85,5,20250815_211632
1755260147.6937716,7694887,1969891072,1969.891072,62,63,83,5,20250815_211632
1755260147.7037556,7694926,1969901056,1969.901056,65,63,81,5,20250815_211632
1755260147.7137396,7694965,1969911040,1969.91104,68,63,80,5,20250815_211632
1755260147.7239797,7695005,1969921280,1969.92128,71,63,78,5,20250815_211632
1755260147.7339635,7695044,1969931264,1969.931264,74,63,77,5,20250815_211632
1755260147.7439475,7695083,1969941248,1969.941248,77,63,79,5,20250815_211632
1755260147.7539315,7695122,1969951232,1969.951232,81,62,78,5,20250815_211632
1755260147.7639155,7695161,1969961216,1969.961216,84,61,79,5,20250815_211632
1755260147.7738996,7695200,1969971200,1969.9712,87,60,79,5,20250815_211632
1755260147.7838836,7695239,1969981184,1969.981184,90,59,79,5,20250815_211632
1755260147.7938676,7695278,1969991168,1969.991168,93,58,79,5,20250815_211632
1755260147.8038516,7695317,1970001152,1970.001152,97,57,80,5,20250815_211632
1755260147.8138356,7695356,1970011136,1970.011136,100,56,80,5,20250815_211632
1755260147.8238196,7695395,1970021120,1970.02112,103,56,80,5,20250815_211632
1755260147.8338037,7695434,1970031104,1970.031104,106,56,80,5,20250815_211632
1755260147.8437877,7695473,1970041088,1970.041088,109,54,79,5,20250815_211632
1755260147.8537714,7695512,1970051072,1970.051072,113,54,79,5,20250815_211632
1755260147.8640115,7695552,1970061312,1970.061312,116,54,79,5,20250815_211632
1755260147.8739955,7695591,1970071296,1970.071296,119,54,79,5,20250815_211632
1755260147.8839796,7695630,1970081280,1970.08128,122,53,79,5,20250815_211632
1755260147.8939636,7695669,1970091264,1970.091264,125,53,79,5,20250815_211632
1755260147.9039476,7695708,1970101248,1970.101248,128,53,80,5,20250815_211632
1755260147.9139316,7695747,1970111232,1970.111232,132,53,80,5,20250815_211632
1755260147.9239156,7695786,1970121216,1970.121216,135,53,80,5,20250815_211632
1755260147.9338996,7695825,1970131200,1970.1312,138,54,80,5,20250815_211632
1755260147.9438837,7695864,1970141184,1970.141184,141,54,81,5,20250815_211632
1755260147.9538677,7695903,1970151168,1970.151168,144,54,81,5,20250815_211632
1755260147.9638517,7695942,1970161152,1970.161152,148,54,82,5,20250815_211632
1755260147.9738357,7695981,1970171136,1970.171136,151,54,83,5,20250815_211632
1755260147.9838195,7696020,1970181120,1970.18112,154,54,83,5,20250815_211632
1755260147.9938035,7696059,1970191104,1970.191104,157,54,84,5,20250815_211632
1755260148.0037875,7696098,1970201088,1970.201088,160,54,87,5,20250815_211632
1755260148.0140276,7696138,1970211328,1970.211328,164,54,89,5,20250815_211632
1755260148.0240116,7696177,1970221312,1970.221312,167,54,93,5,20250815_211632
1755260148.0339956,7696216,1970231296,1970.231296,170,54,99,5,20250815_211632
1755260148.0439796,7696255,1970241280,1970.24128,173,54,108,5,20250815_211632
1755260148.0539637,7696294,1970251264,1970.251264,176,55,118,5,20250815_211632
1755260148.0639477,7696333,1970261248,1970.261248,179,55,127,5,20250815_211632
1755260148.0739317,7696372,1970271232,1970.271232,183,55,133,5,20250815_211632
1755260148.0839157,7696411,1970281216,1970.281216,186,55,135,5,20250815_211632
1755260148.0938995,7696450,1970291200,1970.2912,189,56,132,5,20250815_211632
1755260148.1038835,7696489,1970301184,1970.301184,192,56,134,5,20250815_211632
1755260148.1138675,7696528,1970311168,1970.311168,195,56,136,5,20250815_211632
1755260148.1238515,7696567,1970321152,1970.321152,199,56,140,5,20250815_211632
1755260148.1338356,7696606,1970331136,1970.331136,202,56,140,5,20250815_211632
1755260148.1438196,7696645,1970341120,1970.34112,205,56,142,5,20250815_211632
1755260148.1540596,7696685,1970351360,1970.35136,208,56,143,5,20250815_211632
1755260148.1640437,7696724,1970361344,1970.361344,211,57,143,5,20250815_211632
1755260148.1740277,7696763,1970371328,1970.371328,215,57,143,5,20250815_211632
1755260148.1840117,7696802,1970381312,1970.381312,218,58,145,5,20250815_211632
1755260148.1939957,7696841,1970391296,1970.391296,221,58,144,5,20250815_211632
1755260148.2039795,7696880,1970401280,1970.40128,224,58,144,5,20250815_211632
1755260148.2139635,7696919,1970411264,1970.411264,227,58,145,5,20250815_211632
1755260148.2239475,7696958,1970421248,1970.421248,230,58,146,5,20250815_211632
1755260148.2339315,7696997,1970431232,1970.431232,234,58,146,5,20250815_211632
1755260148.2439156,7697036,1970441216,1970.441216,237,58,146,5,20250815_211632
1755260148.2538996,7697075,1970451200,1970.4512,240,59,146,5,20250815_211632
1755260148.2638836,7697114,1970461184,1970.461184,243,59,146,5,20250815_211632
1755260148.2738676,7697153,1970471168,1970.471168,246,59,146,5,20250815_211632
1755260148.2838516,7697192,1970481152,1970.481152,250,60,146,5,20250815_211632
1755260148.2940917,7697232,1970491392,1970.491392,253,60,145,5,20250815_211632
1755260148.3040757,7697271,1970501376,1970.501376,1,61,145,5,20250815_211632
1755260148.3140595,7697310,1970511360,1970.51136,4,62,143,5,20250815_211632
1755260148.3240435,7697349,1970521344,1970.521344,7,62,142,5,20250815_211632
1755260148.3340275,7697388,1970531328,1970.531328,10,62,141,5,20250815_211632
1755260148.3440115,7697427,1970541312,1970.541312,14,62,139,5,20250815_211632
1755260148.3539956,7697466,1970551296,1970.551296,17,62,139,5,20250815_211632
1755260148.3639796,7697505,1970561280,1970.56128,20,62,136,5,20250815_211632
1755260148.3739636,7697544,1970571264,1970.571264,23,62,134,5,20250815_211632
1755260148.3839476,7697583,1970581248,1970.581248,26,61,130,5,20250815_211632
1755260148.3939316,7697622,1970591232,1970.591232,30,61,127,5,20250815_211632
1755260148.4039156,7697661,1970601216,1970.601216,33,60,124,5,20250815_211632
1755260148.4138997,7697700,1970611200,1970.6112,36,61,118,5,20250815_211632
1755260148.4238837,7697739,1970621184,1970.621184,39,60,110,5,20250815_211632
1755260148.4341235,7697779,1970631424,1970.631424,42,60,105,5,20250815_211632
1755260148.4441075,7697818,1970641408,1970.641408,46,60,100,5,20250815_211632
1755260148.4540915,7697857,1970651392,1970.651392,49,61,96,5,20250815_211632
1755260148.4640756,7697896,1970661376,1970.661376,52,60,91,5,20250815_211632
1755260148.4740596,7697935,1970671360,1970.67136,55,61,88,5,20250815_211632
1755260148.4840436,7697974,1970681344,1970.681344,58,61,85,5,20250815_211632
1755260148.4940276,7698013,1970691328,1970.691328,61,61,83,5,20250815_211632
1755260148.5040116,7698052,1970701312,1970.701312,65,62,81,5,20250815_211632
1755260148.5139956,7698091,1970711296,1970.711296,68,62,80,5,20250815_211632
1755260148.5239797,7698130,1970721280,1970.72128,71,62,80,5,20250815_211632
1755260148.5339637,7698169,1970731264,1970.731264,74,62,78,5,20250815_211632
1755260148.5439477,7698208,1970741248,1970.741248,77,62,78,5,20250815_211632
1755260148.5541875,7698248,1970751488,1970.751488,81,61,78,5,20250815_211632
1755260148.5641716,7698287,1970761472,1970.761472,84,61,78,5,20250815_211632
1755260148.5741556,7698326,1970771456,1970.771456,87,60,79,5,20250815_211632
1755260148.5841396,7698365,1970781440,1970.78144,90,58,78,5,20250815_211632
1755260148.5941236,7698404,1970791424,1970.791424,93,58,78,5,20250815_211632
1755260148.6041076,7698443,1970801408,1970.801408,97,57,79,5,20250815_211632
1755260148.6140916,7698482,1970811392,1970.811392,100,56,79,5,20250815_211632
1755260148.6240757,7698521,1970821376,1970.821376,103,55,79,5,20250815_211632
1755260148.6340597,7698560,1970831360,1970.83136,106,54,79,5,20250815_211632
1755260148.6440437,7698599,1970841344,1970.841344,109,53,79,5,20250815_211632
1755260148.6540277,7698638,1970851328,1970.851328,112,53,77,5,20250815_211632
1755260148.6640117,7698677,1970861312,1970.861312,116,52,79,5,20250815_211632
1755260148.6739955,7698716,1970871296,1970.871296,119,53,79,5,20250815_211632
1755260148.6842356,7698756,1970881536,1970.881536,122,52,78,5,20250815_211632
1755260148.6942196,7698795,1970891520,1970.89152,125,53,79,5,20250815_211632
1755260148.7042036,7698834,1970901504,1970.901504,128,52,79,5,20250815_211632
1755260148.7141876,7698873,1970911488,1970.911488,132,52,79,5,20250815_211632
1755260148.7241716,7698912,1970921472,1970.921472,135,52,80,5,20250815_211632
1755260148.7341557,7698951,1970931456,1970.931456,138,53,80,5,20250815_211632
1755260148.7441397,7698990,1970941440,1970.94144,141,53,81,5,20250815_211632
1755260148.7541234,7699029,1970951424,1970.951424,144,53,81,5,20250815_211632
1755260148.7641077,7699068,1970961408,1970.961408,148,52,81,5,20250815_211632
1755260148.7740915,7699107,1970971392,1970.971392,151,53,82,5,20250815_211632
1755260148.7840755,7699146,1970981376,1970.981376,154,53,83,5,20250815_211632
1755260148.7940595,7699185,1970991360,1970.99136,157,53,84,5,20250815_211632
1755260148.8042996,7699225,1971001600,1971.0016,160,52,86,5,20250815_211632
1755260148.8142836,7699264,1971011584,1971.011584,163,53,88,5,20250815_211632
1755260148.8242676,7699303,1971021568,1971.021568,167,53,91,5,20250815_211632
1755260148.8342516,7699342,1971031552,1971.031552,170,53,96,5,20250815_211632
1755260148.8442357,7699381,1971041536,1971.041536,173,53,104,5,20250815_211632
1755260148.8542197,7699420,1971051520,1971.05152,176,53,113,5,20250815_211632
1755260148.8642037,7699459,1971061504,1971.061504,179,53,122,5,20250815_211632
1755260148.8741877,7699498,1971071488,1971.071488,183,53,131,5,20250815_211632
1755260148.8841715,7699537,1971081472,1971.081472,186,53,134,5,20250815_211632
1755260148.8941555,7699576,1971091456,1971.091456,189,54,135,5,20250815_211632
1755260148.9041395,7699615,1971101440,1971.10144,192,54,133,5,20250815_211632
1755260148.9141235,7699654,1971111424,1971.111424,195,54,136,5,20250815_211632
1755260148.9241076,7699693,1971121408,1971.121408,199,54,138,5,20250815_211632
1755260148.9340916,7699732,1971131392,1971.131392,202,54,141,5,20250815_211632
1755260148.9443316,7699772,1971141632,1971.141632,205,55,142,5,20250815_211632
1755260148.9543157,7699811,1971151616,1971.151616,208,55,142,5,20250815_211632
1755260148.9642997,7699850,1971161600,1971.1616,211,55,143,5,20250815_211632
1755260148.9742837,7699889,1971171584,1971.171584,214,56,144,5,20250815_211632
1755260148.9842677,7699928,1971181568,1971.181568,218,56,144,5,20250815_211632
1755260148.9942515,7699967,1971191552,1971.191552,221,57,144,5,20250815_211632
1755260149.0042355,7700006,1971201536,1971.201536,224,56,145,5,20250815_211632
1755260149.0142195,7700045,1971211520,1971.21152,227,56,145,5,20250815_211632
1755260149.0242035,7700084,1971221504,1971.221504,230,57,145,5,20250815_211632
1755260149.0341876,7700123,1971231488,1971.231488,234,57,145,5,20250815_211632
1755260149.0441716,7700162,1971241472,1971.241472,237,57,146,5,20250815_211632
1755260149.0541556,7700201,1971251456,1971.251456,240,58,146,5,20250815_211632
1755260149.0641396,7700240,1971261440,1971.26144,243,58,145,5,20250815_211632
1755260149.0743797,7700280,1971271680,1971.27168,246,59,146,5,20250815_211632
1755260149.0843637,7700319,1971281664,1971.281664,250,59,146,5,20250815_211632
1755260149.0943477,7700358,1971291648,1971.291648,253,59,144,5,20250815_211632
1755260149.1043315,7700397,1971301632,1971.301632,1,59,144,5,20250815_211632
1755260149.1143155,7700436,1971311616,1971.311616,4,59,142,5,20250815_211632
1755260149.1242995,7700475,1971321600,1971.3216,7,58,142,5,20250815_211632
1755260149.1342835,7700514,1971331584,1971.331584,10,58,140,5,20250815_211632
1755260149.1442676,7700553,1971341568,1971.341568,14,57,138,5,20250815_211632
1755260149.1542516,7700592,1971351552,1971.351552,17,58,138,5,20250815_211632
1755260149.1642356,7700631,1971361536,1971.361536,20,57,135,5,20250815_211632
1755260149.1742196,7700670,1971371520,1971.37152,23,57,134,5,20250815_211632
1755260149.1842036,7700709,1971381504,1971.381504,26,57,130,5,20250815_211632
1755260149.1941876,7700748,1971391488,1971.391488,30,57,127,5,20250815_211632
1755260149.2044277,7700788,1971401728,1971.401728,33,57,124,5,20250815_211632
1755260149.2144115,7700827,1971411712,1971.411712,36,57,118,5,20250815_211632
1755260149.2243955,7700866,1971421696,1971.421696,39,57,110,5,20250815_211632
1755260149.2343795,7700905,1971431680,1971.43168,42,57,104,5,20250815_211632
1755260149.2443635,7700944,1971441664,1971.441664,46,58,99,5,20250815_211632
1755260149.2543476,7700983,1971451648,1971.451648,49,58,94,5,20250815_211632
1755260149.2643316,7701022,1971461632,1971.461632,52,58,90,5,20250815_211632
1755260149.2743156,7701061,1971471616,1971.471616,55,59,88,5,20250815_211632
1755260149.2842996,7701100,1971481600,1971.4816,58,59,85,5,20250815_211632
1755260149.2942836,7701139,1971491584,1971.491584,61,60,83,5,20250815_211632
1755260149.3042676,7701178,1971501568,1971.501568,65,60,81,5,20250815_211632
1755260149.3142517,7701217,1971511552,1971.511552,68,60,80,5,20250815_211632
1755260149.3242357,7701256,1971521536,1971.521536,71,60,78,5,20250815_211632
1755260149.3342197,7701295,1971531520,1971.53152,74,60,78,5,20250815_211632
1755260149.3444595,7701335,1971541760,1971.54176,77,60,78,5,20250815_211632
1755260149.3544436,7701374,1971551744,1971.551744,81,59,78,5,20250815_211632
1755260149.3644276,7701413,1971561728,1971.561728,84,58,79,5,20250815_211632
1755260149.3744116,7701452,1971571712,1971.571712,87,57,79,5,20250815_211632
1755260149.3843956,7701491,1971581696,1971.581696,90,56,79,5,20250815_211632
1755260149.3943796,7701530,1971591680,1971.59168,93,55,80,5,20250815_211632
1755260149.4043636,7701569,1971601664,1971.601664,97,54,80,5,20250815_211632
1755260149.4143476,7701608,1971611648,1971.611648,100,53,78,5,20250815_211632
1755260149.4243317,7701647,1971621632,1971.621632,103,52,79,5,20250815_211632
1755260149.4343157,7701686,1971631616,1971.631616,106,51,79,5,20250815_211632
1755260149.4442997,7701725,1971641600,1971.6416,109,51,79,5,20250815_211632
1755260149.4542837,7701764,1971651584,1971.651584,112,50,79,5,20250815_211632
1755260149.4642675,7701803,1971661568,1971.661568,116,51,80,5,20250815_211632
1755260149.4742515,7701842,1971671552,1971.671552,119,50,79,5,20250815_211632
1755260149.4844916,7701882,1971681792,1971.681792,122,50,79,5,20250815_211632
1755260149.4944756,7701921,1971691776,1971.691776,125,50,79,5,20250815_211632
1755260149.5044596,7701960,1971701760,1971.70176,128,50,80,5,20250815_211632
1755260149.5144436,7701999,1971711744,1971.711744,132,50,80,5,20250815_211632
1755260149.5244277,7702038,1971721728,1971.721728,135,50,80,5,20250815_211632
1755260149.5344117,7702077,1971731712,1971.731712,138,50,80,5,20250815_211632
1755260149.5443954,7702116,1971741696,1971.741696,141,50,81,5,20250815_211632
1755260149.5543797,7702155,1971751680,1971.75168,144,51,82,5,20250815_211632
1755260149.5643637,7702194,1971761664,1971.761664,147,51,83,5,20250815_211632
1755260149.5743475,7702233,1971771648,1971.771648,151,52,83,5,20250815_211632
1755260149.5843315,7702272,1971781632,1971.781632,154,52,84,5,20250815_211632
1755260149.5943155,7702311,1971791616,1971.791616,157,52,84,5,20250815_211632
1755260149.6042995,7702350,1971801600,1971.8016,160,52,87,5,20250815_211632
1755260149.6145396,7702390,1971811840,1971.81184,163,52,88,5,20250815_211632
1755260149.6245236,7702429,1971821824,1971.821824,167,52,93,5,20250815_211632
1755260149.6345077,7702468,1971831808,1971.831808,170,52,98,5,20250815_211632
1755260149.6444917,7702507,1971841792,1971.841792,173,52,106,5,20250815_211632
1755260149.6544757,7702546,1971851776,1971.851776,176,52,116,5,20250815_211632
1755260149.6644597,7702585,1971861760,1971.86176,179,51,126,5,20250815_211632
1755260149.6744435,7702624,1971871744,1971.871744,183,51,132,5,20250815_211632
1755260149.6844275,7702663,1971881728,1971.881728,186,51,135,5,20250815_211632
1755260149.6944115,7702702,1971891712,1971.891712,189,52,134,5,20250815_211632
1755260149.7043955,7702741,1971901696,1971.901696,192,52,134,5,20250815_211632
1755260149.7143795,7702780,1971911680,1971.91168,195,52,135,5,20250815_211632
1755260149.7243636,7702819,1971921664,1971.921664,198,52,139,5,20250815_211632
1755260149.7343476,7702858,1971931648,1971.931648,202,53,141,5,20250815_211632
1755260149.7445877,7702898,1971941888,1971.941888,205,53,142,5,20250815_211632
1755260149.7545717,7702937,1971951872,1971.951872,208,53,143,5,20250815_211632
1755260149.7645557,7702976,1971961856,1971.961856,211,53,143,5,20250815_211632
1755260149.7745397,7703015,1971971840,1971.97184,214,54,144,5,20250815_211632
1755260149.7845235,7703054,1971981824,1971.981824,218,55,145,5,20250815_211632
1755260149.7945075,7703093,1971991808,1971.991808,221,55,145,5,20250815_211632
1755260149.8044915,7703132,1972001792,1972.001792,224,55,145,5,20250815_211632
1755260149.8144755,7703171,1972011776,1972.011776,227,56,146,5,20250815_211632
1755260149.8244596,7703210,1972021760,1972.02176,230,56,146,5,20250815_211632
1755260149.8344436,7703249,1972031744,1972.031744,234,57,146,5,20250815_211632
1755260149.8444276,7703288,1972041728,1972.041728,237,57,147,5,20250815_211632
1755260149.8544116,7703327,1972051712,1972.051712,240,57,145,5,20250815_211632
1755260149.8643956,7703366,1972061696,1972.061696,243,56,145,5,20250815_211632
1755260149.8743796,7703405,1972071680,1972.07168,246,57,145,5,20250815_211632
1755260149.8846197,7703445,1972081920,1972.08192,249,56,144,5,20250815_211632
1755260149.8946035,7703484,1972091904,1972.091904,253,56,142,5,20250815_211632
1755260149.9045875,7703523,1972101888,1972.101888,1,56,143,5,20250815_211632
1755260149.9145715,7703562,1972111872,1972.111872,4,56,141,5,20250815_211632
1755260149.9245555,7703601,1972121856,1972.121856,7,56,140,5,20250815_211632
1755260149.9345396,7703640,1972131840,1972.13184,10,56,139,5,20250815_211632
1755260149.9445236,7703679,1972141824,1972.141824,14,56,137,5,20250815_211632
1755260149.9545076,7703718,1972151808,1972.151808,17,56,136,5,20250815_211632
1755260149.9644916,7703757,1972161792,1972.161792,20,56,134,5,20250815_211632
1755260149.9744756,7703796,1972171776,1972.171776,23,56,131,5,20250815_211632
1755260149.9844596,7703835,1972181760,1972.18176,26,56,127,5,20250815_211632
1755260149.9944437,7703874,1972191744,1972.191744,30,56,126,5,20250815_211632
1755260150.0044277,7703913,1972201728,1972.201728,33,56,121,5,20250815_211632
1755260150.0146675,7703953,1972211968,1972.211968,36,56,114,5,20250815_211632
1755260150.0246515,7703992,1972221952,1972.221952,39,56,108,5,20250815_211632
1755260150.0346355,7704031,1972231936,1972.231936,42,56,103,5,20250815_211632
1755260150.0446196,7704070,1972241920,1972.24192,45,56,98,5,20250815_211632
1755260150.0546036,7704109,1972251904,1972.251904,49,56,94,5,20250815_211632
1755260150.0645876,7704148,1972261888,1972.261888,52,56,90,5,20250815_211632
1755260150.0745716,7704187,1972271872,1972.271872,55,57,87,5,20250815_211632
1755260150.0845556,7704226,1972281856,1972.281856,58,57,83,5,20250815_211632
1755260150.0945396,7704265,1972291840,1972.29184,61,57,82,5,20250815_211632
1755260150.1045237,7704304,1972301824,1972.301824,65,57,80,5,20250815_211632
1755260150.1145077,7704343,1972311808,1972.311808,68,57,79,5,20250815_211632
1755260150.1244917,7704382,1972321792,1972.321792,71,57,78,5,20250815_211632
1755260150.1344757,7704421,1972331776,1972.331776,74,57,78,5,20250815_211632
1755260150.1444595,7704460,1972341760,1972.34176,77,56,78,5,20250815_211632
1755260150.1546996,7704500,1972352000,1972.352,81,55,78,5,20250815_211632
1755260150.1646836,7704539,1972361984,1972.361984,84,54,79,5,20250815_211632
1755260150.1746676,7704578,1972371968,1972.371968,87,53,79,5,20250815_211632
1755260150.1846516,7704617,1972381952,1972.381952,90,52,79,5,20250815_211632
1755260150.1946356,7704656,1972391936,1972.391936,93,52,79,5,20250815_211632
1755260150.2046196,7704695,1972401920,1972.40192,96,50,79,5,20250815_211632
1755260150.2146037,7704734,1972411904,1972.411904,100,49,79,5,20250815_211632
1755260150.2245877,7704773,1972421888,1972.421888,103,48,79,5,20250815_211632
1755260150.2345717,7704812,1972431872,1972.431872,106,48,80,5,20250815_211632
1755260150.2445557,7704851,1972441856,1972.441856,109,47,80,5,20250815_211632
1755260150.2545395,7704890,1972451840,1972.45184,112,46,80,5,20250815_211632
1755260150.2645235,7704929,1972461824,1972.461824,116,46,80,5,20250815_211632
1755260150.2745075,7704968,1972471808,1972.471808,119,46,79,5,20250815_211632
1755260150.2844915,7705007,1972481792,1972.481792,122,46,80,5,20250815_211632
1755260150.2947316,7705047,1972492032,1972.492032,125,46,78,5,20250815_211632
1755260150.3047156,7705086,1972502016,1972.502016,128,46,80,5,20250815_211632
1755260150.3146996,7705125,1972512000,1972.512,132,47,80,5,20250815_211632
1755260150.3246837,7705164,1972521984,1972.521984,135,46,80,5,20250815_211632
1755260150.3346677,7705203,1972531968,1972.531968,138,47,80,5,20250815_211632
1755260150.3446517,7705242,1972541952,1972.541952,141,47,81,5,20250815_211632
1755260150.3546357,7705281,1972551936,1972.551936,144,47,81,5,20250815_211632
1755260150.3646195,7705320,1972561920,1972.56192,147,48,82,5,20250815_211632
1755260150.3746035,7705359,1972571904,1972.571904,151,49,82,5,20250815_211632
1755260150.3845875,7705398,1972581888,1972.581888,154,50,83,5,20250815_211632
1755260150.3945715,7705437,1972591872,1972.591872,157,51,84,5,20250815_211632
1755260150.4045556,7705476,1972601856,1972.601856,160,51,85,5,20250815_211632
1755260150.4147956,7705516,1972612096,1972.612096,163,51,87,5,20250815_211632
1755260150.4247797,7705555,1972622080,1972.62208,167,51,91,5,20250815_211632
1755260150.4347637,7705594,1972632064,1972.632064,170,51,96,5,20250815_211632
1755260150.4447474,7705633,1972642048,1972.642048,173,50,104,5,20250815_211632
1755260150.4547317,7705672,1972652032,1972.652032,176,51,113,5,20250815_211632
1755260150.4647155,7705711,1972662016,1972.662016,179,50,123,5,20250815_211632
1755260150.4746995,7705750,1972672000,1972.672,183,50,131,5,20250815_211632
1755260150.4846835,7705789,1972681984,1972.681984,186,50,135,5,20250815_211632
1755260150.4946675,7705828,1972691968,1972.691968,189,51,134,5,20250815_211632
1755260150.5046515,7705867,1972701952,1972.701952,192,51,134,5,20250815_211632
1755260150.5146356,7705906,1972711936,1972.711936,195,51,135,5,20250815_211632
1755260150.5246196,7705945,1972721920,1972.72192,198,51,138,5,20250815_211632
1755260150.5346036,7705984,1972731904,1972.731904,202,51,141,5,20250815_211632
1755260150.5448437,7706024,1972742144,1972.742144,205,52,142,5,20250815_211632
1755260150.5548277,7706063,1972752128,1972.752128,208,52,142,5,20250815_211632
1755260150.5648117,7706102,1972762112,1972.762112,211,52,143,5,20250815_211632
1755260150.5747955,7706141,1972772096,1972.772096,214,53,144,5,20250815_211632
1755260150.5847795,7706180,1972782080,1972.78208,218,53,144,5,20250815_211632
1755260150.5947635,7706219,1972792064,1972.792064,221,54,144,5,20250815_211632
1755260150.6047475,7706258,1972802048,1972.802048,224,54,145,5,20250815_211632
1755260150.6147316,7706297,1972812032,1972.812032,227,55,145,5,20250815_211632
1755260150.6247156,7706336,1972822016,1972.822016,230,56,146,5,20250815_211632
1755260150.6346996,7706375,1972832000,1972.832,234,55,146,5,20250815_211632
1755260150.6446836,7706414,1972841984,1972.841984,237,55,146,5,20250815_211632
1755260150.6546676,7706453,1972851968,1972.851968,240,55,145,5,20250815_211632
1755260150.6649077,7706493,1972862208,1972.862208,243,54,145,5,20250815_211632
1755260150.6748917,7706532,1972872192,1972.872192,246,55,146,5,20250815_211632
1755260150.6848755,7706571,1972882176,1972.882176,249,54,145,5,20250815_211632
1755260150.6948595,7706610,1972892160,1972.89216,253,54,143,5,20250815_211632
1755260150.7048435,7706649,1972902144,1972.902144,1,54,144,5,20250815_211632
1755260150.7148275,7706688,1972912128,1972.912128,4,53,142,5,20250815_211632
1755260150.7248116,7706727,1972922112,1972.922112,7,53,141,5,20250815_211632
1755260150.7347956,7706766,1972932096,1972.932096,10,53,139,5,20250815_211632
1755260150.7447796,7706805,1972942080,1972.94208,14,53,137,5,20250815_211632
1755260150.7547636,7706844,1972952064,1972.952064,17,53,136,5,20250815_211632
1755260150.7647476,7706883,1972962048,1972.962048,20,53,134,5,20250815_211632
1755260150.7747316,7706922,1972972032,1972.972032,23,53,131,5,20250815_211632
1755260150.7847157,7706961,1972982016,1972.982016,26,53,127,5,20250815_211632
1755260150.7946997,7707000,1972992000,1972.992,29,53,124,5,20250815_211632
1755260150.8049395,7707040,1973002240,1973.00224,33,53,120,5,20250815_211632
1755260150.8149235,7707079,1973012224,1973.012224,36,53,114,5,20250815_211632
1755260150.8249075,7707118,1973022208,1973.022208,39,53,107,5,20250815_211632
1755260150.8348916,7707157,1973032192,1973.032192,42,53,102,5,20250815_211632
1755260150.8448756,7707196,1973042176,1973.042176,45,53,98,5,20250815_211632
1755260150.8548596,7707235,1973052160,1973.05216,49,54,94,5,20250815_211632
1755260150.8648436,7707274,1973062144,1973.062144,52,53,89,5,20250815_211632
1755260150.8748276,7707313,1973072128,1973.072128,55,54,87,5,20250815_211632
1755260150.8848116,7707352,1973082112,1973.082112,58,54,84,5,20250815_211632
1755260150.8947957,7707391,1973092096,1973.092096,61,54,82,5,20250815_211632
1755260150.9047797,7707430,1973102080,1973.10208,65,54,80,5,20250815_211632
1755260150.9147637,7707469,1973112064,1973.112064,68,54,79,5,20250815_211632
1755260150.9250035,7707509,1973122304,1973.122304,71,54,78,5,20250815_211632
1755260150.9349875,7707548,1973132288,1973.132288,74,54,78,5,20250815_211632
1755260150.9449716,7707587,1973142272,1973.142272,77,53,78,5,20250815_211632
1755260150.9549556,7707626,1973152256,1973.152256,80,53,79,5,20250815_211632
1755260150.9649396,7707665,1973162240,1973.16224,84,52,79,5,20250815_211632
1755260150.9749236,7707704,1973172224,1973.172224,87,52,79,5,20250815_211632
1755260150.9849076,7707743,1973182208,1973.182208,90,50,79,5,20250815_211632
1755260150.9948916,7707782,1973192192,1973.192192,93,49,78,5,20250815_211632
1755260151.0048757,7707821,1973202176,1973.202176,96,48,79,5,20250815_211632
1755260151.0148597,7707860,1973212160,1973.21216,100,48,79,5,20250815_211632
1755260151.0248437,7707899,1973222144,1973.222144,103,47,79,5,20250815_211632
1755260151.0350835,7707939,1973232384,1973.232384,106,47,79,5,20250815_211632
1755260151.0450675,7707978,1973242368,1973.242368,109,46,79,5,20250815_211632
1755260151.0550516,7708017,1973252352,1973.252352,112,46,79,5,20250815_211632
1755260151.0650356,7708056,1973262336,1973.262336,116,46,79,5,20250815_211632
1755260151.0750196,7708095,1973272320,1973.27232,119,46,79,5,20250815_211632
1755260151.0850036,7708134,1973282304,1973.282304,122,47,79,5,20250815_211632
1755260151.0952437,7708174,1973292544,1973.292544,125,47,80,5,20250815_211632
1755260151.1052277,7708213,1973302528,1973.302528,128,47,80,5,20250815_211632
1755260151.1152115,7708252,1973312512,1973.312512,132,47,80,5,20250815_211632
1755260151.1251955,7708291,1973322496,1973.322496,135,47,80,5,20250815_211632
1755260151.1351795,7708330,1973332480,1973.33248,138,48,80,5,20250815_211632
1755260151.1451635,7708369,1973342464,1973.342464,141,48,80,5,20250815_211632
1755260151.1551476,7708408,1973352448,1973.352448,144,49,81,5,20250815_211632
1755260151.1653876,7708448,1973362688,1973.362688,148,50,82,5,20250815_211632
1755260151.1753716,7708487,1973372672,1973.372672,151,50,82,5,20250815_211632
1755260151.1853557,7708526,1973382656,1973.382656,154,51,83,5,20250815_211632
1755260151.1953397,7708565,1973392640,1973.39264,157,51,84,5,20250815_211632
1755260151.2053237,7708604,1973402624,1973.402624,160,52,86,5,20250815_211632
1755260151.2153077,7708643,1973412608,1973.412608,163,53,88,5,20250815_211632
1755260151.2252915,7708682,1973422592,1973.422592,167,53,91,5,20250815_211632
1755260151.2352755,7708721,1973432576,1973.432576,170,53,96,5,20250815_211632
1755260151.2455156,7708761,1973442816,1973.442816,173,53,104,5,20250815_211632
1755260151.2554996,7708800,1973452800,1973.4528,176,53,113,5,20250815_211632
1755260151.2654836,7708839,1973462784,1973.462784,179,53,123,5,20250815_211632
1755260151.2754676,7708878,1973472768,1973.472768,183,53,131,5,20250815_211632
1755260151.2854517,7708917,1973482752,1973.482752,186,53,135,5,20250815_211632
1755260151.2954357,7708956,1973492736,1973.492736,189,54,134,5,20250815_211632
1755260151.3054197,7708995,1973502720,1973.50272,192,54,133,5,20250815_211632
1755260151.3156595,7709035,1973512960,1973.51296,195,54,134,5,20250815_211632
1755260151.3256435,7709074,1973522944,1973.522944,199,55,138,5,20250815_211632
1755260151.3356276,7709113,1973532928,1973.532928,202,56,141,5,20250815_211632
1755260151.3456116,7709152,1973542912,1973.542912,205,56,142,5,20250815_211632
1755260151.3555956,7709191,1973552896,1973.552896,208,57,142,5,20250815_211632
1755260151.3655796,7709230,1973562880,1973.56288,211,57,143,5,20250815_211632
1755260151.3755636,7709269,1973572864,1973.572864,215,58,144,5,20250815_211632
1755260151.3858037,7709309,1973583104,1973.583104,218,58,144,5,20250815_211632
1755260151.3957877,7709348,1973593088,1973.593088,221,59,144,5,20250815_211632
1755260151.4057715,7709387,1973603072,1973.603072,224,59,145,5,20250815_211632
1755260151.4157555,7709426,1973613056,1973.613056,227,60,145,5,20250815_211632
1755260151.4257395,7709465,1973623040,1973.62304,230,59,147,5,20250815_211632
1755260151.4357235,7709504,1973633024,1973.633024,234,59,146,5,20250815_211632
1755260151.4457076,7709543,1973643008,1973.643008,237,59,146,5,20250815_211632
1755260151.4556916,7709582,1973652992,1973.652992,240,59,145,5,20250815_211632
1755260151.4656756,7709621,1973662976,1973.662976,243,58,145,5,20250815_211632
1755260151.4756596,7709660,1973672960,1973.67296,246,59,146,5,20250815_211632
1755260151.4858994,7709700,1973683200,1973.6832,250,58,146,5,20250815_211632
1755260151.4958837,7709739,1973693184,1973.693184,253,58,145,5,20250815_211632
1755260151.5058675,7709778,1973703168,1973.703168,1,58,146,5,20250815_211632
1755260151.5158515,7709817,1973713152,1973.713152,4,58,144,5,20250815_211632
1755260151.5258355,7709856,1973723136,1973.723136,7,58,143,5,20250815_211632
1755260151.5358195,7709895,1973733120,1973.73312,11,58,142,5,20250815_211632
1755260151.5458035,7709934,1973743104,1973.743104,14,58,140,5,20250815_211632
1755260151.5557876,7709973,1973753088,1973.753088,17,58,138,5,20250815_211632
1755260151.5657716,7710012,1973763072,1973.763072,20,58,136,5,20250815_211632
1755260151.5757556,7710051,1973773056,1973.773056,23,58,134,5,20250815_211632
1755260151.5857396,7710090,1973783040,1973.78304,26,57,129,5,20250815_211632
1755260151.5957236,7710129,1973793024,1973.793024,30,58,127,5,20250815_211632
1755260151.6057076,7710168,1973803008,1973.803008,33,57,123,5,20250815_211632
1755260151.6156917,7710207,1973812992,1973.812992,36,57,117,5,20250815_211632
1755260151.6259315,7710247,1973823232,1973.823232,39,57,110,5,20250815_211632
1755260151.6359155,7710286,1973833216,1973.833216,42,57,105,5,20250815_211632
1755260151.6458995,7710325,1973843200,1973.8432,46,57,101,5,20250815_211632
1755260151.6558836,7710364,1973853184,1973.853184,49,58,95,5,20250815_211632
1755260151.6658676,7710403,1973863168,1973.863168,52,58,91,5,20250815_211632
1755260151.6758516,7710442,1973873152,1973.873152,55,58,88,5,20250815_211632
1755260151.6858356,7710481,1973883136,1973.883136,58,58,85,5,20250815_211632
1755260151.6958196,7710520,1973893120,1973.89312,62,59,83,5,20250815_211632
1755260151.7058036,7710559,1973903104,1973.903104,65,58,82,5,20250815_211632
1755260151.7157876,7710598,1973913088,1973.913088,68,59,80,5,20250815_211632
1755260151.7257717,7710637,1973923072,1973.923072,71,59,78,5,20250815_211632
1755260151.7357557,7710676,1973933056,1973.933056,74,59,77,5,20250815_211632
1755260151.7457397,7710715,1973943040,1973.94304,77,58,78,5,20250815_211632
1755260151.7557237,7710754,1973953024,1973.953024,81,58,78,5,20250815_211632
1755260151.7659636,7710794,1973963264,1973.963264,84,57,78,5,20250815_211632
1755260151.7759476,7710833,1973973248,1973.973248,87,56,79,5,20250815_211632
1755260151.7859316,7710872,1973983232,1973.983232,90,55,79,5,20250815_211632
1755260151.7959156,7710911,1973993216,1973.993216,93,54,79,5,20250815_211632
1755260151.8058996,7710950,1974003200,1974.0032,97,53,79,5,20250815_211632
1755260151.8158836,7710989,1974013184,1974.013184,100,52,79,5,20250815_211632
1755260151.8258677,7711028,1974023168,1974.023168,103,51,79,5,20250815_211632
1755260151.8358517,7711067,1974033152,1974.033152,106,51,79,5,20250815_211632
1755260151.8458354,7711106,1974043136,1974.043136,109,50,79,5,20250815_211632
1755260151.8558197,7711145,1974053120,1974.05312,113,50,79,5,20250815_211632
1755260151.8658037,7711184,1974063104,1974.063104,116,50,79,5,20250815_211632
1755260151.8757875,7711223,1974073088,1974.073088,119,50,80,5,20250815_211632
1755260151.8857715,7711262,1974083072,1974.083072,122,49,79,5,20250815_211632
1755260151.8957555,7711301,1974093056,1974.093056,125,49,79,5,20250815_211632
1755260151.9057395,7711340,1974103040,1974.10304,128,49,80,5,20250815_211632
1755260151.9159796,7711380,1974113280,1974.11328,132,49,79,5,20250815_211632
1755260151.9259636,7711419,1974123264,1974.123264,135,49,80,5,20250815_211632
1755260151.9359477,7711458,1974133248,1974.133248,138,50,80,5,20250815_211632
1755260151.9459317,7711497,1974143232,1974.143232,141,49,82,5,20250815_211632
1755260151.9559157,7711536,1974153216,1974.153216,144,51,81,5,20250815_211632
1755260151.9658997,7711575,1974163200,1974.1632,148,51,82,5,20250815_211632
1755260151.9758835,7711614,1974173184,1974.173184,151,52,82,5,20250815_211632
1755260151.9858675,7711653,1974183168,1974.183168,154,52,84,5,20250815_211632
1755260151.9958515,7711692,1974193152,1974.193152,157,53,85,5,20250815_211632
1755260152.0058355,7711731,1974203136,1974.203136,160,53,86,5,20250815_211632
1755260152.0158195,7711770,1974213120,1974.21312,164,54,89,5,20250815_211632
1755260152.0258036,7711809,1974223104,1974.223104,167,54,93,5,20250815_211632
1755260152.0357876,7711848,1974233088,1974.233088,170,54,98,5,20250815_211632
1755260152.0457716,7711887,1974243072,1974.243072,173,54,108,5,20250815_211632
1755260152.0560117,7711927,1974253312,1974.253312,176,54,117,5,20250815_211632
1755260152.0659957,7711966,1974263296,1974.263296,179,53,127,5,20250815_211632
1755260152.0759797,7712005,1974273280,1974.27328,183,53,133,5,20250815_211632
1755260152.0859635,7712044,1974283264,1974.283264,186,54,135,5,20250815_211632
1755260152.0959475,7712083,1974293248,1974.293248,189,54,134,5,20250815_211632
1755260152.1059315,7712122,1974303232,1974.303232,192,54,134,5,20250815_211632
1755260152.1159155,7712161,1974313216,1974.313216,195,54,137,5,20250815_211632
1755260152.1258996,7712200,1974323200,1974.3232,199,54,140,5,20250815_211632
1755260152.1358836,7712239,1974333184,1974.333184,202,55,141,5,20250815_211632
1755260152.1458676,7712278,1974343168,1974.343168,205,55,143,5,20250815_211632
1755260152.1558516,7712317,1974353152,1974.353152,208,56,143,5,20250815_211632
1755260152.1658356,7712356,1974363136,1974.363136,211,56,143,5,20250815_211632
1755260152.1758196,7712395,1974373120,1974.37312,214,57,144,5,20250815_211632
1755260152.1858037,7712434,1974383104,1974.383104,218,58,145,5,20250815_211632
1755260152.1960435,7712474,1974393344,1974.393344,221,57,145,5,20250815_211632
1755260152.2060275,7712513,1974403328,1974.403328,224,58,145,5,20250815_211632
1755260152.2160115,7712552,1974413312,1974.413312,227,58,145,5,20250815_211632
1755260152.2259955,7712591,1974423296,1974.423296,230,58,146,5,20250815_211632
1755260152.2359796,7712630,1974433280,1974.43328,234,58,146,5,20250815_211632
1755260152.2459636,7712669,1974443264,1974.443264,237,58,146,5,20250815_211632
1755260152.2559476,7712708,1974453248,1974.453248,240,57,145,5,20250815_211632
1755260152.2659316,7712747,1974463232,1974.463232,243,58,145,5,20250815_211632
1755260152.2759156,7712786,1974473216,1974.473216,246,57,144,5,20250815_211632
1755260152.2858996,7712825,1974483200,1974.4832,250,57,144,5,20250815_211632
1755260152.2958837,7712864,1974493184,1974.493184,253,57,142,5,20250815_211632
1755260152.3058677,7712903,1974503168,1974.503168,1,58,143,5,20250815_211632
1755260152.3158514,7712942,1974513152,1974.513152,4,57,142,5,20250815_211632
1755260152.3258357,7712981,1974523136,1974.523136,7,57,140,5,20250815_211632
1755260152.3358195,7713020,1974533120,1974.53312,10,57,139,5,20250815_211632
1755260152.3460596,7713060,1974543360,1974.54336,14,57,136,5,20250815_211632
1755260152.3560436,7713099,1974553344,1974.553344,17,57,136,5,20250815_211632
1755260152.3660276,7713138,1974563328,1974.563328,20,57,133,5,20250815_211632
1755260152.3760116,7713177,1974573312,1974.573312,23,57,130,5,20250815_211632
1755260152.3859956,7713216,1974583296,1974.583296,26,57,127,5,20250815_211632
1755260152.3959796,7713255,1974593280,1974.59328,30,57,124,5,20250815_211632
1755260152.4059637,7713294,1974603264,1974.603264,33,57,119,5,20250815_211632
1755260152.4159477,7713333,1974613248,1974.613248,36,57,113,5,20250815_211632
1755260152.4259317,7713372,1974623232,1974.623232,39,57,107,5,20250815_211632
1755260152.4359157,7713411,1974633216,1974.633216,42,57,103,5,20250815_211632
1755260152.4458995,7713450,1974643200,1974.6432,46,57,98,5,20250815_211632
1755260152.4558835,7713489,1974653184,1974.653184,49,57,93,5,20250815_211632
1755260152.4658675,7713528,1974663168,1974.663168,52,57,90,5,20250815_211632
1755260152.4758515,7713567,1974673152,1974.673152,55,57,87,5,20250815_211632
1755260152.4860916,7713607,1974683392,1974.683392,58,58,84,5,20250815_211632
1755260152.4960756,7713646,1974693376,1974.693376,61,58,83,5,20250815_211632
1755260152.5060596,7713685,1974703360,1974.70336,65,58,80,5,20250815_211632
1755260152.5160437,7713724,1974713344,1974.713344,68,58,80,5,20250815_211632
1755260152.5260277,7713763,1974723328,1974.723328,71,58,78,5,20250815_211632
1755260152.5360117,7713802,1974733312,1974.733312,74,58,77,5,20250815_211632
1755260152.5459957,7713841,1974743296,1974.743296,77,57,77,5,20250815_211632
1755260152.5559795,7713880,1974753280,1974.75328,81,56,78,5,20250815_211632
1755260152.5659635,7713919,1974763264,1974.763264,84,55,78,5,20250815_211632
1755260152.5759475,7713958,1974773248,1974.773248,87,56,79,5,20250815_211632
1755260152.5859315,7713997,1974783232,1974.783232,90,53,79,5,20250815_211632
1755260152.5959156,7714036,1974793216,1974.793216,93,52,79,5,20250815_211632
1755260152.6058996,7714075,1974803200,1974.8032,97,51,78,5,20250815_211632
1755260152.6158836,7714114,1974813184,1974.813184,100,50,79,5,20250815_211632
1755260152.6258676,7714153,1974823168,1974.823168,103,49,79,5,20250815_211632
1755260152.6361077,7714193,1974833408,1974.833408,106,49,79,5,20250815_211632
1755260152.6460917,7714232,1974843392,1974.843392,109,48,79,5,20250815_211632
1755260152.6560757,7714271,1974853376,1974.853376,112,48,79,5,20250815_211632
1755260152.6660595,7714310,1974863360,1974.86336,116,48,80,5,20250815_211632
1755260152.6760435,7714349,1974873344,1974.873344,119,47,79,5,20250815_211632
1755260152.6860275,7714388,1974883328,1974.883328,122,47,80,5,20250815_211632
1755260152.6960115,7714427,1974893312,1974.893312,125,47,80,5,20250815_211632
1755260152.7059956,7714466,1974903296,1974.903296,128,47,80,5,20250815_211632
1755260152.7159796,7714505,1974913280,1974.91328,132,47,81,5,20250815_211632
1755260152.7259636,7714544,1974923264,1974.923264,135,47,80,5,20250815_211632
1755260152.7359476,7714583,1974933248,1974.933248,138,47,80,5,20250815_211632
1755260152.7459316,7714622,1974943232,1974.943232,141,48,81,5,20250815_211632
1755260152.7559156,7714661,1974953216,1974.953216,144,48,81,5,20250815_211632
1755260152.7658997,7714700,1974963200,1974.9632,147,49,82,5,20250815_211632
1755260152.7758837,7714739,1974973184,1974.973184,151,49,82,5,20250815_211632
1755260152.7861235,7714779,1974983424,1974.983424,154,50,83,5,20250815_211632
1755260152.7961075,7714818,1974993408,1974.993408,157,51,84,5,20250815_211632
1755260152.8060915,7714857,1975003392,1975.003392,160,51,85,5,20250815_211632
1755260152.8160756,7714896,1975013376,1975.013376,163,52,88,5,20250815_211632
1755260152.8260596,7714935,1975023360,1975.02336,167,52,91,5,20250815_211632
1755260152.8360436,7714974,1975033344,1975.033344,170,52,96,5,20250815_211632
1755260152.8460276,7715013,1975043328,1975.043328,173,52,104,5,20250815_211632
1755260152.8560116,7715052,1975053312,1975.053312,176,52,114,5,20250815_211632
1755260152.8659956,7715091,1975063296,1975.063296,179,52,124,5,20250815_211632
1755260152.8759797,7715130,1975073280,1975.07328,183,52,131,5,20250815_211632
1755260152.8859637,7715169,1975083264,1975.083264,186,52,135,5,20250815_211632
1755260152.8959477,7715208,1975093248,1975.093248,189,52,133,5,20250815_211632
1755260152.9059317,7715247,1975103232,1975.103232,192,52,133,5,20250815_211632
1755260152.9159155,7715286,1975113216,1975.113216,195,53,135,5,20250815_211632
1755260152.9261556,7715326,1975123456,1975.123456,198,53,138,5,20250815_211632
1755260152.9361396,7715365,1975133440,1975.13344,202,53,141,5,20250815_211632
1755260152.9461236,7715404,1975143424,1975.143424,205,53,142,5,20250815_211632
1755260152.9561076,7715443,1975153408,1975.153408,208,54,143,5,20250815_211632
1755260152.9660916,7715482,1975163392,1975.163392,211,54,143,5,20250815_211632
1755260152.9760756,7715521,1975173376,1975.173376,214,55,143,5,20250815_211632
1755260152.9860597,7715560,1975183360,1975.18336,218,55,144,5,20250815_211632
1755260152.9960437,7715599,1975193344,1975.193344,221,56,144,5,20250815_211632
1755260153.0060277,7715638,1975203328,1975.203328,224,56,145,5,20250815_211632
1755260153.0160117,7715677,1975213312,1975.213312,227,56,145,5,20250815_211632
1755260153.0259955,7715716,1975223296,1975.223296,230,56,145,5,20250815_211632
1755260153.0359795,7715755,1975233280,1975.23328,234,56,145,5,20250815_211632
1755260153.0459635,7715794,1975243264,1975.243264,237,56,146,5,20250815_211632
1755260153.0559475,7715833,1975253248,1975.253248,240,55,145,5,20250815_211632
1755260153.0661876,7715873,1975263488,1975.263488,243,55,145,5,20250815_211632
1755260153.0761716,7715912,1975273472,1975.273472,246,56,144,5,20250815_211632
1755260153.0861557,7715951,1975283456,1975.283456,249,55,143,5,20250815_211632
1755260153.0961397,7715990,1975293440,1975.29344,253,54,142,5,20250815_211632
1755260153.1061234,7716029,1975303424,1975.303424,1,55,143,5,20250815_211632
1755260153.1161077,7716068,1975313408,1975.313408,4,55,140,5,20250815_211632
1755260153.1260917,7716107,1975323392,1975.323392,7,55,141,5,20250815_211632
1755260153.1360755,7716146,1975333376,1975.333376,10,55,139,5,20250815_211632
1755260153.1460595,7716185,1975343360,1975.34336,14,55,138,5,20250815_211632
1755260153.1560435,7716224,1975353344,1975.353344,17,55,136,5,20250815_211632
1755260153.1660275,7716263,1975363328,1975.363328,20,55,134,5,20250815_211632
1755260153.1760116,7716302,1975373312,1975.373312,23,55,131,5,20250815_211632
1755260153.1859956,7716341,1975383296,1975.383296,26,55,127,5,20250815_211632
1755260153.1959796,7716380,1975393280,1975.39328,30,54,125,5,20250815_211632
1755260153.2059636,7716419,1975403264,1975.403264,33,55,119,5,20250815_211632
1755260153.2162037,7716459,1975413504,1975.413504,36,54,113,5,20250815_211632
1755260153.2261877,7716498,1975423488,1975.423488,39,55,108,5,20250815_211632
1755260153.2361715,7716537,1975433472,1975.433472,42,54,102,5,20250815_211632
1755260153.2461555,7716576,1975443456,1975.443456,45,55,98,5,20250815_211632
1755260153.2561395,7716615,1975453440,1975.45344,49,55,94,5,20250815_211632
1755260153.2661235,7716654,1975463424,1975.463424,52,55,90,5,20250815_211632
1755260153.2761075,7716693,1975473408,1975.473408,55,55,88,5,20250815_211632
1755260153.2860916,7716732,1975483392,1975.483392,58,56,84,5,20250815_211632
1755260153.2960756,7716771,1975493376,1975.493376,61,57,83,5,20250815_211632
1755260153.3060596,7716810,1975503360,1975.50336,65,56,80,5,20250815_211632
1755260153.3160436,7716849,1975513344,1975.513344,68,56,79,5,20250815_211632
1755260153.3260276,7716888,1975523328,1975.523328,71,57,78,5,20250815_211632
1755260153.3360116,7716927,1975533312,1975.533312,74,56,78,5,20250815_211632
1755260153.3459957,7716966,1975543296,1975.543296,77,56,78,5,20250815_211632
1755260153.3562355,7717006,1975553536,1975.553536,80,55,78,5,20250815_211632
1755260153.3662195,7717045,1975563520,1975.56352,84,54,78,5,20250815_211632
1755260153.3762035,7717084,1975573504,1975.573504,87,53,79,5,20250815_211632
1755260153.3861876,7717123,1975583488,1975.583488,90,53,78,5,20250815_211632
1755260153.3961716,7717162,1975593472,1975.593472,93,51,79,5,20250815_211632
1755260153.4061556,7717201,1975603456,1975.603456,96,50,79,5,20250815_211632
1755260153.4161396,7717240,1975613440,1975.61344,100,49,79,5,20250815_211632
1755260153.4261236,7717279,1975623424,1975.623424,103,48,79,5,20250815_211632
1755260153.4361076,7717318,1975633408,1975.633408,106,48,79,5,20250815_211632
1755260153.4460917,7717357,1975643392,1975.643392,109,47,79,5,20250815_211632
1755260153.4560757,7717396,1975653376,1975.653376,112,47,79,5,20250815_211632
1755260153.4660597,7717435,1975663360,1975.66336,116,47,80,5,20250815_211632
1755260153.4760437,7717474,1975673344,1975.673344,119,46,79,5,20250815_211632
1755260153.4860277,7717513,1975683328,1975.683328,122,46,79,5,20250815_211632
1755260153.4962676,7717553,1975693568,1975.693568,125,46,78,5,20250815_211632
1755260153.5062516,7717592,1975703552,1975.703552,128,46,79,5,20250815_211632
1755260153.5162356,7717631,1975713536,1975.713536,131,46,80,5,20250815_211632
1755260153.5262196,7717670,1975723520,1975.72352,135,47,80,5,20250815_211632
1755260153.5362036,7717709,1975733504,1975.733504,138,46,80,5,20250815_211632
1755260153.5461876,7717748,1975743488,1975.743488,141,47,80,5,20250815_211632
1755260153.5561717,7717787,1975753472,1975.753472,144,47,81,5,20250815_211632
1755260153.5661557,7717826,1975763456,1975.763456,147,48,82,5,20250815_211632
1755260153.5761397,7717865,1975773440,1975.77344,151,48,82,5,20250815_211632
1755260153.5861237,7717904,1975783424,1975.783424,154,48,83,5,20250815_211632
1755260153.5961075,7717943,1975793408,1975.793408,157,49,84,5,20250815_211632
1755260153.6060915,7717982,1975803392,1975.803392,160,50,86,5,20250815_211632
1755260153.6160755,7718021,1975813376,1975.813376,163,50,88,5,20250815_211632
1755260153.6260595,7718060,1975823360,1975.82336,167,51,92,5,20250815_211632
1755260153.6362996,7718100,1975833600,1975.8336,170,51,97,5,20250815_211632
1755260153.6462836,7718139,1975843584,1975.843584,173,52,105,5,20250815_211632
1755260153.6562676,7718178,1975853568,1975.853568,176,52,115,5,20250815_211632
1755260153.6662517,7718217,1975863552,1975.863552,179,51,123,5,20250815_211632
1755260153.6762357,7718256,1975873536,1975.873536,182,51,131,5,20250815_211632
1755260153.6862197,7718295,1975883520,1975.88352,186,51,135,5,20250815_211632
1755260153.6962037,7718334,1975893504,1975.893504,189,51,134,5,20250815_211632
1755260153.7061875,7718373,1975903488,1975.903488,192,52,134,5,20250815_211632
1755260153.7161715,7718412,1975913472,1975.913472,195,52,135,5,20250815_211632
1755260153.7261555,7718451,1975923456,1975.923456,198,52,139,5,20250815_211632
1755260153.7361395,7718490,1975933440,1975.93344,202,52,141,5,20250815_211632
1755260153.7461236,7718529,1975943424,1975.943424,205,53,142,5,20250815_211632
1755260153.7561076,7718568,1975953408,1975.953408,208,53,142,5,20250815_211632
1755260153.7660916,7718607,1975963392,1975.963392,211,53,143,5,20250815_211632
1755260153.7760756,7718646,1975973376,1975.973376,214,54,144,5,20250815_211632
1755260153.7863157,7718686,1975983616,1975.983616,218,54,144,5,20250815_211632
1755260153.7962997,7718725,1975993600,1975.9936,221,54,144,5,20250815_211632
1755260153.8062837,7718764,1976003584,1976.003584,224,54,145,5,20250815_211632
1755260153.8162675,7718803,1976013568,1976.013568,227,54,145,5,20250815_211632
1755260153.8262515,7718842,1976023552,1976.023552,230,54,145,5,20250815_211632
1755260153.8362355,7718881,1976033536,1976.033536,233,54,146,5,20250815_211632
1755260153.8462195,7718920,1976043520,1976.04352,237,53,146,5,20250815_211632
1755260153.8562036,7718959,1976053504,1976.053504,240,53,146,5,20250815_211632
1755260153.8661876,7718998,1976063488,1976.063488,243,53,145,5,20250815_211632
1755260153.8761716,7719037,1976073472,1976.073472,246,53,143,5,20250815_211632
1755260153.8861556,7719076,1976083456,1976.083456,249,53,143,5,20250815_211632
1755260153.8961396,7719115,1976093440,1976.09344,253,53,142,5,20250815_211632
1755260153.9061236,7719154,1976103424,1976.103424,1,53,143,5,20250815_211632
1755260153.9161077,7719193,1976113408,1976.113408,4,53,141,5,20250815_211632
1755260153.9263475,7719233,1976123648,1976.123648,7,53,140,5,20250815_211632
1755260153.9363315,7719272,1976133632,1976.133632,10,53,139,5,20250815_211632
1755260153.9463155,7719311,1976143616,1976.143616,13,53,138,5,20250815_211632
1755260153.9562995,7719350,1976153600,1976.1536,17,54,136,5,20250815_211632
1755260153.9662836,7719389,1976163584,1976.163584,20,53,134,5,20250815_211632
1755260153.9762676,7719428,1976173568,1976.173568,23,54,131,5,20250815_211632
1755260153.9862516,7719467,1976183552,1976.183552,26,54,127,5,20250815_211632
1755260153.9962356,7719506,1976193536,1976.193536,29,54,125,5,20250815_211632
1755260154.0062196,7719545,1976203520,1976.20352,33,54,121,5,20250815_211632
1755260154.0162036,7719584,1976213504,1976.213504,36,54,115,5,20250815_211632
1755260154.0261877,7719623,1976223488,1976.223488,39,53,108,5,20250815_211632
1755260154.0361717,7719662,1976233472,1976.233472,42,54,103,5,20250815_211632
1755260154.0461557,7719701,1976243456,1976.243456,45,54,98,5,20250815_211632
1755260154.0561397,7719740,1976253440,1976.25344,49,54,95,5,20250815_211632
1755260154.0661235,7719779,1976263424,1976.263424,52,54,90,5,20250815_211632
1755260154.0763636,7719819,1976273664,1976.273664,55,54,88,5,20250815_211632
1755260154.0863476,7719858,1976283648,1976.283648,58,54,84,5,20250815_211632
1755260154.0963316,7719897,1976293632,1976.293632,61,55,82,5,20250815_211632
1755260154.1063156,7719936,1976303616,1976.303616,64,55,81,5,20250815_211632
1755260154.1162996,7719975,1976313600,1976.3136,68,55,80,5,20250815_211632
1755260154.1262836,7720014,1976323584,1976.323584,71,55,78,5,20250815_211632
1755260154.1362677,7720053,1976333568,1976.333568,74,55,77,5,20250815_211632
1755260154.1462517,7720092,1976343552,1976.343552,77,54,78,5,20250815_211632
1755260154.1562357,7720131,1976353536,1976.353536,80,53,78,5,20250815_211632
1755260154.1662197,7720170,1976363520,1976.36352,84,53,79,5,20250815_211632
1755260154.1762035,7720209,1976373504,1976.373504,87,52,79,5,20250815_211632
1755260154.1861875,7720248,1976383488,1976.383488,90,50,79,5,20250815_211632
1755260154.1961715,7720287,1976393472,1976.393472,93,50,80,5,20250815_211632
1755260154.2061555,7720326,1976403456,1976.403456,96,48,79,5,20250815_211632
1755260154.2163956,7720366,1976413696,1976.413696,100,48,79,5,20250815_211632
1755260154.2263796,7720405,1976423680,1976.42368,103,47,79,5,20250815_211632
1755260154.2363636,7720444,1976433664,1976.433664,106,47,80,5,20250815_211632
1755260154.2463477,7720483,1976443648,1976.443648,109,46,79,5,20250815_211632
1755260154.2563317,7720522,1976453632,1976.453632,112,45,80,5,20250815_211632
1755260154.2663157,7720561,1976463616,1976.463616,115,45,80,5,20250815_211632
1755260154.2762997,7720600,1976473600,1976.4736,119,45,80,5,20250815_211632
1755260154.2862835,7720639,1976483584,1976.483584,122,45,80,5,20250815_211632
1755260154.2962675,7720678,1976493568,1976.493568,125,46,80,5,20250815_211632
1755260154.3062515,7720717,1976503552,1976.503552,128,45,80,5,20250815_211632
1755260154.3162355,7720756,1976513536,1976.513536,131,45,80,5,20250815_211632
1755260154.3262196,7720795,1976523520,1976.52352,135,45,80,5,20250815_211632
1755260154.3362036,7720834,1976533504,1976.533504,138,45,81,5,20250815_211632
1755260154.3461876,7720873,1976543488,1976.543488,141,45,81,5,20250815_211632
1755260154.3561716,7720912,1976553472,1976.553472,144,46,81,5,20250815_211632
1755260154.3664114,7720952,1976563712,1976.563712,147,46,82,5,20250815_211632
1755260154.3763957,7720991,1976573696,1976.573696,151,47,83,5,20250815_211632
1755260154.3863797,7721030,1976583680,1976.58368,154,47,83,5,20250815_211632
1755260154.3963635,7721069,1976593664,1976.593664,157,48,85,5,20250815_211632
1755260154.4063475,7721108,1976603648,1976.603648,160,48,86,5,20250815_211632
1755260154.4163315,7721147,1976613632,1976.613632,163,49,89,5,20250815_211632
1755260154.4263155,7721186,1976623616,1976.623616,166,49,93,5,20250815_211632
1755260154.4362996,7721225,1976633600,1976.6336,170,50,98,5,20250815_211632
1755260154.4462836,7721264,1976643584,1976.643584,173,50,107,5,20250815_211632
1755260154.4562676,7721303,1976653568,1976.653568,176,51,117,5,20250815_211632
1755260154.4662516,7721342,1976663552,1976.663552,179,50,126,5,20250815_211632
1755260154.4762356,7721381,1976673536,1976.673536,182,51,133,5,20250815_211632
1755260154.4862196,7721420,1976683520,1976.68352,186,51,135,5,20250815_211632
1755260154.4962037,7721459,1976693504,1976.693504,189,51,133,5,20250815_211632
1755260154.5064435,7721499,1976703744,1976.703744,192,51,134,5,20250815_211632
1755260154.5164275,7721538,1976713728,1976.713728,195,52,136,5,20250815_211632
1755260154.5264115,7721577,1976723712,1976.723712,198,52,139,5,20250815_211632
1755260154.5363955,7721616,1976733696,1976.733696,201,52,141,5,20250815_211632
1755260154.5463796,7721655,1976743680,1976.74368,205,52,142,5,20250815_211632
1755260154.5563636,7721694,1976753664,1976.753664,208,53,142,5,20250815_211632
1755260154.5663476,7721733,1976763648,1976.763648,211,52,143,5,20250815_211632
1755260154.5763316,7721772,1976773632,1976.773632,214,52,144,5,20250815_211632
1755260154.5863156,7721811,1976783616,1976.783616,217,52,145,5,20250815_211632
1755260154.5962996,7721850,1976793600,1976.7936,221,52,145,5,20250815_211632
1755260154.6062837,7721889,1976803584,1976.803584,224,52,145,5,20250815_211632
1755260154.6162677,7721928,1976813568,1976.813568,227,52,145,5,20250815_211632
1755260154.6262517,7721967,1976823552,1976.823552,230,52,146,5,20250815_211632
1755260154.6362357,7722006,1976833536,1976.833536,233,52,146,5,20250815_211632
1755260154.6464756,7722046,1976843776,1976.843776,237,52,146,5,20250815_211632
1755260154.6564596,7722085,1976853760,1976.85376,240,51,145,5,20250815_211632
1755260154.6664436,7722124,1976863744,1976.863744,243,52,146,5,20250815_211632
1755260154.6764276,7722163,1976873728,1976.873728,246,52,146,5,20250815_211632
1755260154.6864116,7722202,1976883712,1976.883712,249,52,146,5,20250815_211632
1755260154.6963956,7722241,1976893696,1976.893696,252,52,145,5,20250815_211632
1755260154.7063797,7722280,1976903680,1976.90368,1,52,144,5,20250815_211632
1755260154.7163637,7722319,1976913664,1976.913664,4,52,143,5,20250815_211632
1755260154.7263477,7722358,1976923648,1976.923648,7,52,142,5,20250815_211632
1755260154.7363317,7722397,1976933632,1976.933632,10,52,141,5,20250815_211632
1755260154.7463157,7722436,1976943616,1976.943616,13,52,140,5,20250815_211632
1755260154.7562995,7722475,1976953600,1976.9536,17,52,138,5,20250815_211632
1755260154.7662835,7722514,1976963584,1976.963584,20,52,136,5,20250815_211632
1755260154.7762675,7722553,1976973568,1976.973568,23,52,134,5,20250815_211632
1755260154.7862515,7722592,1976983552,1976.983552,26,52,131,5,20250815_211632
1755260154.7964916,7722632,1976993792,1976.993792,29,53,128,5,20250815_211632
1755260154.8064756,7722671,1977003776,1977.003776,33,52,123,5,20250815_211632
1755260154.8164597,7722710,1977013760,1977.01376,36,52,116,5,20250815_211632
1755260154.8264437,7722749,1977023744,1977.023744,39,52,110,5,20250815_211632
1755260154.8364277,7722788,1977033728,1977.033728,42,52,104,5,20250815_211632
1755260154.8464117,7722827,1977043712,1977.043712,45,52,100,5,20250815_211632
1755260154.8563955,7722866,1977053696,1977.053696,48,52,97,5,20250815_211632
1755260154.8663795,7722905,1977063680,1977.06368,52,52,92,5,20250815_211632
1755260154.8763635,7722944,1977073664,1977.073664,55,53,88,5,20250815_211632
1755260154.8863475,7722983,1977083648,1977.083648,58,53,86,5,20250815_211632
1755260154.8963315,7723022,1977093632,1977.093632,61,54,84,5,20250815_211632
1755260154.9063156,7723061,1977103616,1977.103616,64,54,81,5,20250815_211632
1755260154.9162996,7723100,1977113600,1977.1136,68,54,80,5,20250815_211632
1755260154.9262836,7723139,1977123584,1977.123584,71,53,79,5,20250815_211632
1755260154.9365237,7723179,1977133824,1977.133824,74,53,78,5,20250815_211632
1755260154.9465077,7723218,1977143808,1977.143808,77,53,78,5,20250815_211632
1755260154.9564917,7723257,1977153792,1977.153792,80,52,78,5,20250815_211632
1755260154.9664755,7723296,1977163776,1977.163776,84,52,78,5,20250815_211632
1755260154.9764595,7723335,1977173760,1977.17376,87,50,79,5,20250815_211632
1755260154.9864435,7723374,1977183744,1977.183744,90,50,79,5,20250815_211632
1755260154.9964275,7723413,1977193728,1977.193728,93,49,79,5,20250815_211632
1755260155.0064116,7723452,1977203712,1977.203712,96,48,79,5,20250815_211632
1755260155.0163956,7723491,1977213696,1977.213696,99,47,79,5,20250815_211632
1755260155.0263796,7723530,1977223680,1977.22368,103,47,79,5,20250815_211632
1755260155.0363636,7723569,1977233664,1977.233664,106,46,79,5,20250815_211632
1755260155.0463476,7723608,1977243648,1977.243648,109,45,79,5,20250815_211632
1755260155.0563316,7723647,1977253632,1977.253632,112,45,79,5,20250815_211632
1755260155.0663157,7723686,1977263616,1977.263616,115,44,79,5,20250815_211632
1755260155.0765555,7723726,1977273856,1977.273856,119,44,79,5,20250815_211632
1755260155.0865395,7723765,1977283840,1977.28384,122,44,78,5,20250815_211632
1755260155.0965235,7723804,1977293824,1977.293824,125,44,78,5,20250815_211632
1755260155.1065075,7723843,1977303808,1977.303808,128,44,79,5,20250815_211632
1755260155.1164916,7723882,1977313792,1977.313792,131,44,80,5,20250815_211632
1755260155.1264756,7723921,1977323776,1977.323776,134,44,80,5,20250815_211632
1755260155.1364596,7723960,1977333760,1977.33376,138,44,80,5,20250815_211632
1755260155.1464436,7723999,1977343744,1977.343744,141,44,80,5,20250815_211632
1755260155.1564276,7724038,1977353728,1977.353728,144,44,81,5,20250815_211632
1755260155.1664116,7724077,1977363712,1977.363712,147,45,82,5,20250815_211632
1755260155.1763957,7724116,1977373696,1977.373696,150,45,81,5,20250815_211632
1755260155.1863797,7724155,1977383680,1977.38368,154,45,83,5,20250815_211632
1755260155.1963634,7724194,1977393664,1977.393664,157,46,85,5,20250815_211632
1755260155.2063477,7724233,1977403648,1977.403648,160,46,87,5,20250815_211632
1755260155.2163315,7724272,1977413632,1977.413632,163,46,89,5,20250815_211632
1755260155.2265716,7724312,1977423872,1977.423872,166,46,93,5,20250815_211632
1755260155.2365556,7724351,1977433856,1977.433856,170,47,99,5,20250815_211632
1755260155.2465396,7724390,1977443840,1977.44384,173,47,109,5,20250815_211632
1755260155.2565236,7724429,1977453824,1977.453824,176,48,118,5,20250815_211632
1755260155.2665076,7724468,1977463808,1977.463808,179,48,127,5,20250815_211632
1755260155.2764916,7724507,1977473792,1977.473792,182,49,133,5,20250815_211632
1755260155.2864757,7724546,1977483776,1977.483776,185,49,135,5,20250815_211632
1755260155.2964597,7724585,1977493760,1977.49376,189,49,134,5,20250815_211632
1755260155.3064437,7724624,1977503744,1977.503744,192,49,135,5,20250815_211632
1755260155.3164277,7724663,1977513728,1977.513728,195,51,137,5,20250815_211632
1755260155.3264115,7724702,1977523712,1977.523712,198,50,140,5,20250815_211632
1755260155.3363955,7724741,1977533696,1977.533696,201,50,142,5,20250815_211632
1755260155.3463795,7724780,1977543680,1977.54368,205,50,142,5,20250815_211632
1755260155.3563635,7724819,1977553664,1977.553664,208,51,143,5,20250815_211632
1755260155.3666036,7724859,1977563904,1977.563904,211,51,143,5,20250815_211632
1755260155.3765876,7724898,1977573888,1977.573888,214,51,144,5,20250815_211632
1755260155.3865716,7724937,1977583872,1977.583872,217,51,144,5,20250815_211632
1755260155.3965557,7724976,1977593856,1977.593856,221,51,145,5,20250815_211632
1755260155.4065397,7725015,1977603840,1977.60384,224,51,145,5,20250815_211632
1755260155.4165237,7725054,1977613824,1977.613824,227,51,145,5,20250815_211632
1755260155.4265077,7725093,1977623808,1977.623808,230,51,146,5,20250815_211632
1755260155.4364915,7725132,1977633792,1977.633792,233,51,146,5,20250815_211632
1755260155.4464755,7725171,1977643776,1977.643776,236,51,149,5,20250815_211632
1755260155.4564595,7725210,1977653760,1977.65376,240,51,145,5,20250815_211632
1755260155.4664435,7725249,1977663744,1977.663744,243,51,146,5,20250815_211632
1755260155.4764276,7725288,1977673728,1977.673728,246,51,145,5,20250815_211632
1755260155.4864116,7725327,1977683712,1977.683712,249,52,146,5,20250815_211632
1755260155.4963956,7725366,1977693696,1977.693696,252,51,145,5,20250815_211632
1755260155.5066357,7725406,1977703936,1977.703936,1,52,145,5,20250815_211632
1755260155.5166197,7725445,1977713920,1977.71392,4,52,143,5,20250815_211632
1755260155.5266037,7725484,1977723904,1977.723904,7,52,143,5,20250815_211632
1755260155.5365877,7725523,1977733888,1977.733888,10,52,141,5,20250815_211632
1755260155.5465715,7725562,1977743872,1977.743872,13,52,139,5,20250815_211632
1755260155.5565555,7725601,1977753856,1977.753856,17,52,137,5,20250815_211632
1755260155.5665395,7725640,1977763840,1977.76384,20,52,135,5,20250815_211632
1755260155.5765235,7725679,1977773824,1977.773824,23,52,133,5,20250815_211632
1755260155.5865076,7725718,1977783808,1977.783808,26,52,127,5,20250815_211632
1755260155.5964916,7725757,1977793792,1977.793792,29,52,126,5,20250815_211632
1755260155.6064756,7725796,1977803776,1977.803776,32,52,120,5,20250815_211632
1755260155.6164596,7725835,1977813760,1977.81376,36,52,114,5,20250815_211632
1755260155.6264436,7725874,1977823744,1977.823744,39,52,108,5,20250815_211632
1755260155.6364276,7725913,1977833728,1977.833728,42,52,103,5,20250815_211632
1755260155.6466677,7725953,1977843968,1977.843968,45,53,98,5,20250815_211632
1755260155.6566515,7725992,1977853952,1977.853952,48,52,94,5,20250815_211632
1755260155.6666355,7726031,1977863936,1977.863936,52,52,90,5,20250815_211632
1755260155.6766195,7726070,1977873920,1977.87392,55,53,87,5,20250815_211632
1755260155.6866035,7726109,1977883904,1977.883904,58,53,84,5,20250815_211632
1755260155.6965876,7726148,1977893888,1977.893888,61,54,82,5,20250815_211632
1755260155.7065716,7726187,1977903872,1977.903872,64,54,81,5,20250815_211632
1755260155.7165556,7726226,1977913856,1977.913856,67,53,80,5,20250815_211632
1755260155.7265396,7726265,1977923840,1977.92384,71,54,79,5,20250815_211632
1755260155.7365236,7726304,1977933824,1977.933824,74,53,76,5,20250815_211632
1755260155.7465076,7726343,1977943808,1977.943808,77,52,77,5,20250815_211632
1755260155.7564917,7726382,1977953792,1977.953792,80,52,78,5,20250815_211632
1755260155.7664757,7726421,1977963776,1977.963776,83,52,79,5,20250815_211632
1755260155.7764597,7726460,1977973760,1977.97376,87,50,80,5,20250815_211632
1755260155.7864437,7726499,1977983744,1977.983744,90,50,79,5,20250815_211632
1755260155.7966835,7726539,1977993984,1977.993984,93,48,79,5,20250815_211632
1755260155.8066676,7726578,1978003968,1978.003968,96,48,80,5,20250815_211632
1755260155.8166516,7726617,1978013952,1978.013952,99,46,80,5,20250815_211632
1755260155.8266356,7726656,1978023936,1978.023936,103,46,79,5,20250815_211632
1755260155.8366196,7726695,1978033920,1978.03392,106,45,79,5,20250815_211632
1755260155.8466036,7726734,1978043904,1978.043904,109,45,79,5,20250815_211632
1755260155.8565876,7726773,1978053888,1978.053888,112,44,80,5,20250815_211632
1755260155.8665717,7726812,1978063872,1978.063872,115,44,80,5,20250815_211632
1755260155.8765557,7726851,1978073856,1978.073856,118,44,79,5,20250815_211632
1755260155.8865397,7726890,1978083840,1978.08384,122,44,80,5,20250815_211632
1755260155.8965237,7726929,1978093824,1978.093824,125,44,80,5,20250815_211632
1755260155.9065075,7726968,1978103808,1978.103808,128,44,79,5,20250815_211632
1755260155.9164915,7727007,1978113792,1978.113792,131,44,80,5,20250815_211632
1755260155.9264755,7727046,1978123776,1978.123776,134,44,80,5,20250815_211632
1755260155.9367156,7727086,1978134016,1978.134016,138,44,80,5,20250815_211632
1755260155.9466996,7727125,1978144000,1978.144,141,44,80,5,20250815_211632
1755260155.9566836,7727164,1978153984,1978.153984,144,44,81,5,20250815_211632
1755260155.9666677,7727203,1978163968,1978.163968,147,45,82,5,20250815_211632
1755260155.9766517,7727242,1978173952,1978.173952,150,45,82,5,20250815_211632
1755260155.9866357,7727281,1978183936,1978.183936,154,45,83,5,20250815_211632
1755260155.9966197,7727320,1978193920,1978.19392,157,45,84,5,20250815_211632
1755260156.0066037,7727359,1978203904,1978.203904,160,46,86,5,20250815_211632
1755260156.0165875,7727398,1978213888,1978.213888,163,46,88,5,20250815_211632
1755260156.0265715,7727437,1978223872,1978.223872,166,47,92,5,20250815_211632
1755260156.0365555,7727476,1978233856,1978.233856,169,47,98,5,20250815_211632
1755260156.0465395,7727515,1978243840,1978.24384,173,48,106,5,20250815_211632
1755260156.0565236,7727554,1978253824,1978.253824,176,48,115,5,20250815_211632
1755260156.0665076,7727593,1978263808,1978.263808,179,49,124,5,20250815_211632
1755260156.0767477,7727633,1978274048,1978.274048,182,49,131,5,20250815_211632
1755260156.0867317,7727672,1978284032,1978.284032,185,49,135,5,20250815_211632
1755260156.0967157,7727711,1978294016,1978.294016,189,50,134,5,20250815_211632
1755260156.1066997,7727750,1978304000,1978.304,192,50,134,5,20250815_211632
1755260156.1166835,7727789,1978313984,1978.313984,195,50,135,5,20250815_211632
1755260156.1266675,7727828,1978323968,1978.323968,198,50,138,5,20250815_211632
1755260156.1366515,7727867,1978333952,1978.333952,201,50,141,5,20250815_211632
1755260156.1466355,7727906,1978343936,1978.343936,205,50,142,5,20250815_211632
1755260156.1566195,7727945,1978353920,1978.35392,208,51,142,5,20250815_211632
1755260156.1666036,7727984,1978363904,1978.363904,211,51,143,5,20250815_211632
1755260156.1765876,7728023,1978373888,1978.373888,214,50,144,5,20250815_211632
1755260156.1865716,7728062,1978383872,1978.383872,217,51,144,5,20250815_211632
1755260156.1965556,7728101,1978393856,1978.393856,220,51,144,5,20250815_211632
1755260156.2065396,7728140,1978403840,1978.40384,224,52,146,5,20250815_211632
1755260156.2167797,7728180,1978414080,1978.41408,227,51,145,5,20250815_211632
1755260156.2267635,7728219,1978424064,1978.424064,230,51,146,5,20250815_211632
1755260156.2367475,7728258,1978434048,1978.434048,233,51,146,5,20250815_211632
1755260156.2467315,7728297,1978444032,1978.444032,236,51,146,5,20250815_211632
1755260156.2567155,7728336,1978454016,1978.454016,240,51,146,5,20250815_211632
1755260156.2666996,7728375,1978464000,1978.464,243,51,145,5,20250815_211632
1755260156.2766836,7728414,1978473984,1978.473984,246,51,144,5,20250815_211632
1755260156.2866676,7728453,1978483968,1978.483968,249,52,143,5,20250815_211632
1755260156.2966516,7728492,1978493952,1978.493952,252,51,143,5,20250815_211632
1755260156.3066356,7728531,1978503936,1978.503936,0,52,144,5,20250815_211632
1755260156.3166196,7728570,1978513920,1978.51392,4,51,141,5,20250815_211632
1755260156.3266037,7728609,1978523904,1978.523904,7,52,141,5,20250815_211632
1755260156.3365877,7728648,1978533888,1978.533888,10,52,139,5,20250815_211632
1755260156.3465717,7728687,1978543872,1978.543872,13,52,137,5,20250815_211632
1755260156.3568115,7728727,1978554112,1978.554112,16,52,137,5,20250815_211632
1755260156.3667955,7728766,1978564096,1978.564096,20,52,134,5,20250815_211632
1755260156.3767796,7728805,1978574080,1978.57408,23,52,132,5,20250815_211632
1755260156.3867636,7728844,1978584064,1978.584064,26,52,128,5,20250815_211632
1755260156.3967476,7728883,1978594048,1978.594048,29,52,127,5,20250815_211632
1755260156.4067316,7728922,1978604032,1978.604032,32,52,123,5,20250815_211632
1755260156.4167156,7728961,1978614016,1978.614016,36,52,115,5,20250815_211632
1755260156.4266996,7729000,1978624000,1978.624,39,52,110,5,20250815_211632
1755260156.4366837,7729039,1978633984,1978.633984,42,52,104,5,20250815_211632
1755260156.4466677,7729078,1978643968,1978.643968,45,52,100,5,20250815_211632
1755260156.4566514,7729117,1978653952,1978.653952,48,52,96,5,20250815_211632
1755260156.4666357,7729156,1978663936,1978.663936,51,52,92,5,20250815_211632
1755260156.4766195,7729195,1978673920,1978.67392,55,52,89,5,20250815_211632
1755260156.4866035,7729234,1978683904,1978.683904,58,53,85,5,20250815_211632
1755260156.4965875,7729273,1978693888,1978.693888,61,53,83,5,20250815_211632
1755260156.5068276,7729313,1978704128,1978.704128,64,53,81,5,20250815_211632
1755260156.5168116,7729352,1978714112,1978.714112,67,53,80,5,20250815_211632
1755260156.5267956,7729391,1978724096,1978.724096,71,53,79,5,20250815_211632
1755260156.5367796,7729430,1978734080,1978.73408,74,53,78,5,20250815_211632
1755260156.5467637,7729469,1978744064,1978.744064,77,53,78,5,20250815_211632
1755260156.5567477,7729508,1978754048,1978.754048,80,52,78,5,20250815_211632
1755260156.5667317,7729547,1978764032,1978.764032,83,51,78,5,20250815_211632
1755260156.5767157,7729586,1978774016,1978.774016,87,50,79,5,20250815_211632
1755260156.5866995,7729625,1978784000,1978.784,90,49,79,5,20250815_211632
1755260156.5966835,7729664,1978793984,1978.793984,93,48,79,5,20250815_211632
1755260156.6066675,7729703,1978803968,1978.803968,96,47,79,5,20250815_211632
1755260156.6166515,7729742,1978813952,1978.813952,99,46,79,5,20250815_211632
1755260156.6266356,7729781,1978823936,1978.823936,102,46,79,5,20250815_211632
1755260156.6366196,7729820,1978833920,1978.83392,106,45,79,5,20250815_211632
1755260156.6468596,7729860,1978844160,1978.84416,109,45,79,5,20250815_211632
1755260156.6568437,7729899,1978854144,1978.854144,112,44,79,5,20250815_211632
1755260156.6668277,7729938,1978864128,1978.864128,115,44,80,5,20250815_211632
1755260156.6768117,7729977,1978874112,1978.874112,118,44,79,5,20250815_211632
1755260156.6867957,7730016,1978884096,1978.884096,122,44,80,5,20250815_211632
1755260156.6967795,7730055,1978894080,1978.89408,125,44,79,5,20250815_211632
1755260156.7067635,7730094,1978904064,1978.904064,128,44,79,5,20250815_211632
1755260156.7167475,7730133,1978914048,1978.914048,131,44,79,5,20250815_211632
1755260156.7267315,7730172,1978924032,1978.924032,134,44,80,5,20250815_211632
1755260156.7369716,7730212,1978934272,1978.934272,138,45,80,5,20250815_211632
1755260156.7469556,7730251,1978944256,1978.944256,141,45,80,5,20250815_211632
1755260156.7569396,7730290,1978954240,1978.95424,144,46,81,5,20250815_211632
1755260156.7669237,7730329,1978964224,1978.964224,147,46,81,5,20250815_211632
1755260156.7769077,7730368,1978974208,1978.974208,150,46,82,5,20250815_211632
1755260156.7868917,7730407,1978984192,1978.984192,154,47,83,5,20250815_211632
1755260156.7968757,7730446,1978994176,1978.994176,157,47,84,5,20250815_211632
1755260156.8071156,7730486,1979004416,1979.004416,160,49,86,5,20250815_211632
1755260156.8170996,7730525,1979014400,1979.0144,163,48,88,5,20250815_211632
1755260156.8270836,7730564,1979024384,1979.024384,166,49,92,5,20250815_211632
1755260156.8370676,7730603,1979034368,1979.034368,169,50,97,5,20250815_211632
1755260156.8470516,7730642,1979044352,1979.044352,173,50,106,5,20250815_211632
1755260156.8570356,7730681,1979054336,1979.054336,176,51,115,5,20250815_211632
1755260156.8670197,7730720,1979064320,1979.06432,179,51,124,5,20250815_211632
1755260156.8772595,7730760,1979074560,1979.07456,182,52,132,5,20250815_211632
1755260156.8872435,7730799,1979084544,1979.084544,185,52,135,5,20250815_211632
1755260156.8972275,7730838,1979094528,1979.094528,189,53,134,5,20250815_211632
1755260156.9072115,7730877,1979104512,1979.104512,192,53,134,5,20250815_211632
1755260156.9171956,7730916,1979114496,1979.114496,195,54,135,5,20250815_211632
1755260156.9271796,7730955,1979124480,1979.12448,198,54,138,5,20250815_211632
1755260156.9374197,7730995,1979134720,1979.13472,201,55,141,5,20250815_211632
1755260156.9474037,7731034,1979144704,1979.144704,205,55,142,5,20250815_211632
1755260156.9573874,7731073,1979154688,1979.154688,208,55,143,5,20250815_211632
1755260156.9673717,7731112,1979164672,1979.164672,211,55,143,5,20250815_211632
1755260156.9773557,7731151,1979174656,1979.174656,214,56,144,5,20250815_211632
1755260156.9873395,7731190,1979184640,1979.18464,217,56,144,5,20250815_211632
1755260156.9973235,7731229,1979194624,1979.194624,221,56,145,5,20250815_211632
1755260157.0073075,7731268,1979204608,1979.204608,224,56,145,5,20250815_211632
1755260157.0175476,7731308,1979214848,1979.214848,227,57,146,5,20250815_211632
1755260157.0275316,7731347,1979224832,1979.224832,230,57,146,5,20250815_211632
1755260157.0375156,7731386,1979234816,1979.234816,233,58,146,5,20250815_211632
1755260157.0474997,7731425,1979244800,1979.2448,237,57,145,5,20250815_211632
1755260157.0574837,7731464,1979254784,1979.254784,240,58,145,5,20250815_211632
1755260157.0674677,7731503,1979264768,1979.264768,243,58,145,5,20250815_211632
1755260157.0774517,7731542,1979274752,1979.274752,246,58,145,5,20250815_211632
1755260157.0876915,7731582,1979284992,1979.284992,249,58,146,5,20250815_211632
1755260157.0976756,7731621,1979294976,1979.294976,252,59,144,5,20250815_211632
1755260157.1076596,7731660,1979304960,1979.30496,1,59,144,5,20250815_211632
1755260157.1176436,7731699,1979314944,1979.314944,4,59,142,5,20250815_211632
1755260157.1276276,7731738,1979324928,1979.324928,7,59,142,5,20250815_211632
1755260157.1376116,7731777,1979334912,1979.334912,10,60,140,5,20250815_211632
1755260157.1475956,7731816,1979344896,1979.344896,13,60,138,5,20250815_211632
1755260157.1575797,7731855,1979354880,1979.35488,17,60,137,5,20250815_211632
1755260157.1675637,7731894,1979364864,1979.364864,20,60,135,5,20250815_211632
1755260157.1778035,7731934,1979375104,1979.375104,23,60,133,5,20250815_211632
1755260157.1877875,7731973,1979385088,1979.385088,26,60,129,5,20250815_211632
1755260157.1977715,7732012,1979395072,1979.395072,29,60,127,5,20250815_211632
1755260157.2077556,7732051,1979405056,1979.405056,33,60,123,5,20250815_211632
1755260157.2177396,7732090,1979415040,1979.41504,36,60,116,5,20250815_211632
1755260157.2277236,7732129,1979425024,1979.425024,39,60,111,5,20250815_211632
1755260157.2377076,7732168,1979435008,1979.435008,42,60,106,5,20250815_211632
1755260157.2476916,7732207,1979444992,1979.444992,45,61,100,5,20250815_211632
1755260157.2576756,7732246,1979454976,1979.454976,48,60,96,5,20250815_211632
1755260157.2676597,7732285,1979464960,1979.46496,52,61,92,5,20250815_211632
1755260157.2776437,7732324,1979474944,1979.474944,55,61,89,5,20250815_211632
1755260157.2876277,7732363,1979484928,1979.484928,58,61,86,5,20250815_211632
1755260157.2976117,7732402,1979494912,1979.494912,61,62,83,5,20250815_211632
1755260157.3075955,7732441,1979504896,1979.504896,64,61,81,5,20250815_211632
1755260157.3175795,7732480,1979514880,1979.51488,68,62,80,5,20250815_211632
1755260157.3278196,7732520,1979525120,1979.52512,71,61,79,5,20250815_211632
1755260157.3378036,7732559,1979535104,1979.535104,74,61,78,5,20250815_211632
1755260157.3477876,7732598,1979545088,1979.545088,77,60,78,5,20250815_211632
1755260157.3577716,7732637,1979555072,1979.555072,80,60,78,5,20250815_211632
1755260157.3677557,7732676,1979565056,1979.565056,84,59,79,5,20250815_211632
1755260157.3777397,7732715,1979575040,1979.57504,87,58,80,5,20250815_211632
1755260157.3877237,7732754,1979585024,1979.585024,90,57,79,5,20250815_211632
1755260157.3977077,7732793,1979595008,1979.595008,93,55,79,5,20250815_211632
1755260157.4076917,7732832,1979604992,1979.604992,96,54,79,5,20250815_211632
1755260157.4176755,7732871,1979614976,1979.614976,99,54,79,5,20250815_211632
1755260157.4276595,7732910,1979624960,1979.62496,103,53,79,5,20250815_211632
1755260157.4376435,7732949,1979634944,1979.634944,106,52,80,5,20250815_211632
1755260157.4476275,7732988,1979644928,1979.644928,109,51,79,5,20250815_211632
1755260157.4576116,7733027,1979654912,1979.654912,112,51,79,5,20250815_211632
1755260157.4678516,7733067,1979665152,1979.665152,115,51,78,5,20250815_211632
1755260157.4778357,7733106,1979675136,1979.675136,119,51,79,5,20250815_211632
1755260157.4878197,7733145,1979685120,1979.68512,122,51,80,5,20250815_211632
1755260157.4978034,7733184,1979695104,1979.695104,125,50,80,5,20250815_211632
1755260157.5077877,7733223,1979705088,1979.705088,128,50,79,5,20250815_211632
1755260157.5177715,7733262,1979715072,1979.715072,131,50,79,5,20250815_211632
1755260157.5277555,7733301,1979725056,1979.725056,135,50,80,5,20250815_211632
1755260157.5377395,7733340,1979735040,1979.73504,138,50,80,5,20250815_211632
1755260157.5477235,7733379,1979745024,1979.745024,141,51,80,5,20250815_211632
1755260157.5577075,7733418,1979755008,1979.755008,144,51,81,5,20250815_211632
1755260157.5676916,7733457,1979764992,1979.764992,147,51,82,5,20250815_211632
1755260157.5776756,7733496,1979774976,1979.774976,150,51,82,5,20250815_211632
1755260157.5876596,7733535,1979784960,1979.78496,154,52,82,5,20250815_211632
1755260157.5976436,7733574,1979794944,1979.794944,157,52,84,5,20250815_211632
1755260157.6076276,7733613,1979804928,1979.804928,160,52,86,5,20250815_211632
1755260157.6178677,7733653,1979815168,1979.815168,163,52,87,5,20250815_211632
1755260157.6278515,7733692,1979825152,1979.825152,166,53,90,5,20250815_211632
1755260157.6378355,7733731,1979835136,1979.835136,170,53,95,5,20250815_211632
1755260157.6478195,7733770,1979845120,1979.84512,173,53,102,5,20250815_211632
1755260157.6578035,7733809,1979855104,1979.855104,176,55,113,5,20250815_211632
1755260157.6677876,7733848,1979865088,1979.865088,179,54,121,5,20250815_211632
1755260157.6777716,7733887,1979875072,1979.875072,182,54,130,5,20250815_211632
1755260157.6877556,7733926,1979885056,1979.885056,185,55,134,5,20250815_211632
1755260157.6977396,7733965,1979895040,1979.89504,189,55,134,5,20250815_211632
1755260157.7077236,7734004,1979905024,1979.905024,192,56,134,5,20250815_211632
1755260157.7177076,7734043,1979915008,1979.915008,195,56,136,5,20250815_211632
1755260157.7276917,7734082,1979924992,1979.924992,198,57,138,5,20250815_211632
1755260157.7376757,7734121,1979934976,1979.934976,201,57,141,5,20250815_211632
1755260157.7476597,7734160,1979944960,1979.94496,205,57,142,5,20250815_211632
1755260157.7578995,7734200,1979955200,1979.9552,208,58,142,5,20250815_211632
1755260157.7678835,7734239,1979965184,1979.965184,211,58,143,5,20250815_211632
1755260157.7778676,7734278,1979975168,1979.975168,214,58,144,5,20250815_211632
1755260157.7878516,7734317,1979985152,1979.985152,217,58,144,5,20250815_211632
1755260157.7978356,7734356,1979995136,1979.995136,221,59,144,5,20250815_211632
1755260157.8078196,7734395,1980005120,1980.00512,224,59,145,5,20250815_211632
1755260157.8178036,7734434,1980015104,1980.015104,227,60,145,5,20250815_211632
1755260157.8277876,7734473,1980025088,1980.025088,230,59,145,5,20250815_211632
1755260157.8377717,7734512,1980035072,1980.035072,233,60,146,5,20250815_211632
1755260157.8477557,7734551,1980045056,1980.045056,236,60,146,5,20250815_211632
1755260157.8577394,7734590,1980055040,1980.05504,240,59,143,5,20250815_211632
1755260157.8677237,7734629,1980065024,1980.065024,243,60,143,5,20250815_211632
1755260157.8777075,7734668,1980075008,1980.075008,246,60,142,5,20250815_211632
1755260157.8876915,7734707,1980084992,1980.084992,249,61,142,5,20250815_211632
1755260157.8979316,7734747,1980095232,1980.095232,252,60,140,5,20250815_211632
1755260157.9079156,7734786,1980105216,1980.105216,1,60,143,5,20250815_211632
1755260157.9178996,7734825,1980115200,1980.1152,4,61,142,5,20250815_211632
1755260157.9278836,7734864,1980125184,1980.125184,7,60,142,5,20250815_211632
1755260157.9378676,7734903,1980135168,1980.135168,10,61,141,5,20250815_211632
1755260157.9478517,7734942,1980145152,1980.145152,13,61,138,5,20250815_211632
1755260157.9578357,7734981,1980155136,1980.155136,17,61,138,5,20250815_211632
1755260157.9678197,7735020,1980165120,1980.16512,20,61,136,5,20250815_211632
1755260157.9778037,7735059,1980175104,1980.175104,23,61,134,5,20250815_211632
1755260157.9877875,7735098,1980185088,1980.185088,26,61,130,5,20250815_211632
1755260157.9977715,7735137,1980195072,1980.195072,29,61,127,5,20250815_211632
1755260158.0077555,7735176,1980205056,1980.205056,32,61,122,5,20250815_211632
1755260158.0177395,7735215,1980215040,1980.21504,36,61,115,5,20250815_211632
1755260158.0277236,7735254,1980225024,1980.225024,39,61,110,5,20250815_211632
1755260158.0377076,7735293,1980235008,1980.235008,42,61,105,5,20250815_211632
1755260158.0479476,7735333,1980245248,1980.245248,45,61,99,5,20250815_211632
1755260158.0579317,7735372,1980255232,1980.255232,48,61,94,5,20250815_211632
1755260158.0679157,7735411,1980265216,1980.265216,52,61,91,5,20250815_211632
1755260158.0778997,7735450,1980275200,1980.2752,55,62,87,5,20250815_211632
1755260158.0878837,7735489,1980285184,1980.285184,58,62,85,5,20250815_211632
1755260158.0978675,7735528,1980295168,1980.295168,61,62,83,5,20250815_211632
1755260158.1078515,7735567,1980305152,1980.305152,64,62,81,5,20250815_211632
1755260158.1178355,7735606,1980315136,1980.315136,68,62,80,5,20250815_211632
1755260158.1278195,7735645,1980325120,1980.32512,71,62,78,5,20250815_211632
1755260158.1378036,7735684,1980335104,1980.335104,74,62,77,5,20250815_211632
1755260158.1477876,7735723,1980345088,1980.345088,77,61,78,5,20250815_211632
1755260158.1577716,7735762,1980355072,1980.355072,80,61,78,5,20250815_211632
1755260158.1677556,7735801,1980365056,1980.365056,83,59,79,5,20250815_211632
1755260158.1777396,7735840,1980375040,1980.37504,87,58,79,5,20250815_211632
1755260158.1877236,7735879,1980385024,1980.385024,90,57,79,5,20250815_211632
1755260158.1979637,7735919,1980395264,1980.395264,93,56,79,5,20250815_211632
1755260158.2079475,7735958,1980405248,1980.405248,96,55,79,5,20250815_211632
1755260158.2179315,7735997,1980415232,1980.415232,99,54,79,5,20250815_211632
1755260158.2279155,7736036,1980425216,1980.425216,103,53,79,5,20250815_211632
1755260158.2378995,7736075,1980435200,1980.4352,106,52,79,5,20250815_211632
1755260158.2478836,7736114,1980445184,1980.445184,109,52,79,5,20250815_211632
1755260158.2578676,7736153,1980455168,1980.455168,112,52,79,5,20250815_211632
1755260158.2678516,7736192,1980465152,1980.465152,115,51,79,5,20250815_211632
1755260158.2778356,7736231,1980475136,1980.475136,118,51,79,5,20250815_211632
1755260158.2878196,7736270,1980485120,1980.48512,122,51,79,5,20250815_211632
1755260158.2978036,7736309,1980495104,1980.495104,125,51,79,5,20250815_211632
1755260158.3077877,7736348,1980505088,1980.505088,128,51,79,5,20250815_211632
1755260158.3177717,7736387,1980515072,1980.515072,131,51,80,5,20250815_211632
1755260158.3277557,7736426,1980525056,1980.525056,134,51,79,5,20250815_211632
1755260158.3379955,7736466,1980535296,1980.535296,138,51,80,5,20250815_211632
1755260158.3479795,7736505,1980545280,1980.54528,141,51,80,5,20250815_211632
1755260158.3579636,7736544,1980555264,1980.555264,144,51,81,5,20250815_211632
1755260158.3679476,7736583,1980565248,1980.565248,147,52,81,5,20250815_211632
1755260158.3779316,7736622,1980575232,1980.575232,150,52,82,5,20250815_211632
1755260158.3879156,7736661,1980585216,1980.585216,154,52,82,5,20250815_211632
1755260158.3978996,7736700,1980595200,1980.5952,157,53,84,5,20250815_211632
1755260158.4078836,7736739,1980605184,1980.605184,160,53,86,5,20250815_211632
1755260158.4178677,7736778,1980615168,1980.615168,163,53,88,5,20250815_211632
1755260158.4278517,7736817,1980625152,1980.625152,166,54,91,5,20250815_211632
1755260158.4378357,7736856,1980635136,1980.635136,169,54,97,5,20250815_211632
1755260158.4478197,7736895,1980645120,1980.64512,173,54,105,5,20250815_211632
1755260158.4578035,7736934,1980655104,1980.655104,176,55,114,5,20250815_211632
1755260158.4677875,7736973,1980665088,1980.665088,179,55,124,5,20250815_211632
1755260158.4780276,7737013,1980675328,1980.675328,182,55,131,5,20250815_211632
1755260158.4880116,7737052,1980685312,1980.685312,185,55,135,5,20250815_211632
1755260158.4979956,7737091,1980695296,1980.695296,189,56,134,5,20250815_211632
1755260158.5079796,7737130,1980705280,1980.70528,192,56,134,5,20250815_211632
1755260158.5179636,7737169,1980715264,1980.715264,195,57,136,5,20250815_211632
1755260158.5279477,7737208,1980725248,1980.725248,198,58,139,5,20250815_211632
1755260158.5379317,7737247,1980735232,1980.735232,201,57,141,5,20250815_211632
1755260158.5479157,7737286,1980745216,1980.745216,205,58,142,5,20250815_211632
1755260158.5578997,7737325,1980755200,1980.7552,208,58,142,5,20250815_211632
1755260158.5678835,7737364,1980765184,1980.765184,211,58,143,5,20250815_211632
1755260158.5778675,7737403,1980775168,1980.775168,214,59,144,5,20250815_211632
1755260158.5878515,7737442,1980785152,1980.785152,217,59,144,5,20250815_211632
1755260158.5978355,7737481,1980795136,1980.795136,220,59,144,5,20250815_211632
1755260158.6078196,7737520,1980805120,1980.80512,224,60,145,5,20250815_211632
1755260158.6178036,7737559,1980815104,1980.815104,227,60,145,5,20250815_211632
1755260158.6280437,7737599,1980825344,1980.825344,230,60,145,5,20250815_211632
1755260158.6380277,7737638,1980835328,1980.835328,233,60,146,5,20250815_211632
1755260158.6480117,7737677,1980845312,1980.845312,236,60,146,5,20250815_211632
1755260158.6579957,7737716,1980855296,1980.855296,240,60,145,5,20250815_211632
1755260158.6679797,7737755,1980865280,1980.86528,243,60,145,5,20250815_211632
1755260158.6779635,7737794,1980875264,1980.875264,246,60,145,5,20250815_211632
1755260158.6879475,7737833,1980885248,1980.885248,249,60,145,5,20250815_211632
1755260158.6979315,7737872,1980895232,1980.895232,252,60,144,5,20250815_211632
1755260158.7079155,7737911,1980905216,1980.905216,1,60,145,5,20250815_211632
1755260158.7178996,7737950,1980915200,1980.9152,4,61,145,5,20250815_211632
1755260158.7278836,7737989,1980925184,1980.925184,7,60,144,5,20250815_211632
1755260158.7378676,7738028,1980935168,1980.935168,10,61,142,5,20250815_211632
1755260158.7478516,7738067,1980945152,1980.945152,13,61,141,5,20250815_211632
1755260158.7578356,7738106,1980955136,1980.955136,16,61,139,5,20250815_211632
1755260158.7680757,7738146,1980965376,1980.965376,20,61,138,5,20250815_211632
1755260158.7780595,7738185,1980975360,1980.97536,23,61,135,5,20250815_211632
1755260158.7880435,7738224,1980985344,1980.985344,26,61,131,5,20250815_211632
1755260158.7980275,7738263,1980995328,1980.995328,29,61,128,5,20250815_211632
1755260158.8080115,7738302,1981005312,1981.005312,32,61,125,5,20250815_211632
1755260158.8179955,7738341,1981015296,1981.015296,36,61,119,5,20250815_211632
1755260158.8279796,7738380,1981025280,1981.02528,39,61,112,5,20250815_211632
1755260158.8379636,7738419,1981035264,1981.035264,42,61,107,5,20250815_211632
1755260158.8479476,7738458,1981045248,1981.045248,45,61,102,5,20250815_211632
1755260158.8579316,7738497,1981055232,1981.055232,48,61,97,5,20250815_211632
1755260158.8679156,7738536,1981065216,1981.065216,51,61,92,5,20250815_211632
1755260158.8778996,7738575,1981075200,1981.0752,55,62,89,5,20250815_211632
1755260158.8878837,7738614,1981085184,1981.085184,58,62,86,5,20250815_211632
1755260158.8978677,7738653,1981095168,1981.095168,61,63,83,5,20250815_211632
1755260158.9081075,7738693,1981105408,1981.105408,64,62,82,5,20250815_211632
1755260158.9180915,7738732,1981115392,1981.115392,67,63,80,5,20250815_211632
1755260158.9280756,7738771,1981125376,1981.125376,71,62,79,5,20250815_211632
1755260158.9380596,7738810,1981135360,1981.13536,74,62,78,5,20250815_211632
1755260158.9480436,7738849,1981145344,1981.145344,77,61,78,5,20250815_211632
1755260158.9580276,7738888,1981155328,1981.155328,80,61,78,5,20250815_211632
1755260158.9680116,7738927,1981165312,1981.165312,83,60,78,5,20250815_211632
1755260158.9779956,7738966,1981175296,1981.175296,87,59,79,5,20250815_211632
1755260158.9879797,7739005,1981185280,1981.18528,90,58,79,5,20250815_211632
1755260158.9979637,7739044,1981195264,1981.195264,93,57,80,5,20250815_211632
1755260159.0079477,7739083,1981205248,1981.205248,96,56,80,5,20250815_211632
1755260159.0179317,7739122,1981215232,1981.215232,99,55,79,5,20250815_211632
1755260159.0279157,7739161,1981225216,1981.225216,102,54,79,5,20250815_211632
1755260159.0378995,7739200,1981235200,1981.2352,106,53,79,5,20250815_211632
1755260159.0478835,7739239,1981245184,1981.245184,109,53,79,5,20250815_211632
1755260159.0581236,7739279,1981255424,1981.255424,112,53,79,5,20250815_211632
1755260159.0681076,7739318,1981265408,1981.265408,115,52,78,5,20250815_211632
1755260159.0780916,7739357,1981275392,1981.275392,118,52,79,5,20250815_211632
1755260159.0880756,7739396,1981285376,1981.285376,122,52,79,5,20250815_211632
1755260159.0980597,7739435,1981295360,1981.29536,125,52,80,5,20250815_211632
1755260159.1080437,7739474,1981305344,1981.305344,128,52,79,5,20250815_211632
1755260159.1180274,7739513,1981315328,1981.315328,131,52,79,5,20250815_211632
1755260159.1280117,7739552,1981325312,1981.325312,134,52,80,5,20250815_211632
1755260159.1379955,7739591,1981335296,1981.335296,138,52,80,5,20250815_211632
1755260159.1479795,7739630,1981345280,1981.34528,141,52,80,5,20250815_211632
1755260159.1579635,7739669,1981355264,1981.355264,144,52,81,5,20250815_211632
1755260159.1679475,7739708,1981365248,1981.365248,147,52,81,5,20250815_211632
1755260159.1779315,7739747,1981375232,1981.375232,150,53,82,5,20250815_211632
1755260159.1879156,7739786,1981385216,1981.385216,153,53,82,5,20250815_211632
1755260159.1981556,7739826,1981395456,1981.395456,157,53,84,5,20250815_211632
1755260159.2081397,7739865,1981405440,1981.40544,160,54,85,5,20250815_211632
1755260159.2181237,7739904,1981415424,1981.415424,163,54,87,5,20250815_211632
1755260159.2281077,7739943,1981425408,1981.425408,166,54,90,5,20250815_211632
1755260159.2380917,7739982,1981435392,1981.435392,169,55,95,5,20250815_211632
1755260159.2480755,7740021,1981445376,1981.445376,173,55,102,5,20250815_211632
1755260159.2580595,7740060,1981455360,1981.45536,176,55,113,5,20250815_211632
1755260159.2680435,7740099,1981465344,1981.465344,179,55,122,5,20250815_211632
1755260159.2780275,7740138,1981475328,1981.475328,182,56,131,5,20250815_211632
1755260159.2880116,7740177,1981485312,1981.485312,185,56,135,5,20250815_211632
1755260159.2979956,7740216,1981495296,1981.495296,189,56,134,5,20250815_211632
1755260159.3079796,7740255,1981505280,1981.50528,192,57,132,5,20250815_211632
1755260159.3179636,7740294,1981515264,1981.515264,195,57,134,5,20250815_211632
1755260159.3279476,7740333,1981525248,1981.525248,198,57,138,5,20250815_211632
1755260159.3379316,7740372,1981535232,1981.535232,201,58,141,5,20250815_211632
1755260159.3481717,7740412,1981545472,1981.545472,204,58,143,5,20250815_211632
1755260159.3581555,7740451,1981555456,1981.555456,208,58,143,5,20250815_211632
1755260159.3681395,7740490,1981565440,1981.56544,211,59,144,5,20250815_211632
1755260159.3781235,7740529,1981575424,1981.575424,214,59,144,5,20250815_211632
1755260159.3881075,7740568,1981585408,1981.585408,217,60,145,5,20250815_211632
1755260159.3980916,7740607,1981595392,1981.595392,220,60,144,5,20250815_211632
1755260159.4080756,7740646,1981605376,1981.605376,224,60,146,5,20250815_211632
1755260159.4180596,7740685,1981615360,1981.61536,227,60,146,5,20250815_211632
1755260159.4280436,7740724,1981625344,1981.625344,230,61,146,5,20250815_211632
1755260159.4380276,7740763,1981635328,1981.635328,233,61,146,5,20250815_211632
1755260159.4480116,7740802,1981645312,1981.645312,236,61,147,5,20250815_211632
1755260159.4579957,7740841,1981655296,1981.655296,239,61,146,5,20250815_211632
1755260159.4679797,7740880,1981665280,1981.66528,243,60,146,5,20250815_211632
1755260159.4779634,7740919,1981675264,1981.675264,246,61,146,5,20250815_211632
1755260159.4882035,7740959,1981685504,1981.685504,249,61,147,5,20250815_211632
1755260159.4981875,7740998,1981695488,1981.695488,252,61,146,5,20250815_211632
1755260159.5081716,7741037,1981705472,1981.705472,0,61,146,5,20250815_211632
1755260159.5181556,7741076,1981715456,1981.715456,4,62,145,5,20250815_211632
1755260159.5281396,7741115,1981725440,1981.72544,7,61,144,5,20250815_211632
1755260159.5381236,7741154,1981735424,1981.735424,10,62,142,5,20250815_211632
1755260159.5481076,7741193,1981745408,1981.745408,13,62,140,5,20250815_211632
1755260159.5580916,7741232,1981755392,1981.755392,16,62,139,5,20250815_211632
1755260159.5680757,7741271,1981765376,1981.765376,20,62,136,5,20250815_211632
1755260159.5780597,7741310,1981775360,1981.77536,23,62,133,5,20250815_211632
1755260159.5880437,7741349,1981785344,1981.785344,26,62,130,5,20250815_211632
1755260159.5980277,7741388,1981795328,1981.795328,29,62,127,5,20250815_211632
1755260159.6080115,7741427,1981805312,1981.805312,32,62,122,5,20250815_211632
1755260159.6179955,7741466,1981815296,1981.815296,35,62,116,5,20250815_211632
1755260159.6282356,7741506,1981825536,1981.825536,39,62,110,5,20250815_211632
1755260159.6382196,7741545,1981835520,1981.83552,42,62,105,5,20250815_211632
1755260159.6482036,7741584,1981845504,1981.845504,45,62,101,5,20250815_211632
1755260159.6581876,7741623,1981855488,1981.855488,48,62,96,5,20250815_211632
1755260159.6681716,7741662,1981865472,1981.865472,51,62,92,5,20250815_211632
1755260159.6781557,7741701,1981875456,1981.875456,55,63,88,5,20250815_211632
1755260159.6881397,7741740,1981885440,1981.88544,58,63,85,5,20250815_211632
1755260159.6981237,7741779,1981895424,1981.895424,61,64,83,5,20250815_211632
1755260159.7081077,7741818,1981905408,1981.905408,64,63,82,5,20250815_211632
1755260159.7180915,7741857,1981915392,1981.915392,67,64,80,5,20250815_211632
1755260159.7280755,7741896,1981925376,1981.925376,71,64,78,5,20250815_211632
1755260159.7380595,7741935,1981935360,1981.93536,74,64,77,5,20250815_211632
1755260159.7480435,7741974,1981945344,1981.945344,77,63,79,5,20250815_211632
1755260159.7580276,7742013,1981955328,1981.955328,80,62,78,5,20250815_211632
1755260159.7680116,7742052,1981965312,1981.965312,83,61,79,5,20250815_211632
1755260159.7782516,7742092,1981975552,1981.975552,86,60,79,5,20250815_211632
1755260159.7882357,7742131,1981985536,1981.985536,90,58,78,5,20250815_211632
1755260159.7982197,7742170,1981995520,1981.99552,93,58,79,5,20250815_211632
1755260159.8082037,7742209,1982005504,1982.005504,96,56,79,5,20250815_211632
1755260159.8181877,7742248,1982015488,1982.015488,99,55,79,5,20250815_211632
1755260159.8281715,7742287,1982025472,1982.025472,102,55,80,5,20250815_211632
1755260159.8381555,7742326,1982035456,1982.035456,106,54,80,5,20250815_211632
1755260159.8481395,7742365,1982045440,1982.04544,109,53,79,5,20250815_211632
1755260159.8581235,7742404,1982055424,1982.055424,112,53,80,5,20250815_211632
1755260159.8681076,7742443,1982065408,1982.065408,115,52,80,5,20250815_211632
1755260159.8780916,7742482,1982075392,1982.075392,118,52,80,5,20250815_211632
1755260159.8880756,7742521,1982085376,1982.085376,122,52,79,5,20250815_211632
1755260159.8980596,7742560,1982095360,1982.09536,125,52,79,5,20250815_211632
1755260159.9080436,7742599,1982105344,1982.105344,128,52,79,5,20250815_211632
1755260159.9182837,7742639,1982115584,1982.115584,131,52,79,5,20250815_211632
1755260159.9282677,7742678,1982125568,1982.125568,134,52,79,5,20250815_211632
1755260159.9382515,7742717,1982135552,1982.135552,137,52,80,5,20250815_211632
1755260159.9482355,7742756,1982145536,1982.145536,141,52,80,5,20250815_211632
1755260159.9582195,7742795,1982155520,1982.15552,144,52,81,5,20250815_211632
1755260159.9682035,7742834,1982165504,1982.165504,147,52,81,5,20250815_211632
1755260159.9781876,7742873,1982175488,1982.175488,150,53,83,5,20250815_211632
1755260159.9881716,7742912,1982185472,1982.185472,153,53,83,5,20250815_211632
1755260159.9981556,7742951,1982195456,1982.195456,157,54,84,5,20250815_211632
1755260160.0081396,7742990,1982205440,1982.20544,160,54,85,5,20250815_211632
1755260160.0181236,7743029,1982215424,1982.215424,163,54,87,5,20250815_211632
1755260160.0281076,7743068,1982225408,1982.225408,166,54,90,5,20250815_211632
1755260160.0380917,7743107,1982235392,1982.235392,169,56,94,5,20250815_211632
1755260160.0480757,7743146,1982245376,1982.245376,173,55,101,5,20250815_211632
1755260160.0583155,7743186,1982255616,1982.255616,176,56,110,5,20250815_211632
1755260160.0682995,7743225,1982265600,1982.2656,179,56,121,5,20250815_211632
1755260160.0782835,7743264,1982275584,1982.275584,182,56,129,5,20250815_211632
1755260160.0882676,7743303,1982285568,1982.285568,185,57,135,5,20250815_211632
1755260160.0982516,7743342,1982295552,1982.295552,188,57,135,5,20250815_211632
1755260160.1082356,7743381,1982305536,1982.305536,192,57,133,5,20250815_211632
1755260160.1182196,7743420,1982315520,1982.31552,195,58,135,5,20250815_211632
1755260160.1282036,7743459,1982325504,1982.325504,198,58,138,5,20250815_211632
1755260160.1381876,7743498,1982335488,1982.335488,201,59,141,5,20250815_211632
1755260160.1481717,7743537,1982345472,1982.345472,204,59,142,5,20250815_211632
1755260160.1581557,7743576,1982355456,1982.355456,208,59,143,5,20250815_211632
1755260160.1681397,7743615,1982365440,1982.36544,211,59,144,5,20250815_211632
1755260160.1781237,7743654,1982375424,1982.375424,214,60,144,5,20250815_211632
1755260160.1881075,7743693,1982385408,1982.385408,217,60,145,5,20250815_211632
1755260160.1980915,7743732,1982395392,1982.395392,220,61,145,5,20250815_211632
1755260160.2083316,7743772,1982405632,1982.405632,223,60,145,5,20250815_211632
1755260160.2183156,7743811,1982415616,1982.415616,227,61,145,5,20250815_211632
1755260160.2282996,7743850,1982425600,1982.4256,230,57,146,5,20250815_211632
1755260160.2382836,7743889,1982435584,1982.435584,233,61,146,5,20250815_211632
1755260160.2482677,7743928,1982445568,1982.445568,236,63,146,5,20250815_211632
1755260160.2582517,7743967,1982455552,1982.455552,239,61,144,5,20250815_211632
1755260160.2682357,7744006,1982465536,1982.465536,243,60,145,5,20250815_211632
1755260160.2782197,7744045,1982475520,1982.47552,246,61,144,5,20250815_211632
1755260160.2882037,7744084,1982485504,1982.485504,249,62,143,5,20250815_211632
1755260160.2981875,7744123,1982495488,1982.495488,252,62,142,5,20250815_211632
1755260160.3081715,7744162,1982505472,1982.505472,0,62,144,5,20250815_211632
1755260160.3181555,7744201,1982515456,1982.515456,4,62,144,5,20250815_211632
1755260160.3281395,7744240,1982525440,1982.52544,7,62,143,5,20250815_211632
1755260160.3381236,7744279,1982535424,1982.535424,10,62,141,5,20250815_211632
1755260160.3483636,7744319,1982545664,1982.545664,13,62,140,5,20250815_211632
1755260160.3583477,7744358,1982555648,1982.555648,16,62,137,5,20250815_211632
1755260160.3683317,7744397,1982565632,1982.565632,19,62,136,5,20250815_211632
1755260160.3783154,7744436,1982575616,1982.575616,23,62,133,5,20250815_211632
1755260160.3882997,7744475,1982585600,1982.5856,26,62,128,5,20250815_211632
1755260160.3982835,7744514,1982595584,1982.595584,29,62,127,5,20250815_211632
1755260160.4082675,7744553,1982605568,1982.605568,32,62,122,5,20250815_211632
1755260160.4182515,7744592,1982615552,1982.615552,35,62,115,5,20250815_211632
1755260160.4282355,7744631,1982625536,1982.625536,39,62,109,5,20250815_211632
1755260160.4382195,7744670,1982635520,1982.63552,42,62,104,5,20250815_211632
1755260160.4482036,7744709,1982645504,1982.645504,45,62,99,5,20250815_211632
1755260160.4581876,7744748,1982655488,1982.655488,48,63,96,5,20250815_211632
1755260160.4681716,7744787,1982665472,1982.665472,51,63,91,5,20250815_211632
1755260160.4781556,7744826,1982675456,1982.675456,55,63,88,5,20250815_211632
1755260160.4883957,7744866,1982685696,1982.685696,58,64,85,5,20250815_211632
1755260160.4983797,7744905,1982695680,1982.69568,61,64,83,5,20250815_211632
1755260160.5083635,7744944,1982705664,1982.705664,64,64,81,5,20250815_211632
1755260160.5183475,7744983,1982715648,1982.715648,67,64,80,5,20250815_211632
1755260160.5283315,7745022,1982725632,1982.725632,70,64,78,5,20250815_211632
1755260160.5383155,7745061,1982735616,1982.735616,74,64,77,5,20250815_211632
1755260160.5482996,7745100,1982745600,1982.7456,77,63,79,5,20250815_211632
1755260160.5582836,7745139,1982755584,1982.755584,80,63,78,5,20250815_211632
1755260160.5682676,7745178,1982765568,1982.765568,83,62,79,5,20250815_211632
1755260160.5782516,7745217,1982775552,1982.775552,86,61,79,5,20250815_211632
1755260160.5882356,7745256,1982785536,1982.785536,90,60,79,5,20250815_211632
1755260160.5982196,7745295,1982795520,1982.79552,93,58,79,5,20250815_211632
1755260160.6082036,7745334,1982805504,1982.805504,96,57,79,5,20250815_211632
1755260160.6181877,7745373,1982815488,1982.815488,99,56,79,5,20250815_211632
1755260160.6281717,7745412,1982825472,1982.825472,102,55,79,5,20250815_211632
1755260160.6384115,7745452,1982835712,1982.835712,106,55,78,5,20250815_211632
1755260160.6483955,7745491,1982845696,1982.845696,109,54,79,5,20250815_211632
1755260160.6583796,7745530,1982855680,1982.85568,112,54,79,5,20250815_211632
1755260160.6683636,7745569,1982865664,1982.865664,115,54,79,5,20250815_211632
1755260160.6783476,7745608,1982875648,1982.875648,118,53,80,5,20250815_211632
1755260160.6883316,7745647,1982885632,1982.885632,121,53,80,5,20250815_211632
1755260160.6983156,7745686,1982895616,1982.895616,125,52,79,5,20250815_211632
1755260160.7082996,7745725,1982905600,1982.9056,128,53,79,5,20250815_211632
1755260160.7182837,7745764,1982915584,1982.915584,131,53,80,5,20250815_211632
1755260160.7282677,7745803,1982925568,1982.925568,134,53,79,5,20250815_211632
1755260160.7382514,7745842,1982935552,1982.935552,137,53,80,5,20250815_211632
1755260160.7482357,7745881,1982945536,1982.945536,141,53,80,5,20250815_211632
1755260160.7582197,7745920,1982955520,1982.95552,144,53,81,5,20250815_211632
1755260160.7682035,7745959,1982965504,1982.965504,147,53,81,5,20250815_211632
1755260160.7784436,7745999,1982975744,1982.975744,150,54,82,5,20250815_211632
1755260160.7884276,7746038,1982985728,1982.985728,153,54,83,5,20250815_211632
1755260160.7984116,7746077,1982995712,1982.995712,156,54,84,5,20250815_211632
1755260160.8083956,7746116,1983005696,1983.005696,160,55,85,5,20250815_211632
1755260160.8183796,7746155,1983015680,1983.01568,163,55,87,5,20250815_211632
1755260160.8283637,7746194,1983025664,1983.025664,166,55,90,5,20250815_211632
1755260160.8383477,7746233,1983035648,1983.035648,169,56,94,5,20250815_211632
1755260160.8483317,7746272,1983045632,1983.045632,172,57,101,5,20250815_211632
1755260160.8583157,7746311,1983055616,1983.055616,176,57,111,5,20250815_211632
1755260160.8682995,7746350,1983065600,1983.0656,179,57,120,5,20250815_211632
1755260160.8782835,7746389,1983075584,1983.075584,182,58,128,5,20250815_211632
1755260160.8882675,7746428,1983085568,1983.085568,185,57,134,5,20250815_211632
1755260160.8982515,7746467,1983095552,1983.095552,188,58,135,5,20250815_211632
1755260160.9082355,7746506,1983105536,1983.105536,192,58,134,5,20250815_211632
1755260160.9182196,7746545,1983115520,1983.11552,195,58,135,5,20250815_211632
1755260160.9284596,7746585,1983125760,1983.12576,198,59,138,5,20250815_211632
1755260160.9384437,7746624,1983135744,1983.135744,201,59,141,5,20250815_211632
1755260160.9484277,7746663,1983145728,1983.145728,204,60,141,5,20250815_211632
1755260160.9584117,7746702,1983155712,1983.155712,207,60,143,5,20250815_211632
1755260160.9683957,7746741,1983165696,1983.165696,211,61,143,5,20250815_211632
1755260160.9783795,7746780,1983175680,1983.17568,214,61,143,5,20250815_211632
1755260160.9883635,7746819,1983185664,1983.185664,217,61,144,5,20250815_211632
1755260160.9983475,7746858,1983195648,1983.195648,220,61,144,5,20250815_211632
1755260161.0083315,7746897,1983205632,1983.205632,223,62,145,5,20250815_211632
1755260161.0183156,7746936,1983215616,1983.215616,227,62,145,5,20250815_211632
1755260161.0282996,7746975,1983225600,1983.2256,230,62,145,5,20250815_211632
1755260161.0382836,7747014,1983235584,1983.235584,233,62,147,5,20250815_211632
1755260161.0482676,7747053,1983245568,1983.245568,236,61,146,5,20250815_211632
1755260161.0582516,7747092,1983255552,1983.255552,239,62,145,5,20250815_211632
1755260161.0684917,7747132,1983265792,1983.265792,243,62,145,5,20250815_211632
1755260161.0784757,7747171,1983275776,1983.275776,246,62,144,5,20250815_211632
1755260161.0884595,7747210,1983285760,1983.28576,249,61,143,5,20250815_211632
1755260161.0984435,7747249,1983295744,1983.295744,252,62,142,5,20250815_211632
1755260161.1084275,7747288,1983305728,1983.305728,0,62,143,5,20250815_211632
1755260161.1184115,7747327,1983315712,1983.315712,3,63,142,5,20250815_211632
1755260161.1283956,7747366,1983325696,1983.325696,7,62,142,5,20250815_211632
1755260161.1383796,7747405,1983335680,1983.33568,10,63,140,5,20250815_211632
1755260161.1483636,7747444,1983345664,1983.345664,13,63,138,5,20250815_211632
1755260161.1583476,7747483,1983355648,1983.355648,16,63,136,5,20250815_211632
1755260161.1683316,7747522,1983365632,1983.365632,19,63,135,5,20250815_211632
1755260161.1783156,7747561,1983375616,1983.375616,23,63,131,5,20250815_211632
1755260161.1882997,7747600,1983385600,1983.3856,26,63,127,5,20250815_211632
1755260161.1982837,7747639,1983395584,1983.395584,29,63,127,5,20250815_211632
1755260161.2082677,7747678,1983405568,1983.405568,32,63,120,5,20250815_211632
1755260161.2185075,7747718,1983415808,1983.415808,35,63,115,5,20250815_211632
1755260161.2284915,7747757,1983425792,1983.425792,39,63,108,5,20250815_211632
1755260161.2384756,7747796,1983435776,1983.435776,42,63,103,5,20250815_211632
1755260161.2484596,7747835,1983445760,1983.44576,45,63,100,5,20250815_211632
1755260161.2584436,7747874,1983455744,1983.455744,48,64,95,5,20250815_211632
1755260161.2684276,7747913,1983465728,1983.465728,51,63,91,5,20250815_211632
1755260161.2784116,7747952,1983475712,1983.475712,54,64,88,5,20250815_211632
1755260161.2883956,7747991,1983485696,1983.485696,58,65,85,5,20250815_211632
1755260161.2983797,7748030,1983495680,1983.49568,61,66,83,5,20250815_211632
1755260161.3083637,7748069,1983505664,1983.505664,64,65,81,5,20250815_211632
1755260161.3183477,7748108,1983515648,1983.515648,67,65,80,5,20250815_211632
1755260161.3283317,7748147,1983525632,1983.525632,70,65,79,5,20250815_211632
1755260161.3383155,7748186,1983535616,1983.535616,74,65,78,5,20250815_211632
1755260161.3482995,7748225,1983545600,1983.5456,77,64,78,5,20250815_211632
1755260161.3585396,7748265,1983555840,1983.55584,80,64,78,5,20250815_211632
1755260161.3685236,7748304,1983565824,1983.565824,83,62,79,5,20250815_211632
1755260161.3785076,7748343,1983575808,1983.575808,86,61,79,5,20250815_211632
1755260161.3884916,7748382,1983585792,1983.585792,89,60,79,5,20250815_211632
1755260161.3984756,7748421,1983595776,1983.595776,93,59,79,5,20250815_211632
1755260161.4084597,7748460,1983605760,1983.60576,96,57,79,5,20250815_211632
1755260161.4184437,7748499,1983615744,1983.615744,99,57,79,5,20250815_211632
1755260161.4284277,7748538,1983625728,1983.625728,102,55,79,5,20250815_211632
1755260161.4384117,7748577,1983635712,1983.635712,105,55,79,5,20250815_211632
1755260161.4483955,7748616,1983645696,1983.645696,109,54,79,5,20250815_211632
1755260161.4583795,7748655,1983655680,1983.65568,112,54,80,5,20250815_211632
1755260161.4683635,7748694,1983665664,1983.665664,115,54,80,5,20250815_211632
1755260161.4783475,7748733,1983675648,1983.675648,118,54,80,5,20250815_211632
1755260161.4883316,7748772,1983685632,1983.685632,121,53,79,5,20250815_211632
1755260161.4985716,7748812,1983695872,1983.695872,125,53,79,5,20250815_211632
1755260161.5085557,7748851,1983705856,1983.705856,128,53,79,5,20250815_211632
1755260161.5185397,7748890,1983715840,1983.71584,131,53,79,5,20250815_211632
1755260161.5285237,7748929,1983725824,1983.725824,134,53,80,5,20250815_211632
1755260161.5385077,7748968,1983735808,1983.735808,137,54,80,5,20250815_211632
1755260161.5484917,7749007,1983745792,1983.745792,140,53,80,5,20250815_211632
1755260161.5584755,7749046,1983755776,1983.755776,144,54,81,5,20250815_211632
1755260161.5684595,7749085,1983765760,1983.76576,147,54,82,5,20250815_211632
1755260161.5784435,7749124,1983775744,1983.775744,150,55,82,5,20250815_211632
1755260161.5884275,7749163,1983785728,1983.785728,153,54,83,5,20250815_211632
1755260161.5984116,7749202,1983795712,1983.795712,156,55,84,5,20250815_211632
1755260161.6083956,7749241,1983805696,1983.805696,160,55,85,5,20250815_211632
1755260161.6183796,7749280,1983815680,1983.81568,163,55,88,5,20250815_211632
1755260161.6283636,7749319,1983825664,1983.825664,166,56,90,5,20250815_211632
1755260161.6386034,7749359,1983835904,1983.835904,169,56,96,5,20250815_211632
1755260161.6485877,7749398,1983845888,1983.845888,172,56,102,5,20250815_211632
1755260161.6585715,7749437,1983855872,1983.855872,176,57,113,5,20250815_211632
1755260161.6685555,7749476,1983865856,1983.865856,179,57,121,5,20250815_211632
1755260161.6785395,7749515,1983875840,1983.87584,182,57,130,5,20250815_211632
1755260161.6885235,7749554,1983885824,1983.885824,185,58,134,5,20250815_211632
1755260161.6985075,7749593,1983895808,1983.895808,188,58,135,5,20250815_211632
1755260161.7084916,7749632,1983905792,1983.905792,191,58,134,5,20250815_211632
1755260161.7184756,7749671,1983915776,1983.915776,195,59,136,5,20250815_211632
1755260161.7284596,7749710,1983925760,1983.92576,198,59,138,5,20250815_211632
1755260161.7384436,7749749,1983935744,1983.935744,201,60,141,5,20250815_211632
1755260161.7484276,7749788,1983945728,1983.945728,204,60,142,5,20250815_211632
1755260161.7584116,7749827,1983955712,1983.955712,207,61,142,5,20250815_211632
1755260161.7683957,7749866,1983965696,1983.965696,211,61,144,5,20250815_211632
1755260161.7786355,7749906,1983975936,1983.975936,214,61,144,5,20250815_211632
1755260161.7886195,7749945,1983985920,1983.98592,217,61,144,5,20250815_211632
1755260161.7986035,7749984,1983995904,1983.995904,220,62,144,5,20250815_211632
1755260161.8085876,7750023,1984005888,1984.005888,223,62,145,5,20250815_211632
1755260161.8185716,7750062,1984015872,1984.015872,227,63,145,5,20250815_211632
1755260161.8285556,7750101,1984025856,1984.025856,230,62,145,5,20250815_211632
1755260161.8385396,7750140,1984035840,1984.03584,233,63,146,5,20250815_211632
1755260161.8485236,7750179,1984045824,1984.045824,236,63,146,5,20250815_211632
1755260161.8585076,7750218,1984055808,1984.055808,239,63,145,5,20250815_211632
1755260161.8684916,7750257,1984065792,1984.065792,242,62,145,5,20250815_211632
1755260161.8784757,7750296,1984075776,1984.075776,246,62,144,5,20250815_211632
1755260161.8884597,7750335,1984085760,1984.08576,249,63,145,5,20250815_211632
1755260161.8984437,7750374,1984095744,1984.095744,252,63,143,5,20250815_211632
1755260161.9084277,7750413,1984105728,1984.105728,0,63,144,5,20250815_211632
1755260161.9184115,7750452,1984115712,1984.115712,3,63,143,5,20250815_211632
1755260161.9286516,7750492,1984125952,1984.125952,7,62,143,5,20250815_211632
1755260161.9386356,7750531,1984135936,1984.135936,10,63,142,5,20250815_211632
1755260161.9486196,7750570,1984145920,1984.14592,13,63,139,5,20250815_211632
1755260161.9586036,7750609,1984155904,1984.155904,16,64,138,5,20250815_211632
1755260161.9685876,7750648,1984165888,1984.165888,19,63,136,5,20250815_211632
1755260161.9785717,7750687,1984175872,1984.175872,22,63,133,5,20250815_211632
1755260161.9885557,7750726,1984185856,1984.185856,26,64,130,5,20250815_211632
1755260161.9985394,7750765,1984195840,1984.19584,29,63,127,5,20250815_211632
1755260162.0085237,7750804,1984205824,1984.205824,32,63,123,5,20250815_211632
1755260162.0185077,7750843,1984215808,1984.215808,35,64,116,5,20250815_211632
1755260162.0284915,7750882,1984225792,1984.225792,38,64,110,5,20250815_211632
1755260162.0384755,7750921,1984235776,1984.235776,42,64,104,5,20250815_211632
1755260162.0484595,7750960,1984245760,1984.24576,45,63,98,5,20250815_211632
1755260162.0584435,7750999,1984255744,1984.255744,48,64,95,5,20250815_211632
1755260162.0686836,7751039,1984265984,1984.265984,51,64,91,5,20250815_211632
1755260162.0786676,7751078,1984275968,1984.275968,54,64,88,5,20250815_211632
1755260162.0886517,7751117,1984285952,1984.285952,58,65,87,5,20250815_211632
1755260162.0986357,7751156,1984295936,1984.295936,61,65,83,5,20250815_211632
1755260162.1086197,7751195,1984305920,1984.30592,64,65,81,5,20250815_211632
1755260162.1186037,7751234,1984315904,1984.315904,67,65,80,5,20250815_211632
1755260162.1285875,7751273,1984325888,1984.325888,70,65,78,5,20250815_211632
1755260162.1385715,7751312,1984335872,1984.335872,73,65,77,5,20250815_211632
1755260162.1485555,7751351,1984345856,1984.345856,77,65,78,5,20250815_211632
1755260162.1585395,7751390,1984355840,1984.35584,80,64,78,5,20250815_211632
1755260162.1685236,7751429,1984365824,1984.365824,83,62,79,5,20250815_211632
1755260162.1785076,7751468,1984375808,1984.375808,86,61,79,5,20250815_211632
1755260162.1884916,7751507,1984385792,1984.385792,89,60,79,5,20250815_211632
1755260162.1984756,7751546,1984395776,1984.395776,93,59,78,5,20250815_211632
1755260162.2084596,7751585,1984405760,1984.40576,96,58,78,5,20250815_211632
1755260162.2186997,7751625,1984416000,1984.416,99,57,79,5,20250815_211632
1755260162.2286837,7751664,1984425984,1984.425984,102,56,79,5,20250815_211632
1755260162.2386675,7751703,1984435968,1984.435968,105,55,79,5,20250815_211632
1755260162.2486515,7751742,1984445952,1984.445952,109,55,79,5,20250815_211632
1755260162.2586355,7751781,1984455936,1984.455936,112,54,79,5,20250815_211632
1755260162.2686195,7751820,1984465920,1984.46592,115,54,79,5,20250815_211632
1755260162.2786036,7751859,1984475904,1984.475904,118,54,79,5,20250815_211632
1755260162.2885876,7751898,1984485888,1984.485888,121,53,79,5,20250815_211632
1755260162.2985716,7751937,1984495872,1984.495872,124,54,79,5,20250815_211632
1755260162.3085556,7751976,1984505856,1984.505856,128,53,79,5,20250815_211632
1755260162.3185396,7752015,1984515840,1984.51584,131,54,80,5,20250815_211632
1755260162.3285236,7752054,1984525824,1984.525824,134,53,80,5,20250815_211632
1755260162.3385077,7752093,1984535808,1984.535808,137,54,80,5,20250815_211632
1755260162.3484917,7752132,1984545792,1984.545792,140,54,80,5,20250815_211632
1755260162.3587315,7752172,1984556032,1984.556032,144,54,80,5,20250815_211632
1755260162.3687155,7752211,1984566016,1984.566016,147,54,81,5,20250815_211632
1755260162.3786995,7752250,1984576000,1984.576,150,55,82,5,20250815_211632
1755260162.3886836,7752289,1984585984,1984.585984,153,55,82,5,20250815_211632
1755260162.3986676,7752328,1984595968,1984.595968,156,55,83,5,20250815_211632
1755260162.4086516,7752367,1984605952,1984.605952,160,56,85,5,20250815_211632
1755260162.4186356,7752406,1984615936,1984.615936,163,56,87,5,20250815_211632
1755260162.4286196,7752445,1984625920,1984.62592,166,56,90,5,20250815_211632
1755260162.4386036,7752484,1984635904,1984.635904,169,56,95,5,20250815_211632
1755260162.4485877,7752523,1984645888,1984.645888,172,57,101,5,20250815_211632
1755260162.4585717,7752562,1984655872,1984.655872,175,57,110,5,20250815_211632
1755260162.4685557,7752601,1984665856,1984.665856,179,58,118,5,20250815_211632
1755260162.4785397,7752640,1984675840,1984.67584,182,58,127,5,20250815_211632
1755260162.4885235,7752679,1984685824,1984.685824,185,58,134,5,20250815_211632
1755260162.4987636,7752719,1984696064,1984.696064,188,58,135,5,20250815_211632
1755260162.5087476,7752758,1984706048,1984.706048,191,59,135,5,20250815_211632
1755260162.5187316,7752797,1984716032,1984.716032,195,59,133,5,20250815_211632
1755260162.5287156,7752836,1984726016,1984.726016,198,60,138,5,20250815_211632
1755260162.5386996,7752875,1984736000,1984.736,201,60,141,5,20250815_211632
1755260162.5486836,7752914,1984745984,1984.745984,204,60,142,5,20250815_211632
1755260162.5586677,7752953,1984755968,1984.755968,207,61,143,5,20250815_211632
1755260162.5686517,7752992,1984765952,1984.765952,210,61,144,5,20250815_211632
1755260162.5786357,7753031,1984775936,1984.775936,214,61,144,5,20250815_211632
1755260162.5886197,7753070,1984785920,1984.78592,217,62,144,5,20250815_211632
1755260162.5986035,7753109,1984795904,1984.795904,220,62,143,5,20250815_211632
1755260162.6085875,7753148,1984805888,1984.805888,223,62,145,5,20250815_211632
1755260162.6185715,7753187,1984815872,1984.815872,226,63,145,5,20250815_211632
1755260162.6285555,7753226,1984825856,1984.825856,230,63,146,5,20250815_211632
1755260162.6385396,7753265,1984835840,1984.83584,233,63,146,5,20250815_211632
1755260162.6487796,7753305,1984846080,1984.84608,236,63,146,5,20250815_211632
1755260162.6587636,7753344,1984856064,1984.856064,239,63,144,5,20250815_211632
1755260162.6687477,7753383,1984866048,1984.866048,242,63,144,5,20250815_211632
1755260162.6787317,7753422,1984876032,1984.876032,246,64,143,5,20250815_211632
1755260162.6887157,7753461,1984886016,1984.886016,249,63,142,5,20250815_211632
1755260162.6986997,7753500,1984896000,1984.896,252,63,141,5,20250815_211632
1755260162.7086835,7753539,1984905984,1984.905984,0,63,143,5,20250815_211632
1755260162.7186675,7753578,1984915968,1984.915968,3,64,141,5,20250815_211632
1755260162.7286515,7753617,1984925952,1984.925952,6,64,141,5,20250815_211632
1755260162.7386355,7753656,1984935936,1984.935936,10,64,139,5,20250815_211632
1755260162.7486196,7753695,1984945920,1984.94592,13,64,138,5,20250815_211632
1755260162.7586036,7753734,1984955904,1984.955904,16,64,135,5,20250815_211632
1755260162.7685876,7753773,1984965888,1984.965888,19,64,135,5,20250815_211632
1755260162.7785716,7753812,1984975872,1984.975872,22,65,131,5,20250815_211632
1755260162.7888117,7753852,1984986112,1984.986112,26,64,127,5,20250815_211632
1755260162.7987957,7753891,1984996096,1984.996096,29,65,125,5,20250815_211632
1755260162.8087797,7753930,1985006080,1985.00608,32,65,120,5,20250815_211632
1755260162.8187635,7753969,1985016064,1985.016064,35,64,114,5,20250815_211632
1755260162.8287475,7754008,1985026048,1985.026048,38,65,107,5,20250815_211632
1755260162.8387315,7754047,1985036032,1985.036032,42,65,102,5,20250815_211632
1755260162.8487155,7754086,1985046016,1985.046016,45,65,98,5,20250815_211632
1755260162.8586996,7754125,1985056000,1985.056,48,65,93,5,20250815_211632
1755260162.8686836,7754164,1985065984,1985.065984,51,66,90,5,20250815_211632
1755260162.8786676,7754203,1985075968,1985.075968,54,67,88,5,20250815_211632
1755260162.8886516,7754242,1985085952,1985.085952,57,67,84,5,20250815_211632
1755260162.8986356,7754281,1985095936,1985.095936,61,67,82,5,20250815_211632
1755260162.9086196,7754320,1985105920,1985.10592,64,67,80,5,20250815_211632
1755260162.9186037,7754359,1985115904,1985.115904,67,67,78,5,20250815_211632
1755260162.9285877,7754398,1985125888,1985.125888,70,67,79,5,20250815_211632
1755260162.9388275,7754438,1985136128,1985.136128,73,67,78,5,20250815_211632
1755260162.9488115,7754477,1985146112,1985.146112,77,66,78,5,20250815_211632
1755260162.9587955,7754516,1985156096,1985.156096,80,66,78,5,20250815_211632
1755260162.9687796,7754555,1985166080,1985.16608,83,64,79,5,20250815_211632
1755260162.9787636,7754594,1985176064,1985.176064,86,64,79,5,20250815_211632
1755260162.9887476,7754633,1985186048,1985.186048,89,62,79,5,20250815_211632
1755260162.9989877,7754673,1985196288,1985.196288,93,61,79,5,20250815_211632
1755260163.0089717,7754712,1985206272,1985.206272,96,60,79,5,20250815_211632
1755260163.0189557,7754751,1985216256,1985.216256,99,59,79,5,20250815_211632
1755260163.0289395,7754790,1985226240,1985.22624,102,57,79,5,20250815_211632
1755260163.0389235,7754829,1985236224,1985.236224,105,57,79,5,20250815_211632
1755260163.0489075,7754868,1985246208,1985.246208,109,56,79,5,20250815_211632
1755260163.0591476,7754908,1985256448,1985.256448,112,56,79,5,20250815_211632
1755260163.0691316,7754947,1985266432,1985.266432,115,55,79,5,20250815_211632
1755260163.0791156,7754986,1985276416,1985.276416,118,55,79,5,20250815_211632
1755260163.0890996,7755025,1985286400,1985.2864,121,54,79,5,20250815_211632
1755260163.0990837,7755064,1985296384,1985.296384,124,55,79,5,20250815_211632
1755260163.1090677,7755103,1985306368,1985.306368,128,54,80,5,20250815_211632
1755260163.1190517,7755142,1985316352,1985.316352,131,54,79,5,20250815_211632
1755260163.1290357,7755181,1985326336,1985.326336,134,54,80,5,20250815_211632
1755260163.1392756,7755221,1985336576,1985.336576,137,54,80,5,20250815_211632
1755260163.1492596,7755260,1985346560,1985.34656,140,54,80,5,20250815_211632
1755260163.1592436,7755299,1985356544,1985.356544,144,55,81,5,20250815_211632
1755260163.1692276,7755338,1985366528,1985.366528,147,55,81,5,20250815_211632
1755260163.1792116,7755377,1985376512,1985.376512,150,55,82,5,20250815_211632
1755260163.1891956,7755416,1985386496,1985.386496,153,55,82,5,20250815_211632
1755260163.1994357,7755456,1985396736,1985.396736,156,56,83,5,20250815_211632
1755260163.2094195,7755495,1985406720,1985.40672,160,56,85,5,20250815_211632
1755260163.2194035,7755534,1985416704,1985.416704,163,56,87,5,20250815_211632
1755260163.2293875,7755573,1985426688,1985.426688,166,56,90,5,20250815_211632
1755260163.2393715,7755612,1985436672,1985.436672,169,57,95,5,20250815_211632
1755260163.2493556,7755651,1985446656,1985.446656,172,57,102,5,20250815_211632
1755260163.2593396,7755690,1985456640,1985.45664,176,57,112,5,20250815_211632
1755260163.2695796,7755730,1985466880,1985.46688,179,57,121,5,20250815_211632
1755260163.2795637,7755769,1985476864,1985.476864,182,57,129,5,20250815_211632
1755260163.2895477,7755808,1985486848,1985.486848,185,58,134,5,20250815_211632
1755260163.2995317,7755847,1985496832,1985.496832,188,58,135,5,20250815_211632
1755260163.3095157,7755886,1985506816,1985.506816,192,58,134,5,20250815_211632
1755260163.3194995,7755925,1985516800,1985.5168,195,59,135,5,20250815_211632
1755260163.3294835,7755964,1985526784,1985.526784,198,60,139,5,20250815_211632
1755260163.3397236,7756004,1985537024,1985.537024,201,60,141,5,20250815_211632
1755260163.3497076,7756043,1985547008,1985.547008,204,60,141,5,20250815_211632
1755260163.3596916,7756082,1985556992,1985.556992,207,61,143,5,20250815_211632
1755260163.3696756,7756121,1985566976,1985.566976,211,61,144,5,20250815_211632
1755260163.3796597,7756160,1985576960,1985.57696,214,62,144,5,20250815_211632
1755260163.3896437,7756199,1985586944,1985.586944,217,61,144,5,20250815_211632
1755260163.3996274,7756238,1985596928,1985.596928,220,62,144,5,20250815_211632
1755260163.4096117,7756277,1985606912,1985.606912,223,62,145,5,20250815_211632
1755260163.4198515,7756317,1985617152,1985.617152,227,63,145,5,20250815_211632
1755260163.4298356,7756356,1985627136,1985.627136,230,62,146,5,20250815_211632
1755260163.4398196,7756395,1985637120,1985.63712,233,63,146,5,20250815_211632
1755260163.4498036,7756434,1985647104,1985.647104,236,63,146,5,20250815_211632
1755260163.4597876,7756473,1985657088,1985.657088,239,63,145,5,20250815_211632
1755260163.4697716,7756512,1985667072,1985.667072,243,63,144,5,20250815_211632
1755260163.4797556,7756551,1985677056,1985.677056,246,63,144,5,20250815_211632
1755260163.4897397,7756590,1985687040,1985.68704,249,63,145,5,20250815_211632
1755260163.4997237,7756629,1985697024,1985.697024,252,63,143,5,20250815_211632
1755260163.5097077,7756668,1985707008,1985.707008,0,63,142,5,20250815_211632
1755260163.5196917,7756707,1985716992,1985.716992,4,64,141,5,20250815_211632
1755260163.5296755,7756746,1985726976,1985.726976,7,63,140,5,20250815_211632
1755260163.5396595,7756785,1985736960,1985.73696,10,64,139,5,20250815_211632
1755260163.5496435,7756824,1985746944,1985.746944,13,63,138,5,20250815_211632
1755260163.5598836,7756864,1985757184,1985.757184,16,64,136,5,20250815_211632
1755260163.5698676,7756903,1985767168,1985.767168,19,63,134,5,20250815_211632
1755260163.5798516,7756942,1985777152,1985.777152,23,64,131,5,20250815_211632
1755260163.5898356,7756981,1985787136,1985.787136,26,63,127,5,20250815_211632
1755260163.5998197,7757020,1985797120,1985.79712,29,64,125,5,20250815_211632
1755260163.6098037,7757059,1985807104,1985.807104,32,63,120,5,20250815_211632
1755260163.6197877,7757098,1985817088,1985.817088,35,64,114,5,20250815_211632
1755260163.6297717,7757137,1985827072,1985.827072,39,63,108,5,20250815_211632
1755260163.6397555,7757176,1985837056,1985.837056,42,64,103,5,20250815_211632
1755260163.6497395,7757215,1985847040,1985.84704,45,63,99,5,20250815_211632
1755260163.6597235,7757254,1985857024,1985.857024,48,64,94,5,20250815_211632
1755260163.6697075,7757293,1985867008,1985.867008,51,64,90,5,20250815_211632
1755260163.6796916,7757332,1985876992,1985.876992,54,65,88,5,20250815_211632
1755260163.6896756,7757371,1985886976,1985.886976,58,64,85,5,20250815_211632
1755260163.6999156,7757411,1985897216,1985.897216,61,65,83,5,20250815_211632
1755260163.7098997,7757450,1985907200,1985.9072,64,64,81,5,20250815_211632
1755260163.7198837,7757489,1985917184,1985.917184,67,65,80,5,20250815_211632
1755260163.7298677,7757528,1985927168,1985.927168,70,64,78,5,20250815_211632
1755260163.7398517,7757567,1985937152,1985.937152,74,65,78,5,20250815_211632
1755260163.7498355,7757606,1985947136,1985.947136,77,64,78,5,20250815_211632
1755260163.7598195,7757645,1985957120,1985.95712,80,63,78,5,20250815_211632
1755260163.7698035,7757684,1985967104,1985.967104,83,62,78,5,20250815_211632
1755260163.7797875,7757723,1985977088,1985.977088,86,61,79,5,20250815_211632
1755260163.7897716,7757762,1985987072,1985.987072,90,59,79,5,20250815_211632
1755260163.7997556,7757801,1985997056,1985.997056,93,59,79,5,20250815_211632
1755260163.8097396,7757840,1986007040,1986.00704,96,57,79,5,20250815_211632
1755260163.8197236,7757879,1986017024,1986.017024,99,56,79,5,20250815_211632
1755260163.8297076,7757918,1986027008,1986.027008,102,55,79,5,20250815_211632
1755260163.8399477,7757958,1986037248,1986.037248,105,55,79,5,20250815_211632
1755260163.8499317,7757997,1986047232,1986.047232,109,53,79,5,20250815_211632
1755260163.8599155,7758036,1986057216,1986.057216,112,53,80,5,20250815_211632
1755260163.8698995,7758075,1986067200,1986.0672,115,53,79,5,20250815_211632
1755260163.8798835,7758114,1986077184,1986.077184,118,53,79,5,20250815_211632
1755260163.8898675,7758153,1986087168,1986.087168,121,52,79,5,20250815_211632
1755260163.8998516,7758192,1986097152,1986.097152,125,52,79,5,20250815_211632
1755260163.9098356,7758231,1986107136,1986.107136,128,52,79,5,20250815_211632
1755260163.9198196,7758270,1986117120,1986.11712,131,53,79,5,20250815_211632
1755260163.9298036,7758309,1986127104,1986.127104,134,52,79,5,20250815_211632
1755260163.9397876,7758348,1986137088,1986.137088,137,53,80,5,20250815_211632
1755260163.9497716,7758387,1986147072,1986.147072,141,53,80,5,20250815_211632
1755260163.9597557,7758426,1986157056,1986.157056,144,53,80,5,20250815_211632
1755260163.9697397,7758465,1986167040,1986.16704,147,53,81,5,20250815_211632
1755260163.9799795,7758505,1986177280,1986.17728,150,54,81,5,20250815_211632
1755260163.9899635,7758544,1986187264,1986.187264,153,54,82,5,20250815_211632
1755260163.9999475,7758583,1986197248,1986.197248,156,54,84,5,20250815_211632
1755260164.0099316,7758622,1986207232,1986.207232,160,54,85,5,20250815_211632
1755260164.0199156,7758661,1986217216,1986.217216,163,55,87,5,20250815_211632
1755260164.0298996,7758700,1986227200,1986.2272,166,55,90,5,20250815_211632
1755260164.0398836,7758739,1986237184,1986.237184,169,56,94,5,20250815_211632
1755260164.0498676,7758778,1986247168,1986.247168,172,55,101,5,20250815_211632
1755260164.0598516,7758817,1986257152,1986.257152,176,56,110,5,20250815_211632
1755260164.0698357,7758856,1986267136,1986.267136,179,56,119,5,20250815_211632
1755260164.0798197,7758895,1986277120,1986.27712,182,57,128,5,20250815_211632
1755260164.0898037,7758934,1986287104,1986.287104,185,56,134,5,20250815_211632
1755260164.0997877,7758973,1986297088,1986.297088,188,57,135,5,20250815_211632
1755260164.1097715,7759012,1986307072,1986.307072,192,57,133,5,20250815_211632
1755260164.1200116,7759052,1986317312,1986.317312,195,58,136,5,20250815_211632
1755260164.1299956,7759091,1986327296,1986.327296,198,58,138,5,20250815_211632
1755260164.1399796,7759130,1986337280,1986.33728,201,59,141,5,20250815_211632
1755260164.1499636,7759169,1986347264,1986.347264,204,59,142,5,20250815_211632
1755260164.1599476,7759208,1986357248,1986.357248,207,60,142,5,20250815_211632
1755260164.1699317,7759247,1986367232,1986.367232,211,59,143,5,20250815_211632
1755260164.1799157,7759286,1986377216,1986.377216,214,60,143,5,20250815_211632
1755260164.1898997,7759325,1986387200,1986.3872,217,60,144,5,20250815_211632
1755260164.1998837,7759364,1986397184,1986.397184,220,61,144,5,20250815_211632
1755260164.2098677,7759403,1986407168,1986.407168,223,61,145,5,20250815_211632
1755260164.2198515,7759442,1986417152,1986.417152,227,61,145,5,20250815_211632
1755260164.2298355,7759481,1986427136,1986.427136,230,61,145,5,20250815_211632
1755260164.2398195,7759520,1986437120,1986.43712,233,63,146,5,20250815_211632
1755260164.2498035,7759559,1986447104,1986.447104,236,61,146,5,20250815_211632
1755260164.2600436,7759599,1986457344,1986.457344,239,62,145,5,20250815_211632
1755260164.2700276,7759638,1986467328,1986.467328,242,61,144,5,20250815_211632
1755260164.2800117,7759677,1986477312,1986.477312,246,61,144,5,20250815_211632
1755260164.2899957,7759716,1986487296,1986.487296,249,61,144,5,20250815_211632
1755260164.2999794,7759755,1986497280,1986.49728,252,62,142,5,20250815_211632
1755260164.3099637,7759794,1986507264,1986.507264,0,61,142,5,20250815_211632
1755260164.3199475,7759833,1986517248,1986.517248,3,62,141,5,20250815_211632
1755260164.3299315,7759872,1986527232,1986.527232,7,61,141,5,20250815_211632
1755260164.3399155,7759911,1986537216,1986.537216,10,62,140,5,20250815_211632
1755260164.3498995,7759950,1986547200,1986.5472,13,62,138,5,20250815_211632
1755260164.3598835,7759989,1986557184,1986.557184,16,62,137,5,20250815_211632
1755260164.3698676,7760028,1986567168,1986.567168,19,61,135,5,20250815_211632
1755260164.3798516,7760067,1986577152,1986.577152,23,62,133,5,20250815_211632
1755260164.3898356,7760106,1986587136,1986.587136,26,62,131,5,20250815_211632
1755260164.3998196,7760145,1986597120,1986.59712,29,62,127,5,20250815_211632
1755260164.4100597,7760185,1986607360,1986.60736,32,62,124,5,20250815_211632
1755260164.4200437,7760224,1986617344,1986.617344,35,62,119,5,20250815_211632
1755260164.4300275,7760263,1986627328,1986.627328,38,62,112,5,20250815_211632
1755260164.4400115,7760302,1986637312,1986.637312,42,62,107,5,20250815_211632
1755260164.4499955,7760341,1986647296,1986.647296,45,62,101,5,20250815_211632
1755260164.4599795,7760380,1986657280,1986.65728,48,62,96,5,20250815_211632
1755260164.4699636,7760419,1986667264,1986.667264,51,62,92,5,20250815_211632
1755260164.4799476,7760458,1986677248,1986.677248,54,63,88,5,20250815_211632
1755260164.4899316,7760497,1986687232,1986.687232,58,63,86,5,20250815_211632
1755260164.4999156,7760536,1986697216,1986.697216,61,64,83,5,20250815_211632
1755260164.5098996,7760575,1986707200,1986.7072,64,63,81,5,20250815_211632
1755260164.5198836,7760614,1986717184,1986.717184,67,63,80,5,20250815_211632
1755260164.5298676,7760653,1986727168,1986.727168,70,62,79,5,20250815_211632
1755260164.5398517,7760692,1986737152,1986.737152,74,63,78,5,20250815_211632
1755260164.5500915,7760732,1986747392,1986.747392,77,62,78,5,20250815_211632
1755260164.5600755,7760771,1986757376,1986.757376,80,62,78,5,20250815_211632
1755260164.5700595,7760810,1986767360,1986.76736,83,60,78,5,20250815_211632
1755260164.5800436,7760849,1986777344,1986.777344,86,60,78,5,20250815_211632
1755260164.5900276,7760888,1986787328,1986.787328,89,58,79,5,20250815_211632
1755260164.6000116,7760927,1986797312,1986.797312,93,57,79,5,20250815_211632
1755260164.6099956,7760966,1986807296,1986.807296,96,56,79,5,20250815_211632
1755260164.6199796,7761005,1986817280,1986.81728,99,55,80,5,20250815_211632
1755260164.6299636,7761044,1986827264,1986.827264,102,53,79,5,20250815_211632
1755260164.6399477,7761083,1986837248,1986.837248,105,53,79,5,20250815_211632
1755260164.6499317,7761122,1986847232,1986.847232,109,52,79,5,20250815_211632
1755260164.6599154,7761161,1986857216,1986.857216,112,52,79,5,20250815_211632
1755260164.6698997,7761200,1986867200,1986.8672,115,51,79,5,20250815_211632
1755260164.6798837,7761239,1986877184,1986.877184,118,52,79,5,20250815_211632
1755260164.6898675,7761278,1986887168,1986.887168,121,51,79,5,20250815_211632
1755260164.7001076,7761318,1986897408,1986.897408,125,51,78,5,20250815_211632
1755260164.7100916,7761357,1986907392,1986.907392,128,51,79,5,20250815_211632
1755260164.7200756,7761396,1986917376,1986.917376,131,51,79,5,20250815_211632
1755260164.7300596,7761435,1986927360,1986.92736,134,51,79,5,20250815_211632
1755260164.7400436,7761474,1986937344,1986.937344,137,51,79,5,20250815_211632
1755260164.7500277,7761513,1986947328,1986.947328,140,51,80,5,20250815_211632
1755260164.7600117,7761552,1986957312,1986.957312,144,52,81,5,20250815_211632
1755260164.7699957,7761591,1986967296,1986.967296,147,51,81,5,20250815_211632
1755260164.7799797,7761630,1986977280,1986.97728,150,52,82,5,20250815_211632
1755260164.7899635,7761669,1986987264,1986.987264,153,52,83,5,20250815_211632
1755260164.7999475,7761708,1986997248,1986.997248,156,53,84,5,20250815_211632
1755260164.8099315,7761747,1987007232,1987.007232,160,52,85,5,20250815_211632
1755260164.8199155,7761786,1987017216,1987.017216,163,54,88,5,20250815_211632
1755260164.8298995,7761825,1987027200,1987.0272,166,52,91,5,20250815_211632
1755260164.8401396,7761865,1987037440,1987.03744,169,53,96,5,20250815_211632
1755260164.8501236,7761904,1987047424,1987.047424,172,53,103,5,20250815_211632
1755260164.8601077,7761943,1987057408,1987.057408,175,54,112,5,20250815_211632
1755260164.8700917,7761982,1987067392,1987.067392,179,54,120,5,20250815_211632
1755260164.8800757,7762021,1987077376,1987.077376,182,55,130,5,20250815_211632
1755260164.8900597,7762060,1987087360,1987.08736,185,55,134,5,20250815_211632
1755260164.9000435,7762099,1987097344,1987.097344,188,56,134,5,20250815_211632
1755260164.9100275,7762138,1987107328,1987.107328,191,55,134,5,20250815_211632
1755260164.9200115,7762177,1987117312,1987.117312,195,56,136,5,20250815_211632
1755260164.9299955,7762216,1987127296,1987.127296,198,56,139,5,20250815_211632
1755260164.9399796,7762255,1987137280,1987.13728,201,58,141,5,20250815_211632
1755260164.9499636,7762294,1987147264,1987.147264,204,57,142,5,20250815_211632
1755260164.9599476,7762333,1987157248,1987.157248,207,58,142,5,20250815_211632
1755260164.9699316,7762372,1987167232,1987.167232,211,59,144,5,20250815_211632
1755260164.9799156,7762411,1987177216,1987.177216,214,58,144,5,20250815_211632
1755260164.9901557,7762451,1987187456,1987.187456,217,59,144,5,20250815_211632
1755260165.0001397,7762490,1987197440,1987.19744,220,60,144,5,20250815_211632
1755260165.0101235,7762529,1987207424,1987.207424,223,60,144,5,20250815_211632
1755260165.0201075,7762568,1987217408,1987.217408,226,60,145,5,20250815_211632
1755260165.0300915,7762607,1987227392,1987.227392,230,59,146,5,20250815_211632
1755260165.0400755,7762646,1987237376,1987.237376,233,60,146,5,20250815_211632
1755260165.0500596,7762685,1987247360,1987.24736,236,60,146,5,20250815_211632
1755260165.0600436,7762724,1987257344,1987.257344,239,60,144,5,20250815_211632
1755260165.0700276,7762763,1987267328,1987.267328,242,60,144,5,20250815_211632
1755260165.0800116,7762802,1987277312,1987.277312,246,60,145,5,20250815_211632
1755260165.0899956,7762841,1987287296,1987.287296,249,59,145,5,20250815_211632
1755260165.0999796,7762880,1987297280,1987.29728,252,60,142,5,20250815_211632
1755260165.1099637,7762919,1987307264,1987.307264,0,60,142,5,20250815_211632
1755260165.1199477,7762958,1987317248,1987.317248,3,61,141,5,20250815_211632
1755260165.1301875,7762998,1987327488,1987.327488,7,60,140,5,20250815_211632
1755260165.1401715,7763037,1987337472,1987.337472,10,61,139,5,20250815_211632
1755260165.1501555,7763076,1987347456,1987.347456,13,61,137,5,20250815_211632
1755260165.1601396,7763115,1987357440,1987.35744,16,61,136,5,20250815_211632
1755260165.1701236,7763154,1987367424,1987.367424,19,60,133,5,20250815_211632
1755260165.1801076,7763193,1987377408,1987.377408,22,61,132,5,20250815_211632
1755260165.1900916,7763232,1987387392,1987.387392,26,60,128,5,20250815_211632
1755260165.2000756,7763271,1987397376,1987.397376,29,61,126,5,20250815_211632
1755260165.2100596,7763310,1987407360,1987.40736,32,60,121,5,20250815_211632
1755260165.2200437,7763349,1987417344,1987.417344,35,61,115,5,20250815_211632
1755260165.2300277,7763388,1987427328,1987.427328,38,60,110,5,20250815_211632
1755260165.2400117,7763427,1987437312,1987.437312,42,61,104,5,20250815_211632
1755260165.2499957,7763466,1987447296,1987.447296,45,60,100,5,20250815_211632
1755260165.2599795,7763505,1987457280,1987.45728,48,61,95,5,20250815_211632
1755260165.2702196,7763545,1987467520,1987.46752,51,60,91,5,20250815_211632
1755260165.2802036,7763584,1987477504,1987.477504,54,61,88,5,20250815_211632
1755260165.2901876,7763623,1987487488,1987.487488,58,61,86,5,20250815_211632
1755260165.3001716,7763662,1987497472,1987.497472,61,62,83,5,20250815_211632
1755260165.3101556,7763701,1987507456,1987.507456,64,61,81,5,20250815_211632
1755260165.3201396,7763740,1987517440,1987.51744,67,62,80,5,20250815_211632
1755260165.3301237,7763779,1987527424,1987.527424,70,61,79,5,20250815_211632
1755260165.3401077,7763818,1987537408,1987.537408,73,61,78,5,20250815_211632
1755260165.3500917,7763857,1987547392,1987.547392,77,60,78,5,20250815_211632
1755260165.3600757,7763896,1987557376,1987.557376,80,59,78,5,20250815_211632
1755260165.3700595,7763935,1987567360,1987.56736,83,58,79,5,20250815_211632
1755260165.3800435,7763974,1987577344,1987.577344,86,58,79,5,20250815_211632
1755260165.3900275,7764013,1987587328,1987.587328,89,56,79,5,20250815_211632
1755260165.4000115,7764052,1987597312,1987.597312,93,55,78,5,20250815_211632
1755260165.4099956,7764091,1987607296,1987.607296,96,53,79,5,20250815_211632
1755260165.4202356,7764131,1987617536,1987.617536,99,53,79,5,20250815_211632
1755260165.4302197,7764170,1987627520,1987.62752,102,52,79,5,20250815_211632
1755260165.4402037,7764209,1987637504,1987.637504,105,51,79,5,20250815_211632
1755260165.4501877,7764248,1987647488,1987.647488,108,51,80,5,20250815_211632
1755260165.4601717,7764287,1987657472,1987.657472,112,50,79,5,20250815_211632
1755260165.4701557,7764326,1987667456,1987.667456,115,50,80,5,20250815_211632
1755260165.4801395,7764365,1987677440,1987.67744,118,50,79,5,20250815_211632
1755260165.4901235,7764404,1987687424,1987.687424,121,49,79,5,20250815_211632
1755260165.5001075,7764443,1987697408,1987.697408,124,49,79,5,20250815_211632
1755260165.5100915,7764482,1987707392,1987.707392,128,49,79,5,20250815_211632
1755260165.5200756,7764521,1987717376,1987.717376,131,49,79,5,20250815_211632
1755260165.5300596,7764560,1987727360,1987.72736,134,49,80,5,20250815_211632
1755260165.5400436,7764599,1987737344,1987.737344,137,49,80,5,20250815_211632
1755260165.5500276,7764638,1987747328,1987.747328,140,49,80,5,20250815_211632
1755260165.5602674,7764678,1987757568,1987.757568,144,49,80,5,20250815_211632
1755260165.5702517,7764717,1987767552,1987.767552,147,50,81,5,20250815_211632
1755260165.5802355,7764756,1987777536,1987.777536,150,50,82,5,20250815_211632
1755260165.5902195,7764795,1987787520,1987.78752,153,50,83,5,20250815_211632
1755260165.6002035,7764834,1987797504,1987.797504,156,50,84,5,20250815_211632
1755260165.6101875,7764873,1987807488,1987.807488,159,51,85,5,20250815_211632
1755260165.6201715,7764912,1987817472,1987.817472,163,51,87,5,20250815_211632
1755260165.6301556,7764951,1987827456,1987.827456,166,51,90,5,20250815_211632
1755260165.6401396,7764990,1987837440,1987.83744,169,51,95,5,20250815_211632
1755260165.6501236,7765029,1987847424,1987.847424,172,51,101,5,20250815_211632
1755260165.6601076,7765068,1987857408,1987.857408,175,52,111,5,20250815_211632
1755260165.6700916,7765107,1987867392,1987.867392,179,52,119,5,20250815_211632
1755260165.6800756,7765146,1987877376,1987.877376,182,52,128,5,20250815_211632
1755260165.6900597,7765185,1987887360,1987.88736,185,52,134,5,20250815_211632
1755260165.7002995,7765225,1987897600,1987.8976,188,53,135,5,20250815_211632
1755260165.7102835,7765264,1987907584,1987.907584,191,53,135,5,20250815_211632
1755260165.7202675,7765303,1987917568,1987.917568,195,54,136,5,20250815_211632
1755260165.7302516,7765342,1987927552,1987.927552,198,54,139,5,20250815_211632
1755260165.7402356,7765381,1987937536,1987.937536,201,55,142,5,20250815_211632
1755260165.7502196,7765420,1987947520,1987.94752,204,55,141,5,20250815_211632
1755260165.7602036,7765459,1987957504,1987.957504,207,56,142,5,20250815_211632
1755260165.7701876,7765498,1987967488,1987.967488,210,56,143,5,20250815_211632
1755260165.7801716,7765537,1987977472,1987.977472,214,56,143,5,20250815_211632
1755260165.7901556,7765576,1987987456,1987.987456,217,56,144,5,20250815_211632
1755260165.8001397,7765615,1987997440,1987.99744,220,57,144,5,20250815_211632
1755260165.8101237,7765654,1988007424,1988.007424,223,57,144,5,20250815_211632
1755260165.8201077,7765693,1988017408,1988.017408,226,58,144,5,20250815_211632
1755260165.8300917,7765732,1988027392,1988.027392,230,57,145,5,20250815_211632
1755260165.8403316,7765772,1988037632,1988.037632,233,57,146,5,20250815_211632
1755260165.8503156,7765811,1988047616,1988.047616,236,57,146,5,20250815_211632
1755260165.8602996,7765850,1988057600,1988.0576,239,57,144,5,20250815_211632
1755260165.8702836,7765889,1988067584,1988.067584,242,57,144,5,20250815_211632
1755260165.8802676,7765928,1988077568,1988.077568,246,57,143,5,20250815_211632
1755260165.8902516,7765967,1988087552,1988.087552,249,57,141,5,20250815_211632
1755260165.9002357,7766006,1988097536,1988.097536,252,57,140,5,20250815_211632
1755260165.9102197,7766045,1988107520,1988.10752,0,57,141,5,20250815_211632
1755260165.9202034,7766084,1988117504,1988.117504,3,57,141,5,20250815_211632
1755260165.9301877,7766123,1988127488,1988.127488,6,57,141,5,20250815_211632
1755260165.9401717,7766162,1988137472,1988.137472,10,57,139,5,20250815_211632
1755260165.9501555,7766201,1988147456,1988.147456,13,57,138,5,20250815_211632
1755260165.9601395,7766240,1988157440,1988.15744,16,57,137,5,20250815_211632
1755260165.9701235,7766279,1988167424,1988.167424,19,57,135,5,20250815_211632
1755260165.9801075,7766318,1988177408,1988.177408,22,58,133,5,20250815_211632
1755260165.9903476,7766358,1988187648,1988.187648,26,57,130,5,20250815_211632
1755260166.0003316,7766397,1988197632,1988.197632,29,58,127,5,20250815_211632
1755260166.0103157,7766436,1988207616,1988.207616,32,58,124,5,20250815_211632
1755260166.0202997,7766475,1988217600,1988.2176,35,58,117,5,20250815_211632
1755260166.0302837,7766514,1988227584,1988.227584,38,57,112,5,20250815_211632
1755260166.0402677,7766553,1988237568,1988.237568,41,57,106,5,20250815_211632
1755260166.0502515,7766592,1988247552,1988.247552,45,57,100,5,20250815_211632
1755260166.0602355,7766631,1988257536,1988.257536,48,57,97,5,20250815_211632
1755260166.0702195,7766670,1988267520,1988.26752,51,57,92,5,20250815_211632
1755260166.0802035,7766709,1988277504,1988.277504,54,58,89,5,20250815_211632
1755260166.0901875,7766748,1988287488,1988.287488,57,58,86,5,20250815_211632
1755260166.1001716,7766787,1988297472,1988.297472,61,59,84,5,20250815_211632
1755260166.1101556,7766826,1988307456,1988.307456,64,58,82,5,20250815_211632
1755260166.1201396,7766865,1988317440,1988.31744,67,59,80,5,20250815_211632
1755260166.1303797,7766905,1988327680,1988.32768,70,58,79,5,20250815_211632
1755260166.1403637,7766944,1988337664,1988.337664,73,58,77,5,20250815_211632
1755260166.1503477,7766983,1988347648,1988.347648,77,57,78,5,20250815_211632
1755260166.1603315,7767022,1988357632,1988.357632,80,57,77,5,20250815_211632
1755260166.1703155,7767061,1988367616,1988.367616,83,55,78,5,20250815_211632
1755260166.1802995,7767100,1988377600,1988.3776,86,55,79,5,20250815_211632
1755260166.1902835,7767139,1988387584,1988.387584,89,53,78,5,20250815_211632
1755260166.2002676,7767178,1988397568,1988.397568,92,52,79,5,20250815_211632
1755260166.2102516,7767217,1988407552,1988.407552,96,51,79,5,20250815_211632
1755260166.2202356,7767256,1988417536,1988.417536,99,50,79,5,20250815_211632
1755260166.2302196,7767295,1988427520,1988.42752,102,49,78,5,20250815_211632
1755260166.2402036,7767334,1988437504,1988.437504,105,49,79,5,20250815_211632
1755260166.2501876,7767373,1988447488,1988.447488,108,48,79,5,20250815_211632
1755260166.2601717,7767412,1988457472,1988.457472,112,48,79,5,20250815_211632
1755260166.2701557,7767451,1988467456,1988.467456,115,47,78,5,20250815_211632
1755260166.2803955,7767491,1988477696,1988.477696,118,47,78,5,20250815_211632
1755260166.2903795,7767530,1988487680,1988.48768,121,46,79,5,20250815_211632
1755260166.3003635,7767569,1988497664,1988.497664,124,47,79,5,20250815_211632
1755260166.3103476,7767608,1988507648,1988.507648,128,46,80,5,20250815_211632
1755260166.3203316,7767647,1988517632,1988.517632,131,47,79,5,20250815_211632
1755260166.3303156,7767686,1988527616,1988.527616,134,46,79,5,20250815_211632
1755260166.3402996,7767725,1988537600,1988.5376,137,47,80,5,20250815_211632
1755260166.3502836,7767764,1988547584,1988.547584,140,46,80,5,20250815_211632
1755260166.3602676,7767803,1988557568,1988.557568,143,47,81,5,20250815_211632
1755260166.3702517,7767842,1988567552,1988.567552,147,46,81,5,20250815_211632
1755260166.3802357,7767881,1988577536,1988.577536,150,47,82,5,20250815_211632
1755260166.3902194,7767920,1988587520,1988.58752,153,47,82,5,20250815_211632
1755260166.4002037,7767959,1988597504,1988.597504,156,47,83,5,20250815_211632
1755260166.4101875,7767998,1988607488,1988.607488,159,47,85,5,20250815_211632
1755260166.4204276,7768038,1988617728,1988.617728,163,48,87,5,20250815_211632
1755260166.4304116,7768077,1988627712,1988.627712,166,47,89,5,20250815_211632
1755260166.4403956,7768116,1988637696,1988.637696,169,48,93,5,20250815_211632
1755260166.4503796,7768155,1988647680,1988.64768,172,48,100,5,20250815_211632
1755260166.4603636,7768194,1988657664,1988.657664,175,49,110,5,20250815_211632
1755260166.4703476,7768233,1988667648,1988.667648,179,48,118,5,20250815_211632
1755260166.4803317,7768272,1988677632,1988.677632,182,49,127,5,20250815_211632
1755260166.4903157,7768311,1988687616,1988.687616,185,49,134,5,20250815_211632
1755260166.5002997,7768350,1988697600,1988.6976,188,49,135,5,20250815_211632
1755260166.5102837,7768389,1988707584,1988.707584,191,50,134,5,20250815_211632
1755260166.5202675,7768428,1988717568,1988.717568,194,50,135,5,20250815_211632
1755260166.5302515,7768467,1988727552,1988.727552,198,50,138,5,20250815_211632
1755260166.5402355,7768506,1988737536,1988.737536,201,51,141,5,20250815_211632
1755260166.5502195,7768545,1988747520,1988.74752,204,51,141,5,20250815_211632
1755260166.5604596,7768585,1988757760,1988.75776,207,52,142,5,20250815_211632
1755260166.5704436,7768624,1988767744,1988.767744,210,52,143,5,20250815_211632
1755260166.5804276,7768663,1988777728,1988.777728,214,52,143,5,20250815_211632
1755260166.5904117,7768702,1988787712,1988.787712,217,52,144,5,20250815_211632
1755260166.6003957,7768741,1988797696,1988.797696,220,53,144,5,20250815_211632
1755260166.6103797,7768780,1988807680,1988.80768,223,53,144,5,20250815_211632
1755260166.6203637,7768819,1988817664,1988.817664,226,53,145,5,20250815_211632
1755260166.6303475,7768858,1988827648,1988.827648,230,53,145,5,20250815_211632
1755260166.6403315,7768897,1988837632,1988.837632,233,53,146,5,20250815_211632
1755260166.6503155,7768936,1988847616,1988.847616,236,53,146,5,20250815_211632
1755260166.6602995,7768975,1988857600,1988.8576,239,53,144,5,20250815_211632
1755260166.6702836,7769014,1988867584,1988.867584,242,53,144,5,20250815_211632
1755260166.6802676,7769053,1988877568,1988.877568,245,53,143,5,20250815_211632
1755260166.6902516,7769092,1988887552,1988.887552,249,53,142,5,20250815_211632
1755260166.7004917,7769132,1988897792,1988.897792,252,53,140,5,20250815_211632
1755260166.7104757,7769171,1988907776,1988.907776,0,53,141,5,20250815_211632
1755260166.7204597,7769210,1988917760,1988.91776,3,53,141,5,20250815_211632
1755260166.7304437,7769249,1988927744,1988.927744,6,53,140,5,20250815_211632
1755260166.7404275,7769288,1988937728,1988.937728,10,53,139,5,20250815_211632
1755260166.7504115,7769327,1988947712,1988.947712,13,53,138,5,20250815_211632
1755260166.7603955,7769366,1988957696,1988.957696,16,53,136,5,20250815_211632
1755260166.7703795,7769405,1988967680,1988.96768,19,52,134,5,20250815_211632
1755260166.7803636,7769444,1988977664,1988.977664,22,53,132,5,20250815_211632
1755260166.7903476,7769483,1988987648,1988.987648,25,52,128,5,20250815_211632
1755260166.8003316,7769522,1988997632,1988.997632,29,53,126,5,20250815_211632
1755260166.8103156,7769561,1989007616,1989.007616,32,52,122,5,20250815_211632
1755260166.8202996,7769600,1989017600,1989.0176,35,53,115,5,20250815_211632
1755260166.8302836,7769639,1989027584,1989.027584,38,52,110,5,20250815_211632
1755260166.8402677,7769678,1989037568,1989.037568,41,53,104,5,20250815_211632
1755260166.8505075,7769718,1989047808,1989.047808,45,52,100,5,20250815_211632
1755260166.8604915,7769757,1989057792,1989.057792,48,53,96,5,20250815_211632
1755260166.8704755,7769796,1989067776,1989.067776,51,53,91,5,20250815_211632
1755260166.8804595,7769835,1989077760,1989.07776,54,53,88,5,20250815_211632
1755260166.8904436,7769874,1989087744,1989.087744,57,54,86,5,20250815_211632
1755260166.9004276,7769913,1989097728,1989.097728,61,54,83,5,20250815_211632
1755260166.9104116,7769952,1989107712,1989.107712,64,53,81,5,20250815_211632
1755260166.9203956,7769991,1989117696,1989.117696,67,54,80,5,20250815_211632
1755260166.9303796,7770030,1989127680,1989.12768,70,53,79,5,20250815_211632
1755260166.9403636,7770069,1989137664,1989.137664,73,54,78,5,20250815_211632
1755260166.9503477,7770108,1989147648,1989.147648,76,52,78,5,20250815_211632
1755260166.9603317,7770147,1989157632,1989.157632,80,52,78,5,20250815_211632
1755260166.9703157,7770186,1989167616,1989.167616,83,51,79,5,20250815_211632
1755260166.9802997,7770225,1989177600,1989.1776,86,50,79,5,20250815_211632
1755260166.9902835,7770264,1989187584,1989.187584,89,49,79,5,20250815_211632
1755260167.0005236,7770304,1989197824,1989.197824,92,48,79,5,20250815_211632
1755260167.0105076,7770343,1989207808,1989.207808,96,46,79,5,20250815_211632
1755260167.0204916,7770382,1989217792,1989.217792,99,46,78,5,20250815_211632
1755260167.0304756,7770421,1989227776,1989.227776,102,45,79,5,20250815_211632
1755260167.0404596,7770460,1989237760,1989.23776,105,45,79,5,20250815_211632
1755260167.0504436,7770499,1989247744,1989.247744,108,44,79,5,20250815_211632
1755260167.0604277,7770538,1989257728,1989.257728,112,44,79,5,20250815_211632
1755260167.0704117,7770577,1989267712,1989.267712,115,43,78,5,20250815_211632
1755260167.0803957,7770616,1989277696,1989.277696,118,43,79,5,20250815_211632
1755260167.0903797,7770655,1989287680,1989.28768,121,43,79,5,20250815_211632
1755260167.1003635,7770694,1989297664,1989.297664,124,43,79,5,20250815_211632
1755260167.1103475,7770733,1989307648,1989.307648,127,42,79,5,20250815_211632
1755260167.1203315,7770772,1989317632,1989.317632,131,43,79,5,20250815_211632
1755260167.1303155,7770811,1989327616,1989.327616,134,42,79,5,20250815_211632
1755260167.1405556,7770851,1989337856,1989.337856,137,42,80,5,20250815_211632
1755260167.1505396,7770890,1989347840,1989.34784,140,42,80,5,20250815_211632
1755260167.1605237,7770929,1989357824,1989.357824,143,43,81,5,20250815_211632
1755260167.1705077,7770968,1989367808,1989.367808,147,43,81,5,20250815_211632
1755260167.1804914,7771007,1989377792,1989.377792,150,43,82,5,20250815_211632
1755260167.1904757,7771046,1989387776,1989.387776,153,43,82,5,20250815_211632
1755260167.2004597,7771085,1989397760,1989.39776,156,43,84,5,20250815_211632
1755260167.2104435,7771124,1989407744,1989.407744,159,43,85,5,20250815_211632
1755260167.2204275,7771163,1989417728,1989.417728,163,43,87,5,20250815_211632
1755260167.2304115,7771202,1989427712,1989.427712,166,43,90,5,20250815_211632
1755260167.2403955,7771241,1989437696,1989.437696,169,44,96,5,20250815_211632
1755260167.2503796,7771280,1989447680,1989.44768,172,44,102,5,20250815_211632
1755260167.2603636,7771319,1989457664,1989.457664,175,44,112,5,20250815_211632
1755260167.2703476,7771358,1989467648,1989.467648,178,44,121,5,20250815_211632
1755260167.2805877,7771398,1989477888,1989.477888,182,45,130,5,20250815_211632
1755260167.2905717,7771437,1989487872,1989.487872,185,44,134,5,20250815_211632
1755260167.3005557,7771476,1989497856,1989.497856,188,45,135,5,20250815_211632
1755260167.3105395,7771515,1989507840,1989.50784,191,45,134,5,20250815_211632
1755260167.3205235,7771554,1989517824,1989.517824,194,45,136,5,20250815_211632
1755260167.3305075,7771593,1989527808,1989.527808,198,46,139,5,20250815_211632
1755260167.3404915,7771632,1989537792,1989.537792,201,46,141,5,20250815_211632
1755260167.3504755,7771671,1989547776,1989.547776,204,46,142,5,20250815_211632
1755260167.3604596,7771710,1989557760,1989.55776,207,47,143,5,20250815_211632
1755260167.3704436,7771749,1989567744,1989.567744,210,46,143,5,20250815_211632
1755260167.3804276,7771788,1989577728,1989.577728,213,47,144,5,20250815_211632
1755260167.3904116,7771827,1989587712,1989.587712,217,47,144,5,20250815_211632
1755260167.4003956,7771866,1989597696,1989.597696,220,47,144,5,20250815_211632
1755260167.4103796,7771905,1989607680,1989.60768,223,47,145,5,20250815_211632
1755260167.4203637,7771944,1989617664,1989.617664,226,48,145,5,20250815_211632
1755260167.4306035,7771984,1989627904,1989.627904,229,47,145,5,20250815_211632
1755260167.4405875,7772023,1989637888,1989.637888,233,47,145,5,20250815_211632
1755260167.4505715,7772062,1989647872,1989.647872,236,47,146,5,20250815_211632
1755260167.4605556,7772101,1989657856,1989.657856,239,48,145,5,20250815_211632
1755260167.4705396,7772140,1989667840,1989.66784,242,47,144,5,20250815_211632
1755260167.4805236,7772179,1989677824,1989.677824,245,47,143,5,20250815_211632
1755260167.4905076,7772218,1989687808,1989.687808,249,47,142,5,20250815_211632
1755260167.5004916,7772257,1989697792,1989.697792,252,47,141,5,20250815_211632
1755260167.5104756,7772296,1989707776,1989.707776,0,47,141,5,20250815_211632
1755260167.5204597,7772335,1989717760,1989.71776,3,47,141,5,20250815_211632
1755260167.5304437,7772374,1989727744,1989.727744,6,47,140,5,20250815_211632
1755260167.5404277,7772413,1989737728,1989.737728,9,48,138,5,20250815_211632
1755260167.5504117,7772452,1989747712,1989.747712,13,47,136,5,20250815_211632
1755260167.5603957,7772491,1989757696,1989.757696,16,47,136,5,20250815_211632
1755260167.5703795,7772530,1989767680,1989.76768,19,47,133,5,20250815_211632
1755260167.5806196,7772570,1989777920,1989.77792,22,47,131,5,20250815_211632
1755260167.5906036,7772609,1989787904,1989.787904,25,47,127,5,20250815_211632
1755260167.6005876,7772648,1989797888,1989.797888,29,47,124,5,20250815_211632
1755260167.6105716,7772687,1989807872,1989.807872,32,46,120,5,20250815_211632
1755260167.6205556,7772726,1989817856,1989.817856,35,47,114,5,20250815_211632
1755260167.6305397,7772765,1989827840,1989.82784,38,47,108,5,20250815_211632
1755260167.6405237,7772804,1989837824,1989.837824,41,47,104,5,20250815_211632
1755260167.6505077,7772843,1989847808,1989.847808,45,46,98,5,20250815_211632
1755260167.6604917,7772882,1989857792,1989.857792,48,47,94,5,20250815_211632
1755260167.6704755,7772921,1989867776,1989.867776,51,47,89,5,20250815_211632
1755260167.6804595,7772960,1989877760,1989.87776,54,47,87,5,20250815_211632
1755260167.6904435,7772999,1989887744,1989.887744,57,47,84,5,20250815_211632
1755260167.7004275,7773038,1989897728,1989.897728,60,48,82,5,20250815_211632
1755260167.7104115,7773077,1989907712,1989.907712,64,47,80,5,20250815_211632
1755260167.7206516,7773117,1989917952,1989.917952,67,48,79,5,20250815_211632
1755260167.7306356,7773156,1989927936,1989.927936,70,47,78,5,20250815_211632
1755260167.7406197,7773195,1989937920,1989.93792,73,47,78,5,20250815_211632
1755260167.7506037,7773234,1989947904,1989.947904,76,46,78,5,20250815_211632
1755260167.7605877,7773273,1989957888,1989.957888,80,46,78,5,20250815_211632
1755260167.7705717,7773312,1989967872,1989.967872,83,45,79,5,20250815_211632
1755260167.7805555,7773351,1989977856,1989.977856,86,45,79,5,20250815_211632
1755260167.7905395,7773390,1989987840,1989.98784,89,43,79,5,20250815_211632
1755260167.8005235,7773429,1989997824,1989.997824,92,42,79,5,20250815_211632
1755260167.8105075,7773468,1990007808,1990.007808,96,41,79,5,20250815_211632
1755260167.8204916,7773507,1990017792,1990.017792,99,41,79,5,20250815_211632
1755260167.8304756,7773546,1990027776,1990.027776,102,40,79,5,20250815_211632
1755260167.8404596,7773585,1990037760,1990.03776,105,39,79,5,20250815_211632
1755260167.8504436,7773624,1990047744,1990.047744,108,39,79,5,20250815_211632
1755260167.8606837,7773664,1990057984,1990.057984,111,38,79,5,20250815_211632
1755260167.8706677,7773703,1990067968,1990.067968,115,38,78,5,20250815_211632
1755260167.8806517,7773742,1990077952,1990.077952,118,38,78,5,20250815_211632
1755260167.8906355,7773781,1990087936,1990.087936,121,38,78,5,20250815_211632
1755260167.9006195,7773820,1990097920,1990.09792,124,37,79,5,20250815_211632
1755260167.9106035,7773859,1990107904,1990.107904,127,37,79,5,20250815_211632
1755260167.9205875,7773898,1990117888,1990.117888,131,37,79,5,20250815_211632
1755260167.9305716,7773937,1990127872,1990.127872,134,37,79,5,20250815_211632
1755260167.9405556,7773976,1990137856,1990.137856,137,37,79,5,20250815_211632
1755260167.9505396,7774015,1990147840,1990.14784,140,37,80,5,20250815_211632
1755260167.9605236,7774054,1990157824,1990.157824,143,37,81,5,20250815_211632
1755260167.9705076,7774093,1990167808,1990.167808,146,37,81,5,20250815_211632
1755260167.9804916,7774132,1990177792,1990.177792,150,37,82,5,20250815_211632
1755260167.9904757,7774171,1990187776,1990.187776,153,37,82,5,20250815_211632
1755260168.0004597,7774210,1990197760,1990.19776,156,37,83,5,20250815_211632
1755260168.0106995,7774250,1990208000,1990.208,159,38,86,5,20250815_211632
1755260168.0206835,7774289,1990217984,1990.217984,162,37,87,5,20250815_211632
1755260168.0306675,7774328,1990227968,1990.227968,166,38,90,5,20250815_211632
1755260168.0406516,7774367,1990237952,1990.237952,169,38,94,5,20250815_211632
1755260168.0506356,7774406,1990247936,1990.247936,172,38,99,5,20250815_211632
1755260168.0606196,7774445,1990257920,1990.25792,175,38,110,5,20250815_211632
1755260168.0706036,7774484,1990267904,1990.267904,178,38,119,5,20250815_211632
1755260168.0805876,7774523,1990277888,1990.277888,182,37,127,5,20250815_211632
1755260168.0905716,7774562,1990287872,1990.287872,185,37,134,5,20250815_211632
1755260168.1008115,7774602,1990298112,1990.298112,188,38,135,5,20250815_211632
1755260168.1107955,7774641,1990308096,1990.308096,191,37,134,5,20250815_211632
1755260168.1207795,7774680,1990318080,1990.31808,194,38,135,5,20250815_211632
1755260168.1307635,7774719,1990328064,1990.328064,198,38,138,5,20250815_211632
1755260168.1407475,7774758,1990338048,1990.338048,201,37,140,5,20250815_211632
1755260168.1507316,7774797,1990348032,1990.348032,204,37,141,5,20250815_211632
1755260168.1609716,7774837,1990358272,1990.358272,207,37,142,5,20250815_211632
1755260168.1709557,7774876,1990368256,1990.368256,210,37,142,5,20250815_211632
1755260168.1809397,7774915,1990378240,1990.37824,213,38,144,5,20250815_211632
1755260168.1909237,7774954,1990388224,1990.388224,217,37,144,5,20250815_211632
1755260168.2009077,7774993,1990398208,1990.398208,220,37,144,5,20250815_211632
1755260168.2108915,7775032,1990408192,1990.408192,223,37,144,5,20250815_211632
1755260168.2208755,7775071,1990418176,1990.418176,226,38,144,5,20250815_211632
1755260168.2308595,7775110,1990428160,1990.42816,229,37,146,5,20250815_211632
1755260168.2410996,7775150,1990438400,1990.4384,233,37,145,5,20250815_211632
1755260168.2510836,7775189,1990448384,1990.448384,236,36,146,5,20250815_211632
1755260168.2610676,7775228,1990458368,1990.458368,239,36,144,5,20250815_211632
1755260168.2710516,7775267,1990468352,1990.468352,242,35,145,5,20250815_211632
1755260168.2810357,7775306,1990478336,1990.478336,245,35,146,5,20250815_211632
1755260168.2910197,7775345,1990488320,1990.48832,249,35,147,5,20250815_211632
1755260168.3010037,7775384,1990498304,1990.498304,252,35,147,5,20250815_211632
1755260168.3112435,7775424,1990508544,1990.508544,0,34,147,5,20250815_211632
1755260168.3212276,7775463,1990518528,1990.518528,3,35,147,5,20250815_211632
1755260168.3312116,7775502,1990528512,1990.528512,6,34,146,5,20250815_211632
1755260168.3411956,7775541,1990538496,1990.538496,10,34,145,5,20250815_211632
1755260168.3511796,7775580,1990548480,1990.54848,13,33,143,5,20250815_211632
1755260168.3611636,7775619,1990558464,1990.558464,16,34,143,5,20250815_211632
1755260168.3711476,7775658,1990568448,1990.568448,19,33,139,5,20250815_211632
1755260168.3813877,7775698,1990578688,1990.578688,22,33,139,5,20250815_211632
1755260168.3913715,7775737,1990588672,1990.588672,26,33,136,5,20250815_211632
1755260168.4013555,7775776,1990598656,1990.598656,29,33,133,5,20250815_211632
1755260168.4113395,7775815,1990608640,1990.60864,32,32,127,5,20250815_211632
1755260168.4213235,7775854,1990618624,1990.618624,35,33,127,5,20250815_211632
1755260168.4313076,7775893,1990628608,1990.628608,38,32,121,5,20250815_211632
1755260168.4412916,7775932,1990638592,1990.638592,41,33,115,5,20250815_211632
1755260168.4515316,7775972,1990648832,1990.648832,45,32,110,5,20250815_211632
1755260168.4615157,7776011,1990658816,1990.658816,48,33,104,5,20250815_211632
1755260168.4714997,7776050,1990668800,1990.6688,51,33,101,5,20250815_211632
1755260168.4814837,7776089,1990678784,1990.678784,54,33,97,5,20250815_211632
1755260168.4914677,7776128,1990688768,1990.688768,57,32,93,5,20250815_211632
1755260168.5014515,7776167,1990698752,1990.698752,61,32,90,5,20250815_211632
1755260168.5114355,7776206,1990708736,1990.708736,64,32,87,5,20250815_211632
1755260168.5216756,7776246,1990718976,1990.718976,67,33,84,5,20250815_211632
1755260168.5316596,7776285,1990728960,1990.72896,70,32,82,5,20250815_211632
1755260168.5416436,7776324,1990738944,1990.738944,73,33,80,5,20250815_211632
1755260168.5516276,7776363,1990748928,1990.748928,77,32,79,5,20250815_211632
1755260168.5616117,7776402,1990758912,1990.758912,80,33,78,5,20250815_211632
1755260168.5715957,7776441,1990768896,1990.768896,83,32,78,5,20250815_211632
1755260168.5815794,7776480,1990778880,1990.77888,86,33,78,5,20250815_211632
1755260168.5915637,7776519,1990788864,1990.788864,89,32,79,5,20250815_211632
1755260168.6015477,7776558,1990798848,1990.798848,93,33,78,5,20250815_211632
1755260168.6115315,7776597,1990808832,1990.808832,96,31,78,5,20250815_211632
1755260168.6217716,7776637,1990819072,1990.819072,99,31,79,5,20250815_211632
1755260168.6317556,7776676,1990829056,1990.829056,102,28,79,5,20250815_211632
1755260168.6417396,7776715,1990839040,1990.83904,105,28,78,5,20250815_211632
1755260168.6517236,7776754,1990849024,1990.849024,108,25,80,5,20250815_211632
1755260168.6617076,7776793,1990859008,1990.859008,112,25,79,5,20250815_211632
1755260168.6716917,7776832,1990868992,1990.868992,115,25,79,5,20250815_211632
1755260168.6816757,7776871,1990878976,1990.878976,118,25,80,5,20250815_211632
1755260168.6916597,7776910,1990888960,1990.88896,121,24,80,5,20250815_211632
1755260168.7016437,7776949,1990898944,1990.898944,124,20,80,5,20250815_211632
1755260168.7116275,7776988,1990908928,1990.908928,128,25,79,5,20250815_211632
1755260168.7216115,7777027,1990918912,1990.918912,131,25,80,5,20250815_211632
1755260168.7315955,7777066,1990928896,1990.928896,134,24,80,5,20250815_211632
1755260168.7415795,7777105,1990938880,1990.93888,137,25,80,5,20250815_211632
1755260168.7515635,7777144,1990948864,1990.948864,140,24,80,5,20250815_211632
1755260168.7618036,7777184,1990959104,1990.959104,144,25,80,5,20250815_211632
1755260168.7717876,7777223,1990969088,1990.969088,147,25,80,5,20250815_211632
1755260168.7817717,7777262,1990979072,1990.979072,150,26,80,5,20250815_211632
1755260168.7917557,7777301,1990989056,1990.989056,153,26,80,5,20250815_211632
1755260168.8017397,7777340,1990999040,1990.99904,156,28,80,5,20250815_211632
1755260168.8117237,7777379,1991009024,1991.009024,159,28,80,5,20250815_211632
1755260168.8217075,7777418,1991019008,1991.019008,163,29,80,5,20250815_211632
1755260168.8316915,7777457,1991028992,1991.028992,166,27,80,5,20250815_211632
1755260168.8416755,7777496,1991038976,1991.038976,169,28,80,5,20250815_211632
1755260168.8516595,7777535,1991048960,1991.04896,172,27,80,5,20250815_211632
1755260168.8616436,7777574,1991058944,1991.058944,175,28,80,5,20250815_211632
1755260168.8716276,7777613,1991068928,1991.068928,179,27,80,5,20250815_211632
1755260168.8816116,7777652,1991078912,1991.078912,182,29,80,5,20250815_211632
1755260168.8915956,7777691,1991088896,1991.088896,185,28,80,5,20250815_211632
1755260168.9018357,7777731,1991099136,1991.099136,188,29,80,5,20250815_211632
1755260168.9118197,7777770,1991109120,1991.10912,191,29,80,5,20250815_211632
1755260168.9218037,7777809,1991119104,1991.119104,195,31,80,5,20250815_211632
1755260168.9317875,7777848,1991129088,1991.129088,198,31,80,5,20250815_211632
1755260168.9417715,7777887,1991139072,1991.139072,201,31,80,5,20250815_211632
1755260168.9517555,7777926,1991149056,1991.149056,204,30,81,5,20250815_211632
1755260168.9617395,7777965,1991159040,1991.15904,207,31,80,5,20250815_211632
1755260168.9717236,7778004,1991169024,1991.169024,210,32,81,5,20250815_211632
1755260168.9817076,7778043,1991179008,1991.179008,214,46,81,5,20250815_211632
1755260168.9916916,7778082,1991188992,1991.188992,217,61,81,5,20250815_211632
1755260169.0016756,7778121,1991198976,1991.198976,220,66,81,5,20250815_211632
1755260169.0116596,7778160,1991208960,1991.20896,223,68,82,5,20250815_211632
1755260169.0216436,7778199,1991218944,1991.218944,226,78,83,5,20250815_211632
1755260169.0316277,7778238,1991228928,1991.228928,230,62,82,5,20250815_211632
1755260169.0418675,7778278,1991239168,1991.239168,233,63,83,5,20250815_211632
1755260169.0518515,7778317,1991249152,1991.249152,236,55,83,5,20250815_211632
1755260169.0618355,7778356,1991259136,1991.259136,239,54,84,5,20250815_211632
1755260169.0718195,7778395,1991269120,1991.26912,242,56,85,5,20250815_211632
1755260169.0818036,7778434,1991279104,1991.279104,245,55,86,5,20250815_211632
1755260169.0917876,7778473,1991289088,1991.289088,249,51,87,5,20250815_211632
1755260169.1017716,7778512,1991299072,1991.299072,252,49,88,5,20250815_211632
1755260169.1117556,7778551,1991309056,1991.309056,0,44,88,5,20250815_211632
1755260169.1217396,7778590,1991319040,1991.31904,3,44,88,5,20250815_211632
1755260169.1317236,7778629,1991329024,1991.329024,6,42,88,5,20250815_211632
1755260169.1417077,7778668,1991339008,1991.339008,10,39,88,5,20250815_211632
1755260169.1516917,7778707,1991348992,1991.348992,13,39,86,5,20250815_211632
1755260169.1616757,7778746,1991358976,1991.358976,16,40,85,5,20250815_211632
1755260169.1716597,7778785,1991368960,1991.36896,19,40,84,5,20250815_211632
1755260169.1816435,7778824,1991378944,1991.378944,22,42,83,5,20250815_211632
1755260169.1918836,7778864,1991389184,1991.389184,26,43,83,5,20250815_211632
1755260169.2018676,7778903,1991399168,1991.399168,29,43,83,5,20250815_211632
1755260169.2118516,7778942,1991409152,1991.409152,32,44,83,5,20250815_211632
1755260169.2218356,7778981,1991419136,1991.419136,35,45,82,5,20250815_211632
1755260169.2318196,7779020,1991429120,1991.42912,38,46,82,5,20250815_211632
1755260169.2418036,7779059,1991439104,1991.439104,41,50,81,5,20250815_211632
1755260169.2517877,7779098,1991449088,1991.449088,45,52,80,5,20250815_211632
1755260169.2617717,7779137,1991459072,1991.459072,48,54,79,5,20250815_211632
1755260169.2717557,7779176,1991469056,1991.469056,51,53,79,5,20250815_211632
1755260169.2817397,7779215,1991479040,1991.47904,54,52,79,5,20250815_211632
1755260169.2917235,7779254,1991489024,1991.489024,57,51,79,5,20250815_211632
1755260169.3017075,7779293,1991499008,1991.499008,61,51,80,5,20250815_211632
1755260169.3116915,7779332,1991508992,1991.508992,64,50,79,5,20250815_211632
1755260169.3216755,7779371,1991518976,1991.518976,67,49,79,5,20250815_211632
1755260169.3316596,7779410,1991528960,1991.52896,70,48,81,5,20250815_211632
1755260169.3418996,7779450,1991539200,1991.5392,73,48,79,5,20250815_211632
1755260169.3518836,7779489,1991549184,1991.549184,77,46,80,5,20250815_211632
1755260169.3618677,7779528,1991559168,1991.559168,80,44,80,5,20250815_211632
1755260169.3718517,7779567,1991569152,1991.569152,83,45,80,5,20250815_211632
1755260169.3818357,7779606,1991579136,1991.579136,86,44,80,5,20250815_211632
1755260169.3918197,7779645,1991589120,1991.58912,89,43,80,5,20250815_211632
1755260169.4018035,7779684,1991599104,1991.599104,92,42,80,5,20250815_211632
1755260169.4117875,7779723,1991609088,1991.609088,96,40,80,5,20250815_211632
1755260169.4217715,7779762,1991619072,1991.619072,99,39,80,5,20250815_211632
1755260169.4317555,7779801,1991629056,1991.629056,102,38,80,5,20250815_211632
1755260169.4417396,7779840,1991639040,1991.63904,105,38,81,5,20250815_211632
1755260169.4517236,7779879,1991649024,1991.649024,108,37,81,5,20250815_211632
1755260169.4617076,7779918,1991659008,1991.659008,112,37,80,5,20250815_211632
1755260169.4716916,7779957,1991668992,1991.668992,115,36,80,5,20250815_211632
1755260169.4819314,7779997,1991679232,1991.679232,118,36,80,5,20250815_211632
1755260169.4919157,7780036,1991689216,1991.689216,121,35,80,5,20250815_211632
1755260169.5018995,7780075,1991699200,1991.6992,124,35,80,5,20250815_211632
1755260169.5118835,7780114,1991709184,1991.709184,128,34,81,5,20250815_211632
1755260169.5218675,7780153,1991719168,1991.719168,131,33,80,5,20250815_211632
1755260169.5318515,7780192,1991729152,1991.729152,134,32,80,5,20250815_211632
1755260169.5418355,7780231,1991739136,1991.739136,137,31,80,5,20250815_211632
1755260169.5518196,7780270,1991749120,1991.74912,140,31,81,5,20250815_211632
1755260169.5618036,7780309,1991759104,1991.759104,143,31,80,5,20250815_211632
1755260169.5717876,7780348,1991769088,1991.769088,147,30,81,5,20250815_211632
1755260169.5817716,7780387,1991779072,1991.779072,150,30,80,5,20250815_211632
1755260169.5917556,7780426,1991789056,1991.789056,153,29,81,5,20250815_211632
1755260169.6017396,7780465,1991799040,1991.79904,156,29,80,5,20250815_211632
1755260169.6117237,7780504,1991809024,1991.809024,159,28,80,5,20250815_211632
1755260169.6219635,7780544,1991819264,1991.819264,163,29,81,5,20250815_211632
1755260169.6319475,7780583,1991829248,1991.829248,166,28,81,5,20250815_211632
1755260169.6419315,7780622,1991839232,1991.839232,169,28,81,5,20250815_211632
1755260169.6519156,7780661,1991849216,1991.849216,172,28,81,5,20250815_211632
1755260169.6618996,7780700,1991859200,1991.8592,175,29,81,5,20250815_211632
1755260169.6718836,7780739,1991869184,1991.869184,178,28,81,5,20250815_211632
1755260169.6818676,7780778,1991879168,1991.879168,182,29,81,5,20250815_211632
1755260169.6918516,7780817,1991889152,1991.889152,185,28,81,5,20250815_211632
1755260169.7018356,7780856,1991899136,1991.899136,188,29,82,5,20250815_211632
1755260169.7118196,7780895,1991909120,1991.90912,191,28,81,5,20250815_211632
1755260169.7218037,7780934,1991919104,1991.919104,194,29,81,5,20250815_211632
1755260169.7317877,7780973,1991929088,1991.929088,198,29,81,5,20250815_211632
1755260169.7417717,7781012,1991939072,1991.939072,201,30,81,5,20250815_211632
1755260169.7517557,7781051,1991949056,1991.949056,204,29,81,5,20250815_211632
1755260169.7617395,7781090,1991959040,1991.95904,207,31,81,5,20250815_211632
1755260169.7719796,7781130,1991969280,1991.96928,210,31,81,5,20250815_211632
1755260169.7819636,7781169,1991979264,1991.979264,214,31,82,5,20250815_211632
1755260169.7919476,7781208,1991989248,1991.989248,217,31,82,5,20250815_211632
1755260169.8019316,7781247,1991999232,1991.999232,220,33,81,5,20250815_211632
1755260169.8119156,7781286,1992009216,1992.009216,223,32,81,5,20250815_211632
1755260169.8218997,7781325,1992019200,1992.0192,226,33,81,5,20250815_211632
1755260169.8318837,7781364,1992029184,1992.029184,229,33,81,5,20250815_211632
1755260169.8418674,7781403,1992039168,1992.039168,233,34,81,5,20250815_211632
1755260169.8518517,7781442,1992049152,1992.049152,236,34,82,5,20250815_211632
1755260169.8618357,7781481,1992059136,1992.059136,239,35,82,5,20250815_211632
1755260169.8718195,7781520,1992069120,1992.06912,242,34,82,5,20250815_211632
1755260169.8818035,7781559,1992079104,1992.079104,245,35,82,5,20250815_211632
1755260169.8917875,7781598,1992089088,1992.089088,249,34,82,5,20250815_211632
1755260169.9017715,7781637,1992099072,1992.099072,252,34,82,5,20250815_211632
1755260169.9120116,7781677,1992109312,1992.109312,0,33,83,5,20250815_211632
1755260169.9219956,7781716,1992119296,1992.119296,3,34,83,5,20250815_211632
1755260169.9319797,7781755,1992129280,1992.12928,6,33,83,5,20250815_211632
1755260169.9419637,7781794,1992139264,1992.139264,10,33,84,5,20250815_211632
1755260169.9519477,7781833,1992149248,1992.149248,13,33,84,5,20250815_211632
1755260169.9619317,7781872,1992159232,1992.159232,16,33,84,5,20250815_211632
1755260169.9719155,7781911,1992169216,1992.169216,19,32,84,5,20250815_211632
1755260169.9818995,7781950,1992179200,1992.1792,22,33,84,5,20250815_211632
1755260169.9918835,7781989,1992189184,1992.189184,25,32,84,5,20250815_211632
1755260170.0018675,7782028,1992199168,1992.199168,29,33,85,5,20250815_211632
1755260170.0118515,7782067,1992209152,1992.209152,32,32,84,5,20250815_211632
1755260170.0218356,7782106,1992219136,1992.219136,35,33,84,5,20250815_211632
1755260170.0318196,7782145,1992229120,1992.22912,38,32,85,5,20250815_211632
1755260170.0418036,7782184,1992239104,1992.239104,41,33,84,5,20250815_211632
1755260170.0517876,7782223,1992249088,1992.249088,45,32,85,5,20250815_211632
1755260170.0620277,7782263,1992259328,1992.259328,48,32,84,5,20250815_211632
1755260170.0720117,7782302,1992269312,1992.269312,51,31,84,5,20250815_211632
1755260170.0819955,7782341,1992279296,1992.279296,54,32,84,5,20250815_211632
1755260170.0919795,7782380,1992289280,1992.28928,57,32,85,5,20250815_211632
1755260170.1019635,7782419,1992299264,1992.299264,61,33,85,5,20250815_211632
1755260170.1119475,7782458,1992309248,1992.309248,64,31,85,5,20250815_211632
1755260170.1219316,7782497,1992319232,1992.319232,67,32,84,5,20250815_211632
1755260170.1319156,7782536,1992329216,1992.329216,70,31,84,5,20250815_211632
1755260170.1418996,7782575,1992339200,1992.3392,73,31,83,5,20250815_211632
1755260170.1518836,7782614,1992349184,1992.349184,76,31,86,5,20250815_211632
1755260170.1618676,7782653,1992359168,1992.359168,80,31,85,5,20250815_211632
1755260170.1718516,7782692,1992369152,1992.369152,83,30,85,5,20250815_211632
1755260170.1818357,7782731,1992379136,1992.379136,86,31,85,5,20250815_211632
1755260170.1918197,7782770,1992389120,1992.38912,89,30,85,5,20250815_211632
1755260170.2020595,7782810,1992399360,1992.39936,92,30,85,5,20250815_211632
1755260170.2120435,7782849,1992409344,1992.409344,96,29,85,5,20250815_211632
1755260170.2220275,7782888,1992419328,1992.419328,99,29,84,5,20250815_211632
1755260170.2320116,7782927,1992429312,1992.429312,102,28,84,5,20250815_211632
1755260170.2419956,7782966,1992439296,1992.439296,105,29,85,5,20250815_211632
1755260170.2519796,7783005,1992449280,1992.44928,108,28,83,5,20250815_211632
1755260170.2619636,7783044,1992459264,1992.459264,111,28,83,5,20250815_211632
1755260170.2719476,7783083,1992469248,1992.469248,115,27,83,5,20250815_211632
1755260170.2819316,7783122,1992479232,1992.479232,118,28,83,5,20250815_211632
1755260170.2919157,7783161,1992489216,1992.489216,121,26,83,5,20250815_211632
1755260170.3018997,7783200,1992499200,1992.4992,124,27,82,5,20250815_211632
1755260170.3118834,7783239,1992509184,1992.509184,127,26,83,5,20250815_211632
1755260170.3218677,7783278,1992519168,1992.519168,131,26,82,5,20250815_211632
1755260170.3318515,7783317,1992529152,1992.529152,134,26,84,5,20250815_211632
1755260170.3420916,7783357,1992539392,1992.539392,137,26,82,5,20250815_211632
1755260170.3520756,7783396,1992549376,1992.549376,140,26,81,5,20250815_211632
1755260170.3620596,7783435,1992559360,1992.55936,143,26,81,5,20250815_211632
1755260170.3720436,7783474,1992569344,1992.569344,147,25,81,5,20250815_211632
1755260170.3820276,7783513,1992579328,1992.579328,150,26,81,5,20250815_211632
1755260170.3920116,7783552,1992589312,1992.589312,153,25,80,5,20250815_211632
1755260170.4019957,7783591,1992599296,1992.599296,156,25,82,5,20250815_211632
1755260170.4119797,7783630,1992609280,1992.60928,159,24,81,5,20250815_211632
1755260170.4219637,7783669,1992619264,1992.619264,162,24,82,5,20250815_211632
1755260170.4319477,7783708,1992629248,1992.629248,166,23,81,5,20250815_211632
1755260170.4419315,7783747,1992639232,1992.639232,169,24,81,5,20250815_211632
1755260170.4519155,7783786,1992649216,1992.649216,172,22,80,5,20250815_211632
1755260170.4618995,7783825,1992659200,1992.6592,175,22,81,5,20250815_211632
1755260170.4718835,7783864,1992669184,1992.669184,178,21,81,5,20250815_211632
1755260170.4821236,7783904,1992679424,1992.679424,182,21,81,5,20250815_211632
1755260170.4921076,7783943,1992689408,1992.689408,185,20,81,5,20250815_211632
1755260170.5020916,7783982,1992699392,1992.699392,188,21,80,5,20250815_211632
1755260170.5120757,7784021,1992709376,1992.709376,191,21,80,5,20250815_211632
1755260170.5220597,7784060,1992719360,1992.71936,194,22,80,5,20250815_211632
1755260170.5320437,7784099,1992729344,1992.729344,198,22,82,5,20250815_211632
1755260170.5420277,7784138,1992739328,1992.739328,201,24,81,5,20250815_211632
1755260170.5520115,7784177,1992749312,1992.749312,204,24,81,5,20250815_211632
1755260170.5619955,7784216,1992759296,1992.759296,207,26,81,5,20250815_211632
1755260170.5719795,7784255,1992769280,1992.76928,210,26,82,5,20250815_211632
1755260170.5819635,7784294,1992779264,1992.779264,213,27,84,5,20250815_211632
1755260170.5919476,7784333,1992789248,1992.789248,217,27,83,5,20250815_211632
1755260170.6019316,7784372,1992799232,1992.799232,220,27,83,5,20250815_211632
1755260170.6119156,7784411,1992809216,1992.809216,223,25,83,5,20250815_211632
1755260170.6218996,7784450,1992819200,1992.8192,226,26,82,5,20250815_211632
1755260170.6321397,7784490,1992829440,1992.82944,229,25,83,5,20250815_211632
1755260170.6421237,7784529,1992839424,1992.839424,233,25,84,5,20250815_211632
1755260170.6521077,7784568,1992849408,1992.849408,236,24,84,5,20250815_211632
1755260170.6620915,7784607,1992859392,1992.859392,239,25,85,5,20250815_211632
1755260170.6720755,7784646,1992869376,1992.869376,242,25,86,5,20250815_211632
1755260170.6820595,7784685,1992879360,1992.87936,245,26,86,5,20250815_211632
1755260170.6920435,7784724,1992889344,1992.889344,249,25,86,5,20250815_211632
1755260170.7020276,7784763,1992899328,1992.899328,252,27,87,5,20250815_211632
1755260170.7120116,7784802,1992909312,1992.909312,0,26,88,5,20250815_211632
1755260170.7219956,7784841,1992919296,1992.919296,3,29,89,5,20250815_211632
1755260170.7319796,7784880,1992929280,1992.92928,6,29,91,5,20250815_211632
1755260170.7419636,7784919,1992939264,1992.939264,9,31,94,5,20250815_211632
1755260170.7519476,7784958,1992949248,1992.949248,13,30,96,5,20250815_211632
1755260170.7619317,7784997,1992959232,1992.959232,16,32,98,5,20250815_211632
1755260170.7721715,7785037,1992969472,1992.969472,19,31,100,5,20250815_211632
1755260170.7821555,7785076,1992979456,1992.979456,22,33,101,5,20250815_211632
1755260170.7921395,7785115,1992989440,1992.98944,25,32,102,5,20250815_211632
1755260170.8021235,7785154,1992999424,1992.999424,29,33,102,5,20250815_211632
1755260170.8121076,7785193,1993009408,1993.009408,32,32,102,5,20250815_211632
1755260170.8220916,7785232,1993019392,1993.019392,35,34,101,5,20250815_211632
1755260170.8320756,7785271,1993029376,1993.029376,38,33,99,5,20250815_211632
1755260170.8420596,7785310,1993039360,1993.03936,41,34,97,5,20250815_211632
1755260170.8520436,7785349,1993049344,1993.049344,44,34,97,5,20250815_211632
1755260170.8620276,7785388,1993059328,1993.059328,48,35,95,5,20250815_211632
1755260170.8720117,7785427,1993069312,1993.069312,51,34,94,5,20250815_211632
1755260170.8819957,7785466,1993079296,1993.079296,54,35,94,5,20250815_211632
1755260170.8919797,7785505,1993089280,1993.08928,57,34,93,5,20250815_211632
1755260170.9019637,7785544,1993099264,1993.099264,60,35,92,5,20250815_211632
1755260170.9119475,7785583,1993109248,1993.109248,64,33,92,5,20250815_211632
1755260170.9221876,7785623,1993119488,1993.119488,67,34,91,5,20250815_211632
1755260170.9321716,7785662,1993129472,1993.129472,70,33,91,5,20250815_211632
1755260170.9421556,7785701,1993139456,1993.139456,73,33,91,5,20250815_211632
1755260170.9521396,7785740,1993149440,1993.14944,76,31,90,5,20250815_211632
1755260170.9621236,7785779,1993159424,1993.159424,80,33,91,5,20250815_211632
1755260170.9721076,7785818,1993169408,1993.169408,83,31,89,5,20250815_211632
1755260170.9820917,7785857,1993179392,1993.179392,86,33,89,5,20250815_211632
1755260170.9920757,7785896,1993189376,1993.189376,89,31,89,5,20250815_211632
1755260171.0020597,7785935,1993199360,1993.19936,92,32,89,5,20250815_211632
1755260171.0120437,7785974,1993209344,1993.209344,95,31,87,5,20250815_211632
1755260171.0220275,7786013,1993219328,1993.219328,99,31,86,5,20250815_211632
1755260171.0320115,7786052,1993229312,1993.229312,102,31,84,5,20250815_211632
1755260171.0419955,7786091,1993239296,1993.239296,105,31,83,5,20250815_211632
1755260171.0519795,7786130,1993249280,1993.24928,108,30,83,5,20250815_211632
1755260171.0622196,7786170,1993259520,1993.25952,111,31,82,5,20250815_211632
1755260171.0722036,7786209,1993269504,1993.269504,115,30,81,5,20250815_211632
1755260171.0821877,7786248,1993279488,1993.279488,118,31,81,5,20250815_211632
1755260171.0921717,7786287,1993289472,1993.289472,121,30,80,5,20250815_211632
1755260171.1021554,7786326,1993299456,1993.299456,124,31,80,5,20250815_211632
1755260171.1121397,7786365,1993309440,1993.30944,127,31,81,5,20250815_211632
1755260171.1221237,7786404,1993319424,1993.319424,131,32,80,5,20250815_211632
1755260171.1321075,7786443,1993329408,1993.329408,134,31,81,5,20250815_211632
1755260171.1420915,7786482,1993339392,1993.339392,137,32,81,5,20250815_211632
1755260171.1520755,7786521,1993349376,1993.349376,140,31,81,5,20250815_211632
1755260171.1620595,7786560,1993359360,1993.35936,143,32,80,5,20250815_211632
1755260171.1720436,7786599,1993369344,1993.369344,146,31,81,5,20250815_211632
1755260171.1820276,7786638,1993379328,1993.379328,150,32,81,5,20250815_211632
1755260171.1920116,7786677,1993389312,1993.389312,153,31,80,5,20250815_211632
1755260171.2019956,7786716,1993399296,1993.399296,156,32,80,5,20250815_211632
1755260171.2122357,7786756,1993409536,1993.409536,159,31,80,5,20250815_211632
1755260171.2222197,7786795,1993419520,1993.41952,162,31,80,5,20250815_211632
1755260171.2322035,7786834,1993429504,1993.429504,166,31,80,5,20250815_211632
1755260171.2421875,7786873,1993439488,1993.439488,169,31,80,5,20250815_211632
1755260171.2521715,7786912,1993449472,1993.449472,172,31,80,5,20250815_211632
1755260171.2621555,7786951,1993459456,1993.459456,175,32,80,5,20250815_211632
1755260171.2721395,7786990,1993469440,1993.46944,178,31,80,5,20250815_211632
1755260171.2821236,7787029,1993479424,1993.479424,182,32,81,5,20250815_211632
1755260171.2921076,7787068,1993489408,1993.489408,185,31,83,5,20250815_211632
1755260171.3020916,7787107,1993499392,1993.499392,188,33,81,5,20250815_211632
1755260171.3120756,7787146,1993509376,1993.509376,191,32,81,5,20250815_211632
1755260171.3220596,7787185,1993519360,1993.51936,194,34,81,5,20250815_211632
1755260171.3320436,7787224,1993529344,1993.529344,197,33,81,5,20250815_211632
1755260171.3420277,7787263,1993539328,1993.539328,201,35,81,5,20250815_211632
1755260171.3522675,7787303,1993549568,1993.549568,204,35,80,5,20250815_211632
1755260171.3622515,7787342,1993559552,1993.559552,207,37,82,5,20250815_211632
1755260171.3722355,7787381,1993569536,1993.569536,210,36,82,5,20250815_211632
1755260171.3822196,7787420,1993579520,1993.57952,213,39,82,5,20250815_211632
1755260171.3922036,7787459,1993589504,1993.589504,217,39,83,5,20250815_211632
1755260171.4021876,7787498,1993599488,1993.599488,220,42,84,5,20250815_211632
1755260171.4121716,7787537,1993609472,1993.609472,223,41,84,5,20250815_211632
1755260171.4221556,7787576,1993619456,1993.619456,226,44,83,5,20250815_211632
1755260171.4321396,7787615,1993629440,1993.62944,229,43,82,5,20250815_211632
1755260171.4421237,7787654,1993639424,1993.639424,232,46,82,5,20250815_211632
1755260171.4521077,7787693,1993649408,1993.649408,236,44,83,5,20250815_211632
1755260171.4620917,7787732,1993659392,1993.659392,239,43,83,5,20250815_211632
1755260171.4720757,7787771,1993669376,1993.669376,242,42,83,5,20250815_211632
1755260171.4820597,7787810,1993679360,1993.67936,245,45,84,5,20250815_211632
1755260171.4920435,7787849,1993689344,1993.689344,248,44,84,5,20250815_211632
1755260171.5022836,7787889,1993699584,1993.699584,252,48,84,5,20250815_211632
1755260171.5122676,7787928,1993709568,1993.709568,0,45,84,5,20250815_211632
1755260171.5222516,7787967,1993719552,1993.719552,3,48,85,5,20250815_211632
1755260171.5322356,7788006,1993729536,1993.729536,6,46,85,5,20250815_211632
1755260171.5422196,7788045,1993739520,1993.73952,9,49,86,5,20250815_211632
1755260171.5522037,7788084,1993749504,1993.749504,13,48,86,5,20250815_211632
1755260171.5621877,7788123,1993759488,1993.759488,16,50,87,5,20250815_211632
1755260171.5721714,7788162,1993769472,1993.769472,19,48,88,5,20250815_211632
1755260171.5821557,7788201,1993779456,1993.779456,22,51,88,5,20250815_211632
1755260171.5921395,7788240,1993789440,1993.78944,25,49,90,5,20250815_211632
1755260171.6021235,7788279,1993799424,1993.799424,28,51,89,5,20250815_211632
1755260171.6121075,7788318,1993809408,1993.809408,32,49,89,5,20250815_211632
1755260171.6220915,7788357,1993819392,1993.819392,35,52,89,5,20250815_211632
1755260171.6320755,7788396,1993829376,1993.829376,38,50,88,5,20250815_211632
1755260171.6423156,7788436,1993839616,1993.839616,41,53,88,5,20250815_211632
1755260171.6522996,7788475,1993849600,1993.8496,44,50,88,5,20250815_211632
1755260171.6622837,7788514,1993859584,1993.859584,48,54,89,5,20250815_211632
1755260171.6722677,7788553,1993869568,1993.869568,51,52,89,5,20250815_211632
1755260171.6822517,7788592,1993879552,1993.879552,54,57,89,5,20250815_211632
1755260171.6922357,7788631,1993889536,1993.889536,57,57,89,5,20250815_211632
1755260171.7022195,7788670,1993899520,1993.89952,60,61,88,5,20250815_211632
1755260171.7122035,7788709,1993909504,1993.909504,64,60,88,5,20250815_211632
1755260171.7221875,7788748,1993919488,1993.919488,67,64,88,5,20250815_211632
1755260171.7321715,7788787,1993929472,1993.929472,70,63,87,5,20250815_211632
1755260171.7421556,7788826,1993939456,1993.939456,73,64,87,5,20250815_211632
1755260171.7521396,7788865,1993949440,1993.94944,76,62,87,5,20250815_211632
1755260171.7621236,7788904,1993959424,1993.959424,79,65,86,5,20250815_211632
1755260171.7721076,7788943,1993969408,1993.969408,83,64,85,5,20250815_211632
1755260171.7820916,7788982,1993979392,1993.979392,86,69,83,5,20250815_211632
1755260171.7923317,7789022,1993989632,1993.989632,89,69,84,5,20250815_211632
1755260171.8023157,7789061,1993999616,1993.999616,92,74,82,5,20250815_211632
1755260171.8122995,7789100,1994009600,1994.0096,95,74,81,5,20250815_211632
1755260171.8222835,7789139,1994019584,1994.019584,99,80,80,5,20250815_211632
1755260171.8322675,7789178,1994029568,1994.029568,102,81,80,5,20250815_211632
1755260171.8422515,7789217,1994039552,1994.039552,105,88,80,5,20250815_211632
1755260171.8522356,7789256,1994049536,1994.049536,108,88,80,5,20250815_211632
1755260171.8622196,7789295,1994059520,1994.05952,111,94,82,5,20250815_211632
1755260171.8722036,7789334,1994069504,1994.069504,115,91,81,5,20250815_211632
1755260171.8821876,7789373,1994079488,1994.079488,118,95,81,5,20250815_211632
1755260171.8921716,7789412,1994089472,1994.089472,121,90,82,5,20250815_211632
1755260171.9021556,7789451,1994099456,1994.099456,124,91,81,5,20250815_211632
1755260171.9121397,7789490,1994109440,1994.10944,127,85,81,5,20250815_211632
1755260171.9221237,7789529,1994119424,1994.119424,130,86,82,5,20250815_211632
1755260171.9323635,7789569,1994129664,1994.129664,134,80,83,5,20250815_211632
1755260171.9423475,7789608,1994139648,1994.139648,137,81,81,5,20250815_211632
1755260171.9523315,7789647,1994149632,1994.149632,140,76,81,5,20250815_211632
1755260171.9623156,7789686,1994159616,1994.159616,143,78,82,5,20250815_211632
1755260171.9722996,7789725,1994169600,1994.1696,146,75,81,5,20250815_211632
1755260171.9822836,7789764,1994179584,1994.179584,150,79,82,5,20250815_211632
1755260171.9922676,7789803,1994189568,1994.189568,153,78,81,5,20250815_211632
1755260172.0022516,7789842,1994199552,1994.199552,156,84,82,5,20250815_211632
1755260172.0122356,7789881,1994209536,1994.209536,159,84,82,5,20250815_211632
1755260172.0222197,7789920,1994219520,1994.21952,162,94,82,5,20250815_211632
1755260172.0322037,7789959,1994229504,1994.229504,165,97,82,5,20250815_211632
1755260172.0421877,7789998,1994239488,1994.239488,169,109,82,5,20250815_211632
1755260172.0521717,7790037,1994249472,1994.249472,172,111,82,5,20250815_211632
1755260172.0621555,7790076,1994259456,1994.259456,175,122,82,5,20250815_211632
1755260172.0723956,7790116,1994269696,1994.269696,178,122,82,5,20250815_211632
1755260172.0823796,7790155,1994279680,1994.27968,181,131,81,5,20250815_211632
1755260172.0923636,7790194,1994289664,1994.289664,185,128,82,5,20250815_211632
1755260172.1023476,7790233,1994299648,1994.299648,188,133,83,5,20250815_211632
1755260172.1123316,7790272,1994309632,1994.309632,191,128,82,5,20250815_211632
1755260172.1223156,7790311,1994319616,1994.319616,194,133,82,5,20250815_211632
1755260172.1322997,7790350,1994329600,1994.3296,197,128,82,5,20250815_211632
1755260172.1422837,7790389,1994339584,1994.339584,201,134,82,5,20250815_211632
1755260172.1522677,7790428,1994349568,1994.349568,204,130,82,5,20250815_211632
1755260172.1622517,7790467,1994359552,1994.359552,207,139,82,5,20250815_211632
1755260172.1722355,7790506,1994369536,1994.369536,210,137,81,5,20250815_211632
1755260172.1822195,7790545,1994379520,1994.37952,213,145,82,5,20250815_211632
1755260172.1922035,7790584,1994389504,1994.389504,216,141,82,5,20250815_211632
1755260172.2021875,7790623,1994399488,1994.399488,220,146,81,5,20250815_211632
1755260172.2121716,7790662,1994409472,1994.409472,223,140,82,5,20250815_211632
1755260172.2224116,7790702,1994419712,1994.419712,226,145,82,5,20250815_211632
1755260172.2323956,7790741,1994429696,1994.429696,229,138,82,5,20250815_211632
1755260172.2423797,7790780,1994439680,1994.43968,232,142,83,5,20250815_211632
1755260172.2523637,7790819,1994449664,1994.449664,236,134,82,5,20250815_211632
1755260172.2623477,7790858,1994459648,1994.459648,239,137,82,5,20250815_211632
1755260172.2723317,7790897,1994469632,1994.469632,242,130,82,5,20250815_211632
1755260172.2823155,7790936,1994479616,1994.479616,245,133,82,5,20250815_211632
1755260172.2922995,7790975,1994489600,1994.4896,248,129,82,5,20250815_211632
1755260172.3022835,7791014,1994499584,1994.499584,252,135,82,5,20250815_211632
1755260172.3122675,7791053,1994509568,1994.509568,0,134,83,5,20250815_211632
1755260172.3222516,7791092,1994519552,1994.519552,3,142,83,5,20250815_211632
1755260172.3322356,7791131,1994529536,1994.529536,6,141,82,5,20250815_211632
1755260172.3422196,7791170,1994539520,1994.53952,9,149,82,5,20250815_211632
1755260172.3522036,7791209,1994549504,1994.549504,12,147,83,5,20250815_211632
1755260172.3624434,7791249,1994559744,1994.559744,16,151,84,5,20250815_211632
1755260172.3724277,7791288,1994569728,1994.569728,19,143,82,5,20250815_211632
1755260172.3824117,7791327,1994579712,1994.579712,22,145,86,5,20250815_211632
1755260172.3923955,7791366,1994589696,1994.589696,25,136,85,5,20250815_211632
1755260172.4023795,7791405,1994599680,1994.59968,28,136,86,5,20250815_211632
1755260172.4123635,7791444,1994609664,1994.609664,32,125,87,5,20250815_211632
1755260172.4223475,7791483,1994619648,1994.619648,35,123,87,5,20250815_211632
1755260172.4323316,7791522,1994629632,1994.629632,38,113,87,5,20250815_211632
1755260172.4423156,7791561,1994639616,1994.639616,41,112,86,5,20250815_211632
1755260172.4522996,7791600,1994649600,1994.6496,44,105,86,5,20250815_211632
1755260172.4622836,7791639,1994659584,1994.659584,48,105,86,5,20250815_211632
1755260172.4722676,7791678,1994669568,1994.669568,51,100,86,5,20250815_211632
1755260172.4822516,7791717,1994679552,1994.679552,54,103,87,5,20250815_211632
1755260172.4922357,7791756,1994689536,1994.689536,57,98,86,5,20250815_211632
1755260172.5022197,7791795,1994699520,1994.69952,60,101,86,5,20250815_211632
1755260172.5124595,7791835,1994709760,1994.70976,63,97,86,5,20250815_211632
1755260172.5224435,7791874,1994719744,1994.719744,67,101,86,5,20250815_211632
1755260172.5324275,7791913,1994729728,1994.729728,70,97,86,5,20250815_211632
1755260172.5424116,7791952,1994739712,1994.739712,73,99,87,5,20250815_211632
1755260172.5523956,7791991,1994749696,1994.749696,76,96,87,5,20250815_211632
1755260172.5623796,7792030,1994759680,1994.75968,79,100,87,5,20250815_211632
1755260172.5723636,7792069,1994769664,1994.769664,83,96,86,5,20250815_211632
1755260172.5823476,7792108,1994779648,1994.779648,86,98,86,5,20250815_211632
1755260172.5923316,7792147,1994789632,1994.789632,89,94,86,5,20250815_211632
1755260172.6023157,7792186,1994799616,1994.799616,92,95,85,5,20250815_211632
1755260172.6122997,7792225,1994809600,1994.8096,95,92,84,5,20250815_211632
1755260172.6222837,7792264,1994819584,1994.819584,98,93,82,5,20250815_211632
1755260172.6322677,7792303,1994829568,1994.829568,102,90,84,5,20250815_211632
1755260172.6422515,7792342,1994839552,1994.839552,105,91,82,5,20250815_211632
1755260172.6524916,7792382,1994849792,1994.849792,108,88,81,5,20250815_211632
1755260172.6624756,7792421,1994859776,1994.859776,111,88,80,5,20250815_211632
1755260172.6724596,7792460,1994869760,1994.86976,114,85,81,5,20250815_211632
1755260172.6824436,7792499,1994879744,1994.879744,118,87,81,5,20250815_211632
1755260172.6924276,7792538,1994889728,1994.889728,121,85,81,5,20250815_211632
1755260172.7024117,7792577,1994899712,1994.899712,124,87,81,5,20250815_211632
1755260172.7123957,7792616,1994909696,1994.909696,127,85,81,5,20250815_211632
1755260172.7223797,7792655,1994919680,1994.91968,130,88,81,5,20250815_211632
1755260172.7323637,7792694,1994929664,1994.929664,134,87,81,5,20250815_211632
1755260172.7423477,7792733,1994939648,1994.939648,137,90,82,5,20250815_211632
1755260172.7523315,7792772,1994949632,1994.949632,140,89,82,5,20250815_211632
1755260172.7623155,7792811,1994959616,1994.959616,143,92,82,5,20250815_211632
1755260172.7722995,7792850,1994969600,1994.9696,146,91,82,5,20250815_211632
1755260172.7822835,7792889,1994979584,1994.979584,149,93,82,5,20250815_211632
1755260172.7922676,7792928,1994989568,1994.989568,153,91,82,5,20250815_211632
1755260172.8025076,7792968,1994999808,1994.999808,156,92,82,5,20250815_211632
1755260172.8124917,7793007,1995009792,1995.009792,159,89,82,5,20250815_211632
1755260172.8224757,7793046,1995019776,1995.019776,162,91,81,5,20250815_211632
1755260172.8324594,7793085,1995029760,1995.02976,165,89,82,5,20250815_211632
1755260172.8424437,7793124,1995039744,1995.039744,169,92,82,5,20250815_211632
1755260172.8524275,7793163,1995049728,1995.049728,172,90,82,5,20250815_211632
1755260172.8624115,7793202,1995059712,1995.059712,175,94,82,5,20250815_211632
1755260172.8723955,7793241,1995069696,1995.069696,178,94,82,5,20250815_211632
1755260172.8823795,7793280,1995079680,1995.07968,181,99,82,5,20250815_211632
1755260172.8923635,7793319,1995089664,1995.089664,185,101,82,5,20250815_211632
1755260172.9023476,7793358,1995099648,1995.099648,188,107,82,5,20250815_211632
1755260172.9123316,7793397,1995109632,1995.109632,191,109,82,5,20250815_211632
1755260172.9223156,7793436,1995119616,1995.119616,194,114,82,5,20250815_211632
1755260172.9322996,7793475,1995129600,1995.1296,197,114,83,5,20250815_211632
1755260172.9422836,7793514,1995139584,1995.139584,200,118,82,5,20250815_211632
1755260172.9525237,7793554,1995149824,1995.149824,204,118,82,5,20250815_211632
1755260172.9625075,7793593,1995159808,1995.159808,207,121,82,5,20250815_211632
1755260172.9724915,7793632,1995169792,1995.169792,210,117,82,5,20250815_211632
1755260172.9824755,7793671,1995179776,1995.179776,213,113,82,5,20250815_211632
1755260172.9924595,7793710,1995189760,1995.18976,216,102,83,5,20250815_211632
1755260173.0024436,7793749,1995199744,1995.199744,220,98,83,5,20250815_211632
1755260173.0124276,7793788,1995209728,1995.209728,223,87,84,5,20250815_211632
1755260173.0224116,7793827,1995219712,1995.219712,226,80,83,5,20250815_211632
1755260173.0323956,7793866,1995229696,1995.229696,229,75,82,5,20250815_211632
1755260173.0423796,7793905,1995239680,1995.23968,232,75,82,5,20250815_211632
1755260173.0523636,7793944,1995249664,1995.249664,236,72,81,5,20250815_211632
1755260173.0623477,7793983,1995259648,1995.259648,239,74,82,5,20250815_211632
1755260173.0723317,7794022,1995269632,1995.269632,242,72,82,5,20250815_211632
1755260173.0823157,7794061,1995279616,1995.279616,245,74,83,5,20250815_211632
1755260173.0922997,7794100,1995289600,1995.2896,248,73,83,5,20250815_211632
1755260173.1025395,7794140,1995299840,1995.29984,251,76,83,5,20250815_211632
1755260173.1125236,7794179,1995309824,1995.309824,0,75,83,5,20250815_211632
1755260173.1225076,7794218,1995319808,1995.319808,3,77,85,5,20250815_211632
1755260173.1324916,7794257,1995329792,1995.329792,6,76,84,5,20250815_211632
1755260173.1424756,7794296,1995339776,1995.339776,9,78,84,5,20250815_211632
1755260173.1524596,7794335,1995349760,1995.34976,12,77,85,5,20250815_211632
1755260173.1624436,7794374,1995359744,1995.359744,16,78,85,5,20250815_211632
1755260173.1724277,7794413,1995369728,1995.369728,19,76,86,5,20250815_211632
1755260173.1824117,7794452,1995379712,1995.379712,22,77,86,5,20250815_211632
1755260173.1923954,7794491,1995389696,1995.389696,25,76,85,5,20250815_211632
1755260173.2023797,7794530,1995399680,1995.39968,28,78,85,5,20250815_211632
1755260173.2123635,7794569,1995409664,1995.409664,31,77,85,5,20250815_211632
1755260173.2223475,7794608,1995419648,1995.419648,35,79,86,5,20250815_211632
1755260173.2323315,7794647,1995429632,1995.429632,38,78,86,5,20250815_211632
1755260173.2425716,7794687,1995439872,1995.439872,41,81,86,5,20250815_211632
1755260173.2525556,7794726,1995449856,1995.449856,44,80,87,5,20250815_211632
1755260173.2625396,7794765,1995459840,1995.45984,47,82,87,5,20250815_211632
1755260173.2725236,7794804,1995469824,1995.469824,51,82,87,5,20250815_211632
1755260173.2825077,7794843,1995479808,1995.479808,54,82,87,5,20250815_211632
1755260173.2924917,7794882,1995489792,1995.489792,57,81,87,5,20250815_211632
1755260173.3024757,7794921,1995499776,1995.499776,60,81,87,5,20250815_211632
1755260173.3124597,7794960,1995509760,1995.50976,63,79,88,5,20250815_211632
1755260173.3224435,7794999,1995519744,1995.519744,67,80,87,5,20250815_211632
1755260173.3324275,7795038,1995529728,1995.529728,70,78,86,5,20250815_211632
1755260173.3424115,7795077,1995539712,1995.539712,73,79,86,5,20250815_211632
1755260173.3523955,7795116,1995549696,1995.549696,76,77,86,5,20250815_211632
1755260173.3623796,7795155,1995559680,1995.55968,79,75,86,5,20250815_211632
1755260173.3723636,7795194,1995569664,1995.569664,82,73,86,5,20250815_211632
1755260173.3826036,7795234,1995579904,1995.579904,86,76,86,5,20250815_211632
1755260173.3925877,7795273,1995589888,1995.589888,89,74,87,5,20250815_211632
1755260173.4025717,7795312,1995599872,1995.599872,92,75,87,5,20250815_211632
1755260173.4125557,7795351,1995609856,1995.609856,95,73,87,5,20250815_211632
1755260173.4225397,7795390,1995619840,1995.61984,98,73,86,5,20250815_211632
1755260173.4325235,7795429,1995629824,1995.629824,102,72,85,5,20250815_211632
1755260173.4425075,7795468,1995639808,1995.639808,105,73,86,5,20250815_211632
1755260173.4524915,7795507,1995649792,1995.649792,108,71,83,5,20250815_211632
1755260173.4624755,7795546,1995659776,1995.659776,111,72,82,5,20250815_211632
1755260173.4724596,7795585,1995669760,1995.66976,114,71,83,5,20250815_211632
1755260173.4824436,7795624,1995679744,1995.679744,118,73,83,5,20250815_211632
1755260173.4924276,7795663,1995689728,1995.689728,121,71,82,5,20250815_211632
1755260173.5024116,7795702,1995699712,1995.699712,124,72,83,5,20250815_211632
1755260173.5123956,7795741,1995709696,1995.709696,127,71,83,5,20250815_211632
1755260173.5223796,7795780,1995719680,1995.71968,130,71,83,5,20250815_211632
1755260173.5326197,7795820,1995729920,1995.72992,133,69,83,5,20250815_211632
1755260173.5426035,7795859,1995739904,1995.739904,137,70,83,5,20250815_211632
1755260173.5525875,7795898,1995749888,1995.749888,140,69,83,5,20250815_211632
1755260173.5625715,7795937,1995759872,1995.759872,143,69,82,5,20250815_211632
1755260173.5725555,7795976,1995769856,1995.769856,146,68,81,5,20250815_211632
1755260173.5825396,7796015,1995779840,1995.77984,149,69,81,5,20250815_211632
1755260173.5925236,7796054,1995789824,1995.789824,153,68,82,5,20250815_211632
1755260173.6025076,7796093,1995799808,1995.799808,156,70,82,5,20250815_211632
1755260173.6124916,7796132,1995809792,1995.809792,159,69,82,5,20250815_211632
1755260173.6224756,7796171,1995819776,1995.819776,162,70,82,5,20250815_211632
1755260173.6324596,7796210,1995829760,1995.82976,165,70,82,5,20250815_211632
1755260173.6424437,7796249,1995839744,1995.839744,169,71,82,5,20250815_211632
1755260173.6524277,7796288,1995849728,1995.849728,172,70,82,5,20250815_211632
1755260173.6624117,7796327,1995859712,1995.859712,175,71,82,5,20250815_211632
1755260173.6726515,7796367,1995869952,1995.869952,178,70,82,5,20250815_211632
1755260173.6826355,7796406,1995879936,1995.879936,181,71,82,5,20250815_211632
1755260173.6926196,7796445,1995889920,1995.88992,184,70,82,5,20250815_211632
1755260173.7026036,7796484,1995899904,1995.899904,188,72,81,5,20250815_211632
1755260173.7125876,7796523,1995909888,1995.909888,191,72,82,5,20250815_211632
1755260173.7225716,7796562,1995919872,1995.919872,194,73,82,5,20250815_211632
1755260173.7325556,7796601,1995929856,1995.929856,197,72,82,5,20250815_211632
1755260173.7425396,7796640,1995939840,1995.93984,200,75,82,5,20250815_211632
1755260173.7525237,7796679,1995949824,1995.949824,204,75,81,5,20250815_211632
1755260173.7625077,7796718,1995959808,1995.959808,207,76,82,5,20250815_211632
1755260173.7724917,7796757,1995969792,1995.969792,210,75,82,5,20250815_211632
1755260173.7824757,7796796,1995979776,1995.979776,213,75,83,5,20250815_211632
1755260173.7924595,7796835,1995989760,1995.98976,216,74,83,5,20250815_211632
1755260173.8024435,7796874,1995999744,1995.999744,219,77,82,5,20250815_211632
1755260173.8126836,7796914,1996009984,1996.009984,223,78,82,5,20250815_211632
1755260173.8226676,7796953,1996019968,1996.019968,226,80,83,5,20250815_211632
1755260173.8326516,7796992,1996029952,1996.029952,229,80,83,5,20250815_211632
1755260173.8426356,7797031,1996039936,1996.039936,232,82,83,5,20250815_211632
1755260173.8526196,7797070,1996049920,1996.04992,235,81,83,5,20250815_211632
1755260173.8626037,7797109,1996059904,1996.059904,239,83,84,5,20250815_211632
1755260173.8725877,7797148,1996069888,1996.069888,242,82,84,5,20250815_211632
1755260173.8825717,7797187,1996079872,1996.079872,245,84,84,5,20250815_211632
1755260173.8925557,7797226,1996089856,1996.089856,248,83,84,5,20250815_211632
1755260173.9025395,7797265,1996099840,1996.09984,251,85,84,5,20250815_211632
1755260173.9125235,7797304,1996109824,1996.109824,0,84,84,5,20250815_211632
1755260173.9225075,7797343,1996119808,1996.119808,3,85,84,5,20250815_211632
1755260173.9324915,7797382,1996129792,1996.129792,6,83,85,5,20250815_211632
1755260173.9424756,7797421,1996139776,1996.139776,9,84,85,5,20250815_211632
1755260173.9524596,7797460,1996149760,1996.14976,12,83,84,5,20250815_211632
1755260173.9626997,7797500,1996160000,1996.16,15,84,84,5,20250815_211632
1755260173.9726837,7797539,1996169984,1996.169984,19,83,84,5,20250815_211632
1755260173.9826677,7797578,1996179968,1996.179968,22,84,86,5,20250815_211632
1755260173.9926517,7797617,1996189952,1996.189952,25,83,85,5,20250815_211632
1755260174.0026357,7797656,1996199936,1996.199936,28,84,85,5,20250815_211632
1755260174.0126195,7797695,1996209920,1996.20992,31,82,85,5,20250815_211632
1755260174.0226035,7797734,1996219904,1996.219904,35,83,86,5,20250815_211632
1755260174.0325875,7797773,1996229888,1996.229888,38,80,85,5,20250815_211632
1755260174.0425715,7797812,1996239872,1996.239872,41,81,84,5,20250815_211632
1755260174.0525556,7797851,1996249856,1996.249856,44,80,84,5,20250815_211632
1755260174.0625396,7797890,1996259840,1996.25984,47,81,84,5,20250815_211632
1755260174.0725236,7797929,1996269824,1996.269824,51,80,84,5,20250815_211632
1755260174.0825076,7797968,1996279808,1996.279808,54,81,84,5,20250815_211632
1755260174.0924916,7798007,1996289792,1996.289792,57,80,83,5,20250815_211632
1755260174.1027317,7798047,1996300032,1996.300032,60,83,83,5,20250815_211632
1755260174.1127155,7798086,1996310016,1996.310016,63,82,83,5,20250815_211632
1755260174.1226995,7798125,1996320000,1996.32,66,83,86,5,20250815_211632
1755260174.1326835,7798164,1996329984,1996.329984,70,79,86,5,20250815_211632
1755260174.1426675,7798203,1996339968,1996.339968,73,79,86,5,20250815_211632
1755260174.1526515,7798242,1996349952,1996.349952,76,76,86,5,20250815_211632
1755260174.1626356,7798281,1996359936,1996.359936,79,75,86,5,20250815_211632
1755260174.1726196,7798320,1996369920,1996.36992,82,72,86,5,20250815_211632
1755260174.1826036,7798359,1996379904,1996.379904,86,72,85,5,20250815_211632
1755260174.1925876,7798398,1996389888,1996.389888,89,70,86,5,20250815_211632
1755260174.2025716,7798437,1996399872,1996.399872,92,71,87,5,20250815_211632
1755260174.2125556,7798476,1996409856,1996.409856,95,70,86,5,20250815_211632
1755260174.2225397,7798515,1996419840,1996.41984,98,69,85,5,20250815_211632
1755260174.2325237,7798554,1996429824,1996.429824,101,67,84,5,20250815_211632
1755260174.2425077,7798593,1996439808,1996.439808,105,67,84,5,20250815_211632
1755260174.2527475,7798633,1996450048,1996.450048,108,66,82,5,20250815_211632
1755260174.2627316,7798672,1996460032,1996.460032,111,67,83,5,20250815_211632
1755260174.2727156,7798711,1996470016,1996.470016,114,65,82,5,20250815_211632
1755260174.2826996,7798750,1996480000,1996.48,117,67,83,5,20250815_211632
1755260174.2926836,7798789,1996489984,1996.489984,121,65,81,5,20250815_211632
1755260174.3026676,7798828,1996499968,1996.499968,124,66,81,5,20250815_211632
1755260174.3126516,7798867,1996509952,1996.509952,127,64,81,5,20250815_211632
1755260174.3226357,7798906,1996519936,1996.519936,130,65,80,5,20250815_211632
1755260174.3326197,7798945,1996529920,1996.52992,133,64,80,5,20250815_211632
1755260174.3426037,7798984,1996539904,1996.539904,137,65,80,5,20250815_211632
1755260174.3525877,7799023,1996549888,1996.549888,140,64,79,5,20250815_211632
1755260174.3625717,7799062,1996559872,1996.559872,143,65,81,5,20250815_211632
1755260174.3725555,7799101,1996569856,1996.569856,146,64,80,5,20250815_211632
1755260174.3825395,7799140,1996579840,1996.57984,149,66,81,5,20250815_211632
1755260174.3927796,7799180,1996590080,1996.59008,152,64,81,5,20250815_211632
1755260174.4027636,7799219,1996600064,1996.600064,156,66,81,5,20250815_211632
1755260174.4127476,7799258,1996610048,1996.610048,159,65,81,5,20250815_211632
1755260174.4227316,7799297,1996620032,1996.620032,162,66,81,5,20250815_211632
1755260174.4327157,7799336,1996630016,1996.630016,165,65,81,5,20250815_211632
1755260174.4426997,7799375,1996640000,1996.64,168,66,81,5,20250815_211632
1755260174.4526834,7799414,1996649984,1996.649984,172,65,81,5,20250815_211632
1755260174.4626677,7799453,1996659968,1996.659968,175,66,81,5,20250815_211632
1755260174.4726515,7799492,1996669952,1996.669952,178,65,82,5,20250815_211632
1755260174.4826355,7799531,1996679936,1996.679936,181,65,82,5,20250815_211632
1755260174.4926195,7799570,1996689920,1996.68992,184,64,82,5,20250815_211632
1755260174.5026035,7799609,1996699904,1996.699904,188,65,82,5,20250815_211632
1755260174.5125875,7799648,1996709888,1996.709888,191,65,82,5,20250815_211632
1755260174.5225716,7799687,1996719872,1996.719872,194,66,81,5,20250815_211632
1755260174.5328116,7799727,1996730112,1996.730112,197,66,80,5,20250815_211632
1755260174.5427957,7799766,1996740096,1996.740096,200,68,80,5,20250815_211632
1755260174.5527797,7799805,1996750080,1996.75008,203,67,81,5,20250815_211632
1755260174.5627637,7799844,1996760064,1996.760064,207,69,80,5,20250815_211632
1755260174.5727477,7799883,1996770048,1996.770048,210,68,81,5,20250815_211632
1755260174.5827315,7799922,1996780032,1996.780032,213,70,81,5,20250815_211632
1755260174.5927155,7799961,1996790016,1996.790016,216,69,81,5,20250815_211632
1755260174.6026995,7800000,1996800000,1996.8,219,72,82,5,20250815_211632
1755260174.6126835,7800039,1996809984,1996.809984,223,72,82,5,20250815_211632
1755260174.6226676,7800078,1996819968,1996.819968,226,75,82,5,20250815_211632
1755260174.6326516,7800117,1996829952,1996.829952,229,75,82,5,20250815_211632
1755260174.6426356,7800156,1996839936,1996.839936,232,76,82,5,20250815_211632
1755260174.6526196,7800195,1996849920,1996.84992,235,76,82,5,20250815_211632
1755260174.6626036,7800234,1996859904,1996.859904,239,77,83,5,20250815_211632
1755260174.6725876,7800273,1996869888,1996.869888,242,76,83,5,20250815_211632
1755260174.6828277,7800313,1996880128,1996.880128,245,77,82,5,20250815_211632
1755260174.6928115,7800352,1996890112,1996.890112,248,76,82,5,20250815_211632
1755260174.7027955,7800391,1996900096,1996.900096,251,77,83,5,20250815_211632
1755260174.7127795,7800430,1996910080,1996.91008,254,77,85,5,20250815_211632
1755260174.7227635,7800469,1996920064,1996.920064,3,77,83,5,20250815_211632
1755260136.4626915,7645211,1957174016,1957.174016,216,152,115,1,20250815_211716
1755260136.4724195,7645249,1957183744,1957.183744,219,149,115,1,20250815_211716
1755260136.4824035,7645288,1957193728,1957.193728,223,147,115,1,20250815_211716
1755260136.4923875,7645327,1957203712,1957.203712,226,149,116,1,20250815_211716
1755260136.5023715,7645366,1957213696,1957.213696,229,147,116,1,20250815_211716
1755260136.5126116,7645406,1957223936,1957.223936,232,148,114,1,20250815_211716
1755260136.5225956,7645445,1957233920,1957.23392,235,147,112,1,20250815_211716
1755260136.5325797,7645484,1957243904,1957.243904,239,148,113,1,20250815_211716
1755260136.5425634,7645523,1957253888,1957.253888,242,146,114,1,20250815_211716
1755260136.5525477,7645562,1957263872,1957.263872,245,148,118,1,20250815_211716
1755260136.5625317,7645601,1957273856,1957.273856,248,146,122,1,20250815_211716
1755260136.5725155,7645640,1957283840,1957.28384,251,148,125,1,20250815_211716
1755260136.5824995,7645679,1957293824,1957.293824,3,146,126,1,20250815_211716
1755260136.5924835,7645718,1957303808,1957.303808,6,146,127,1,20250815_211716
1755260136.6024675,7645757,1957313792,1957.313792,9,145,127,1,20250815_211716
1755260136.6124516,7645796,1957323776,1957.323776,12,146,127,1,20250815_211716
1755260136.6224356,7645835,1957333760,1957.33376,15,144,124,1,20250815_211716
1755260136.6324196,7645874,1957343744,1957.343744,19,144,118,1,20250815_211716
1755260136.6424036,7645913,1957353728,1957.353728,22,142,116,1,20250815_211716
1755260136.6526434,7645953,1957363968,1957.363968,25,143,111,1,20250815_211716
1755260136.6626277,7645992,1957373952,1957.373952,28,141,109,1,20250815_211716
1755260136.6726117,7646031,1957383936,1957.383936,31,142,108,1,20250815_211716
1755260136.6825955,7646070,1957393920,1957.39392,34,140,105,1,20250815_211716
1755260136.6925795,7646109,1957403904,1957.403904,38,141,101,1,20250815_211716
1755260136.7025635,7646148,1957413888,1957.413888,41,139,100,1,20250815_211716
1755260136.7125475,7646187,1957423872,1957.423872,44,140,102,1,20250815_211716
1755260136.7225316,7646226,1957433856,1957.433856,47,138,103,1,20250815_211716
1755260136.7325156,7646265,1957443840,1957.44384,50,137,103,1,20250815_211716
1755260136.7424996,7646304,1957453824,1957.453824,54,134,104,1,20250815_211716
1755260136.7524836,7646343,1957463808,1957.463808,57,132,105,1,20250815_211716
1755260136.7624676,7646382,1957473792,1957.473792,60,127,106,1,20250815_211716
1755260136.7724516,7646421,1957483776,1957.483776,63,125,103,1,20250815_211716
1755260136.7824357,7646460,1957493760,1957.49376,66,121,105,1,20250815_211716
1755260136.7924194,7646499,1957503744,1957.503744,70,120,104,1,20250815_211716
1755260136.8026595,7646539,1957513984,1957.513984,73,117,105,1,20250815_211716
1755260136.8126435,7646578,1957523968,1957.523968,76,118,104,1,20250815_211716
1755260136.8226275,7646617,1957533952,1957.533952,79,115,104,1,20250815_211716
1755260136.8326116,7646656,1957543936,1957.543936,82,117,102,1,20250815_211716
1755260136.8425956,7646695,1957553920,1957.55392,85,114,102,1,20250815_211716
1755260136.8525796,7646734,1957563904,1957.563904,89,116,102,1,20250815_211716
1755260136.8625636,7646773,1957573888,1957.573888,92,114,102,1,20250815_211716
1755260136.8725476,7646812,1957583872,1957.583872,95,114,101,1,20250815_211716
1755260136.8825316,7646851,1957593856,1957.593856,98,112,100,1,20250815_211716
1755260136.8925157,7646890,1957603840,1957.60384,101,113,100,1,20250815_211716
1755260136.9024994,7646929,1957613824,1957.613824,105,111,101,1,20250815_211716
1755260136.9124837,7646968,1957623808,1957.623808,108,112,100,1,20250815_211716
1755260136.9224677,7647007,1957633792,1957.633792,111,111,99,1,20250815_211716
1755260136.9324515,7647046,1957643776,1957.643776,114,112,101,1,20250815_211716
1755260136.9426916,7647086,1957654016,1957.654016,117,110,101,1,20250815_211716
1755260136.9526756,7647125,1957664000,1957.664,121,112,99,1,20250815_211716
1755260136.9626596,7647164,1957673984,1957.673984,124,109,98,1,20250815_211716
1755260136.9726436,7647203,1957683968,1957.683968,127,110,98,1,20250815_211716
1755260136.9826276,7647242,1957693952,1957.693952,130,108,98,1,20250815_211716
1755260136.9926116,7647281,1957703936,1957.703936,133,108,96,1,20250815_211716
1755260137.0025957,7647320,1957713920,1957.71392,136,107,98,1,20250815_211716
1755260137.0125794,7647359,1957723904,1957.723904,140,109,98,1,20250815_211716
1755260137.0225637,7647398,1957733888,1957.733888,143,107,98,1,20250815_211716
1755260137.0325477,7647437,1957743872,1957.743872,146,108,98,1,20250815_211716
1755260137.0425315,7647476,1957753856,1957.753856,149,107,98,1,20250815_211716
1755260137.0525155,7647515,1957763840,1957.76384,152,108,97,1,20250815_211716
1755260137.0624995,7647554,1957773824,1957.773824,156,107,97,1,20250815_211716
1755260137.0724835,7647593,1957783808,1957.783808,159,109,96,1,20250815_211716
1755260137.0827236,7647633,1957794048,1957.794048,162,109,98,1,20250815_211716
1755260137.0927076,7647672,1957804032,1957.804032,165,111,96,1,20250815_211716
1755260137.1026917,7647711,1957814016,1957.814016,168,110,96,1,20250815_211716
1755260137.1126754,7647750,1957824000,1957.824,171,112,96,1,20250815_211716
1755260137.1226594,7647789,1957833984,1957.833984,175,112,94,1,20250815_211716
1755260137.1326437,7647828,1957843968,1957.843968,178,115,92,1,20250815_211716
1755260137.1426277,7647867,1957853952,1957.853952,181,115,91,1,20250815_211716
1755260137.1526115,7647906,1957863936,1957.863936,184,118,89,1,20250815_211716
1755260137.1625955,7647945,1957873920,1957.87392,187,118,90,1,20250815_211716
1755260137.1725795,7647984,1957883904,1957.883904,191,121,90,1,20250815_211716
1755260137.1825635,7648023,1957893888,1957.893888,194,121,89,1,20250815_211716
1755260137.1925476,7648062,1957903872,1957.903872,197,124,89,1,20250815_211716
1755260137.2025316,7648101,1957913856,1957.913856,200,124,89,1,20250815_211716
1755260137.2125156,7648140,1957923840,1957.92384,203,128,90,1,20250815_211716
1755260137.2224996,7648179,1957933824,1957.933824,207,128,89,1,20250815_211716
1755260137.2327394,7648219,1957944064,1957.944064,210,132,88,1,20250815_211716
1755260137.2427237,7648258,1957954048,1957.954048,213,133,87,1,20250815_211716
1755260137.2527075,7648297,1957964032,1957.964032,216,138,86,1,20250815_211716
1755260137.2626915,7648336,1957974016,1957.974016,219,139,85,1,20250815_211716
1755260137.2726755,7648375,1957984000,1957.984,222,146,88,1,20250815_211716
1755260137.2826595,7648414,1957993984,1957.993984,226,149,87,1,20250815_211716
1755260137.2926435,7648453,1958003968,1958.003968,229,157,87,1,20250815_211716
1755260137.3026276,7648492,1958013952,1958.013952,232,160,89,1,20250815_211716
1755260137.3126116,7648531,1958023936,1958.023936,235,167,87,1,20250815_211716
1755260137.3225956,7648570,1958033920,1958.03392,238,170,87,1,20250815_211716
1755260137.3325796,7648609,1958043904,1958.043904,242,177,86,1,20250815_211716
1755260137.3425636,7648648,1958053888,1958.053888,245,181,90,1,20250815_211716
1755260137.3525476,7648687,1958063872,1958.063872,248,190,91,1,20250815_211716
1755260137.3625317,7648726,1958073856,1958.073856,251,194,92,1,20250815_211716
1755260137.3727715,7648766,1958084096,1958.084096,254,201,95,1,20250815_211716
1755260137.3827555,7648805,1958094080,1958.09408,3,200,103,1,20250815_211716
1755260137.3927395,7648844,1958104064,1958.104064,6,201,111,1,20250815_211716
1755260137.4027236,7648883,1958114048,1958.114048,9,201,118,1,20250815_211716
1755260137.4127076,7648922,1958124032,1958.124032,12,201,123,1,20250815_211716
1755260137.4226916,7648961,1958134016,1958.134016,15,202,128,1,20250815_211716
1755260137.4326756,7649000,1958144000,1958.144,18,201,133,1,20250815_211716
1755260137.4426596,7649039,1958153984,1958.153984,22,202,139,1,20250815_211716
1755260137.4526436,7649078,1958163968,1958.163968,25,201,142,1,20250815_211716
1755260137.4626276,7649117,1958173952,1958.173952,28,201,143,1,20250815_211716
1755260137.4726117,7649156,1958183936,1958.183936,31,201,143,1,20250815_211716
1755260137.4825954,7649195,1958193920,1958.19392,34,201,142,1,20250815_211716
1755260137.4925797,7649234,1958203904,1958.203904,38,201,142,1,20250815_211716
1755260137.5025637,7649273,1958213888,1958.213888,41,197,141,1,20250815_211716
1755260137.5125475,7649312,1958223872,1958.223872,44,199,140,1,20250815_211716
1755260137.5227876,7649352,1958234112,1958.234112,47,194,141,1,20250815_211716
1755260137.5327716,7649391,1958244096,1958.244096,50,194,143,1,20250815_211716
1755260137.5427556,7649430,1958254080,1958.25408,54,188,146,1,20250815_211716
1755260137.5527396,7649469,1958264064,1958.264064,57,189,148,1,20250815_211716
1755260137.5627236,7649508,1958274048,1958.274048,60,182,148,1,20250815_211716
1755260137.5727077,7649547,1958284032,1958.284032,63,183,150,1,20250815_211716
1755260137.5826914,7649586,1958294016,1958.294016,66,173,149,1,20250815_211716
1755260137.5926754,7649625,1958304000,1958.304,69,79,148,1,20250815_211716
1755260137.6026597,7649664,1958313984,1958.313984,73,202,149,1,20250815_211716
1755260137.6126437,7649703,1958323968,1958.323968,76,82,148,1,20250815_211716
1755260137.6226275,7649742,1958333952,1958.333952,79,136,149,1,20250815_211716
1755260137.6326115,7649781,1958343936,1958.343936,82,139,148,1,20250815_211716
1755260137.6425955,7649820,1958353920,1958.35392,85,105,148,1,20250815_211716
1755260137.6525795,7649859,1958363904,1958.363904,89,202,149,1,20250815_211716
1755260137.6628196,7649899,1958374144,1958.374144,92,129,149,1,20250815_211716
1755260137.6728036,7649938,1958384128,1958.384128,95,115,149,1,20250815_211716
1755260137.6827877,7649977,1958394112,1958.394112,98,104,149,1,20250815_211716
1755260137.6927714,7650016,1958404096,1958.404096,101,76,148,1,20250815_211716
1755260137.7027557,7650055,1958414080,1958.41408,104,61,148,1,20250815_211716
1755260137.7127397,7650094,1958424064,1958.424064,108,91,147,1,20250815_211716
1755260137.7227235,7650133,1958434048,1958.434048,111,71,146,1,20250815_211716
1755260137.7327075,7650172,1958444032,1958.444032,114,53,146,1,20250815_211716
1755260137.7426915,7650211,1958454016,1958.454016,117,61,147,1,20250815_211716
1755260137.7526755,7650250,1958464000,1958.464,120,73,148,1,20250815_211716
1755260137.7626595,7650289,1958473984,1958.473984,124,69,147,1,20250815_211716
1755260137.7726436,7650328,1958483968,1958.483968,127,66,148,1,20250815_211716
1755260137.7826276,7650367,1958493952,1958.493952,130,66,148,1,20250815_211716
1755260137.7926116,7650406,1958503936,1958.503936,133,62,150,1,20250815_211716
1755260137.8028514,7650446,1958514176,1958.514176,136,54,152,1,20250815_211716
1755260137.8128357,7650485,1958524160,1958.52416,140,55,152,1,20250815_211716
1755260137.8228197,7650524,1958534144,1958.534144,143,59,154,1,20250815_211716
1755260137.8328035,7650563,1958544128,1958.544128,146,59,153,1,20250815_211716
1755260137.8427875,7650602,1958554112,1958.554112,149,63,154,1,20250815_211716
1755260137.8527715,7650641,1958564096,1958.564096,152,61,154,1,20250815_211716
1755260137.8627555,7650680,1958574080,1958.57408,155,50,155,1,20250815_211716
1755260137.8727396,7650719,1958584064,1958.584064,159,59,155,1,20250815_211716
1755260137.8827236,7650758,1958594048,1958.594048,162,47,154,1,20250815_211716
1755260137.8927076,7650797,1958604032,1958.604032,165,53,155,1,20250815_211716
1755260137.9026916,7650836,1958614016,1958.614016,168,63,156,1,20250815_211716
1755260137.9126756,7650875,1958624000,1958.624,171,46,156,1,20250815_211716
1755260137.9226596,7650914,1958633984,1958.633984,175,36,156,1,20250815_211716
1755260137.9326437,7650953,1958643968,1958.643968,178,95,156,1,20250815_211716
1755260137.9428835,7650993,1958654208,1958.654208,181,39,156,1,20250815_211716
1755260137.9528675,7651032,1958664192,1958.664192,184,33,156,1,20250815_211716
1755260137.9628515,7651071,1958674176,1958.674176,187,42,155,1,20250815_211716
1755260137.9728355,7651110,1958684160,1958.68416,191,55,156,1,20250815_211716
1755260137.9828196,7651149,1958694144,1958.694144,194,67,157,1,20250815_211716
1755260137.9928036,7651188,1958704128,1958.704128,197,39,157,1,20250815_211716
1755260138.0027876,7651227,1958714112,1958.714112,200,30,157,1,20250815_211716
1755260138.0127716,7651266,1958724096,1958.724096,203,31,156,1,20250815_211716
1755260138.0227556,7651305,1958734080,1958.73408,206,30,157,1,20250815_211716
1755260138.0327396,7651344,1958744064,1958.744064,210,35,157,1,20250815_211716
1755260138.0427237,7651383,1958754048,1958.754048,213,30,156,1,20250815_211716
1755260138.0527074,7651422,1958764032,1958.764032,216,31,157,1,20250815_211716
1755260138.0626917,7651461,1958774016,1958.774016,219,31,158,1,20250815_211716
1755260138.0726757,7651500,1958784000,1958.784,222,36,157,1,20250815_211716
1755260138.0826595,7651539,1958793984,1958.793984,226,34,157,1,20250815_211716
1755260138.0928996,7651579,1958804224,1958.804224,229,61,158,1,20250815_211716
1755260138.1028836,7651618,1958814208,1958.814208,232,57,158,1,20250815_211716
1755260138.1128676,7651657,1958824192,1958.824192,235,53,159,1,20250815_211716
1755260138.1228516,7651696,1958834176,1958.834176,238,36,158,1,20250815_211716
1755260138.1328356,7651735,1958844160,1958.84416,242,42,157,1,20250815_211716
1755260138.1428196,7651774,1958854144,1958.854144,245,44,158,1,20250815_211716
1755260138.1528037,7651813,1958864128,1958.864128,248,46,158,1,20250815_211716
1755260138.1627874,7651852,1958874112,1958.874112,251,76,158,1,20250815_211716
1755260138.1727717,7651891,1958884096,1958.884096,254,44,158,1,20250815_211716
1755260138.1827557,7651930,1958894080,1958.89408,2,46,157,1,20250815_211716
1755260138.1927395,7651969,1958904064,1958.904064,6,80,158,1,20250815_211716
1755260138.2027235,7652008,1958914048,1958.914048,9,38,158,1,20250815_211716
1755260138.2127075,7652047,1958924032,1958.924032,12,67,157,1,20250815_211716
1755260138.2226915,7652086,1958934016,1958.934016,15,85,156,1,20250815_211716
1755260138.2329316,7652126,1958944256,1958.944256,18,60,155,1,20250815_211716
1755260138.2429156,7652165,1958954240,1958.95424,22,69,154,1,20250815_211716
1755260138.2528996,7652204,1958964224,1958.964224,25,65,152,1,20250815_211716
1755260138.2628837,7652243,1958974208,1958.974208,28,59,151,1,20250815_211716
1755260138.2728674,7652282,1958984192,1958.984192,31,42,148,1,20250815_211716
1755260138.2828517,7652321,1958994176,1958.994176,34,59,146,1,20250815_211716
1755260138.2928357,7652360,1959004160,1959.00416,37,67,145,1,20250815_211716
1755260138.3028195,7652399,1959014144,1959.014144,41,38,142,1,20250815_211716
1755260138.3128035,7652438,1959024128,1959.024128,44,54,138,1,20250815_211716
1755260138.3227875,7652477,1959034112,1959.034112,47,151,132,1,20250815_211716
1755260138.3327715,7652516,1959044096,1959.044096,50,117,127,1,20250815_211716
1755260138.3427556,7652555,1959054080,1959.05408,53,72,121,1,20250815_211716
1755260138.3527396,7652594,1959064064,1959.064064,57,54,108,1,20250815_211716
1755260138.3627236,7652633,1959074048,1959.074048,60,66,101,1,20250815_211716
1755260138.3729634,7652673,1959084288,1959.084288,63,56,94,1,20250815_211716
1755260138.3829474,7652712,1959094272,1959.094272,66,44,91,1,20250815_211716
1755260138.3929317,7652751,1959104256,1959.104256,69,54,87,1,20250815_211716
1755260138.4029157,7652790,1959114240,1959.11424,73,78,86,1,20250815_211716
1755260138.4128995,7652829,1959124224,1959.124224,76,108,84,1,20250815_211716
1755260138.4228835,7652868,1959134208,1959.134208,79,71,84,1,20250815_211716
1755260138.4328675,7652907,1959144192,1959.144192,82,74,86,1,20250815_211716
1755260138.4428515,7652946,1959154176,1959.154176,85,82,84,1,20250815_211716
1755260138.4528356,7652985,1959164160,1959.16416,88,100,84,1,20250815_211716
1755260138.4628196,7653024,1959174144,1959.174144,92,65,84,1,20250815_211716
1755260138.4728036,7653063,1959184128,1959.184128,95,90,85,1,20250815_211716
1755260138.4827876,7653102,1959194112,1959.194112,98,71,85,1,20250815_211716
1755260138.4927716,7653141,1959204096,1959.204096,101,66,84,1,20250815_211716
1755260138.5027556,7653180,1959214080,1959.21408,104,64,85,1,20250815_211716
1755260138.5127397,7653219,1959224064,1959.224064,108,76,84,1,20250815_211716
1755260138.5229795,7653259,1959234304,1959.234304,111,67,86,1,20250815_211716
1755260138.5329635,7653298,1959244288,1959.244288,114,60,87,1,20250815_211716
1755260138.5429475,7653337,1959254272,1959.254272,117,60,88,1,20250815_211716
1755260138.5529315,7653376,1959264256,1959.264256,120,66,88,1,20250815_211716
1755260138.5629156,7653415,1959274240,1959.27424,124,53,89,1,20250815_211716
1755260138.5728996,7653454,1959284224,1959.284224,127,53,90,1,20250815_211716
1755260138.5828836,7653493,1959294208,1959.294208,130,46,90,1,20250815_211716
1755260138.5928676,7653532,1959304192,1959.304192,133,52,93,1,20250815_211716
1755260138.6028516,7653571,1959314176,1959.314176,136,50,95,1,20250815_211716
1755260138.6128356,7653610,1959324160,1959.32416,139,39,98,1,20250815_211716
1755260138.6228197,7653649,1959334144,1959.334144,143,36,104,1,20250815_211716
1755260138.6328034,7653688,1959344128,1959.344128,146,30,112,1,20250815_211716
1755260138.6427877,7653727,1959354112,1959.354112,149,24,118,1,20250815_211716
1755260138.6527717,7653766,1959364096,1959.364096,152,25,123,1,20250815_211716
1755260138.6627555,7653805,1959374080,1959.37408,155,24,127,1,20250815_211716
1755260138.6729956,7653845,1959384320,1959.38432,159,26,130,1,20250815_211716
1755260138.6829796,7653884,1959394304,1959.394304,162,25,136,1,20250815_211716
1755260138.6929636,7653923,1959404288,1959.404288,165,24,144,1,20250815_211716
1755260138.7029476,7653962,1959414272,1959.414272,168,22,146,1,20250815_211716
1755260138.7129316,7654001,1959424256,1959.424256,171,23,148,1,20250815_211716
1755260138.7229156,7654040,1959434240,1959.43424,175,22,146,1,20250815_211716
1755260138.7328997,7654079,1959444224,1959.444224,178,23,148,1,20250815_211716
1755260138.7428834,7654118,1959454208,1959.454208,181,21,148,1,20250815_211716
1755260138.7528677,7654157,1959464192,1959.464192,184,22,149,1,20250815_211716
1755260138.7628517,7654196,1959474176,1959.474176,187,22,150,1,20250815_211716
1755260138.7728355,7654235,1959484160,1959.48416,190,23,152,1,20250815_211716
1755260138.7828195,7654274,1959494144,1959.494144,194,22,151,1,20250815_211716
1755260138.7928035,7654313,1959504128,1959.504128,197,23,152,1,20250815_211716
1755260138.8027875,7654352,1959514112,1959.514112,200,22,152,1,20250815_211716
1755260138.8130276,7654392,1959524352,1959.524352,203,23,152,1,20250815_211716
1755260138.8230116,7654431,1959534336,1959.534336,206,22,152,1,20250815_211716
1755260138.8329957,7654470,1959544320,1959.54432,210,23,153,1,20250815_211716
1755260138.8429794,7654509,1959554304,1959.554304,213,22,153,1,20250815_211716
1755260138.8529634,7654548,1959564288,1959.564288,216,23,153,1,20250815_211716
1755260138.8629477,7654587,1959574272,1959.574272,219,23,153,1,20250815_211716
1755260138.8729317,7654626,1959584256,1959.584256,222,26,154,1,20250815_211716
1755260138.8829155,7654665,1959594240,1959.59424,225,25,154,1,20250815_211716
1755260138.8928995,7654704,1959604224,1959.604224,229,29,154,1,20250815_211716
1755260138.9028835,7654743,1959614208,1959.614208,232,33,154,1,20250815_211716
1755260138.9128675,7654782,1959624192,1959.624192,235,37,154,1,20250815_211716
1755260138.9228516,7654821,1959634176,1959.634176,238,38,154,1,20250815_211716
1755260138.9328356,7654860,1959644160,1959.64416,241,35,154,1,20250815_211716
1755260138.9428196,7654899,1959654144,1959.654144,245,26,154,1,20250815_211716
1755260138.9530594,7654939,1959664384,1959.664384,248,26,155,1,20250815_211716
1755260138.9630437,7654978,1959674368,1959.674368,251,26,155,1,20250815_211716
1755260138.9730277,7655017,1959684352,1959.684352,254,28,155,1,20250815_211716
1755260138.9830115,7655056,1959694336,1959.694336,2,27,155,1,20250815_211716
1755260138.9929955,7655095,1959704320,1959.70432,6,29,155,1,20250815_211716
1755260139.0029795,7655134,1959714304,1959.714304,9,27,155,1,20250815_211716
1755260139.0129635,7655173,1959724288,1959.724288,12,27,154,1,20250815_211716
1755260139.0229475,7655212,1959734272,1959.734272,15,27,154,1,20250815_211716
1755260139.0329316,7655251,1959744256,1959.744256,18,29,152,1,20250815_211716
1755260139.0429156,7655290,1959754240,1959.75424,21,28,153,1,20250815_211716
1755260139.0528996,7655329,1959764224,1959.764224,25,30,150,1,20250815_211716
1755260139.0628836,7655368,1959774208,1959.774208,28,26,150,1,20250815_211716
1755260139.0728676,7655407,1959784192,1959.784192,31,30,147,1,20250815_211716
1755260139.0828516,7655446,1959794176,1959.794176,34,34,145,1,20250815_211716
1755260139.0930915,7655486,1959804416,1959.804416,37,37,142,1,20250815_211716
1755260139.1030755,7655525,1959814400,1959.8144,41,32,139,1,20250815_211716
1755260139.1130595,7655564,1959824384,1959.824384,44,31,135,1,20250815_211716
1755260139.1230435,7655603,1959834368,1959.834368,47,27,130,1,20250815_211716
1755260139.1330276,7655642,1959844352,1959.844352,50,30,124,1,20250815_211716
1755260139.1430116,7655681,1959854336,1959.854336,53,24,111,1,20250815_211716
1755260139.1529956,7655720,1959864320,1959.86432,57,24,103,1,20250815_211716
1755260139.1629796,7655759,1959874304,1959.874304,60,24,98,1,20250815_211716
1755260139.1729636,7655798,1959884288,1959.884288,63,25,93,1,20250815_211716
1755260139.1829476,7655837,1959894272,1959.894272,66,23,91,1,20250815_211716
1755260139.1929317,7655876,1959904256,1959.904256,69,24,87,1,20250815_211716
1755260139.2029154,7655915,1959914240,1959.91424,72,25,85,1,20250815_211716
1755260139.2128994,7655954,1959924224,1959.924224,76,26,87,1,20250815_211716
1755260139.2228837,7655993,1959934208,1959.934208,79,25,85,1,20250815_211716
1755260139.2328677,7656032,1959944192,1959.944192,82,27,85,1,20250815_211716
1755260139.2431076,7656072,1959954432,1959.954432,85,25,85,1,20250815_211716
1755260139.2530916,7656111,1959964416,1959.964416,88,25,84,1,20250815_211716
1755260139.2630756,7656150,1959974400,1959.9744,92,24,83,1,20250815_211716
1755260139.2730596,7656189,1959984384,1959.984384,95,27,84,1,20250815_211716
1755260139.2830436,7656228,1959994368,1959.994368,98,24,86,1,20250815_211716
1755260139.2930276,7656267,1960004352,1960.004352,101,24,85,1,20250815_211716
1755260139.3030117,7656306,1960014336,1960.014336,104,23,86,1,20250815_211716
1755260139.3129954,7656345,1960024320,1960.02432,108,22,85,1,20250815_211716
1755260139.3229797,7656384,1960034304,1960.034304,111,21,85,1,20250815_211716
1755260139.3329637,7656423,1960044288,1960.044288,114,21,86,1,20250815_211716
1755260139.3429475,7656462,1960054272,1960.054272,117,21,86,1,20250815_211716
1755260139.3529315,7656501,1960064256,1960.064256,120,21,87,1,20250815_211716
1755260139.3629155,7656540,1960074240,1960.07424,123,21,85,1,20250815_211716
1755260139.3728995,7656579,1960084224,1960.084224,127,21,88,1,20250815_211716
1755260139.3831396,7656619,1960094464,1960.094464,130,20,88,1,20250815_211716
1755260139.3931236,7656658,1960104448,1960.104448,133,20,89,1,20250815_211716
1755260139.4031076,7656697,1960114432,1960.114432,136,19,89,1,20250815_211716
1755260139.4130917,7656736,1960124416,1960.124416,139,20,92,1,20250815_211716
1755260139.4230754,7656775,1960134400,1960.1344,143,18,93,1,20250815_211716
1755260139.4330597,7656814,1960144384,1960.144384,146,18,97,1,20250815_211716
1755260139.4430437,7656853,1960154368,1960.154368,149,18,102,1,20250815_211716
1755260139.4530275,7656892,1960164352,1960.164352,152,18,108,1,20250815_211716
1755260139.4630115,7656931,1960174336,1960.174336,155,18,115,1,20250815_211716
1755260139.4729955,7656970,1960184320,1960.18432,158,18,119,1,20250815_211716
1755260139.4829795,7657009,1960194304,1960.194304,162,18,125,1,20250815_211716
1755260139.4929636,7657048,1960204288,1960.204288,165,19,128,1,20250815_211716
1755260139.5029476,7657087,1960214272,1960.214272,168,18,134,1,20250815_211716
1755260139.5129316,7657126,1960224256,1960.224256,171,19,142,1,20250815_211716
1755260139.5229156,7657165,1960234240,1960.23424,174,18,144,1,20250815_211716
1755260139.5331554,7657205,1960244480,1960.24448,178,19,146,1,20250815_211716
1755260139.5431397,7657244,1960254464,1960.254464,181,18,145,1,20250815_211716
1755260139.5531237,7657283,1960264448,1960.264448,184,19,147,1,20250815_211716
1755260139.5631075,7657322,1960274432,1960.274432,187,18,148,1,20250815_211716
1755260139.5730915,7657361,1960284416,1960.284416,190,21,149,1,20250815_211716
1755260139.5830755,7657400,1960294400,1960.2944,194,18,150,1,20250815_211716
1755260139.5930595,7657439,1960304384,1960.304384,197,19,151,1,20250815_211716
1755260139.6030436,7657478,1960314368,1960.314368,200,18,151,1,20250815_211716
1755260139.6130276,7657517,1960324352,1960.324352,203,19,151,1,20250815_211716
1755260139.6230116,7657556,1960334336,1960.334336,206,18,152,1,20250815_211716
1755260139.6329956,7657595,1960344320,1960.34432,209,19,152,1,20250815_211716
1755260139.6429796,7657634,1960354304,1960.354304,213,19,153,1,20250815_211716
1755260139.6529636,7657673,1960364288,1960.364288,216,20,153,1,20250815_211716
1755260139.6629477,7657712,1960374272,1960.374272,219,19,153,1,20250815_211716
1755260139.6731875,7657752,1960384512,1960.384512,222,20,154,1,20250815_211716
1755260139.6831715,7657791,1960394496,1960.394496,225,19,154,1,20250815_211716
1755260139.6931555,7657830,1960404480,1960.40448,229,20,154,1,20250815_211716
1755260139.7031395,7657869,1960414464,1960.414464,232,19,154,1,20250815_211716
1755260139.7131236,7657908,1960424448,1960.424448,235,19,154,1,20250815_211716
1755260139.7231076,7657947,1960434432,1960.434432,238,19,154,1,20250815_211716
1755260139.7330916,7657986,1960444416,1960.444416,241,19,152,1,20250815_211716
1755260139.7430756,7658025,1960454400,1960.4544,245,19,153,1,20250815_211716
1755260139.7530596,7658064,1960464384,1960.464384,248,20,153,1,20250815_211716
1755260139.7630436,7658103,1960474368,1960.474368,251,18,153,1,20250815_211716
1755260139.7730277,7658142,1960484352,1960.484352,254,19,154,1,20250815_211716
1755260139.7830114,7658181,1960494336,1960.494336,2,19,153,1,20250815_211716
1755260139.7929957,7658220,1960504320,1960.50432,5,19,153,1,20250815_211716
1755260139.8029797,7658259,1960514304,1960.514304,9,18,153,1,20250815_211716
1755260139.8132195,7658299,1960524544,1960.524544,12,19,153,1,20250815_211716
1755260139.8232036,7658338,1960534528,1960.534528,15,18,152,1,20250815_211716
1755260139.8331876,7658377,1960544512,1960.544512,18,19,150,1,20250815_211716
1755260139.8431716,7658416,1960554496,1960.554496,21,19,150,1,20250815_211716
1755260139.8531556,7658455,1960564480,1960.56448,25,19,148,1,20250815_211716
1755260139.8631396,7658494,1960574464,1960.574464,28,19,146,1,20250815_211716
1755260139.8731236,7658533,1960584448,1960.584448,31,19,144,1,20250815_211716
1755260139.8831077,7658572,1960594432,1960.594432,34,19,141,1,20250815_211716
1755260139.8930914,7658611,1960604416,1960.604416,37,19,138,1,20250815_211716
1755260139.9030757,7658650,1960614400,1960.6144,41,19,135,1,20250815_211716
1755260139.9130597,7658689,1960624384,1960.624384,44,19,127,1,20250815_211716
1755260139.9230435,7658728,1960634368,1960.634368,47,19,120,1,20250815_211716
1755260139.9330275,7658767,1960644352,1960.644352,50,19,109,1,20250815_211716
1755260139.9430115,7658806,1960654336,1960.654336,53,19,100,1,20250815_211716
1755260139.9529955,7658845,1960664320,1960.66432,56,21,94,1,20250815_211716
1755260139.9632356,7658885,1960674560,1960.67456,60,19,90,1,20250815_211716
1755260139.9732196,7658924,1960684544,1960.684544,63,20,88,1,20250815_211716
1755260139.9832036,7658963,1960694528,1960.694528,66,19,86,1,20250815_211716
1755260139.9931874,7659002,1960704512,1960.704512,69,19,87,1,20250815_211716
1755260140.0031714,7659041,1960714496,1960.714496,72,19,87,1,20250815_211716
1755260140.0131557,7659080,1960724480,1960.72448,76,20,85,1,20250815_211716
1755260140.0231397,7659119,1960734464,1960.734464,79,19,85,1,20250815_211716
1755260140.0331235,7659158,1960744448,1960.744448,82,19,86,1,20250815_211716
1755260140.0431075,7659197,1960754432,1960.754432,85,19,86,1,20250815_211716
1755260140.0530915,7659236,1960764416,1960.764416,88,19,87,1,20250815_211716
1755260140.0630755,7659275,1960774400,1960.7744,91,18,85,1,20250815_211716
1755260140.0730596,7659314,1960784384,1960.784384,95,19,87,1,20250815_211716
1755260140.0830436,7659353,1960794368,1960.794368,98,18,87,1,20250815_211716
1755260140.0930276,7659392,1960804352,1960.804352,101,19,86,1,20250815_211716
1755260140.1032674,7659432,1960814592,1960.814592,104,18,86,1,20250815_211716
1755260140.1132514,7659471,1960824576,1960.824576,107,18,86,1,20250815_211716
1755260140.1232357,7659510,1960834560,1960.83456,111,17,84,1,20250815_211716
1755260140.1332197,7659549,1960844544,1960.844544,114,18,84,1,20250815_211716
1755260140.1432035,7659588,1960854528,1960.854528,117,17,86,1,20250815_211716
1755260140.1531875,7659627,1960864512,1960.864512,120,17,86,1,20250815_211716
1755260140.1631715,7659666,1960874496,1960.874496,123,17,86,1,20250815_211716
1755260140.1731555,7659705,1960884480,1960.88448,127,17,87,1,20250815_211716
1755260140.1831396,7659744,1960894464,1960.894464,130,17,88,1,20250815_211716
1755260140.1931236,7659783,1960904448,1960.904448,133,17,88,1,20250815_211716
1755260140.2031076,7659822,1960914432,1960.914432,136,16,89,1,20250815_211716
1755260140.2130916,7659861,1960924416,1960.924416,139,17,90,1,20250815_211716
1755260140.2230756,7659900,1960934400,1960.9344,142,17,90,1,20250815_211716
1755260140.2330596,7659939,1960944384,1960.944384,146,17,92,1,20250815_211716
1755260140.2430437,7659978,1960954368,1960.954368,149,16,95,1,20250815_211716
1755260140.2532835,7660018,1960964608,1960.964608,152,17,98,1,20250815_211716
1755260140.2632675,7660057,1960974592,1960.974592,155,16,105,1,20250815_211716
1755260140.2732515,7660096,1960984576,1960.984576,158,17,112,1,20250815_211716
1755260140.2832355,7660135,1960994560,1960.99456,162,17,118,1,20250815_211716
1755260140.2932196,7660174,1961004544,1961.004544,165,17,122,1,20250815_211716
1755260140.3032036,7660213,1961014528,1961.014528,168,17,127,1,20250815_211716
1755260140.3131876,7660252,1961024512,1961.024512,171,17,132,1,20250815_211716
1755260140.3231716,7660291,1961034496,1961.034496,174,17,141,1,20250815_211716
1755260140.3334117,7660331,1961044736,1961.044736,178,18,144,1,20250815_211716
1755260140.3433957,7660370,1961054720,1961.05472,181,17,145,1,20250815_211716
1755260140.3533795,7660409,1961064704,1961.064704,184,18,145,1,20250815_211716
1755260140.3633635,7660448,1961074688,1961.074688,187,17,146,1,20250815_211716
1755260140.3733475,7660487,1961084672,1961.084672,190,19,147,1,20250815_211716
1755260140.3833315,7660526,1961094656,1961.094656,194,18,149,1,20250815_211716
1755260140.3933156,7660565,1961104640,1961.10464,197,18,149,1,20250815_211716
1755260140.4032996,7660604,1961114624,1961.114624,200,17,148,1,20250815_211716
1755260140.4132836,7660643,1961124608,1961.124608,203,18,151,1,20250815_211716
1755260140.4232676,7660682,1961134592,1961.134592,206,18,151,1,20250815_211716
1755260140.4332516,7660721,1961144576,1961.144576,209,18,151,1,20250815_211716
1755260140.4432356,7660760,1961154560,1961.15456,213,18,151,1,20250815_211716
1755260140.4532197,7660799,1961164544,1961.164544,216,19,152,1,20250815_211716
1755260140.4634595,7660839,1961174784,1961.174784,219,18,152,1,20250815_211716
1755260140.4734435,7660878,1961184768,1961.184768,222,19,152,1,20250815_211716
1755260140.4834275,7660917,1961194752,1961.194752,225,18,152,1,20250815_211716
1755260140.4934115,7660956,1961204736,1961.204736,229,19,153,1,20250815_211716
1755260140.5033956,7660995,1961214720,1961.21472,232,18,152,1,20250815_211716
1755260140.5133796,7661034,1961224704,1961.224704,235,18,153,1,20250815_211716
1755260140.5233636,7661073,1961234688,1961.234688,238,18,153,1,20250815_211716
1755260140.5333476,7661112,1961244672,1961.244672,241,18,154,1,20250815_211716
1755260140.5433316,7661151,1961254656,1961.254656,244,18,153,1,20250815_211716
1755260140.5533156,7661190,1961264640,1961.26464,248,18,153,1,20250815_211716
1755260140.5632997,7661229,1961274624,1961.274624,251,17,152,1,20250815_211716
1755260140.5732834,7661268,1961284608,1961.284608,254,18,153,1,20250815_211716
1755260140.5832677,7661307,1961294592,1961.294592,2,17,153,1,20250815_211716
1755260140.5932517,7661346,1961304576,1961.304576,5,18,152,1,20250815_211716
1755260140.6032355,7661385,1961314560,1961.31456,9,18,153,1,20250815_211716
1755260140.6134756,7661425,1961324800,1961.3248,12,18,152,1,20250815_211716
1755260140.6234596,7661464,1961334784,1961.334784,15,17,151,1,20250815_211716
1755260140.6334436,7661503,1961344768,1961.344768,18,18,149,1,20250815_211716
1755260140.6434276,7661542,1961354752,1961.354752,21,17,148,1,20250815_211716
1755260140.6534116,7661581,1961364736,1961.364736,25,18,147,1,20250815_211716
1755260140.6633956,7661620,1961374720,1961.37472,28,17,144,1,20250815_211716
1755260140.6733797,7661659,1961384704,1961.384704,31,18,142,1,20250815_211716
1755260140.6833634,7661698,1961394688,1961.394688,34,18,138,1,20250815_211716
1755260140.6933477,7661737,1961404672,1961.404672,37,18,134,1,20250815_211716
1755260140.7033317,7661776,1961414656,1961.414656,40,17,131,1,20250815_211716
1755260140.7133155,7661815,1961424640,1961.42464,44,18,124,1,20250815_211716
1755260140.7232995,7661854,1961434624,1961.434624,47,18,117,1,20250815_211716
1755260140.7332835,7661893,1961444608,1961.444608,50,18,105,1,20250815_211716
1755260140.7432675,7661932,1961454592,1961.454592,53,19,99,1,20250815_211716
1755260140.7535076,7661972,1961464832,1961.464832,56,18,92,1,20250815_211716
1755260140.7634916,7662011,1961474816,1961.474816,60,17,89,1,20250815_211716
1755260140.7734756,7662050,1961484800,1961.4848,63,18,85,1,20250815_211716
1755260140.7834597,7662089,1961494784,1961.494784,66,17,84,1,20250815_211716
1755260140.7934434,7662128,1961504768,1961.504768,69,19,86,1,20250815_211716
1755260140.8034277,7662167,1961514752,1961.514752,72,18,85,1,20250815_211716
1755260140.8134117,7662206,1961524736,1961.524736,76,18,85,1,20250815_211716
1755260140.8233955,7662245,1961534720,1961.53472,79,17,84,1,20250815_211716
1755260140.8333795,7662284,1961544704,1961.544704,82,18,85,1,20250815_211716
1755260140.8433635,7662323,1961554688,1961.554688,85,17,86,1,20250815_211716
1755260140.8533475,7662362,1961564672,1961.564672,88,18,86,1,20250815_211716
1755260140.8633316,7662401,1961574656,1961.574656,91,17,85,1,20250815_211716
1755260140.8733156,7662440,1961584640,1961.58464,95,18,85,1,20250815_211716
1755260140.8832996,7662479,1961594624,1961.594624,98,17,86,1,20250815_211716
1755260140.8932836,7662518,1961604608,1961.604608,101,17,84,1,20250815_211716
1755260140.9035234,7662558,1961614848,1961.614848,104,17,86,1,20250815_211716
1755260140.9135077,7662597,1961624832,1961.624832,107,17,85,1,20250815_211716
1755260140.9234917,7662636,1961634816,1961.634816,111,16,85,1,20250815_211716
1755260140.9334755,7662675,1961644800,1961.6448,114,17,86,1,20250815_211716
1755260140.9434595,7662714,1961654784,1961.654784,117,16,86,1,20250815_211716
1755260140.9534435,7662753,1961664768,1961.664768,120,16,85,1,20250815_211716
1755260140.9634275,7662792,1961674752,1961.674752,123,16,87,1,20250815_211716
1755260140.9734116,7662831,1961684736,1961.684736,127,16,86,1,20250815_211716
1755260140.9833956,7662870,1961694720,1961.69472,130,16,87,1,20250815_211716
1755260140.9933796,7662909,1961704704,1961.704704,133,16,88,1,20250815_211716
1755260141.0033636,7662948,1961714688,1961.714688,136,16,89,1,20250815_211716
1755260141.0133476,7662987,1961724672,1961.724672,139,17,90,1,20250815_211716
1755260141.0233316,7663026,1961734656,1961.734656,142,16,92,1,20250815_211716
1755260141.0333157,7663065,1961744640,1961.74464,146,17,93,1,20250815_211716
1755260141.0435555,7663105,1961754880,1961.75488,149,16,96,1,20250815_211716
1755260141.0535395,7663144,1961764864,1961.764864,152,16,100,1,20250815_211716
1755260141.0635235,7663183,1961774848,1961.774848,155,16,104,1,20250815_211716
1755260141.0735075,7663222,1961784832,1961.784832,158,17,112,1,20250815_211716
1755260141.0834916,7663261,1961794816,1961.794816,162,17,117,1,20250815_211716
1755260141.0934756,7663300,1961804800,1961.8048,165,17,123,1,20250815_211716
1755260141.1034596,7663339,1961814784,1961.814784,168,17,127,1,20250815_211716
1755260141.1134436,7663378,1961824768,1961.824768,171,18,133,1,20250815_211716
1755260141.1234276,7663417,1961834752,1961.834752,174,17,142,1,20250815_211716
1755260141.1334116,7663456,1961844736,1961.844736,177,17,144,1,20250815_211716
1755260141.1433957,7663495,1961854720,1961.85472,181,17,146,1,20250815_211716
1755260141.1533794,7663534,1961864704,1961.864704,184,18,145,1,20250815_211716
1755260141.1633637,7663573,1961874688,1961.874688,187,17,146,1,20250815_211716
1755260141.1733477,7663612,1961884672,1961.884672,190,18,148,1,20250815_211716
1755260141.1833315,7663651,1961894656,1961.894656,193,18,149,1,20250815_211716
1755260141.1935716,7663691,1961904896,1961.904896,197,18,149,1,20250815_211716
1755260141.2035556,7663730,1961914880,1961.91488,200,18,150,1,20250815_211716
1755260141.2135396,7663769,1961924864,1961.924864,203,18,150,1,20250815_211716
1755260141.2235236,7663808,1961934848,1961.934848,206,18,150,1,20250815_211716
1755260141.2335076,7663847,1961944832,1961.944832,209,18,149,1,20250815_211716
1755260141.2434916,7663886,1961954816,1961.954816,213,18,148,1,20250815_211716
1755260141.2534754,7663925,1961964800,1961.9648,216,18,150,1,20250815_211716
1755260141.2634594,7663964,1961974784,1961.974784,219,17,152,1,20250815_211716
1755260141.2734437,7664003,1961984768,1961.984768,222,18,153,1,20250815_211716
1755260141.2834277,7664042,1961994752,1961.994752,225,18,153,1,20250815_211716
1755260141.2934115,7664081,1962004736,1962.004736,228,18,153,1,20250815_211716
1755260141.3033955,7664120,1962014720,1962.01472,232,17,153,1,20250815_211716
1755260141.3133795,7664159,1962024704,1962.024704,235,18,153,1,20250815_211716
1755260141.3233635,7664198,1962034688,1962.034688,238,18,154,1,20250815_211716
1755260141.3336036,7664238,1962044928,1962.044928,241,18,153,1,20250815_211716
1755260141.3435876,7664277,1962054912,1962.054912,244,17,153,1,20250815_211716
1755260141.3535717,7664316,1962064896,1962.064896,248,18,155,1,20250815_211716
1755260141.3635554,7664355,1962074880,1962.07488,251,18,153,1,20250815_211716
1755260141.3735394,7664394,1962084864,1962.084864,254,18,153,1,20250815_211716
1755260141.3835237,7664433,1962094848,1962.094848,2,18,152,1,20250815_211716
1755260141.3935077,7664472,1962104832,1962.104832,5,19,152,1,20250815_211716
1755260141.4034915,7664511,1962114816,1962.114816,9,17,151,1,20250815_211716
1755260141.4134755,7664550,1962124800,1962.1248,12,18,151,1,20250815_211716
1755260141.4234595,7664589,1962134784,1962.134784,15,18,150,1,20250815_211716
1755260141.4334435,7664628,1962144768,1962.144768,18,18,148,1,20250815_211716
1755260141.4434276,7664667,1962154752,1962.154752,21,16,146,1,20250815_211716
1755260141.4534116,7664706,1962164736,1962.164736,24,18,144,1,20250815_211716
1755260141.4633956,7664745,1962174720,1962.17472,28,18,142,1,20250815_211716
1755260141.4736354,7664785,1962184960,1962.18496,31,18,139,1,20250815_211716
1755260141.4836197,7664824,1962194944,1962.194944,34,18,134,1,20250815_211716
1755260141.4936037,7664863,1962204928,1962.204928,37,19,131,1,20250815_211716
1755260141.5035875,7664902,1962214912,1962.214912,40,18,127,1,20250815_211716
1755260141.5135715,7664941,1962224896,1962.224896,44,18,113,1,20250815_211716
1755260141.5235555,7664980,1962234880,1962.23488,47,20,108,1,20250815_211716
1755260141.5335395,7665019,1962244864,1962.244864,50,18,98,1,20250815_211716
1755260141.5435236,7665058,1962254848,1962.254848,53,18,94,1,20250815_211716
1755260141.5535076,7665097,1962264832,1962.264832,56,19,89,1,20250815_211716
1755260141.5634916,7665136,1962274816,1962.274816,60,19,87,1,20250815_211716
1755260141.5734756,7665175,1962284800,1962.2848,63,19,85,1,20250815_211716
1755260141.5834596,7665214,1962294784,1962.294784,66,18,86,1,20250815_211716
1755260141.5934436,7665253,1962304768,1962.304768,69,19,86,1,20250815_211716
1755260141.6034276,7665292,1962314752,1962.314752,72,19,85,1,20250815_211716
1755260141.6134117,7665331,1962324736,1962.324736,75,19,85,1,20250815_211716
1755260141.6236515,7665371,1962334976,1962.334976,79,18,87,1,20250815_211716
1755260141.6336355,7665410,1962344960,1962.34496,82,19,88,1,20250815_211716
1755260141.6436195,7665449,1962354944,1962.354944,85,19,87,1,20250815_211716
1755260141.6536036,7665488,1962364928,1962.364928,88,19,87,1,20250815_211716
1755260141.6635876,7665527,1962374912,1962.374912,91,18,87,1,20250815_211716
1755260141.6735716,7665566,1962384896,1962.384896,95,20,86,1,20250815_211716
1755260141.6835556,7665605,1962394880,1962.39488,98,18,86,1,20250815_211716
1755260141.6935396,7665644,1962404864,1962.404864,101,19,86,1,20250815_211716
1755260141.7035236,7665683,1962414848,1962.414848,104,18,86,1,20250815_211716
1755260141.7135077,7665722,1962424832,1962.424832,107,18,87,1,20250815_211716
1755260141.7234914,7665761,1962434816,1962.434816,110,18,88,1,20250815_211716
1755260141.7334754,7665800,1962444800,1962.4448,114,18,87,1,20250815_211716
1755260141.7434597,7665839,1962454784,1962.454784,117,18,88,1,20250815_211716
1755260141.7534437,7665878,1962464768,1962.464768,120,18,88,1,20250815_211716
1755260141.7636836,7665918,1962475008,1962.475008,123,18,89,1,20250815_211716
1755260141.7736676,7665957,1962484992,1962.484992,126,18,88,1,20250815_211716
1755260141.7836516,7665996,1962494976,1962.494976,130,17,90,1,20250815_211716
1755260141.7936356,7666035,1962504960,1962.50496,133,18,89,1,20250815_211716
1755260141.8036196,7666074,1962514944,1962.514944,136,17,91,1,20250815_211716
1755260141.8136036,7666113,1962524928,1962.524928,139,18,92,1,20250815_211716
1755260141.8235877,7666152,1962534912,1962.534912,142,18,93,1,20250815_211716
1755260141.8335714,7666191,1962544896,1962.544896,146,18,94,1,20250815_211716
1755260141.8435557,7666230,1962554880,1962.55488,149,18,96,1,20250815_211716
1755260141.8535397,7666269,1962564864,1962.564864,152,18,100,1,20250815_211716
1755260141.8635235,7666308,1962574848,1962.574848,155,17,104,1,20250815_211716
1755260141.8735075,7666347,1962584832,1962.584832,158,19,111,1,20250815_211716
1755260141.8834915,7666386,1962594816,1962.594816,161,18,116,1,20250815_211716
1755260141.8934755,7666425,1962604800,1962.6048,165,19,122,1,20250815_211716
1755260141.9034595,7666464,1962614784,1962.614784,168,18,126,1,20250815_211716
1755260141.9136996,7666504,1962625024,1962.625024,171,19,130,1,20250815_211716
1755260141.9236836,7666543,1962635008,1962.635008,174,18,134,1,20250815_211716
1755260141.9336677,7666582,1962644992,1962.644992,177,19,142,1,20250815_211716
1755260141.9436514,7666621,1962654976,1962.654976,181,18,144,1,20250815_211716
1755260141.9536357,7666660,1962664960,1962.66496,184,19,144,1,20250815_211716
1755260141.9636197,7666699,1962674944,1962.674944,187,19,145,1,20250815_211716
1755260141.9736035,7666738,1962684928,1962.684928,190,20,146,1,20250815_211716
1755260141.9835875,7666777,1962694912,1962.694912,193,19,147,1,20250815_211716
1755260141.9935715,7666816,1962704896,1962.704896,197,20,149,1,20250815_211716
1755260142.0035555,7666855,1962714880,1962.71488,200,19,149,1,20250815_211716
1755260142.0135396,7666894,1962724864,1962.724864,203,20,150,1,20250815_211716
1755260142.0235236,7666933,1962734848,1962.734848,206,19,149,1,20250815_211716
1755260142.0335076,7666972,1962744832,1962.744832,209,19,150,1,20250815_211716
1755260142.0434916,7667011,1962754816,1962.754816,212,19,150,1,20250815_211716
1755260142.0537314,7667051,1962765056,1962.765056,216,20,151,1,20250815_211716
1755260142.0637157,7667090,1962775040,1962.77504,219,19,151,1,20250815_211716
1755260142.0736997,7667129,1962785024,1962.785024,222,20,152,1,20250815_211716
1755260142.0836835,7667168,1962795008,1962.795008,225,19,152,1,20250815_211716
1755260142.0936675,7667207,1962804992,1962.804992,228,20,152,1,20250815_211716
1755260142.1036515,7667246,1962814976,1962.814976,232,20,152,1,20250815_211716
1755260142.1136355,7667285,1962824960,1962.82496,235,20,152,1,20250815_211716
1755260142.1236196,7667324,1962834944,1962.834944,238,20,152,1,20250815_211716
1755260142.1336036,7667363,1962844928,1962.844928,241,20,151,1,20250815_211716
1755260142.1435876,7667402,1962854912,1962.854912,244,20,151,1,20250815_211716
1755260142.1535716,7667441,1962864896,1962.864896,248,21,150,1,20250815_211716
1755260142.1638114,7667481,1962875136,1962.875136,251,20,151,1,20250815_211716
1755260142.1737957,7667520,1962885120,1962.88512,254,21,151,1,20250815_211716
1755260142.1837797,7667559,1962895104,1962.895104,2,20,151,1,20250815_211716
1755260142.1937635,7667598,1962905088,1962.905088,5,20,151,1,20250815_211716
1755260142.2037475,7667637,1962915072,1962.915072,8,20,151,1,20250815_211716
1755260142.2137315,7667676,1962925056,1962.925056,12,20,151,1,20250815_211716
1755260142.2237155,7667715,1962935040,1962.93504,15,20,149,1,20250815_211716
1755260142.2339556,7667755,1962945280,1962.94528,18,20,149,1,20250815_211716
1755260142.2439396,7667794,1962955264,1962.955264,21,20,148,1,20250815_211716
1755260142.2539237,7667833,1962965248,1962.965248,24,20,147,1,20250815_211716
1755260142.2639074,7667872,1962975232,1962.975232,28,20,145,1,20250815_211716
1755260142.2738914,7667911,1962985216,1962.985216,31,20,143,1,20250815_211716
1755260142.2838757,7667950,1962995200,1962.9952,34,21,141,1,20250815_211716
1755260142.2938595,7667989,1963005184,1963.005184,37,20,137,1,20250815_211716
1755260142.3038435,7668028,1963015168,1963.015168,40,19,135,1,20250815_211716
1755260142.3138275,7668067,1963025152,1963.025152,44,20,131,1,20250815_211716
1755260142.3238115,7668106,1963035136,1963.035136,47,20,125,1,20250815_211716
1755260142.3340516,7668146,1963045376,1963.045376,50,20,112,1,20250815_211716
1755260142.3440356,7668185,1963055360,1963.05536,53,20,105,1,20250815_211716
1755260142.3540196,7668224,1963065344,1963.065344,56,20,98,1,20250815_211716
1755260142.3640037,7668263,1963075328,1963.075328,60,20,93,1,20250815_211716
1755260142.3739874,7668302,1963085312,1963.085312,63,20,89,1,20250815_211716
1755260142.3839717,7668341,1963095296,1963.095296,66,19,86,1,20250815_211716
1755260142.3939557,7668380,1963105280,1963.10528,69,21,88,1,20250815_211716
1755260142.4039395,7668419,1963115264,1963.115264,72,20,86,1,20250815_211716
1755260142.4139235,7668458,1963125248,1963.125248,75,21,85,1,20250815_211716
1755260142.4239075,7668497,1963135232,1963.135232,79,20,85,1,20250815_211716
1755260142.4338915,7668536,1963145216,1963.145216,82,21,86,1,20250815_211716
1755260142.4438756,7668575,1963155200,1963.1552,85,20,88,1,20250815_211716
1755260142.4538596,7668614,1963165184,1963.165184,88,20,87,1,20250815_211716
1755260142.4638436,7668653,1963175168,1963.175168,91,20,86,1,20250815_211716
1755260142.4740837,7668693,1963185408,1963.185408,95,21,88,1,20250815_211716
1755260142.4840674,7668732,1963195392,1963.195392,98,19,85,1,20250815_211716
1755260142.4940517,7668771,1963205376,1963.205376,101,20,86,1,20250815_211716
1755260142.5040357,7668810,1963215360,1963.21536,104,20,87,1,20250815_211716
1755260142.5140195,7668849,1963225344,1963.225344,107,20,88,1,20250815_211716
1755260142.5240035,7668888,1963235328,1963.235328,110,20,88,1,20250815_211716
1755260142.5339875,7668927,1963245312,1963.245312,114,20,87,1,20250815_211716
1755260142.5439715,7668966,1963255296,1963.255296,117,19,87,1,20250815_211716
1755260142.5539556,7669005,1963265280,1963.26528,120,19,88,1,20250815_211716
1755260142.5639396,7669044,1963275264,1963.275264,123,20,89,1,20250815_211716
1755260142.5739236,7669083,1963285248,1963.285248,126,19,89,1,20250815_211716
1755260142.5839076,7669122,1963295232,1963.295232,130,19,90,1,20250815_211716
1755260142.5938916,7669161,1963305216,1963.305216,133,19,90,1,20250815_211716
1755260142.6038756,7669200,1963315200,1963.3152,136,19,91,1,20250815_211716
1755260142.6138597,7669239,1963325184,1963.325184,139,19,92,1,20250815_211716
1755260142.6240995,7669279,1963335424,1963.335424,142,19,93,1,20250815_211716
1755260142.6340835,7669318,1963345408,1963.345408,146,19,96,1,20250815_211716
1755260142.6440675,7669357,1963355392,1963.355392,149,19,97,1,20250815_211716
1755260142.6540515,7669396,1963365376,1963.365376,152,20,102,1,20250815_211716
1755260142.6640356,7669435,1963375360,1963.37536,155,20,107,1,20250815_211716
1755260142.6740196,7669474,1963385344,1963.385344,158,20,113,1,20250815_211716
1755260142.6840036,7669513,1963395328,1963.395328,161,19,118,1,20250815_211716
1755260142.6939876,7669552,1963405312,1963.405312,165,20,124,1,20250815_211716
1755260142.7039716,7669591,1963415296,1963.415296,168,20,127,1,20250815_211716
1755260142.7139556,7669630,1963425280,1963.42528,171,20,132,1,20250815_211716
1755260142.7239397,7669669,1963435264,1963.435264,174,20,136,1,20250815_211716
1755260142.7339234,7669708,1963445248,1963.445248,177,20,143,1,20250815_211716
1755260142.7439077,7669747,1963455232,1963.455232,181,20,144,1,20250815_211716
1755260142.7538917,7669786,1963465216,1963.465216,184,20,145,1,20250815_211716
1755260142.7641315,7669826,1963475456,1963.475456,187,20,145,1,20250815_211716
1755260142.7741156,7669865,1963485440,1963.48544,190,20,146,1,20250815_211716
1755260142.7840996,7669904,1963495424,1963.495424,193,20,148,1,20250815_211716
1755260142.7940836,7669943,1963505408,1963.505408,197,20,149,1,20250815_211716
1755260142.8040676,7669982,1963515392,1963.515392,200,20,148,1,20250815_211716
1755260142.8140516,7670021,1963525376,1963.525376,203,20,150,1,20250815_211716
1755260142.8240356,7670060,1963535360,1963.53536,206,20,150,1,20250815_211716
1755260142.8340197,7670099,1963545344,1963.545344,209,21,151,1,20250815_211716
1755260142.8440034,7670138,1963555328,1963.555328,212,20,151,1,20250815_211716
1755260142.8539877,7670177,1963565312,1963.565312,216,20,151,1,20250815_211716
1755260142.8639717,7670216,1963575296,1963.575296,219,20,151,1,20250815_211716
1755260142.8739555,7670255,1963585280,1963.58528,222,21,151,1,20250815_211716
1755260142.8839395,7670294,1963595264,1963.595264,225,21,152,1,20250815_211716
1755260142.8941796,7670334,1963605504,1963.605504,228,20,152,1,20250815_211716
1755260142.9041636,7670373,1963615488,1963.615488,232,21,152,1,20250815_211716
1755260142.9141476,7670412,1963625472,1963.625472,235,21,152,1,20250815_211716
1755260142.9241316,7670451,1963635456,1963.635456,238,21,152,1,20250815_211716
1755260142.9341156,7670490,1963645440,1963.64544,241,21,151,1,20250815_211716
1755260142.9440997,7670529,1963655424,1963.655424,244,20,150,1,20250815_211716
1755260142.9540834,7670568,1963665408,1963.665408,248,21,151,1,20250815_211716
1755260142.9640677,7670607,1963675392,1963.675392,251,21,152,1,20250815_211716
1755260142.9743075,7670647,1963685632,1963.685632,254,21,151,1,20250815_211716
1755260142.9842916,7670686,1963695616,1963.695616,2,21,151,1,20250815_211716
1755260142.9942756,7670725,1963705600,1963.7056,5,21,150,1,20250815_211716
1755260143.0042596,7670764,1963715584,1963.715584,9,21,151,1,20250815_211716
1755260143.0142436,7670803,1963725568,1963.725568,12,21,150,1,20250815_211716
1755260143.0242276,7670842,1963735552,1963.735552,15,21,149,1,20250815_211716
1755260143.0344677,7670882,1963745792,1963.745792,18,21,148,1,20250815_211716
1755260143.0444517,7670921,1963755776,1963.755776,21,21,148,1,20250815_211716
1755260143.0544355,7670960,1963765760,1963.76576,24,21,146,1,20250815_211716
1755260143.0644195,7670999,1963775744,1963.775744,28,21,144,1,20250815_211716
1755260143.0744035,7671038,1963785728,1963.785728,31,21,141,1,20250815_211716
1755260143.0843875,7671077,1963795712,1963.795712,34,20,138,1,20250815_211716
1755260143.0943716,7671116,1963805696,1963.805696,37,21,134,1,20250815_211716
1755260143.1046116,7671156,1963815936,1963.815936,40,20,132,1,20250815_211716
1755260143.1145957,7671195,1963825920,1963.82592,44,21,127,1,20250815_211716
1755260143.1245794,7671234,1963835904,1963.835904,47,20,119,1,20250815_211716
1755260143.1345634,7671273,1963845888,1963.845888,50,20,109,1,20250815_211716
1755260143.1445477,7671312,1963855872,1963.855872,53,20,101,1,20250815_211716
1755260143.1545317,7671351,1963865856,1963.865856,56,21,97,1,20250815_211716
1755260143.1645155,7671390,1963875840,1963.87584,60,20,93,1,20250815_211716
1755260143.1747556,7671430,1963886080,1963.88608,63,20,90,1,20250815_211716
1755260143.1847396,7671469,1963896064,1963.896064,66,20,86,1,20250815_211716
1755260143.1947236,7671508,1963906048,1963.906048,69,21,89,1,20250815_211716
1755260143.2047076,7671547,1963916032,1963.916032,72,20,86,1,20250815_211716
1755260143.2146916,7671586,1963926016,1963.926016,76,20,85,1,20250815_211716
1755260143.2246757,7671625,1963936000,1963.936,79,20,84,1,20250815_211716
1755260143.2346594,7671664,1963945984,1963.945984,82,20,86,1,20250815_211716
1755260143.2446434,7671703,1963955968,1963.955968,85,20,88,1,20250815_211716
1755260143.2546277,7671742,1963965952,1963.965952,88,20,87,1,20250815_211716
1755260143.2646115,7671781,1963975936,1963.975936,91,19,86,1,20250815_211716
1755260143.2745955,7671820,1963985920,1963.98592,95,20,87,1,20250815_211716
1755260143.2845795,7671859,1963995904,1963.995904,98,19,87,1,20250815_211716
1755260143.2948196,7671899,1964006144,1964.006144,101,20,85,1,20250815_211716
1755260143.3048036,7671938,1964016128,1964.016128,104,19,86,1,20250815_211716
1755260143.3147876,7671977,1964026112,1964.026112,107,21,88,1,20250815_211716
1755260143.3247716,7672016,1964036096,1964.036096,111,20,88,1,20250815_211716
1755260143.3347557,7672055,1964046080,1964.04608,114,19,87,1,20250815_211716
1755260143.3447394,7672094,1964056064,1964.056064,117,18,88,1,20250815_211716
1755260143.3547237,7672133,1964066048,1964.066048,120,19,88,1,20250815_211716
1755260143.3647077,7672172,1964076032,1964.076032,123,18,89,1,20250815_211716
1755260143.3746915,7672211,1964086016,1964.086016,127,19,90,1,20250815_211716
1755260143.3846755,7672250,1964096000,1964.096,130,19,90,1,20250815_211716
1755260143.3946595,7672289,1964105984,1964.105984,133,19,91,1,20250815_211716
1755260143.4046435,7672328,1964115968,1964.115968,136,18,92,1,20250815_211716
1755260143.4146276,7672367,1964125952,1964.125952,139,19,92,1,20250815_211716
1755260143.4246116,7672406,1964135936,1964.135936,142,19,94,1,20250815_211716
1755260143.4348516,7672446,1964146176,1964.146176,146,19,96,1,20250815_211716
1755260143.4448357,7672485,1964156160,1964.15616,149,19,99,1,20250815_211716
1755260143.4548194,7672524,1964166144,1964.166144,152,20,104,1,20250815_211716
1755260143.4648037,7672563,1964176128,1964.176128,155,19,110,1,20250815_211716
1755260143.4747877,7672602,1964186112,1964.186112,158,20,116,1,20250815_211716
1755260143.4847715,7672641,1964196096,1964.196096,162,19,120,1,20250815_211716
1755260143.4947555,7672680,1964206080,1964.20608,165,20,126,1,20250815_211716
1755260143.5047395,7672719,1964216064,1964.216064,168,20,127,1,20250815_211716
1755260143.5147235,7672758,1964226048,1964.226048,171,20,132,1,20250815_211716
1755260143.5247076,7672797,1964236032,1964.236032,174,20,137,1,20250815_211716
1755260143.5346916,7672836,1964246016,1964.246016,178,20,143,1,20250815_211716
1755260143.5446756,7672875,1964256000,1964.256,181,21,146,1,20250815_211716
1755260143.5546596,7672914,1964265984,1964.265984,184,20,144,1,20250815_211716
1755260143.5646436,7672953,1964275968,1964.275968,187,20,145,1,20250815_211716
1755260143.5748837,7672993,1964286208,1964.286208,190,20,147,1,20250815_211716
1755260143.5848677,7673032,1964296192,1964.296192,193,20,147,1,20250815_211716
1755260143.5948515,7673071,1964306176,1964.306176,197,21,149,1,20250815_211716
1755260143.6048355,7673110,1964316160,1964.31616,200,20,148,1,20250815_211716
1755260143.6148195,7673149,1964326144,1964.326144,203,21,150,1,20250815_211716
1755260143.6248035,7673188,1964336128,1964.336128,206,21,150,1,20250815_211716
1755260143.6347876,7673227,1964346112,1964.346112,209,21,150,1,20250815_211716
1755260143.6447716,7673266,1964356096,1964.356096,213,21,151,1,20250815_211716
1755260143.6547556,7673305,1964366080,1964.36608,216,21,150,1,20250815_211716
1755260143.6647396,7673344,1964376064,1964.376064,219,21,150,1,20250815_211716
1755260143.6747236,7673383,1964386048,1964.386048,222,21,152,1,20250815_211716
1755260143.6847076,7673422,1964396032,1964.396032,225,21,152,1,20250815_211716
1755260143.6946917,7673461,1964406016,1964.406016,228,21,152,1,20250815_211716
1755260143.7046754,7673500,1964416000,1964.416,232,21,152,1,20250815_211716
1755260143.7146597,7673539,1964425984,1964.425984,235,22,152,1,20250815_211716
1755260143.7248995,7673579,1964436224,1964.436224,238,21,152,1,20250815_211716
1755260143.7348835,7673618,1964446208,1964.446208,241,22,152,1,20250815_211716
1755260143.7448676,7673657,1964456192,1964.456192,244,22,151,1,20250815_211716
1755260143.7548516,7673696,1964466176,1964.466176,248,22,151,1,20250815_211716
1755260143.7648356,7673735,1964476160,1964.47616,251,22,151,1,20250815_211716
1755260143.7748196,7673774,1964486144,1964.486144,254,22,151,1,20250815_211716
1755260143.7848036,7673813,1964496128,1964.496128,2,22,150,1,20250815_211716
1755260143.7947876,7673852,1964506112,1964.506112,5,22,151,1,20250815_211716
1755260143.8047717,7673891,1964516096,1964.516096,9,22,150,1,20250815_211716
1755260143.8147554,7673930,1964526080,1964.52608,12,23,150,1,20250815_211716
1755260143.8247397,7673969,1964536064,1964.536064,15,22,148,1,20250815_211716
1755260143.8347237,7674008,1964546048,1964.546048,18,22,147,1,20250815_211716
1755260143.8447075,7674047,1964556032,1964.556032,21,23,146,1,20250815_211716
1755260143.8546915,7674086,1964566016,1964.566016,24,23,144,1,20250815_211716
1755260143.8649316,7674126,1964576256,1964.576256,28,23,142,1,20250815_211716
1755260143.8749156,7674165,1964586240,1964.58624,31,23,138,1,20250815_211716
1755260143.8848996,7674204,1964596224,1964.596224,34,23,136,1,20250815_211716
1755260143.8948836,7674243,1964606208,1964.606208,37,23,133,1,20250815_211716
1755260143.9048676,7674282,1964616192,1964.616192,40,23,130,1,20250815_211716
1755260143.9148517,7674321,1964626176,1964.626176,44,24,121,1,20250815_211716
1755260143.9248354,7674360,1964636160,1964.63616,47,23,113,1,20250815_211716
1755260143.9348197,7674399,1964646144,1964.646144,50,23,103,1,20250815_211716
1755260143.9448037,7674438,1964656128,1964.656128,53,23,97,1,20250815_211716
1755260143.9547875,7674477,1964666112,1964.666112,56,24,92,1,20250815_211716
1755260143.9647715,7674516,1964676096,1964.676096,60,23,89,1,20250815_211716
1755260143.9747555,7674555,1964686080,1964.68608,63,23,87,1,20250815_211716
1755260143.9847395,7674594,1964696064,1964.696064,66,23,85,1,20250815_211716
1755260143.9947236,7674633,1964706048,1964.706048,69,24,86,1,20250815_211716
1755260144.0047076,7674672,1964716032,1964.716032,72,24,85,1,20250815_211716
1755260144.0149477,7674712,1964726272,1964.726272,75,24,85,1,20250815_211716
1755260144.0249314,7674751,1964736256,1964.736256,79,24,86,1,20250815_211716
1755260144.0349154,7674790,1964746240,1964.74624,82,24,87,1,20250815_211716
1755260144.0448997,7674829,1964756224,1964.756224,85,23,88,1,20250815_211716
1755260144.0548837,7674868,1964766208,1964.766208,88,24,87,1,20250815_211716
1755260144.0648675,7674907,1964776192,1964.776192,91,24,86,1,20250815_211716
1755260144.0748515,7674946,1964786176,1964.786176,95,23,88,1,20250815_211716
1755260144.0848355,7674985,1964796160,1964.79616,98,23,87,1,20250815_211716
1755260144.0948195,7675024,1964806144,1964.806144,101,23,86,1,20250815_211716
1755260144.1048036,7675063,1964816128,1964.816128,104,23,86,1,20250815_211716
1755260144.1147876,7675102,1964826112,1964.826112,107,23,87,1,20250815_211716
1755260144.1247716,7675141,1964836096,1964.836096,111,22,88,1,20250815_211716
1755260144.1347556,7675180,1964846080,1964.84608,114,22,88,1,20250815_211716
1755260144.1447396,7675219,1964856064,1964.856064,117,22,88,1,20250815_211716
1755260144.1549797,7675259,1964866304,1964.866304,120,22,89,1,20250815_211716
1755260144.1649635,7675298,1964876288,1964.876288,123,22,88,1,20250815_211716
1755260144.1749475,7675337,1964886272,1964.886272,126,22,90,1,20250815_211716
1755260144.1849315,7675376,1964896256,1964.896256,130,22,89,1,20250815_211716
1755260144.1949155,7675415,1964906240,1964.90624,133,22,91,1,20250815_211716
1755260144.2048995,7675454,1964916224,1964.916224,136,22,91,1,20250815_211716
1755260144.2148836,7675493,1964926208,1964.926208,139,22,92,1,20250815_211716
1755260144.2248676,7675532,1964936192,1964.936192,142,22,94,1,20250815_211716
1755260144.2348516,7675571,1964946176,1964.946176,146,23,96,1,20250815_211716
1755260144.2448356,7675610,1964956160,1964.95616,149,22,98,1,20250815_211716
1755260144.2548196,7675649,1964966144,1964.966144,152,22,101,1,20250815_211716
1755260144.2648036,7675688,1964976128,1964.976128,155,22,107,1,20250815_211716
1755260144.2747877,7675727,1964986112,1964.986112,158,23,114,1,20250815_211716
1755260144.2847714,7675766,1964996096,1964.996096,161,23,119,1,20250815_211716
1755260144.2947557,7675805,1965006080,1965.00608,165,23,124,1,20250815_211716
1755260144.3049955,7675845,1965016320,1965.01632,168,23,127,1,20250815_211716
1755260144.3149796,7675884,1965026304,1965.026304,171,23,131,1,20250815_211716
1755260144.3249636,7675923,1965036288,1965.036288,174,23,137,1,20250815_211716
1755260144.3349476,7675962,1965046272,1965.046272,177,24,142,1,20250815_211716
1755260144.3449316,7676001,1965056256,1965.056256,181,24,145,1,20250815_211716
1755260144.3549156,7676040,1965066240,1965.06624,184,24,144,1,20250815_211716
1755260144.3648996,7676079,1965076224,1965.076224,187,23,145,1,20250815_211716
1755260144.3748837,7676118,1965086208,1965.086208,190,24,146,1,20250815_211716
1755260144.3848674,7676157,1965096192,1965.096192,193,24,148,1,20250815_211716
1755260144.3948514,7676196,1965106176,1965.106176,197,24,149,1,20250815_211716
1755260144.4048357,7676235,1965116160,1965.11616,200,24,149,1,20250815_211716
1755260144.4148197,7676274,1965126144,1965.126144,203,24,150,1,20250815_211716
1755260144.4248035,7676313,1965136128,1965.136128,206,25,151,1,20250815_211716
1755260144.4347875,7676352,1965146112,1965.146112,209,25,150,1,20250815_211716
1755260144.4450276,7676392,1965156352,1965.156352,212,25,150,1,20250815_211716
1755260144.4550116,7676431,1965166336,1965.166336,216,25,151,1,20250815_211716
1755260144.4649956,7676470,1965176320,1965.17632,219,25,151,1,20250815_211716
1755260144.4749796,7676509,1965186304,1965.186304,222,25,151,1,20250815_211716
1755260144.4849637,7676548,1965196288,1965.196288,225,25,152,1,20250815_211716
1755260144.4949474,7676587,1965206272,1965.206272,228,25,152,1,20250815_211716
1755260144.5049314,7676626,1965216256,1965.216256,232,25,152,1,20250815_211716
1755260144.5149157,7676665,1965226240,1965.22624,235,25,153,1,20250815_211716
1755260144.5248995,7676704,1965236224,1965.236224,238,26,153,1,20250815_211716
1755260144.5348835,7676743,1965246208,1965.246208,241,26,152,1,20250815_211716
1755260144.5448675,7676782,1965256192,1965.256192,244,26,153,1,20250815_211716
1755260144.5548515,7676821,1965266176,1965.266176,248,26,153,1,20250815_211716
1755260144.5648355,7676860,1965276160,1965.27616,251,26,152,1,20250815_211716
1755260144.5748196,7676899,1965286144,1965.286144,254,26,153,1,20250815_211716
1755260144.5848036,7676938,1965296128,1965.296128,2,26,153,1,20250815_211716
1755260144.5950437,7676978,1965306368,1965.306368,5,26,152,1,20250815_211716
1755260144.6050274,7677017,1965316352,1965.316352,8,27,152,1,20250815_211716
1755260144.6150117,7677056,1965326336,1965.326336,12,27,151,1,20250815_211716
1755260144.6249957,7677095,1965336320,1965.33632,15,26,149,1,20250815_211716
1755260144.6349795,7677134,1965346304,1965.346304,18,27,149,1,20250815_211716
1755260144.6449635,7677173,1965356288,1965.356288,21,27,147,1,20250815_211716
1755260144.6549475,7677212,1965366272,1965.366272,24,27,146,1,20250815_211716
1755260144.6649315,7677251,1965376256,1965.376256,28,27,144,1,20250815_211716
1755260144.6749156,7677290,1965386240,1965.38624,31,27,141,1,20250815_211716
1755260144.6848996,7677329,1965396224,1965.396224,34,27,138,1,20250815_211716
1755260144.6948836,7677368,1965406208,1965.406208,37,27,136,1,20250815_211716
1755260144.7048676,7677407,1965416192,1965.416192,40,27,131,1,20250815_211716
1755260144.7148516,7677446,1965426176,1965.426176,44,27,127,1,20250815_211716
1755260144.7248356,7677485,1965436160,1965.43616,47,27,119,1,20250815_211716
1755260144.7350757,7677525,1965446400,1965.4464,50,27,109,1,20250815_211716
1755260144.7450595,7677564,1965456384,1965.456384,53,28,102,1,20250815_211716
1755260144.7550435,7677603,1965466368,1965.466368,56,27,95,1,20250815_211716
1755260144.7650275,7677642,1965476352,1965.476352,59,27,91,1,20250815_211716
1755260144.7750115,7677681,1965486336,1965.486336,63,27,89,1,20250815_211716
1755260144.7849956,7677720,1965496320,1965.49632,66,27,87,1,20250815_211716
1755260144.7949796,7677759,1965506304,1965.506304,69,28,89,1,20250815_211716
1755260144.8049636,7677798,1965516288,1965.516288,72,27,86,1,20250815_211716
1755260144.8149476,7677837,1965526272,1965.526272,75,28,86,1,20250815_211716
1755260144.8249316,7677876,1965536256,1965.536256,79,28,85,1,20250815_211716
1755260144.8349156,7677915,1965546240,1965.54624,82,27,85,1,20250815_211716
1755260144.8448997,7677954,1965556224,1965.556224,85,27,88,1,20250815_211716
1755260144.8548834,7677993,1965566208,1965.566208,88,27,87,1,20250815_211716
1755260144.8648674,7678032,1965576192,1965.576192,91,27,86,1,20250815_211716
1755260144.8748517,7678071,1965586176,1965.586176,94,27,89,1,20250815_211716
1755260144.8850915,7678111,1965596416,1965.596416,98,28,88,1,20250815_211716
1755260144.8950756,7678150,1965606400,1965.6064,101,27,86,1,20250815_211716
1755260144.9050596,7678189,1965616384,1965.616384,104,27,86,1,20250815_211716
1755260144.9150436,7678228,1965626368,1965.626368,107,26,87,1,20250815_211716
1755260144.9250276,7678267,1965636352,1965.636352,110,26,86,1,20250815_211716
1755260144.9350116,7678306,1965646336,1965.646336,114,27,88,1,20250815_211716
1755260144.9449956,7678345,1965656320,1965.65632,117,27,88,1,20250815_211716
1755260144.9549797,7678384,1965666304,1965.666304,120,26,88,1,20250815_211716
1755260144.9649634,7678423,1965676288,1965.676288,123,26,88,1,20250815_211716
1755260144.9749477,7678462,1965686272,1965.686272,126,26,89,1,20250815_211716
1755260144.9849317,7678501,1965696256,1965.696256,130,26,89,1,20250815_211716
1755260144.9949155,7678540,1965706240,1965.70624,133,26,90,1,20250815_211716
1755260145.0048995,7678579,1965716224,1965.716224,136,26,91,1,20250815_211716
1755260145.0148835,7678618,1965726208,1965.726208,139,26,92,1,20250815_211716
1755260145.0248675,7678657,1965736192,1965.736192,142,26,93,1,20250815_211716
1755260145.0351076,7678697,1965746432,1965.746432,145,26,95,1,20250815_211716
1755260145.0450916,7678736,1965756416,1965.756416,149,27,97,1,20250815_211716
1755260145.0550756,7678775,1965766400,1965.7664,152,27,100,1,20250815_211716
1755260145.0650597,7678814,1965776384,1965.776384,155,27,106,1,20250815_211716
1755260145.0750434,7678853,1965786368,1965.786368,158,27,114,1,20250815_211716
1755260145.0850277,7678892,1965796352,1965.796352,161,27,119,1,20250815_211716
1755260145.0950117,7678931,1965806336,1965.806336,165,28,123,1,20250815_211716
1755260145.1049955,7678970,1965816320,1965.81632,168,27,127,1,20250815_211716
1755260145.1149795,7679009,1965826304,1965.826304,171,28,131,1,20250815_211716
1755260145.1249635,7679048,1965836288,1965.836288,174,28,136,1,20250815_211716
1755260145.1349475,7679087,1965846272,1965.846272,177,28,143,1,20250815_211716
1755260145.1449316,7679126,1965856256,1965.856256,181,29,143,1,20250815_211716
1755260145.1549156,7679165,1965866240,1965.86624,184,28,145,1,20250815_211716
1755260145.1648996,7679204,1965876224,1965.876224,187,28,144,1,20250815_211716
1755260145.1751397,7679244,1965886464,1965.886464,190,28,146,1,20250815_211716
1755260145.1851234,7679283,1965896448,1965.896448,193,29,147,1,20250815_211716
1755260145.1951077,7679322,1965906432,1965.906432,196,29,149,1,20250815_211716
1755260145.2050917,7679361,1965916416,1965.916416,200,29,149,1,20250815_211716
1755260145.2150755,7679400,1965926400,1965.9264,203,29,149,1,20250815_211716
1755260145.2250595,7679439,1965936384,1965.936384,206,30,150,1,20250815_211716
1755260145.2350435,7679478,1965946368,1965.946368,209,30,152,1,20250815_211716
1755260145.2450275,7679517,1965956352,1965.956352,212,30,150,1,20250815_211716
1755260145.2550116,7679556,1965966336,1965.966336,216,30,150,1,20250815_211716
1755260145.2649956,7679595,1965976320,1965.97632,219,30,151,1,20250815_211716
1755260145.2749796,7679634,1965986304,1965.986304,222,30,151,1,20250815_211716
1755260145.2849636,7679673,1965996288,1965.996288,225,29,151,1,20250815_211716
1755260145.2949476,7679712,1966006272,1966.006272,228,30,153,1,20250815_211716
1755260145.3049316,7679751,1966016256,1966.016256,232,30,152,1,20250815_211716
1755260145.3149157,7679790,1966026240,1966.02624,235,30,151,1,20250815_211716
1755260145.3251555,7679830,1966036480,1966.03648,238,30,150,1,20250815_211716
1755260145.3351395,7679869,1966046464,1966.046464,241,31,152,1,20250815_211716
1755260145.3451235,7679908,1966056448,1966.056448,244,31,152,1,20250815_211716
1755260145.3551075,7679947,1966066432,1966.066432,247,31,152,1,20250815_211716
1755260145.3650916,7679986,1966076416,1966.076416,251,31,152,1,20250815_211716
1755260145.3750756,7680025,1966086400,1966.0864,254,31,153,1,20250815_211716
1755260145.3850596,7680064,1966096384,1966.096384,2,31,152,1,20250815_211716
1755260145.3950436,7680103,1966106368,1966.106368,5,31,152,1,20250815_211716
1755260145.4050276,7680142,1966116352,1966.116352,8,31,152,1,20250815_211716
1755260145.4150116,7680181,1966126336,1966.126336,12,31,150,1,20250815_211716
1755260145.4249957,7680220,1966136320,1966.13632,15,31,150,1,20250815_211716
1755260145.4349794,7680259,1966146304,1966.146304,18,31,148,1,20250815_211716
1755260145.4449637,7680298,1966156288,1966.156288,21,31,147,1,20250815_211716
1755260145.4549477,7680337,1966166272,1966.166272,24,31,145,1,20250815_211716
1755260145.4651875,7680377,1966176512,1966.176512,27,32,145,1,20250815_211716
1755260145.4751716,7680416,1966186496,1966.186496,31,31,141,1,20250815_211716
1755260145.4851556,7680455,1966196480,1966.19648,34,32,139,1,20250815_211716
1755260145.4951396,7680494,1966206464,1966.206464,37,31,136,1,20250815_211716
1755260145.5051236,7680533,1966216448,1966.216448,40,32,134,1,20250815_211716
1755260145.5151076,7680572,1966226432,1966.226432,43,32,128,1,20250815_211716
1755260145.5250916,7680611,1966236416,1966.236416,47,32,124,1,20250815_211716
1755260145.5350757,7680650,1966246400,1966.2464,50,31,114,1,20250815_211716
1755260145.5450594,7680689,1966256384,1966.256384,53,32,107,1,20250815_211716
1755260145.5550437,7680728,1966266368,1966.266368,56,32,100,1,20250815_211716
1755260145.5650277,7680767,1966276352,1966.276352,59,32,94,1,20250815_211716
1755260145.5750115,7680806,1966286336,1966.286336,63,31,91,1,20250815_211716
1755260145.5849955,7680845,1966296320,1966.29632,66,32,88,1,20250815_211716
1755260145.5949795,7680884,1966306304,1966.306304,69,32,90,1,20250815_211716
1755260145.6052196,7680924,1966316544,1966.316544,72,32,84,1,20250815_211716
1755260145.6152036,7680963,1966326528,1966.326528,75,32,85,1,20250815_211716
1755260145.6251876,7681002,1966336512,1966.336512,78,33,86,1,20250815_211716
1755260145.6351717,7681041,1966346496,1966.346496,82,32,85,1,20250815_211716
1755260145.6451554,7681080,1966356480,1966.35648,85,32,88,1,20250815_211716
1755260145.6551394,7681119,1966366464,1966.366464,88,32,87,1,20250815_211716
1755260145.6651237,7681158,1966376448,1966.376448,91,32,87,1,20250815_211716
1755260145.6751077,7681197,1966386432,1966.386432,94,32,88,1,20250815_211716
1755260145.6850915,7681236,1966396416,1966.396416,98,32,87,1,20250815_211716
1755260145.6950755,7681275,1966406400,1966.4064,101,31,86,1,20250815_211716
1755260145.7050595,7681314,1966416384,1966.416384,104,31,86,1,20250815_211716
1755260145.7150435,7681353,1966426368,1966.426368,107,31,86,1,20250815_211716
1755260145.7250276,7681392,1966436352,1966.436352,110,31,87,1,20250815_211716
1755260145.7350116,7681431,1966446336,1966.446336,114,31,88,1,20250815_211716
1755260145.7449956,7681470,1966456320,1966.45632,117,31,87,1,20250815_211716
1755260145.7552354,7681510,1966466560,1966.46656,120,31,87,1,20250815_211716
1755260145.7652194,7681549,1966476544,1966.476544,123,31,88,1,20250815_211716
1755260145.7752037,7681588,1966486528,1966.486528,126,31,88,1,20250815_211716
1755260145.7851875,7681627,1966496512,1966.496512,129,31,88,1,20250815_211716
1755260145.7951715,7681666,1966506496,1966.506496,133,31,89,1,20250815_211716
1755260145.8051555,7681705,1966516480,1966.51648,136,31,90,1,20250815_211716
1755260145.8151395,7681744,1966526464,1966.526464,139,31,90,1,20250815_211716
1755260145.8251235,7681783,1966536448,1966.536448,142,31,92,1,20250815_211716
1755260145.8351076,7681822,1966546432,1966.546432,145,31,92,1,20250815_211716
1755260145.8450916,7681861,1966556416,1966.556416,149,31,95,1,20250815_211716
1755260145.8550756,7681900,1966566400,1966.5664,152,31,98,1,20250815_211716
1755260145.8650596,7681939,1966576384,1966.576384,155,32,103,1,20250815_211716
1755260145.8750436,7681978,1966586368,1966.586368,158,32,109,1,20250815_211716
1755260145.8850276,7682017,1966596352,1966.596352,161,32,115,1,20250815_211716
1755260145.8952675,7682057,1966606592,1966.606592,165,32,119,1,20250815_211716
1755260145.9052515,7682096,1966616576,1966.616576,168,33,126,1,20250815_211716
1755260145.9152355,7682135,1966626560,1966.62656,171,33,129,1,20250815_211716
1755260145.9252195,7682174,1966636544,1966.636544,174,33,134,1,20250815_211716
1755260145.9352036,7682213,1966646528,1966.646528,177,33,142,1,20250815_211716
1755260145.9451876,7682252,1966656512,1966.656512,180,33,144,1,20250815_211716
1755260145.9551716,7682291,1966666496,1966.666496,184,33,144,1,20250815_211716
1755260145.9651556,7682330,1966676480,1966.67648,187,33,145,1,20250815_211716
1755260145.9751396,7682369,1966686464,1966.686464,190,33,145,1,20250815_211716
1755260145.9851236,7682408,1966696448,1966.696448,193,34,147,1,20250815_211716
1755260145.9951077,7682447,1966706432,1966.706432,196,34,148,1,20250815_211716
1755260146.0050914,7682486,1966716416,1966.716416,200,34,149,1,20250815_211716
1755260146.0150754,7682525,1966726400,1966.7264,203,33,149,1,20250815_211716
1755260146.0250597,7682564,1966736384,1966.736384,206,35,150,1,20250815_211716
1755260146.0352995,7682604,1966746624,1966.746624,209,34,151,1,20250815_211716
1755260146.0452836,7682643,1966756608,1966.756608,212,35,150,1,20250815_211716
1755260146.0552676,7682682,1966766592,1966.766592,215,34,151,1,20250815_211716
1755260146.0652516,7682721,1966776576,1966.776576,219,34,150,1,20250815_211716
1755260146.0752356,7682760,1966786560,1966.78656,222,34,151,1,20250815_211716
1755260146.0852196,7682799,1966796544,1966.796544,225,34,152,1,20250815_211716
1755260146.0952036,7682838,1966806528,1966.806528,228,34,151,1,20250815_211716
1755260146.1051877,7682877,1966816512,1966.816512,231,34,152,1,20250815_211716
1755260146.1151714,7682916,1966826496,1966.826496,235,35,152,1,20250815_211716
1755260146.1251554,7682955,1966836480,1966.83648,238,35,152,1,20250815_211716
1755260146.1351397,7682994,1966846464,1966.846464,241,35,152,1,20250815_211716
1755260146.1451235,7683033,1966856448,1966.856448,244,35,152,1,20250815_211716
1755260146.1551075,7683072,1966866432,1966.866432,247,35,153,1,20250815_211716
1755260146.1650915,7683111,1966876416,1966.876416,251,35,153,1,20250815_211716
1755260146.1750755,7683150,1966886400,1966.8864,254,35,153,1,20250815_211716
1755260146.1853156,7683190,1966896640,1966.89664,2,36,153,1,20250815_211716
1755260146.1952996,7683229,1966906624,1966.906624,5,35,152,1,20250815_211716
1755260146.2052836,7683268,1966916608,1966.916608,8,35,152,1,20250815_211716
1755260146.2152677,7683307,1966926592,1966.926592,11,35,150,1,20250815_211716
1755260146.2252514,7683346,1966936576,1966.936576,15,36,150,1,20250815_211716
1755260146.2352357,7683385,1966946560,1966.94656,18,35,149,1,20250815_211716
1755260146.2452197,7683424,1966956544,1966.956544,21,36,147,1,20250815_211716
1755260146.2552035,7683463,1966966528,1966.966528,24,36,145,1,20250815_211716
1755260146.2651875,7683502,1966976512,1966.976512,27,36,143,1,20250815_211716
1755260146.2751715,7683541,1966986496,1966.986496,31,36,140,1,20250815_211716
1755260146.2851555,7683580,1966996480,1966.99648,34,36,139,1,20250815_211716
1755260146.2951396,7683619,1967006464,1967.006464,37,36,136,1,20250815_211716
1755260146.3051236,7683658,1967016448,1967.016448,40,36,134,1,20250815_211716
1755260146.3151076,7683697,1967026432,1967.026432,43,36,130,1,20250815_211716
1755260146.3253477,7683737,1967036672,1967.036672,47,36,125,1,20250815_211716
1755260146.3353314,7683776,1967046656,1967.046656,50,36,115,1,20250815_211716
1755260146.3453157,7683815,1967056640,1967.05664,53,36,107,1,20250815_211716
1755260146.3552997,7683854,1967066624,1967.066624,56,36,100,1,20250815_211716
1755260146.3652835,7683893,1967076608,1967.076608,59,36,96,1,20250815_211716
1755260146.3752675,7683932,1967086592,1967.086592,62,36,91,1,20250815_211716
1755260146.3852515,7683971,1967096576,1967.096576,66,37,87,1,20250815_211716
1755260146.3952355,7684010,1967106560,1967.10656,69,37,89,1,20250815_211716
1755260146.4052196,7684049,1967116544,1967.116544,72,36,85,1,20250815_211716
1755260146.4152036,7684088,1967126528,1967.126528,75,37,86,1,20250815_211716
1755260146.4251876,7684127,1967136512,1967.136512,78,37,85,1,20250815_211716
1755260146.4351716,7684166,1967146496,1967.146496,82,37,87,1,20250815_211716
1755260146.4451556,7684205,1967156480,1967.15648,85,37,88,1,20250815_211716
1755260146.4551396,7684244,1967166464,1967.166464,88,37,87,1,20250815_211716
1755260146.4653797,7684284,1967176704,1967.176704,91,36,86,1,20250815_211716
1755260146.4753635,7684323,1967186688,1967.186688,94,36,88,1,20250815_211716
1755260146.4853475,7684362,1967196672,1967.196672,98,36,86,1,20250815_211716
1755260146.4953315,7684401,1967206656,1967.206656,101,36,85,1,20250815_211716
1755260146.5053155,7684440,1967216640,1967.21664,104,36,85,1,20250815_211716
1755260146.5152996,7684479,1967226624,1967.226624,107,35,86,1,20250815_211716
1755260146.5252836,7684518,1967236608,1967.236608,110,35,87,1,20250815_211716
1755260146.5352676,7684557,1967246592,1967.246592,113,35,87,1,20250815_211716
1755260146.5452516,7684596,1967256576,1967.256576,117,35,87,1,20250815_211716
1755260146.5552356,7684635,1967266560,1967.26656,120,35,87,1,20250815_211716
1755260146.5652196,7684674,1967276544,1967.276544,123,35,88,1,20250815_211716
1755260146.5752037,7684713,1967286528,1967.286528,126,35,88,1,20250815_211716
1755260146.5851874,7684752,1967296512,1967.296512,129,35,89,1,20250815_211716
1755260146.5951717,7684791,1967306496,1967.306496,133,35,89,1,20250815_211716
1755260146.6051557,7684830,1967316480,1967.31648,136,35,90,1,20250815_211716
1755260146.6153955,7684870,1967326720,1967.32672,139,35,91,1,20250815_211716
1755260146.6253796,7684909,1967336704,1967.336704,142,34,91,1,20250815_211716
1755260146.6353636,7684948,1967346688,1967.346688,145,35,94,1,20250815_211716
1755260146.6453476,7684987,1967356672,1967.356672,148,35,95,1,20250815_211716
1755260146.6553316,7685026,1967366656,1967.366656,152,35,99,1,20250815_211716
1755260146.6653156,7685065,1967376640,1967.37664,155,35,104,1,20250815_211716
1755260146.6752996,7685104,1967386624,1967.386624,158,35,108,1,20250815_211716
1755260146.6852837,7685143,1967396608,1967.396608,161,36,116,1,20250815_211716
1755260146.6952674,7685182,1967406592,1967.406592,164,36,121,1,20250815_211716
1755260146.7052517,7685221,1967416576,1967.416576,168,36,126,1,20250815_211716
1755260146.7152357,7685260,1967426560,1967.42656,171,36,128,1,20250815_211716
1755260146.7252195,7685299,1967436544,1967.436544,174,37,135,1,20250815_211716
1755260146.7352035,7685338,1967446528,1967.446528,177,36,141,1,20250815_211716
1755260146.7451875,7685377,1967456512,1967.456512,180,37,144,1,20250815_211716
1755260146.7554276,7685417,1967466752,1967.466752,184,37,144,1,20250815_211716
1755260146.7654116,7685456,1967476736,1967.476736,187,37,145,1,20250815_211716
1755260146.7753956,7685495,1967486720,1967.48672,190,36,145,1,20250815_211716
1755260146.7853796,7685534,1967496704,1967.496704,193,36,147,1,20250815_211716
1755260146.7953637,7685573,1967506688,1967.506688,196,36,148,1,20250815_211716
1755260146.8053474,7685612,1967516672,1967.516672,199,37,148,1,20250815_211716
1755260146.8153317,7685651,1967526656,1967.526656,203,37,151,1,20250815_211716
1755260146.8253157,7685690,1967536640,1967.53664,206,37,150,1,20250815_211716
1755260146.8352995,7685729,1967546624,1967.546624,209,37,150,1,20250815_211716
1755260146.8452835,7685768,1967556608,1967.556608,212,38,151,1,20250815_211716
1755260146.8552675,7685807,1967566592,1967.566592,215,38,151,1,20250815_211716
1755260146.8652515,7685846,1967576576,1967.576576,219,38,152,1,20250815_211716
1755260146.8752356,7685885,1967586560,1967.58656,222,37,152,1,20250815_211716
1755260146.8852196,7685924,1967596544,1967.596544,225,38,152,1,20250815_211716
1755260146.8954597,7685964,1967606784,1967.606784,228,37,152,1,20250815_211716
1755260146.9054434,7686003,1967616768,1967.616768,231,38,152,1,20250815_211716
1755260146.9154274,7686042,1967626752,1967.626752,235,38,153,1,20250815_211716
1755260146.9254117,7686081,1967636736,1967.636736,238,39,153,1,20250815_211716
1755260146.9353957,7686120,1967646720,1967.64672,241,38,152,1,20250815_211716
1755260146.9453795,7686159,1967656704,1967.656704,244,38,152,1,20250815_211716
1755260146.9553635,7686198,1967666688,1967.666688,247,39,153,1,20250815_211716
1755260146.9653475,7686237,1967676672,1967.676672,250,39,155,1,20250815_211716
1755260146.9753315,7686276,1967686656,1967.686656,254,39,153,1,20250815_211716
1755260146.9853156,7686315,1967696640,1967.69664,2,39,153,1,20250815_211716
1755260146.9952996,7686354,1967706624,1967.706624,5,40,152,1,20250815_211716
1755260147.0052836,7686393,1967716608,1967.716608,8,40,152,1,20250815_211716
1755260147.0152676,7686432,1967726592,1967.726592,11,40,150,1,20250815_211716
1755260147.0252516,7686471,1967736576,1967.736576,15,39,150,1,20250815_211716
1755260147.0352356,7686510,1967746560,1967.74656,18,39,149,1,20250815_211716
1755260147.0454755,7686550,1967756800,1967.7568,21,40,147,1,20250815_211716
1755260147.0554595,7686589,1967766784,1967.766784,24,40,147,1,20250815_211716
1755260147.0654435,7686628,1967776768,1967.776768,27,40,144,1,20250815_211716
1755260147.0754275,7686667,1967786752,1967.786752,31,40,141,1,20250815_211716
1755260147.0854115,7686706,1967796736,1967.796736,34,41,140,1,20250815_211716
1755260147.0953956,7686745,1967806720,1967.80672,37,40,137,1,20250815_211716
1755260147.1053796,7686784,1967816704,1967.816704,40,40,135,1,20250815_211716
1755260147.1153636,7686823,1967826688,1967.826688,43,40,128,1,20250815_211716
1755260147.1253476,7686862,1967836672,1967.836672,46,41,124,1,20250815_211716
1755260147.1353316,7686901,1967846656,1967.846656,50,40,114,1,20250815_211716
1755260147.1453156,7686940,1967856640,1967.85664,53,41,107,1,20250815_211716
1755260147.1552997,7686979,1967866624,1967.866624,56,40,99,1,20250815_211716
1755260147.1652834,7687018,1967876608,1967.876608,59,41,95,1,20250815_211716
1755260147.1752677,7687057,1967886592,1967.886592,62,41,91,1,20250815_211716
1755260147.1855075,7687097,1967896832,1967.896832,66,40,89,1,20250815_211716
1755260147.1954916,7687136,1967906816,1967.906816,69,40,86,1,20250815_211716
1755260147.2054756,7687175,1967916800,1967.9168,72,40,85,1,20250815_211716
1755260147.2154596,7687214,1967926784,1967.926784,75,40,85,1,20250815_211716
1755260147.2254436,7687253,1967936768,1967.936768,78,40,85,1,20250815_211716
1755260147.2354276,7687292,1967946752,1967.946752,81,40,87,1,20250815_211716
1755260147.2454116,7687331,1967956736,1967.956736,85,40,88,1,20250815_211716
1755260147.2553957,7687370,1967966720,1967.96672,88,39,87,1,20250815_211716
1755260147.2653794,7687409,1967976704,1967.976704,91,39,85,1,20250815_211716
1755260147.2753634,7687448,1967986688,1967.986688,94,39,88,1,20250815_211716
1755260147.2853477,7687487,1967996672,1967.996672,97,39,88,1,20250815_211716
1755260147.2953317,7687526,1968006656,1968.006656,101,38,86,1,20250815_211716
1755260147.3053155,7687565,1968016640,1968.01664,104,38,86,1,20250815_211716
1755260147.3152995,7687604,1968026624,1968.026624,107,38,87,1,20250815_211716
1755260147.3255396,7687644,1968036864,1968.036864,110,39,87,1,20250815_211716
1755260147.3355236,7687683,1968046848,1968.046848,113,37,88,1,20250815_211716
1755260147.3455076,7687722,1968056832,1968.056832,117,38,88,1,20250815_211716
1755260147.3554916,7687761,1968066816,1968.066816,120,37,87,1,20250815_211716
1755260147.3654757,7687800,1968076800,1968.0768,123,37,88,1,20250815_211716
1755260147.3754594,7687839,1968086784,1968.086784,126,37,88,1,20250815_211716
1755260147.3854434,7687878,1968096768,1968.096768,129,37,89,1,20250815_211716
1755260147.3954277,7687917,1968106752,1968.106752,132,37,88,1,20250815_211716
1755260147.4054115,7687956,1968116736,1968.116736,136,37,89,1,20250815_211716
1755260147.4153955,7687995,1968126720,1968.12672,139,37,90,1,20250815_211716
1755260147.4253795,7688034,1968136704,1968.136704,142,37,91,1,20250815_211716
1755260147.4353635,7688073,1968146688,1968.146688,145,37,93,1,20250815_211716
1755260147.4453475,7688112,1968156672,1968.156672,148,38,94,1,20250815_211716
1755260147.4553316,7688151,1968166656,1968.166656,152,37,97,1,20250815_211716
1755260147.4655716,7688191,1968176896,1968.176896,155,38,101,1,20250815_211716
1755260147.4755557,7688230,1968186880,1968.18688,158,38,107,1,20250815_211716
1755260147.4855394,7688269,1968196864,1968.196864,161,38,114,1,20250815_211716
1755260147.4955237,7688308,1968206848,1968.206848,164,39,119,1,20250815_211716
1755260147.5055077,7688347,1968216832,1968.216832,168,39,124,1,20250815_211716
1755260147.5154915,7688386,1968226816,1968.226816,171,40,128,1,20250815_211716
1755260147.5254755,7688425,1968236800,1968.2368,174,40,134,1,20250815_211716
1755260147.5354595,7688464,1968246784,1968.246784,177,40,140,1,20250815_211716
1755260147.5454435,7688503,1968256768,1968.256768,180,40,144,1,20250815_211716
1755260147.5554276,7688542,1968266752,1968.266752,183,39,144,1,20250815_211716
1755260147.5654116,7688581,1968276736,1968.276736,187,40,143,1,20250815_211716
1755260147.5753956,7688620,1968286720,1968.28672,190,40,145,1,20250815_211716
1755260147.5853796,7688659,1968296704,1968.296704,193,40,146,1,20250815_211716
1755260147.5953636,7688698,1968306688,1968.306688,196,40,148,1,20250815_211716
1755260147.6053476,7688737,1968316672,1968.316672,199,41,149,1,20250815_211716
1755260147.6155877,7688777,1968326912,1968.326912,203,40,149,1,20250815_211716
1755260147.6255715,7688816,1968336896,1968.336896,206,41,150,1,20250815_211716
1755260147.6355555,7688855,1968346880,1968.34688,209,41,150,1,20250815_211716
1755260147.6455395,7688894,1968356864,1968.356864,212,42,150,1,20250815_211716
1755260147.6555235,7688933,1968366848,1968.366848,215,41,150,1,20250815_211716
1755260147.6655076,7688972,1968376832,1968.376832,219,41,152,1,20250815_211716
1755260147.6754916,7689011,1968386816,1968.386816,222,41,152,1,20250815_211716
1755260147.6854756,7689050,1968396800,1968.3968,225,41,151,1,20250815_211716
1755260147.6954596,7689089,1968406784,1968.406784,228,41,152,1,20250815_211716
1755260147.7054436,7689128,1968416768,1968.416768,231,41,152,1,20250815_211716
1755260147.7154276,7689167,1968426752,1968.426752,234,41,152,1,20250815_211716
1755260147.7254117,7689206,1968436736,1968.436736,238,42,153,1,20250815_211716
1755260147.7353954,7689245,1968446720,1968.44672,241,42,152,1,20250815_211716
1755260147.7453794,7689284,1968456704,1968.456704,244,43,153,1,20250815_211716
1755260147.7556195,7689324,1968466944,1968.466944,247,42,152,1,20250815_211716
1755260147.7656035,7689363,1968476928,1968.476928,250,42,153,1,20250815_211716
1755260147.7755876,7689402,1968486912,1968.486912,254,42,152,1,20250815_211716
1755260147.7855716,7689441,1968496896,1968.496896,2,42,152,1,20250815_211716
1755260147.7955556,7689480,1968506880,1968.50688,5,42,151,1,20250815_211716
1755260147.8055396,7689519,1968516864,1968.516864,8,42,152,1,20250815_211716
1755260147.8155236,7689558,1968526848,1968.526848,11,41,152,1,20250815_211716
1755260147.8255076,7689597,1968536832,1968.536832,14,42,150,1,20250815_211716
1755260147.8354917,7689636,1968546816,1968.546816,18,42,150,1,20250815_211716
1755260147.8454754,7689675,1968556800,1968.5568,21,42,149,1,20250815_211716
1755260147.8554597,7689714,1968566784,1968.566784,24,42,147,1,20250815_211716
1755260147.8654437,7689753,1968576768,1968.576768,27,42,146,1,20250815_211716
1755260147.8754275,7689792,1968586752,1968.586752,30,42,144,1,20250815_211716
1755260147.8854115,7689831,1968596736,1968.596736,34,43,141,1,20250815_211716
1755260147.8956516,7689871,1968606976,1968.606976,37,42,138,1,20250815_211716
1755260147.9056356,7689910,1968616960,1968.61696,40,42,135,1,20250815_211716
1755260147.9156196,7689949,1968626944,1968.626944,43,42,132,1,20250815_211716
1755260147.9256036,7689988,1968636928,1968.636928,46,42,127,1,20250815_211716
1755260147.9355876,7690027,1968646912,1968.646912,50,42,115,1,20250815_211716
1755260147.9455717,7690066,1968656896,1968.656896,53,42,108,1,20250815_211716
1755260147.9555554,7690105,1968666880,1968.66688,56,42,100,1,20250815_211716
1755260147.9655397,7690144,1968676864,1968.676864,59,42,94,1,20250815_211716
1755260147.9755237,7690183,1968686848,1968.686848,62,42,90,1,20250815_211716
1755260147.9855075,7690222,1968696832,1968.696832,65,42,87,1,20250815_211716
1755260147.9954915,7690261,1968706816,1968.706816,69,42,87,1,20250815_211716
1755260148.0054755,7690300,1968716800,1968.7168,72,43,86,1,20250815_211716
1755260148.0154595,7690339,1968726784,1968.726784,75,42,84,1,20250815_211716
1755260148.0254436,7690378,1968736768,1968.736768,78,42,86,1,20250815_211716
1755260148.0354276,7690417,1968746752,1968.746752,81,42,88,1,20250815_211716
1755260148.0456676,7690457,1968756992,1968.756992,85,43,89,1,20250815_211716
1755260148.0556517,7690496,1968766976,1968.766976,88,42,88,1,20250815_211716
1755260148.0656354,7690535,1968776960,1968.77696,91,42,86,1,20250815_211716
1755260148.0756197,7690574,1968786944,1968.786944,94,41,87,1,20250815_211716
1755260148.0856037,7690613,1968796928,1968.796928,97,41,86,1,20250815_211716
1755260148.0955875,7690652,1968806912,1968.806912,101,41,88,1,20250815_211716
1755260148.1055715,7690691,1968816896,1968.816896,104,41,87,1,20250815_211716
1755260148.1155555,7690730,1968826880,1968.82688,107,41,86,1,20250815_211716
1755260148.1255395,7690769,1968836864,1968.836864,110,40,86,1,20250815_211716
1755260148.1355236,7690808,1968846848,1968.846848,113,40,87,1,20250815_211716
1755260148.1455076,7690847,1968856832,1968.856832,116,40,86,1,20250815_211716
1755260148.1554916,7690886,1968866816,1968.866816,120,40,88,1,20250815_211716
1755260148.1654756,7690925,1968876800,1968.8768,123,40,88,1,20250815_211716
1755260148.1754596,7690964,1968886784,1968.886784,126,40,88,1,20250815_211716
1755260148.1856997,7691004,1968897024,1968.897024,129,40,90,1,20250815_211716
1755260148.1956837,7691043,1968907008,1968.907008,132,40,90,1,20250815_211716
1755260148.2056675,7691082,1968916992,1968.916992,136,40,90,1,20250815_211716
1755260148.2156515,7691121,1968926976,1968.926976,139,39,90,1,20250815_211716
1755260148.2256355,7691160,1968936960,1968.93696,142,40,92,1,20250815_211716
1755260148.2356195,7691199,1968946944,1968.946944,145,39,93,1,20250815_211716
1755260148.2456036,7691238,1968956928,1968.956928,148,40,96,1,20250815_211716
1755260148.2555876,7691277,1968966912,1968.966912,152,40,99,1,20250815_211716
1755260148.2655716,7691316,1968976896,1968.976896,155,40,103,1,20250815_211716
1755260148.2755556,7691355,1968986880,1968.98688,158,40,111,1,20250815_211716
1755260148.2855396,7691394,1968996864,1968.996864,161,41,116,1,20250815_211716
1755260148.2955236,7691433,1969006848,1969.006848,164,41,121,1,20250815_211716
1755260148.3055077,7691472,1969016832,1969.016832,167,41,126,1,20250815_211716
1755260148.3154914,7691511,1969026816,1969.026816,171,41,128,1,20250815_211716
1755260148.3254757,7691550,1969036800,1969.0368,174,41,134,1,20250815_211716
1755260148.3357155,7691590,1969047040,1969.04704,177,41,143,1,20250815_211716
1755260148.3456995,7691629,1969057024,1969.057024,180,42,145,1,20250815_211716
1755260148.3556836,7691668,1969067008,1969.067008,183,41,145,1,20250815_211716
1755260148.3656676,7691707,1969076992,1969.076992,187,42,144,1,20250815_211716
1755260148.3756516,7691746,1969086976,1969.086976,190,42,146,1,20250815_211716
1755260148.3856356,7691785,1969096960,1969.09696,193,42,147,1,20250815_211716
1755260148.3956196,7691824,1969106944,1969.106944,196,42,148,1,20250815_211716
1755260148.4056036,7691863,1969116928,1969.116928,199,42,150,1,20250815_211716
1755260148.4155877,7691902,1969126912,1969.126912,203,42,151,1,20250815_211716
1755260148.4255714,7691941,1969136896,1969.136896,206,42,151,1,20250815_211716
1755260148.4355557,7691980,1969146880,1969.14688,209,42,151,1,20250815_211716
1755260148.4455397,7692019,1969156864,1969.156864,212,42,151,1,20250815_211716
1755260148.4555235,7692058,1969166848,1969.166848,215,42,151,1,20250815_211716
1755260148.4655075,7692097,1969176832,1969.176832,218,42,151,1,20250815_211716
1755260148.4757476,7692137,1969187072,1969.187072,222,42,152,1,20250815_211716
1755260148.4857316,7692176,1969197056,1969.197056,225,41,152,1,20250815_211716
1755260148.4957156,7692215,1969207040,1969.20704,228,42,153,1,20250815_211716
1755260148.5056996,7692254,1969217024,1969.217024,231,42,153,1,20250815_211716
1755260148.5156837,7692293,1969227008,1969.227008,234,43,153,1,20250815_211716
1755260148.5256674,7692332,1969236992,1969.236992,238,43,153,1,20250815_211716
1755260148.5356514,7692371,1969246976,1969.246976,241,43,153,1,20250815_211716
1755260148.5456357,7692410,1969256960,1969.25696,244,43,153,1,20250815_211716
1755260148.5556197,7692449,1969266944,1969.266944,247,43,151,1,20250815_211716
1755260148.5656035,7692488,1969276928,1969.276928,250,44,154,1,20250815_211716
1755260148.5758436,7692528,1969287168,1969.287168,254,43,152,1,20250815_211716
1755260148.5858276,7692567,1969297152,1969.297152,2,44,153,1,20250815_211716
1755260148.5958116,7692606,1969307136,1969.307136,5,43,152,1,20250815_211716
1755260148.6057956,7692645,1969317120,1969.31712,8,43,152,1,20250815_211716
1755260148.6157796,7692684,1969327104,1969.327104,11,43,152,1,20250815_211716
1755260148.6257637,7692723,1969337088,1969.337088,14,43,150,1,20250815_211716
1755260148.6360035,7692763,1969347328,1969.347328,18,43,150,1,20250815_211716
1755260148.6459875,7692802,1969357312,1969.357312,21,43,148,1,20250815_211716
1755260148.6559715,7692841,1969367296,1969.367296,24,43,147,1,20250815_211716
1755260148.6659555,7692880,1969377280,1969.37728,27,43,146,1,20250815_211716
1755260148.6759396,7692919,1969387264,1969.387264,30,43,143,1,20250815_211716
1755260148.6859236,7692958,1969397248,1969.397248,34,43,140,1,20250815_211716
1755260148.6959076,7692997,1969407232,1969.407232,37,43,136,1,20250815_211716
1755260148.7058916,7693036,1969417216,1969.417216,40,44,135,1,20250815_211716
1755260148.7161314,7693076,1969427456,1969.427456,43,43,132,1,20250815_211716
1755260148.7261157,7693115,1969437440,1969.43744,46,44,125,1,20250815_211716
1755260148.7360995,7693154,1969447424,1969.447424,50,43,116,1,20250815_211716
1755260148.7460835,7693193,1969457408,1969.457408,53,43,104,1,20250815_211716
1755260148.7560675,7693232,1969467392,1969.467392,56,43,100,1,20250815_211716
1755260148.7660515,7693271,1969477376,1969.477376,59,42,94,1,20250815_211716
1755260148.7760355,7693310,1969487360,1969.48736,62,42,92,1,20250815_211716
1755260148.7860196,7693349,1969497344,1969.497344,66,42,88,1,20250815_211716
1755260148.7962596,7693389,1969507584,1969.507584,69,41,88,1,20250815_211716
1755260148.8062437,7693428,1969517568,1969.517568,72,42,86,1,20250815_211716
1755260148.8162274,7693467,1969527552,1969.527552,75,42,85,1,20250815_211716
1755260148.8262117,7693506,1969537536,1969.537536,78,42,85,1,20250815_211716
1755260148.8361957,7693545,1969547520,1969.54752,82,41,85,1,20250815_211716
1755260148.8461795,7693584,1969557504,1969.557504,85,41,87,1,20250815_211716
1755260148.8564196,7693624,1969567744,1969.567744,88,40,87,1,20250815_211716
1755260148.8664036,7693663,1969577728,1969.577728,91,41,85,1,20250815_211716
1755260148.8763876,7693702,1969587712,1969.587712,94,40,88,1,20250815_211716
1755260148.8863716,7693741,1969597696,1969.597696,97,40,88,1,20250815_211716
1755260148.8963556,7693780,1969607680,1969.60768,101,39,86,1,20250815_211716
1755260148.9063396,7693819,1969617664,1969.617664,104,39,86,1,20250815_211716
1755260148.9163237,7693858,1969627648,1969.627648,107,38,85,1,20250815_211716
1755260148.9263074,7693897,1969637632,1969.637632,110,39,86,1,20250815_211716
1755260148.9365475,7693937,1969647872,1969.647872,113,38,87,1,20250815_211716
1755260148.9465315,7693976,1969657856,1969.657856,117,38,87,1,20250815_211716
1755260148.9565156,7694015,1969667840,1969.66784,120,37,88,1,20250815_211716
1755260148.9664996,7694054,1969677824,1969.677824,123,37,88,1,20250815_211716
1755260148.9764836,7694093,1969687808,1969.687808,126,37,88,1,20250815_211716
1755260148.9864676,7694132,1969697792,1969.697792,129,37,89,1,20250815_211716
1755260148.9964516,7694171,1969707776,1969.707776,133,37,89,1,20250815_211716
1755260149.0064356,7694210,1969717760,1969.71776,136,37,90,1,20250815_211716
1755260149.0166757,7694250,1969728000,1969.728,139,36,91,1,20250815_211716
1755260149.0266595,7694289,1969737984,1969.737984,142,37,92,1,20250815_211716
1755260149.0366435,7694328,1969747968,1969.747968,145,37,93,1,20250815_211716
1755260149.0466275,7694367,1969757952,1969.757952,149,37,96,1,20250815_211716
1755260149.0566115,7694406,1969767936,1969.767936,152,37,98,1,20250815_211716
1755260149.0665956,7694445,1969777920,1969.77792,155,38,103,1,20250815_211716
1755260149.0765796,7694484,1969787904,1969.787904,158,38,110,1,20250815_211716
1755260149.0865636,7694523,1969797888,1969.797888,161,38,116,1,20250815_211716
1755260149.0965476,7694562,1969807872,1969.807872,164,38,119,1,20250815_211716
1755260149.1065316,7694601,1969817856,1969.817856,168,38,124,1,20250815_211716
1755260149.1165156,7694640,1969827840,1969.82784,171,39,127,1,20250815_211716
1755260149.1264997,7694679,1969837824,1969.837824,174,39,133,1,20250815_211716
1755260149.1364834,7694718,1969847808,1969.847808,177,39,140,1,20250815_211716
1755260149.1467235,7694758,1969858048,1969.858048,180,39,144,1,20250815_211716
1755260149.1567075,7694797,1969868032,1969.868032,184,39,145,1,20250815_211716
1755260149.1666915,7694836,1969878016,1969.878016,187,39,144,1,20250815_211716
1755260149.1766756,7694875,1969888000,1969.888,190,38,145,1,20250815_211716
1755260149.1866596,7694914,1969897984,1969.897984,193,39,147,1,20250815_211716
1755260149.1966436,7694953,1969907968,1969.907968,196,39,146,1,20250815_211716
1755260149.2066276,7694992,1969917952,1969.917952,200,39,148,1,20250815_211716
1755260149.2166116,7695031,1969927936,1969.927936,203,39,149,1,20250815_211716
1755260149.2265956,7695070,1969937920,1969.93792,206,39,150,1,20250815_211716
1755260149.2365797,7695109,1969947904,1969.947904,209,39,151,1,20250815_211716
1755260149.2465634,7695148,1969957888,1969.957888,212,39,150,1,20250815_211716
1755260149.2565477,7695187,1969967872,1969.967872,215,39,151,1,20250815_211716
1755260149.2665317,7695226,1969977856,1969.977856,219,38,151,1,20250815_211716
1755260149.2765155,7695265,1969987840,1969.98784,222,39,152,1,20250815_211716
1755260149.2867556,7695305,1969998080,1969.99808,225,39,153,1,20250815_211716
1755260149.2967396,7695344,1970008064,1970.008064,228,39,152,1,20250815_211716
1755260149.3067236,7695383,1970018048,1970.018048,231,39,153,1,20250815_211716
1755260149.3167076,7695422,1970028032,1970.028032,235,39,153,1,20250815_211716
1755260149.3266916,7695461,1970038016,1970.038016,238,39,152,1,20250815_211716
1755260149.3366756,7695500,1970048000,1970.048,241,40,152,1,20250815_211716
1755260149.3466597,7695539,1970057984,1970.057984,244,40,151,1,20250815_211716
1755260149.3566434,7695578,1970067968,1970.067968,247,40,150,1,20250815_211716
1755260149.3666277,7695617,1970077952,1970.077952,250,40,150,1,20250815_211716
1755260149.3766117,7695656,1970087936,1970.087936,254,40,152,1,20250815_211716
1755260149.3865955,7695695,1970097920,1970.09792,2,40,151,1,20250815_211716
1755260149.3965795,7695734,1970107904,1970.107904,5,40,152,1,20250815_211716
1755260149.4065635,7695773,1970117888,1970.117888,8,40,152,1,20250815_211716
1755260149.4165475,7695812,1970127872,1970.127872,11,40,150,1,20250815_211716
1755260149.4265316,7695851,1970137856,1970.137856,15,41,150,1,20250815_211716
1755260149.4367716,7695891,1970148096,1970.148096,18,40,148,1,20250815_211716
1755260149.4467556,7695930,1970158080,1970.15808,21,41,147,1,20250815_211716
1755260149.4567397,7695969,1970168064,1970.168064,24,41,146,1,20250815_211716
1755260149.4667234,7696008,1970178048,1970.178048,27,41,144,1,20250815_211716
1755260149.4767077,7696047,1970188032,1970.188032,31,40,139,1,20250815_211716
1755260149.4866917,7696086,1970198016,1970.198016,34,41,137,1,20250815_211716
1755260149.4966755,7696125,1970208000,1970.208,37,41,134,1,20250815_211716
1755260149.5066595,7696164,1970217984,1970.217984,40,41,132,1,20250815_211716
1755260149.5166435,7696203,1970227968,1970.227968,43,40,126,1,20250815_211716
1755260149.5266275,7696242,1970237952,1970.237952,46,41,119,1,20250815_211716
1755260149.5366116,7696281,1970247936,1970.247936,50,41,107,1,20250815_211716
1755260149.5465956,7696320,1970257920,1970.25792,53,41,100,1,20250815_211716
1755260149.5565796,7696359,1970267904,1970.267904,56,41,95,1,20250815_211716
1755260149.5665636,7696398,1970277888,1970.277888,59,40,90,1,20250815_211716
1755260149.5768034,7696438,1970288128,1970.288128,62,40,89,1,20250815_211716
1755260149.5867877,7696477,1970298112,1970.298112,66,40,86,1,20250815_211716
1755260149.5967717,7696516,1970308096,1970.308096,69,40,88,1,20250815_211716
1755260149.6067555,7696555,1970318080,1970.31808,72,40,84,1,20250815_211716
1755260149.6167395,7696594,1970328064,1970.328064,75,40,85,1,20250815_211716
1755260149.6267235,7696633,1970338048,1970.338048,78,40,84,1,20250815_211716
1755260149.6367075,7696672,1970348032,1970.348032,82,40,85,1,20250815_211716
1755260149.6466916,7696711,1970358016,1970.358016,85,40,87,1,20250815_211716
1755260149.6566756,7696750,1970368000,1970.368,88,40,87,1,20250815_211716
1755260149.6666596,7696789,1970377984,1970.377984,91,40,86,1,20250815_211716
1755260149.6766436,7696828,1970387968,1970.387968,94,39,88,1,20250815_211716
1755260149.6866276,7696867,1970397952,1970.397952,97,38,87,1,20250815_211716
1755260149.6966116,7696906,1970407936,1970.407936,101,38,88,1,20250815_211716
1755260149.7065957,7696945,1970417920,1970.41792,104,37,87,1,20250815_211716
1755260149.7165794,7696984,1970427904,1970.427904,107,37,86,1,20250815_211716
1755260149.7268195,7697024,1970438144,1970.438144,110,37,88,1,20250815_211716
1755260149.7368035,7697063,1970448128,1970.448128,113,37,88,1,20250815_211716
1755260149.7467875,7697102,1970458112,1970.458112,117,37,88,1,20250815_211716
1755260149.7567716,7697141,1970468096,1970.468096,120,37,88,1,20250815_211716
1755260149.7667556,7697180,1970478080,1970.47808,123,37,88,1,20250815_211716
1755260149.7767396,7697219,1970488064,1970.488064,126,37,89,1,20250815_211716
1755260149.7867236,7697258,1970498048,1970.498048,129,37,89,1,20250815_211716
1755260149.7967076,7697297,1970508032,1970.508032,133,36,90,1,20250815_211716
1755260149.8066916,7697336,1970518016,1970.518016,136,37,89,1,20250815_211716
1755260149.8166757,7697375,1970528000,1970.528,139,37,91,1,20250815_211716
1755260149.8266594,7697414,1970537984,1970.537984,142,37,92,1,20250815_211716
1755260149.8366437,7697453,1970547968,1970.547968,145,37,93,1,20250815_211716
1755260149.8466277,7697492,1970557952,1970.557952,148,38,95,1,20250815_211716
1755260149.8566115,7697531,1970567936,1970.567936,152,37,98,1,20250815_211716
1755260149.8668516,7697571,1970578176,1970.578176,155,38,102,1,20250815_211716
1755260149.8768356,7697610,1970588160,1970.58816,158,38,110,1,20250815_211716
1755260149.8868196,7697649,1970598144,1970.598144,161,38,115,1,20250815_211716
1755260149.8968036,7697688,1970608128,1970.608128,164,38,121,1,20250815_211716
1755260149.9067876,7697727,1970618112,1970.618112,168,39,125,1,20250815_211716
1755260149.9167717,7697766,1970628096,1970.628096,171,39,128,1,20250815_211716
1755260149.9267554,7697805,1970638080,1970.63808,174,39,133,1,20250815_211716
1755260149.9367394,7697844,1970648064,1970.648064,177,39,141,1,20250815_211716
1755260149.9467237,7697883,1970658048,1970.658048,180,39,144,1,20250815_211716
1755260149.9567077,7697922,1970668032,1970.668032,183,39,144,1,20250815_211716
1755260149.9666915,7697961,1970678016,1970.678016,187,39,144,1,20250815_211716
1755260149.9766755,7698000,1970688000,1970.688,190,39,145,1,20250815_211716
1755260149.9866595,7698039,1970697984,1970.697984,193,39,146,1,20250815_211716
1755260149.9966435,7698078,1970707968,1970.707968,196,39,148,1,20250815_211716
1755260150.0066276,7698117,1970717952,1970.717952,199,40,148,1,20250815_211716
1755260150.0168676,7698157,1970728192,1970.728192,203,40,150,1,20250815_211716
1755260150.0268517,7698196,1970738176,1970.738176,206,40,150,1,20250815_211716
1755260150.0368354,7698235,1970748160,1970.74816,209,39,150,1,20250815_211716
1755260150.0468194,7698274,1970758144,1970.758144,212,39,149,1,20250815_211716
1755260150.0568037,7698313,1970768128,1970.768128,215,39,151,1,20250815_211716
1755260150.0667875,7698352,1970778112,1970.778112,219,39,151,1,20250815_211716
1755260150.0767715,7698391,1970788096,1970.788096,222,39,151,1,20250815_211716
1755260150.0867555,7698430,1970798080,1970.79808,225,40,152,1,20250815_211716
1755260150.0967395,7698469,1970808064,1970.808064,228,40,152,1,20250815_211716
1755260150.1067235,7698508,1970818048,1970.818048,231,40,151,1,20250815_211716
1755260150.1167076,7698547,1970828032,1970.828032,234,40,152,1,20250815_211716
1755260150.1266916,7698586,1970838016,1970.838016,238,41,152,1,20250815_211716
1755260150.1366756,7698625,1970848000,1970.848,241,40,150,1,20250815_211716
1755260150.1466596,7698664,1970857984,1970.857984,244,42,152,1,20250815_211716
1755260150.1568997,7698704,1970868224,1970.868224,247,41,150,1,20250815_211716
1755260150.1668837,7698743,1970878208,1970.878208,250,42,150,1,20250815_211716
1755260150.1768675,7698782,1970888192,1970.888192,254,41,149,1,20250815_211716
1755260150.1868515,7698821,1970898176,1970.898176,2,42,150,1,20250815_211716
1755260150.1968355,7698860,1970908160,1970.90816,5,42,150,1,20250815_211716
1755260150.2068195,7698899,1970918144,1970.918144,8,42,150,1,20250815_211716
1755260150.2168036,7698938,1970928128,1970.928128,11,41,150,1,20250815_211716
1755260150.2267876,7698977,1970938112,1970.938112,15,42,148,1,20250815_211716
1755260150.2367716,7699016,1970948096,1970.948096,18,42,148,1,20250815_211716
1755260150.2467556,7699055,1970958080,1970.95808,21,42,146,1,20250815_211716
1755260150.2567396,7699094,1970968064,1970.968064,24,42,145,1,20250815_211716
1755260150.2667236,7699133,1970978048,1970.978048,27,42,142,1,20250815_211716
1755260150.2767076,7699172,1970988032,1970.988032,30,41,140,1,20250815_211716
1755260150.2866917,7699211,1970998016,1970.998016,34,42,136,1,20250815_211716
1755260150.2966754,7699250,1971008000,1971.008,37,42,133,1,20250815_211716
1755260150.3069155,7699290,1971018240,1971.01824,40,43,131,1,20250815_211716
1755260150.3168995,7699329,1971028224,1971.028224,43,42,123,1,20250815_211716
1755260150.3268836,7699368,1971038208,1971.038208,46,42,114,1,20250815_211716
1755260150.3368676,7699407,1971048192,1971.048192,50,42,106,1,20250815_211716
1755260150.3468516,7699446,1971058176,1971.058176,53,42,99,1,20250815_211716
1755260150.3568356,7699485,1971068160,1971.06816,56,42,95,1,20250815_211716
1755260150.3668196,7699524,1971078144,1971.078144,59,41,90,1,20250815_211716
1755260150.3768036,7699563,1971088128,1971.088128,62,41,88,1,20250815_211716
1755260150.3867877,7699602,1971098112,1971.098112,65,41,85,1,20250815_211716
1755260150.3967714,7699641,1971108096,1971.108096,69,40,87,1,20250815_211716
1755260150.4067554,7699680,1971118080,1971.11808,72,40,86,1,20250815_211716
1755260150.4167397,7699719,1971128064,1971.128064,75,40,86,1,20250815_211716
1755260150.4267237,7699758,1971138048,1971.138048,78,40,86,1,20250815_211716
1755260150.4367075,7699797,1971148032,1971.148032,81,40,85,1,20250815_211716
1755260150.4469476,7699837,1971158272,1971.158272,85,40,88,1,20250815_211716
1755260150.4569316,7699876,1971168256,1971.168256,88,40,87,1,20250815_211716
1755260150.4669156,7699915,1971178240,1971.17824,91,40,86,1,20250815_211716
1755260150.4768996,7699954,1971188224,1971.188224,94,40,87,1,20250815_211716
1755260150.4868836,7699993,1971198208,1971.198208,97,40,88,1,20250815_211716
1755260150.4968677,7700032,1971208192,1971.208192,101,40,87,1,20250815_211716
1755260150.5068514,7700071,1971218176,1971.218176,104,40,86,1,20250815_211716
1755260150.5168357,7700110,1971228160,1971.22816,107,40,86,1,20250815_211716
1755260150.5268197,7700149,1971238144,1971.238144,110,40,87,1,20250815_211716
1755260150.5368035,7700188,1971248128,1971.248128,113,39,88,1,20250815_211716
1755260150.5467875,7700227,1971258112,1971.258112,116,39,88,1,20250815_211716
1755260150.5567715,7700266,1971268096,1971.268096,120,39,88,1,20250815_211716
1755260150.5667555,7700305,1971278080,1971.27808,123,39,88,1,20250815_211716
1755260150.5767395,7700344,1971288064,1971.288064,126,39,88,1,20250815_211716
1755260150.5869796,7700384,1971298304,1971.298304,129,40,89,1,20250815_211716
1755260150.5969636,7700423,1971308288,1971.308288,132,39,89,1,20250815_211716
1755260150.6069477,7700462,1971318272,1971.318272,136,39,90,1,20250815_211716
1755260150.6169314,7700501,1971328256,1971.328256,139,39,90,1,20250815_211716
1755260150.6269157,7700540,1971338240,1971.33824,142,39,91,1,20250815_211716
1755260150.6368997,7700579,1971348224,1971.348224,145,39,92,1,20250815_211716
1755260150.6468835,7700618,1971358208,1971.358208,148,40,94,1,20250815_211716
1755260150.6568675,7700657,1971368192,1971.368192,152,39,97,1,20250815_211716
1755260150.6668515,7700696,1971378176,1971.378176,155,40,101,1,20250815_211716
1755260150.6768355,7700735,1971388160,1971.38816,158,40,108,1,20250815_211716
1755260150.6868196,7700774,1971398144,1971.398144,161,40,113,1,20250815_211716
1755260150.6968036,7700813,1971408128,1971.408128,164,40,120,1,20250815_211716
1755260150.7067876,7700852,1971418112,1971.418112,167,42,124,1,20250815_211716
1755260150.7167716,7700891,1971428096,1971.428096,171,41,127,1,20250815_211716
1755260150.7267556,7700930,1971438080,1971.43808,174,41,131,1,20250815_211716
1755260150.7369957,7700970,1971448320,1971.44832,177,41,138,1,20250815_211716
1755260150.7469797,7701009,1971458304,1971.458304,180,41,143,1,20250815_211716
1755260150.7569635,7701048,1971468288,1971.468288,183,42,144,1,20250815_211716
1755260150.7669475,7701087,1971478272,1971.478272,187,42,144,1,20250815_211716
1755260150.7769315,7701126,1971488256,1971.488256,190,42,144,1,20250815_211716
1755260150.7869155,7701165,1971498240,1971.49824,193,42,146,1,20250815_211716
1755260150.7968996,7701204,1971508224,1971.508224,196,42,148,1,20250815_211716
1755260150.8068836,7701243,1971518208,1971.518208,199,41,147,1,20250815_211716
1755260150.8168676,7701282,1971528192,1971.528192,203,42,149,1,20250815_211716
1755260150.8268516,7701321,1971538176,1971.538176,206,41,150,1,20250815_211716
1755260150.8368356,7701360,1971548160,1971.54816,209,41,150,1,20250815_211716
1755260150.8468196,7701399,1971558144,1971.558144,212,42,151,1,20250815_211716
1755260150.8568037,7701438,1971568128,1971.568128,215,41,151,1,20250815_211716
1755260150.8667874,7701477,1971578112,1971.578112,218,42,151,1,20250815_211716
1755260150.8770275,7701517,1971588352,1971.588352,222,42,152,1,20250815_211716
1755260150.8870115,7701556,1971598336,1971.598336,225,42,151,1,20250815_211716
1755260150.8969955,7701595,1971608320,1971.60832,228,43,152,1,20250815_211716
1755260150.9069796,7701634,1971618304,1971.618304,231,43,152,1,20250815_211716
1755260150.9169636,7701673,1971628288,1971.628288,234,43,152,1,20250815_211716
1755260150.9269476,7701712,1971638272,1971.638272,238,43,153,1,20250815_211716
1755260150.9369316,7701751,1971648256,1971.648256,241,43,152,1,20250815_211716
1755260150.9469156,7701790,1971658240,1971.65824,244,44,151,1,20250815_211716
1755260150.9568996,7701829,1971668224,1971.668224,247,44,152,1,20250815_211716
1755260150.9668837,7701868,1971678208,1971.678208,250,44,151,1,20250815_211716
1755260150.9768674,7701907,1971688192,1971.688192,253,44,151,1,20250815_211716
1755260150.9868517,7701946,1971698176,1971.698176,2,44,151,1,20250815_211716
1755260150.9968357,7701985,1971708160,1971.70816,5,43,151,1,20250815_211716
1755260151.0068195,7702024,1971718144,1971.718144,8,44,151,1,20250815_211716
1755260151.0168035,7702063,1971728128,1971.728128,11,44,151,1,20250815_211716
1755260151.0270436,7702103,1971738368,1971.738368,14,43,149,1,20250815_211716
1755260151.0370276,7702142,1971748352,1971.748352,18,44,149,1,20250815_211716
1755260151.0470116,7702181,1971758336,1971.758336,21,44,148,1,20250815_211716
1755260151.0569956,7702220,1971768320,1971.76832,24,43,147,1,20250815_211716
1755260151.0669796,7702259,1971778304,1971.778304,27,44,146,1,20250815_211716
1755260151.0769637,7702298,1971788288,1971.788288,30,44,144,1,20250815_211716
1755260151.0869474,7702337,1971798272,1971.798272,34,43,141,1,20250815_211716
1755260151.0969317,7702376,1971808256,1971.808256,37,44,139,1,20250815_211716
1755260151.1069157,7702415,1971818240,1971.81824,40,44,136,1,20250815_211716
1755260151.1168995,7702454,1971828224,1971.828224,43,44,133,1,20250815_211716
1755260151.1268835,7702493,1971838208,1971.838208,46,45,127,1,20250815_211716
1755260151.1368675,7702532,1971848192,1971.848192,49,44,116,1,20250815_211716
1755260151.1468515,7702571,1971858176,1971.858176,53,44,107,1,20250815_211716
1755260151.1568356,7702610,1971868160,1971.86816,56,44,101,1,20250815_211716
1755260151.1670756,7702650,1971878400,1971.8784,59,44,94,1,20250815_211716
1755260151.1770597,7702689,1971888384,1971.888384,62,43,91,1,20250815_211716
1755260151.1870434,7702728,1971898368,1971.898368,65,43,88,1,20250815_211716
1755260151.1970274,7702767,1971908352,1971.908352,69,43,88,1,20250815_211716
1755260151.2070117,7702806,1971918336,1971.918336,72,43,87,1,20250815_211716
1755260151.2169957,7702845,1971928320,1971.92832,75,43,86,1,20250815_211716
1755260151.2269795,7702884,1971938304,1971.938304,78,42,86,1,20250815_211716
1755260151.2369635,7702923,1971948288,1971.948288,81,43,85,1,20250815_211716
1755260151.2469475,7702962,1971958272,1971.958272,85,42,86,1,20250815_211716
1755260151.2569315,7703001,1971968256,1971.968256,88,42,87,1,20250815_211716
1755260151.2669156,7703040,1971978240,1971.97824,91,42,85,1,20250815_211716
1755260151.2768996,7703079,1971988224,1971.988224,94,42,87,1,20250815_211716
1755260151.2868836,7703118,1971998208,1971.998208,97,42,87,1,20250815_211716
1755260151.2968676,7703157,1972008192,1972.008192,100,41,86,1,20250815_211716
1755260151.3068516,7703196,1972018176,1972.018176,104,41,86,1,20250815_211716
1755260151.3170917,7703236,1972028416,1972.028416,107,41,84,1,20250815_211716
1755260151.3270755,7703275,1972038400,1972.0384,110,40,85,1,20250815_211716
1755260151.3370595,7703314,1972048384,1972.048384,113,41,87,1,20250815_211716
1755260151.3470435,7703353,1972058368,1972.058368,116,41,87,1,20250815_211716
1755260151.3570275,7703392,1972068352,1972.068352,120,40,87,1,20250815_211716
1755260151.3670115,7703431,1972078336,1972.078336,123,40,88,1,20250815_211716
1755260151.3769956,7703470,1972088320,1972.08832,126,40,88,1,20250815_211716
1755260151.3869796,7703509,1972098304,1972.098304,129,40,88,1,20250815_211716
1755260151.3969636,7703548,1972108288,1972.108288,132,40,88,1,20250815_211716
1755260151.4069476,7703587,1972118272,1972.118272,136,40,89,1,20250815_211716
1755260151.4169316,7703626,1972128256,1972.128256,139,40,90,1,20250815_211716
1755260151.4269156,7703665,1972138240,1972.13824,142,40,91,1,20250815_211716
1755260151.4368997,7703704,1972148224,1972.148224,145,40,91,1,20250815_211716
1755260151.4468834,7703743,1972158208,1972.158208,148,40,93,1,20250815_211716
1755260151.4571235,7703783,1972168448,1972.168448,151,40,94,1,20250815_211716
1755260151.4671075,7703822,1972178432,1972.178432,155,41,99,1,20250815_211716
1755260151.4770916,7703861,1972188416,1972.188416,158,41,104,1,20250815_211716
1755260151.4870756,7703900,1972198400,1972.1984,161,41,111,1,20250815_211716
1755260151.4970596,7703939,1972208384,1972.208384,164,41,116,1,20250815_211716
1755260151.5070436,7703978,1972218368,1972.218368,167,42,122,1,20250815_211716
1755260151.5170276,7704017,1972228352,1972.228352,171,42,126,1,20250815_211716
1755260151.5270116,7704056,1972238336,1972.238336,174,42,128,1,20250815_211716
1755260151.5369956,7704095,1972248320,1972.24832,177,42,136,1,20250815_211716
1755260151.5469797,7704134,1972258304,1972.258304,180,42,142,1,20250815_211716
1755260151.5569634,7704173,1972268288,1972.268288,183,42,144,1,20250815_211716
1755260151.5669477,7704212,1972278272,1972.278272,187,43,144,1,20250815_211716
1755260151.5769317,7704251,1972288256,1972.288256,190,42,144,1,20250815_211716
1755260151.5869155,7704290,1972298240,1972.29824,193,43,146,1,20250815_211716
1755260151.5971556,7704330,1972308480,1972.30848,196,43,148,1,20250815_211716
1755260151.6071396,7704369,1972318464,1972.318464,199,43,149,1,20250815_211716
1755260151.6171236,7704408,1972328448,1972.328448,202,43,149,1,20250815_211716
1755260151.6271076,7704447,1972338432,1972.338432,206,42,150,1,20250815_211716
1755260151.6370916,7704486,1972348416,1972.348416,209,42,149,1,20250815_211716
1755260151.6470757,7704525,1972358400,1972.3584,212,42,150,1,20250815_211716
1755260151.6570594,7704564,1972368384,1972.368384,215,42,150,1,20250815_211716
1755260151.6670434,7704603,1972378368,1972.378368,218,42,151,1,20250815_211716
1755260151.6770277,7704642,1972388352,1972.388352,222,42,152,1,20250815_211716
1755260151.6870117,7704681,1972398336,1972.398336,225,42,151,1,20250815_211716
1755260151.6969955,7704720,1972408320,1972.40832,228,43,151,1,20250815_211716
1755260151.7069795,7704759,1972418304,1972.418304,231,43,152,1,20250815_211716
1755260151.7169635,7704798,1972428288,1972.428288,234,43,152,1,20250815_211716
1755260151.7269475,7704837,1972438272,1972.438272,237,43,151,1,20250815_211716
1755260151.7371876,7704877,1972448512,1972.448512,241,43,152,1,20250815_211716
1755260151.7471716,7704916,1972458496,1972.458496,244,43,151,1,20250815_211716
1755260151.7571557,7704955,1972468480,1972.46848,247,44,150,1,20250815_211716
1755260151.7671394,7704994,1972478464,1972.478464,250,44,151,1,20250815_211716
1755260151.7771237,7705033,1972488448,1972.488448,253,44,151,1,20250815_211716
1755260151.7871077,7705072,1972498432,1972.498432,2,44,151,1,20250815_211716
1755260151.7970915,7705111,1972508416,1972.508416,5,43,151,1,20250815_211716
1755260151.8070755,7705150,1972518400,1972.5184,8,44,151,1,20250815_211716
1755260151.8170595,7705189,1972528384,1972.528384,11,44,150,1,20250815_211716
1755260151.8270435,7705228,1972538368,1972.538368,14,44,150,1,20250815_211716
1755260151.8370275,7705267,1972548352,1972.548352,18,43,149,1,20250815_211716
1755260151.8470116,7705306,1972558336,1972.558336,21,44,148,1,20250815_211716
1755260151.8569956,7705345,1972568320,1972.56832,24,44,147,1,20250815_211716
1755260151.8669796,7705384,1972578304,1972.578304,27,44,146,1,20250815_211716
1755260151.8769636,7705423,1972588288,1972.588288,30,44,143,1,20250815_211716
1755260151.8872037,7705463,1972598528,1972.598528,33,44,140,1,20250815_211716
1755260151.8971877,7705502,1972608512,1972.608512,37,44,137,1,20250815_211716
1755260151.9071715,7705541,1972618496,1972.618496,40,44,134,1,20250815_211716
1755260151.9171555,7705580,1972628480,1972.62848,43,44,132,1,20250815_211716
1755260151.9271395,7705619,1972638464,1972.638464,46,45,125,1,20250815_211716
1755260151.9371235,7705658,1972648448,1972.648448,49,44,116,1,20250815_211716
1755260151.9471076,7705697,1972658432,1972.658432,53,44,106,1,20250815_211716
1755260151.9570916,7705736,1972668416,1972.668416,56,44,100,1,20250815_211716
1755260151.9670756,7705775,1972678400,1972.6784,59,44,95,1,20250815_211716
1755260151.9770596,7705814,1972688384,1972.688384,62,44,92,1,20250815_211716
1755260151.9870436,7705853,1972698368,1972.698368,65,43,88,1,20250815_211716
1755260151.9970276,7705892,1972708352,1972.708352,69,43,88,1,20250815_211716
1755260152.0070117,7705931,1972718336,1972.718336,72,44,88,1,20250815_211716
1755260152.0169954,7705970,1972728320,1972.72832,75,42,87,1,20250815_211716
1755260152.0272355,7706010,1972738560,1972.73856,78,42,84,1,20250815_211716
1755260152.0372195,7706049,1972748544,1972.748544,81,42,85,1,20250815_211716
1755260152.0472035,7706088,1972758528,1972.758528,84,42,86,1,20250815_211716
1755260152.0571876,7706127,1972768512,1972.768512,88,41,87,1,20250815_211716
1755260152.0671716,7706166,1972778496,1972.778496,91,42,87,1,20250815_211716
1755260152.0771556,7706205,1972788480,1972.78848,94,41,87,1,20250815_211716
1755260152.0871396,7706244,1972798464,1972.798464,97,41,86,1,20250815_211716
1755260152.0971236,7706283,1972808448,1972.808448,100,41,87,1,20250815_211716
1755260152.1071076,7706322,1972818432,1972.818432,104,41,87,1,20250815_211716
1755260152.1170917,7706361,1972828416,1972.828416,107,41,87,1,20250815_211716
1755260152.1270754,7706400,1972838400,1972.8384,110,40,87,1,20250815_211716
1755260152.1370597,7706439,1972848384,1972.848384,113,40,87,1,20250815_211716
1755260152.1470437,7706478,1972858368,1972.858368,116,40,88,1,20250815_211716
1755260152.1570275,7706517,1972868352,1972.868352,120,40,87,1,20250815_211716
1755260152.1672676,7706557,1972878592,1972.878592,123,40,87,1,20250815_211716
1755260152.1772516,7706596,1972888576,1972.888576,126,40,88,1,20250815_211716
1755260152.1872356,7706635,1972898560,1972.89856,129,40,89,1,20250815_211716
1755260152.1972196,7706674,1972908544,1972.908544,132,39,90,1,20250815_211716
1755260152.2072036,7706713,1972918528,1972.918528,135,40,90,1,20250815_211716
1755260152.2171876,7706752,1972928512,1972.928512,139,40,92,1,20250815_211716
1755260152.2271717,7706791,1972938496,1972.938496,142,40,92,1,20250815_211716
1755260152.2371554,7706830,1972948480,1972.94848,145,40,93,1,20250815_211716
1755260152.2471397,7706869,1972958464,1972.958464,148,41,95,1,20250815_211716
1755260152.2571237,7706908,1972968448,1972.968448,151,41,98,1,20250815_211716
1755260152.2671075,7706947,1972978432,1972.978432,155,41,102,1,20250815_211716
1755260152.2770915,7706986,1972988416,1972.988416,158,41,108,1,20250815_211716
1755260152.2870755,7707025,1972998400,1972.9984,161,41,113,1,20250815_211716
1755260152.2970595,7707064,1973008384,1973.008384,164,41,119,1,20250815_211716
1755260152.3070436,7707103,1973018368,1973.018368,167,42,123,1,20250815_211716
1755260152.3172836,7707143,1973028608,1973.028608,170,41,127,1,20250815_211716
1755260152.3272676,7707182,1973038592,1973.038592,174,43,132,1,20250815_211716
1755260152.3372517,7707221,1973048576,1973.048576,177,43,138,1,20250815_211716
1755260152.3472354,7707260,1973058560,1973.05856,180,44,144,1,20250815_211716
1755260152.3572197,7707299,1973068544,1973.068544,183,43,145,1,20250815_211716
1755260152.3672037,7707338,1973078528,1973.078528,186,43,145,1,20250815_211716
1755260152.3771875,7707377,1973088512,1973.088512,190,42,146,1,20250815_211716
1755260152.3871715,7707416,1973098496,1973.098496,193,43,146,1,20250815_211716
1755260152.3971555,7707455,1973108480,1973.10848,196,43,148,1,20250815_211716
1755260152.4071395,7707494,1973118464,1973.118464,199,43,149,1,20250815_211716
1755260152.4171236,7707533,1973128448,1973.128448,202,43,149,1,20250815_211716
1755260152.4271076,7707572,1973138432,1973.138432,206,43,150,1,20250815_211716
1755260152.4370916,7707611,1973148416,1973.148416,209,42,150,1,20250815_211716
1755260152.4470756,7707650,1973158400,1973.1584,212,43,150,1,20250815_211716
1755260152.4573154,7707690,1973168640,1973.16864,215,42,150,1,20250815_211716
1755260152.4672997,7707729,1973178624,1973.178624,218,43,151,1,20250815_211716
1755260152.4772837,7707768,1973188608,1973.188608,221,42,151,1,20250815_211716
1755260152.4872675,7707807,1973198592,1973.198592,225,43,152,1,20250815_211716
1755260152.4972515,7707846,1973208576,1973.208576,228,43,152,1,20250815_211716
1755260152.5072355,7707885,1973218560,1973.21856,231,43,152,1,20250815_211716
1755260152.5172195,7707924,1973228544,1973.228544,234,43,152,1,20250815_211716
1755260152.5272036,7707963,1973238528,1973.238528,237,43,152,1,20250815_211716
1755260152.5371876,7708002,1973248512,1973.248512,241,43,152,1,20250815_211716
1755260152.5471716,7708041,1973258496,1973.258496,244,44,151,1,20250815_211716
1755260152.5571556,7708080,1973268480,1973.26848,247,44,151,1,20250815_211716
1755260152.5671396,7708119,1973278464,1973.278464,250,44,151,1,20250815_211716
1755260152.5771236,7708158,1973288448,1973.288448,253,44,152,1,20250815_211716
1755260152.5871077,7708197,1973298432,1973.298432,2,44,152,1,20250815_211716
1755260152.5970914,7708236,1973308416,1973.308416,5,44,152,1,20250815_211716
1755260152.6073315,7708276,1973318656,1973.318656,8,44,152,1,20250815_211716
1755260152.6173155,7708315,1973328640,1973.32864,11,43,151,1,20250815_211716
1755260152.6272995,7708354,1973338624,1973.338624,14,44,151,1,20250815_211716
1755260152.6372836,7708393,1973348608,1973.348608,17,44,149,1,20250815_211716
1755260152.6472676,7708432,1973358592,1973.358592,21,44,149,1,20250815_211716
1755260152.6572516,7708471,1973368576,1973.368576,24,44,147,1,20250815_211716
1755260152.6672356,7708510,1973378560,1973.37856,27,44,147,1,20250815_211716
1755260152.6772196,7708549,1973388544,1973.388544,30,44,145,1,20250815_211716
1755260152.6872036,7708588,1973398528,1973.398528,33,44,142,1,20250815_211716
1755260152.6971877,7708627,1973408512,1973.408512,37,44,140,1,20250815_211716
1755260152.7071714,7708666,1973418496,1973.418496,40,44,138,1,20250815_211716
1755260152.7171557,7708705,1973428480,1973.42848,43,44,134,1,20250815_211716
1755260152.7271397,7708744,1973438464,1973.438464,46,45,130,1,20250815_211716
1755260152.7371235,7708783,1973448448,1973.448448,49,46,126,1,20250815_211716
1755260152.7473636,7708823,1973458688,1973.458688,53,44,113,1,20250815_211716
1755260152.7573476,7708862,1973468672,1973.468672,56,44,106,1,20250815_211716
1755260152.7673316,7708901,1973478656,1973.478656,59,44,100,1,20250815_211716
1755260152.7773156,7708940,1973488640,1973.48864,62,43,94,1,20250815_211716
1755260152.7872996,7708979,1973498624,1973.498624,65,43,90,1,20250815_211716
1755260152.7972836,7709018,1973508608,1973.508608,68,43,88,1,20250815_211716
1755260152.8072674,7709057,1973518592,1973.518592,72,43,88,1,20250815_211716
1755260152.8172514,7709096,1973528576,1973.528576,75,42,85,1,20250815_211716
1755260152.8272357,7709135,1973538560,1973.53856,78,42,84,1,20250815_211716
1755260152.8372197,7709174,1973548544,1973.548544,81,42,84,1,20250815_211716
1755260152.8472035,7709213,1973558528,1973.558528,84,42,85,1,20250815_211716
1755260152.8571875,7709252,1973568512,1973.568512,88,42,87,1,20250815_211716
1755260152.8671715,7709291,1973578496,1973.578496,91,42,86,1,20250815_211716
1755260152.8771555,7709330,1973588480,1973.58848,94,42,87,1,20250815_211716
1755260152.8871396,7709369,1973598464,1973.598464,97,42,87,1,20250815_211716
1755260152.8973796,7709409,1973608704,1973.608704,100,41,86,1,20250815_211716
1755260152.9073637,7709448,1973618688,1973.618688,103,41,86,1,20250815_211716
1755260152.9173474,7709487,1973628672,1973.628672,107,41,87,1,20250815_211716
1755260152.9273314,7709526,1973638656,1973.638656,110,40,87,1,20250815_211716
1755260152.9373157,7709565,1973648640,1973.64864,113,40,88,1,20250815_211716
1755260152.9472997,7709604,1973658624,1973.658624,116,40,87,1,20250815_211716
1755260152.9572835,7709643,1973668608,1973.668608,119,40,87,1,20250815_211716
1755260152.9672675,7709682,1973678592,1973.678592,123,40,88,1,20250815_211716
1755260152.9772515,7709721,1973688576,1973.688576,126,39,88,1,20250815_211716
1755260152.9872355,7709760,1973698560,1973.69856,129,40,88,1,20250815_211716
1755260152.9972196,7709799,1973708544,1973.708544,132,40,89,1,20250815_211716
1755260153.0072036,7709838,1973718528,1973.718528,135,40,89,1,20250815_211716
1755260153.0171876,7709877,1973728512,1973.728512,139,40,91,1,20250815_211716
1755260153.0271716,7709916,1973738496,1973.738496,142,40,92,1,20250815_211716
1755260153.0374117,7709956,1973748736,1973.748736,145,40,92,1,20250815_211716
1755260153.0473957,7709995,1973758720,1973.75872,148,40,94,1,20250815_211716
1755260153.0573795,7710034,1973768704,1973.768704,151,40,96,1,20250815_211716
1755260153.0673635,7710073,1973778688,1973.778688,154,41,100,1,20250815_211716
1755260153.0773475,7710112,1973788672,1973.788672,158,41,105,1,20250815_211716
1755260153.0873315,7710151,1973798656,1973.798656,161,41,112,1,20250815_211716
1755260153.0973155,7710190,1973808640,1973.80864,164,41,118,1,20250815_211716
1755260153.1072996,7710229,1973818624,1973.818624,167,42,122,1,20250815_211716
1755260153.1172836,7710268,1973828608,1973.828608,170,42,127,1,20250815_211716
1755260153.1272676,7710307,1973838592,1973.838592,174,43,130,1,20250815_211716
1755260153.1372516,7710346,1973848576,1973.848576,177,41,136,1,20250815_211716
1755260153.1472356,7710385,1973858560,1973.85856,180,42,142,1,20250815_211716
1755260153.1572196,7710424,1973868544,1973.868544,183,42,144,1,20250815_211716
1755260153.1672037,7710463,1973878528,1973.878528,186,42,144,1,20250815_211716
1755260153.1774435,7710503,1973888768,1973.888768,190,42,144,1,20250815_211716
1755260153.1874275,7710542,1973898752,1973.898752,193,43,146,1,20250815_211716
1755260153.1974115,7710581,1973908736,1973.908736,196,42,148,1,20250815_211716
1755260153.2073956,7710620,1973918720,1973.91872,199,43,149,1,20250815_211716
1755260153.2173796,7710659,1973928704,1973.928704,202,42,148,1,20250815_211716
1755260153.2273636,7710698,1973938688,1973.938688,205,42,149,1,20250815_211716
1755260153.2373476,7710737,1973948672,1973.948672,209,42,149,1,20250815_211716
1755260153.2473316,7710776,1973958656,1973.958656,212,42,151,1,20250815_211716
1755260153.2573156,7710815,1973968640,1973.96864,215,42,150,1,20250815_211716
1755260153.2672997,7710854,1973978624,1973.978624,218,42,151,1,20250815_211716
1755260153.2772834,7710893,1973988608,1973.988608,221,42,151,1,20250815_211716
1755260153.2872674,7710932,1973998592,1973.998592,225,42,151,1,20250815_211716
1755260153.2972517,7710971,1974008576,1974.008576,228,42,151,1,20250815_211716
1755260153.3072357,7711010,1974018560,1974.01856,231,43,150,1,20250815_211716
1755260153.3174756,7711050,1974028800,1974.0288,234,43,152,1,20250815_211716
1755260153.3274596,7711089,1974038784,1974.038784,237,43,152,1,20250815_211716
1755260153.3374436,7711128,1974048768,1974.048768,241,43,152,1,20250815_211716
1755260153.3474276,7711167,1974058752,1974.058752,244,44,151,1,20250815_211716
1755260153.3574116,7711206,1974068736,1974.068736,247,44,152,1,20250815_211716
1755260153.3673956,7711245,1974078720,1974.07872,250,44,152,1,20250815_211716
1755260153.3773797,7711284,1974088704,1974.088704,253,43,151,1,20250815_211716
1755260153.3873634,7711323,1974098688,1974.098688,1,44,151,1,20250815_211716
1755260153.3973477,7711362,1974108672,1974.108672,5,44,152,1,20250815_211716
1755260153.4073317,7711401,1974118656,1974.118656,8,44,151,1,20250815_211716
1755260153.4173155,7711440,1974128640,1974.12864,11,44,150,1,20250815_211716
1755260153.4272995,7711479,1974138624,1974.138624,14,44,150,1,20250815_211716
1755260153.4372835,7711518,1974148608,1974.148608,17,44,148,1,20250815_211716
1755260153.4472675,7711557,1974158592,1974.158592,21,44,147,1,20250815_211716
1755260153.4572515,7711596,1974168576,1974.168576,24,44,146,1,20250815_211716
1755260153.4674916,7711636,1974178816,1974.178816,27,44,144,1,20250815_211716
1755260153.4774756,7711675,1974188800,1974.1888,30,43,142,1,20250815_211716
1755260153.4874597,7711714,1974198784,1974.198784,33,44,140,1,20250815_211716
1755260153.4974434,7711753,1974208768,1974.208768,36,44,137,1,20250815_211716
1755260153.5074277,7711792,1974218752,1974.218752,40,44,134,1,20250815_211716
1755260153.5174117,7711831,1974228736,1974.228736,43,44,130,1,20250815_211716
1755260153.5273955,7711870,1974238720,1974.23872,46,44,122,1,20250815_211716
1755260153.5373795,7711909,1974248704,1974.248704,49,44,112,1,20250815_211716
1755260153.5473635,7711948,1974258688,1974.258688,52,44,104,1,20250815_211716
1755260153.5573475,7711987,1974268672,1974.268672,56,44,99,1,20250815_211716
1755260153.5673316,7712026,1974278656,1974.278656,59,44,93,1,20250815_211716
1755260153.5773156,7712065,1974288640,1974.28864,62,43,89,1,20250815_211716
1755260153.5872996,7712104,1974298624,1974.298624,65,43,87,1,20250815_211716
1755260153.5972836,7712143,1974308608,1974.308608,68,43,88,1,20250815_211716
1755260153.6075234,7712183,1974318848,1974.318848,72,42,87,1,20250815_211716
1755260153.6175077,7712222,1974328832,1974.328832,75,42,85,1,20250815_211716
1755260153.6274917,7712261,1974338816,1974.338816,78,42,85,1,20250815_211716
1755260153.6374755,7712300,1974348800,1974.3488,81,41,86,1,20250815_211716
1755260153.6474595,7712339,1974358784,1974.358784,84,42,87,1,20250815_211716
1755260153.6574435,7712378,1974368768,1974.368768,87,41,88,1,20250815_211716
1755260153.6674275,7712417,1974378752,1974.378752,91,42,86,1,20250815_211716
1755260153.6774116,7712456,1974388736,1974.388736,94,41,88,1,20250815_211716
1755260153.6873956,7712495,1974398720,1974.39872,97,41,87,1,20250815_211716
1755260153.6973796,7712534,1974408704,1974.408704,100,41,86,1,20250815_211716
1755260153.7073636,7712573,1974418688,1974.418688,103,41,87,1,20250815_211716
1755260153.7173476,7712612,1974428672,1974.428672,107,40,88,1,20250815_211716
1755260153.7273316,7712651,1974438656,1974.438656,110,40,88,1,20250815_211716
1755260153.7373157,7712690,1974448640,1974.44864,113,40,87,1,20250815_211716
1755260153.7475555,7712730,1974458880,1974.45888,116,40,87,1,20250815_211716
1755260153.7575395,7712769,1974468864,1974.468864,119,40,87,1,20250815_211716
1755260153.7675235,7712808,1974478848,1974.478848,123,40,88,1,20250815_211716
1755260153.7775075,7712847,1974488832,1974.488832,126,40,88,1,20250815_211716
1755260153.7874916,7712886,1974498816,1974.498816,129,39,88,1,20250815_211716
1755260153.7974756,7712925,1974508800,1974.5088,132,40,89,1,20250815_211716
1755260153.8074596,7712964,1974518784,1974.518784,135,40,89,1,20250815_211716
1755260153.8174436,7713003,1974528768,1974.528768,138,40,90,1,20250815_211716
1755260153.8274276,7713042,1974538752,1974.538752,142,40,92,1,20250815_211716
1755260153.8374116,7713081,1974548736,1974.548736,145,40,92,1,20250815_211716
1755260153.8473957,7713120,1974558720,1974.55872,148,40,93,1,20250815_211716
1755260153.8573794,7713159,1974568704,1974.568704,151,40,96,1,20250815_211716
1755260153.8673637,7713198,1974578688,1974.578688,154,40,100,1,20250815_211716
1755260153.8773477,7713237,1974588672,1974.588672,158,40,104,1,20250815_211716
1755260153.8873315,7713276,1974598656,1974.598656,161,41,112,1,20250815_211716
1755260153.8975716,7713316,1974608896,1974.608896,164,42,117,1,20250815_211716
1755260153.9075556,7713355,1974618880,1974.61888,167,41,122,1,20250815_211716
1755260153.9175396,7713394,1974628864,1974.628864,170,41,127,1,20250815_211716
1755260153.9275236,7713433,1974638848,1974.638848,174,42,130,1,20250815_211716
1755260153.9375076,7713472,1974648832,1974.648832,177,42,136,1,20250815_211716
1755260153.9474916,7713511,1974658816,1974.658816,180,42,143,1,20250815_211716
1755260153.9574757,7713550,1974668800,1974.6688,183,42,144,1,20250815_211716
1755260153.9674594,7713589,1974678784,1974.678784,186,42,144,1,20250815_211716
1755260153.9774437,7713628,1974688768,1974.688768,189,42,143,1,20250815_211716
1755260153.9874277,7713667,1974698752,1974.698752,193,42,146,1,20250815_211716
1755260153.9974115,7713706,1974708736,1974.708736,196,42,147,1,20250815_211716
1755260154.0073955,7713745,1974718720,1974.71872,199,42,148,1,20250815_211716
1755260154.0173795,7713784,1974728704,1974.728704,202,42,149,1,20250815_211716
1755260154.0273635,7713823,1974738688,1974.738688,205,42,150,1,20250815_211716
1755260154.0376036,7713863,1974748928,1974.748928,209,42,150,1,20250815_211716
1755260154.0475876,7713902,1974758912,1974.758912,212,42,150,1,20250815_211716
1755260154.0575716,7713941,1974768896,1974.768896,215,42,151,1,20250815_211716
1755260154.0675554,7713980,1974778880,1974.77888,218,42,152,1,20250815_211716
1755260154.0775394,7714019,1974788864,1974.788864,221,42,151,1,20250815_211716
1755260154.0875237,7714058,1974798848,1974.798848,224,42,152,1,20250815_211716
1755260154.0975077,7714097,1974808832,1974.808832,228,42,152,1,20250815_211716
1755260154.1074915,7714136,1974818816,1974.818816,231,42,151,1,20250815_211716
1755260154.1174755,7714175,1974828800,1974.8288,234,42,152,1,20250815_211716
1755260154.1274595,7714214,1974838784,1974.838784,237,42,152,1,20250815_211716
1755260154.1374435,7714253,1974848768,1974.848768,240,43,152,1,20250815_211716
1755260154.1474276,7714292,1974858752,1974.858752,244,43,152,1,20250815_211716
1755260154.1574116,7714331,1974868736,1974.868736,247,43,151,1,20250815_211716
1755260154.1673956,7714370,1974878720,1974.87872,250,43,150,1,20250815_211716
1755260154.1773796,7714409,1974888704,1974.888704,253,43,151,1,20250815_211716
1755260154.1876194,7714449,1974898944,1974.898944,1,43,150,1,20250815_211716
1755260154.1976037,7714488,1974908928,1974.908928,5,43,151,1,20250815_211716
1755260154.2075877,7714527,1974918912,1974.918912,8,43,150,1,20250815_211716
1755260154.2175715,7714566,1974928896,1974.928896,11,43,149,1,20250815_211716
1755260154.2275555,7714605,1974938880,1974.93888,14,43,149,1,20250815_211716
1755260154.2375395,7714644,1974948864,1974.948864,17,43,148,1,20250815_211716
1755260154.2475235,7714683,1974958848,1974.958848,20,44,147,1,20250815_211716
1755260154.2575076,7714722,1974968832,1974.968832,24,43,144,1,20250815_211716
1755260154.2674916,7714761,1974978816,1974.978816,27,43,143,1,20250815_211716
1755260154.2774756,7714800,1974988800,1974.9888,30,43,142,1,20250815_211716
1755260154.2874596,7714839,1974998784,1974.998784,33,44,141,1,20250815_211716
1755260154.2974436,7714878,1975008768,1975.008768,36,44,137,1,20250815_211716
1755260154.3076837,7714918,1975019008,1975.019008,40,44,134,1,20250815_211716
1755260154.3176675,7714957,1975028992,1975.028992,43,44,131,1,20250815_211716
1755260154.3276515,7714996,1975038976,1975.038976,46,44,126,1,20250815_211716
1755260154.3376355,7715035,1975048960,1975.04896,49,44,116,1,20250815_211716
1755260154.3476195,7715074,1975058944,1975.058944,52,44,106,1,20250815_211716
1755260154.3576035,7715113,1975068928,1975.068928,56,44,101,1,20250815_211716
1755260154.3675876,7715152,1975078912,1975.078912,59,44,94,1,20250815_211716
1755260154.3778276,7715192,1975089152,1975.089152,62,43,90,1,20250815_211716
1755260154.3878117,7715231,1975099136,1975.099136,65,43,88,1,20250815_211716
1755260154.3977954,7715270,1975109120,1975.10912,68,43,87,1,20250815_211716
1755260154.4077797,7715309,1975119104,1975.119104,72,43,87,1,20250815_211716
1755260154.4177637,7715348,1975129088,1975.129088,75,42,85,1,20250815_211716
1755260154.4277475,7715387,1975139072,1975.139072,78,42,85,1,20250815_211716
1755260154.4379876,7715427,1975149312,1975.149312,81,42,85,1,20250815_211716
1755260154.4479716,7715466,1975159296,1975.159296,84,42,87,1,20250815_211716
1755260154.4579556,7715505,1975169280,1975.16928,87,41,87,1,20250815_211716
1755260154.4679396,7715544,1975179264,1975.179264,91,42,86,1,20250815_211716
1755260154.4779236,7715583,1975189248,1975.189248,94,41,87,1,20250815_211716
1755260154.4879076,7715622,1975199232,1975.199232,97,41,87,1,20250815_211716
1755260154.4978917,7715661,1975209216,1975.209216,100,41,87,1,20250815_211716
1755260154.5078754,7715700,1975219200,1975.2192,103,41,87,1,20250815_211716
1755260154.5181155,7715740,1975229440,1975.22944,107,41,88,1,20250815_211716
1755260154.5280995,7715779,1975239424,1975.239424,110,41,88,1,20250815_211716
1755260154.5380836,7715818,1975249408,1975.249408,113,40,86,1,20250815_211716
1755260154.5480676,7715857,1975259392,1975.259392,116,40,86,1,20250815_211716
1755260154.5580516,7715896,1975269376,1975.269376,119,40,87,1,20250815_211716
1755260154.5680356,7715935,1975279360,1975.27936,123,39,88,1,20250815_211716
1755260154.5780196,7715974,1975289344,1975.289344,126,39,88,1,20250815_211716
1755260154.5882597,7716014,1975299584,1975.299584,129,40,89,1,20250815_211716
1755260154.5982437,7716053,1975309568,1975.309568,132,39,89,1,20250815_211716
1755260154.6082275,7716092,1975319552,1975.319552,135,39,90,1,20250815_211716
1755260154.6182115,7716131,1975329536,1975.329536,139,39,90,1,20250815_211716
1755260154.6281955,7716170,1975339520,1975.33952,142,40,92,1,20250815_211716
1755260154.6381795,7716209,1975349504,1975.349504,145,39,93,1,20250815_211716
1755260154.6481636,7716248,1975359488,1975.359488,148,40,94,1,20250815_211716
1755260154.6584036,7716288,1975369728,1975.369728,151,40,97,1,20250815_211716
1755260154.6683877,7716327,1975379712,1975.379712,155,40,100,1,20250815_211716
1755260154.6783714,7716366,1975389696,1975.389696,158,40,107,1,20250815_211716
1755260154.6883554,7716405,1975399680,1975.39968,161,40,113,1,20250815_211716
1755260154.6983397,7716444,1975409664,1975.409664,164,41,119,1,20250815_211716
1755260154.7083237,7716483,1975419648,1975.419648,167,41,123,1,20250815_211716
1755260154.7183075,7716522,1975429632,1975.429632,170,41,127,1,20250815_211716
1755260154.7282915,7716561,1975439616,1975.439616,174,41,131,1,20250815_211716
1755260154.7385316,7716601,1975449856,1975.449856,177,41,138,1,20250815_211716
1755260154.7485156,7716640,1975459840,1975.45984,180,41,143,1,20250815_211716
1755260154.7584996,7716679,1975469824,1975.469824,183,41,144,1,20250815_211716
1755260154.7684836,7716718,1975479808,1975.479808,186,41,143,1,20250815_211716
1755260154.7784677,7716757,1975489792,1975.489792,190,41,145,1,20250815_211716
1755260154.7884514,7716796,1975499776,1975.499776,193,41,146,1,20250815_211716
1755260154.7986915,7716836,1975510016,1975.510016,196,41,147,1,20250815_211716
1755260154.8086755,7716875,1975520000,1975.52,199,41,148,1,20250815_211716
1755260154.8186595,7716914,1975529984,1975.529984,202,41,149,1,20250815_211716
1755260154.8286436,7716953,1975539968,1975.539968,206,41,150,1,20250815_211716
1755260154.8386276,7716992,1975549952,1975.549952,209,41,149,1,20250815_211716
1755260154.8486116,7717031,1975559936,1975.559936,212,41,150,1,20250815_211716
1755260154.8585956,7717070,1975569920,1975.56992,215,41,151,1,20250815_211716
1755260154.8685796,7717109,1975579904,1975.579904,218,41,151,1,20250815_211716
1755260154.8785636,7717148,1975589888,1975.589888,222,41,150,1,20250815_211716
1755260154.8885477,7717187,1975599872,1975.599872,225,41,152,1,20250815_211716
1755260154.8985314,7717226,1975609856,1975.609856,228,41,151,1,20250815_211716
1755260154.9085157,7717265,1975619840,1975.61984,231,42,152,1,20250815_211716
1755260154.9184997,7717304,1975629824,1975.629824,234,42,152,1,20250815_211716
1755260154.9287395,7717344,1975640064,1975.640064,237,42,152,1,20250815_211716
1755260154.9387236,7717383,1975650048,1975.650048,241,42,151,1,20250815_211716
1755260154.9487076,7717422,1975660032,1975.660032,244,42,151,1,20250815_211716
1755260154.9586916,7717461,1975670016,1975.670016,247,43,151,1,20250815_211716
1755260154.9686756,7717500,1975680000,1975.68,250,43,151,1,20250815_211716
1755260154.9786596,7717539,1975689984,1975.689984,253,43,152,1,20250815_211716
1755260154.9886436,7717578,1975699968,1975.699968,2,43,152,1,20250815_211716
1755260154.9986277,7717617,1975709952,1975.709952,5,43,152,1,20250815_211716
1755260155.0086114,7717656,1975719936,1975.719936,8,43,151,1,20250815_211716
1755260155.0185957,7717695,1975729920,1975.72992,11,43,151,1,20250815_211716
1755260155.0285797,7717734,1975739904,1975.739904,14,43,149,1,20250815_211716
1755260155.0385635,7717773,1975749888,1975.749888,18,43,148,1,20250815_211716
1755260155.0485475,7717812,1975759872,1975.759872,21,43,147,1,20250815_211716
1755260155.0585315,7717851,1975769856,1975.769856,24,43,146,1,20250815_211716
1755260155.0687716,7717891,1975780096,1975.780096,27,43,144,1,20250815_211716
1755260155.0787556,7717930,1975790080,1975.79008,30,43,142,1,20250815_211716
1755260155.0887396,7717969,1975800064,1975.800064,33,43,139,1,20250815_211716
1755260155.0987236,7718008,1975810048,1975.810048,37,42,136,1,20250815_211716
1755260155.1087074,7718047,1975820032,1975.820032,40,43,134,1,20250815_211716
1755260155.1186914,7718086,1975830016,1975.830016,43,43,130,1,20250815_211716
1755260155.1286757,7718125,1975840000,1975.84,46,44,124,1,20250815_211716
1755260155.1386597,7718164,1975849984,1975.849984,49,42,113,1,20250815_211716
1755260155.1486435,7718203,1975859968,1975.859968,53,43,105,1,20250815_211716
1755260155.1586275,7718242,1975869952,1975.869952,56,43,100,1,20250815_211716
1755260155.1686115,7718281,1975879936,1975.879936,59,43,94,1,20250815_211716
1755260155.1785955,7718320,1975889920,1975.88992,62,42,90,1,20250815_211716
1755260155.1885796,7718359,1975899904,1975.899904,65,42,88,1,20250815_211716
1755260155.1985636,7718398,1975909888,1975.909888,69,41,88,1,20250815_211716
1755260155.2085476,7718437,1975919872,1975.919872,72,41,86,1,20250815_211716
1755260155.2187874,7718477,1975930112,1975.930112,75,41,84,1,20250815_211716
1755260155.2287714,7718516,1975940096,1975.940096,78,41,84,1,20250815_211716
1755260155.2387557,7718555,1975950080,1975.95008,81,41,85,1,20250815_211716
1755260155.2487395,7718594,1975960064,1975.960064,84,41,86,1,20250815_211716
1755260155.2587235,7718633,1975970048,1975.970048,88,41,87,1,20250815_211716
1755260155.2687075,7718672,1975980032,1975.980032,91,40,86,1,20250815_211716
1755260155.2786915,7718711,1975990016,1975.990016,94,40,86,1,20250815_211716
1755260155.2886755,7718750,1976000000,1976.0,97,40,86,1,20250815_211716
1755260155.2986596,7718789,1976009984,1976.009984,100,40,87,1,20250815_211716
1755260155.3086436,7718828,1976019968,1976.019968,104,40,87,1,20250815_211716
1755260155.3186276,7718867,1976029952,1976.029952,107,40,88,1,20250815_211716
1755260155.3286116,7718906,1976039936,1976.039936,110,40,88,1,20250815_211716
1755260155.3385956,7718945,1976049920,1976.04992,113,39,86,1,20250815_211716
1755260155.3485796,7718984,1976059904,1976.059904,116,39,87,1,20250815_211716
1755260155.3588195,7719024,1976070144,1976.070144,119,39,88,1,20250815_211716
1755260155.3688035,7719063,1976080128,1976.080128,123,39,88,1,20250815_211716
1755260155.3787875,7719102,1976090112,1976.090112,126,39,88,1,20250815_211716
1755260155.3887715,7719141,1976100096,1976.100096,129,39,88,1,20250815_211716
1755260155.3987556,7719180,1976110080,1976.11008,132,39,89,1,20250815_211716
1755260155.4087396,7719219,1976120064,1976.120064,135,39,90,1,20250815_211716
1755260155.4187236,7719258,1976130048,1976.130048,139,39,91,1,20250815_211716
1755260155.4287076,7719297,1976140032,1976.140032,142,40,92,1,20250815_211716
1755260155.4386916,7719336,1976150016,1976.150016,145,39,93,1,20250815_211716
1755260155.4486756,7719375,1976160000,1976.16,148,40,95,1,20250815_211716
1755260155.4586596,7719414,1976169984,1976.169984,151,40,97,1,20250815_211716
1755260155.4686437,7719453,1976179968,1976.179968,155,40,101,1,20250815_211716
1755260155.4786274,7719492,1976189952,1976.189952,158,40,106,1,20250815_211716
1755260155.4886117,7719531,1976199936,1976.199936,161,41,112,1,20250815_211716
1755260155.4988515,7719571,1976210176,1976.210176,164,41,118,1,20250815_211716
1755260155.5088356,7719610,1976220160,1976.22016,167,41,122,1,20250815_211716
1755260155.5188196,7719649,1976230144,1976.230144,170,42,127,1,20250815_211716
1755260155.5288036,7719688,1976240128,1976.240128,174,42,131,1,20250815_211716
1755260155.5387876,7719727,1976250112,1976.250112,177,42,137,1,20250815_211716
1755260155.5487716,7719766,1976260096,1976.260096,180,42,144,1,20250815_211716
1755260155.5587556,7719805,1976270080,1976.27008,183,42,144,1,20250815_211716
1755260155.5687397,7719844,1976280064,1976.280064,186,42,144,1,20250815_211716
1755260155.5787234,7719883,1976290048,1976.290048,190,42,145,1,20250815_211716
1755260155.5887074,7719922,1976300032,1976.300032,193,42,146,1,20250815_211716
1755260155.5986917,7719961,1976310016,1976.310016,196,42,148,1,20250815_211716
1755260155.6086757,7720000,1976320000,1976.32,199,42,149,1,20250815_211716
1755260155.6186595,7720039,1976329984,1976.329984,202,42,148,1,20250815_211716
1755260155.6286435,7720078,1976339968,1976.339968,206,41,149,1,20250815_211716
1755260155.6386275,7720117,1976349952,1976.349952,209,41,150,1,20250815_211716
1755260155.6488676,7720157,1976360192,1976.360192,212,42,150,1,20250815_211716
1755260155.6588516,7720196,1976370176,1976.370176,215,42,151,1,20250815_211716
1755260155.6688356,7720235,1976380160,1976.38016,218,42,151,1,20250815_211716
1755260155.6788197,7720274,1976390144,1976.390144,221,42,152,1,20250815_211716
1755260155.6888034,7720313,1976400128,1976.400128,225,42,151,1,20250815_211716
1755260155.6987877,7720352,1976410112,1976.410112,228,41,152,1,20250815_211716
1755260155.7087717,7720391,1976420096,1976.420096,231,42,153,1,20250815_211716
1755260155.7187555,7720430,1976430080,1976.43008,234,42,152,1,20250815_211716
1755260155.7287395,7720469,1976440064,1976.440064,237,42,152,1,20250815_211716
1755260155.7387235,7720508,1976450048,1976.450048,241,42,151,1,20250815_211716
1755260155.7487075,7720547,1976460032,1976.460032,244,42,150,1,20250815_211716
1755260155.7586915,7720586,1976470016,1976.470016,247,43,151,1,20250815_211716
1755260155.7686756,7720625,1976480000,1976.48,250,43,151,1,20250815_211716
1755260155.7786596,7720664,1976489984,1976.489984,253,43,151,1,20250815_211716
1755260155.7886436,7720703,1976499968,1976.499968,2,43,152,1,20250815_211716
1755260155.7988834,7720743,1976510208,1976.510208,5,42,151,1,20250815_211716
1755260155.8088677,7720782,1976520192,1976.520192,8,43,151,1,20250815_211716
1755260155.8188517,7720821,1976530176,1976.530176,11,43,151,1,20250815_211716
1755260155.8288355,7720860,1976540160,1976.54016,14,43,149,1,20250815_211716
1755260155.8388195,7720899,1976550144,1976.550144,17,43,148,1,20250815_211716
1755260155.8488035,7720938,1976560128,1976.560128,21,43,147,1,20250815_211716
1755260155.8587875,7720977,1976570112,1976.570112,24,43,145,1,20250815_211716
1755260155.8687716,7721016,1976580096,1976.580096,27,43,144,1,20250815_211716
1755260155.8787556,7721055,1976590080,1976.59008,30,42,141,1,20250815_211716
1755260155.8887396,7721094,1976600064,1976.600064,33,43,140,1,20250815_211716
1755260155.8987236,7721133,1976610048,1976.610048,37,43,135,1,20250815_211716
1755260155.9087076,7721172,1976620032,1976.620032,40,43,132,1,20250815_211716
1755260155.9186916,7721211,1976630016,1976.630016,43,43,128,1,20250815_211716
1755260155.9286757,7721250,1976640000,1976.64,46,44,119,1,20250815_211716
1755260155.9389155,7721290,1976650240,1976.65024,49,43,110,1,20250815_211716
1755260155.9488995,7721329,1976660224,1976.660224,52,44,102,1,20250815_211716
1755260155.9588835,7721368,1976670208,1976.670208,56,43,98,1,20250815_211716
1755260155.9688675,7721407,1976680192,1976.680192,59,43,93,1,20250815_211716
1755260155.9788516,7721446,1976690176,1976.690176,62,43,89,1,20250815_211716
1755260155.9888356,7721485,1976700160,1976.70016,65,43,87,1,20250815_211716
1755260155.9988196,7721524,1976710144,1976.710144,68,42,88,1,20250815_211716
1755260156.0088036,7721563,1976720128,1976.720128,72,42,86,1,20250815_211716
1755260156.0187876,7721602,1976730112,1976.730112,75,42,85,1,20250815_211716
1755260156.0287716,7721641,1976740096,1976.740096,78,42,85,1,20250815_211716
1755260156.0387557,7721680,1976750080,1976.75008,81,42,86,1,20250815_211716
1755260156.0487394,7721719,1976760064,1976.760064,84,42,83,1,20250815_211716
1755260156.0587234,7721758,1976770048,1976.770048,88,41,87,1,20250815_211716
1755260156.0687077,7721797,1976780032,1976.780032,91,41,86,1,20250815_211716
1755260156.0786915,7721836,1976790016,1976.790016,94,41,88,1,20250815_211716
1755260156.0889316,7721876,1976800256,1976.800256,97,41,88,1,20250815_211716
1755260156.0989156,7721915,1976810240,1976.81024,100,41,87,1,20250815_211716
1755260156.1088996,7721954,1976820224,1976.820224,103,41,87,1,20250815_211716
1755260156.1188836,7721993,1976830208,1976.830208,107,40,87,1,20250815_211716
1755260156.1288676,7722032,1976840192,1976.840192,110,41,88,1,20250815_211716
1755260156.1388516,7722071,1976850176,1976.850176,113,40,87,1,20250815_211716
1755260156.1488357,7722110,1976860160,1976.86016,116,40,88,1,20250815_211716
1755260156.1588194,7722149,1976870144,1976.870144,119,40,88,1,20250815_211716
1755260156.1688037,7722188,1976880128,1976.880128,123,40,89,1,20250815_211716
1755260156.1787877,7722227,1976890112,1976.890112,126,40,89,1,20250815_211716
1755260156.1887715,7722266,1976900096,1976.900096,129,39,90,1,20250815_211716
1755260156.1987555,7722305,1976910080,1976.91008,132,40,90,1,20250815_211716
1755260156.2087395,7722344,1976920064,1976.920064,135,40,90,1,20250815_211716
1755260156.2187235,7722383,1976930048,1976.930048,139,40,91,1,20250815_211716
1755260156.2289636,7722423,1976940288,1976.940288,142,40,92,1,20250815_211716
1755260156.2389476,7722462,1976950272,1976.950272,145,40,94,1,20250815_211716
1755260156.2489316,7722501,1976960256,1976.960256,148,40,95,1,20250815_211716
1755260156.2589157,7722540,1976970240,1976.97024,151,40,99,1,20250815_211716
1755260156.2688994,7722579,1976980224,1976.980224,154,41,104,1,20250815_211716
1755260156.2788837,7722618,1976990208,1976.990208,158,41,111,1,20250815_211716
1755260156.2888677,7722657,1977000192,1977.000192,161,41,115,1,20250815_211716
1755260156.2988515,7722696,1977010176,1977.010176,164,41,120,1,20250815_211716
1755260156.3088355,7722735,1977020160,1977.02016,167,42,124,1,20250815_211716
1755260156.3188195,7722774,1977030144,1977.030144,170,42,127,1,20250815_211716
1755260156.3288035,7722813,1977040128,1977.040128,174,43,133,1,20250815_211716
1755260156.3387876,7722852,1977050112,1977.050112,177,42,139,1,20250815_211716
1755260156.3487716,7722891,1977060096,1977.060096,180,42,144,1,20250815_211716
1755260156.3587556,7722930,1977070080,1977.07008,183,42,144,1,20250815_211716
1755260156.3687396,7722969,1977080064,1977.080064,186,43,144,1,20250815_211716
1755260156.3789794,7723009,1977090304,1977.090304,189,43,144,1,20250815_211716
1755260156.3889637,7723048,1977100288,1977.100288,193,42,146,1,20250815_211716
1755260156.3989477,7723087,1977110272,1977.110272,196,42,148,1,20250815_211716
1755260156.4089315,7723126,1977120256,1977.120256,199,42,149,1,20250815_211716
1755260156.4189155,7723165,1977130240,1977.13024,202,42,149,1,20250815_211716
1755260156.4288995,7723204,1977140224,1977.140224,205,42,149,1,20250815_211716
1755260156.4388835,7723243,1977150208,1977.150208,209,42,151,1,20250815_211716
1755260156.4488676,7723282,1977160192,1977.160192,212,42,151,1,20250815_211716
1755260156.4588516,7723321,1977170176,1977.170176,215,42,151,1,20250815_211716
1755260156.4688356,7723360,1977180160,1977.18016,218,42,152,1,20250815_211716
1755260156.4788196,7723399,1977190144,1977.190144,221,42,152,1,20250815_211716
1755260156.4888036,7723438,1977200128,1977.200128,225,43,153,1,20250815_211716
1755260156.4987876,7723477,1977210112,1977.210112,228,42,152,1,20250815_211716
1755260156.5087717,7723516,1977220096,1977.220096,231,42,151,1,20250815_211716
1755260156.5190115,7723556,1977230336,1977.230336,234,42,153,1,20250815_211716
1755260156.5289955,7723595,1977240320,1977.24032,237,42,152,1,20250815_211716
1755260156.5389795,7723634,1977250304,1977.250304,240,43,153,1,20250815_211716
1755260156.5489635,7723673,1977260288,1977.260288,244,43,152,1,20250815_211716
1755260156.5589476,7723712,1977270272,1977.270272,247,43,152,1,20250815_211716
1755260156.5689316,7723751,1977280256,1977.280256,250,44,152,1,20250815_211716
1755260156.5789156,7723790,1977290240,1977.29024,253,43,152,1,20250815_211716
1755260156.5888996,7723829,1977300224,1977.300224,1,43,152,1,20250815_211716
1755260156.5988836,7723868,1977310208,1977.310208,5,43,151,1,20250815_211716
1755260156.6088676,7723907,1977320192,1977.320192,8,43,151,1,20250815_211716
1755260156.6188517,7723946,1977330176,1977.330176,11,43,151,1,20250815_211716
1755260156.6288354,7723985,1977340160,1977.34016,14,44,150,1,20250815_211716
1755260156.6388197,7724024,1977350144,1977.350144,17,43,148,1,20250815_211716
1755260156.6488037,7724063,1977360128,1977.360128,21,44,147,1,20250815_211716
1755260156.6590436,7724103,1977370368,1977.370368,24,43,144,1,20250815_211716
1755260156.6690276,7724142,1977380352,1977.380352,27,43,143,1,20250815_211716
1755260156.6790116,7724181,1977390336,1977.390336,30,43,141,1,20250815_211716
1755260156.6889956,7724220,1977400320,1977.40032,33,44,138,1,20250815_211716
1755260156.6989796,7724259,1977410304,1977.410304,36,43,135,1,20250815_211716
1755260156.7089636,7724298,1977420288,1977.420288,40,43,130,1,20250815_211716
1755260156.7189476,7724337,1977430272,1977.430272,43,44,128,1,20250815_211716
1755260156.7289317,7724376,1977440256,1977.440256,46,43,116,1,20250815_211716
1755260156.7389154,7724415,1977450240,1977.45024,49,44,109,1,20250815_211716
1755260156.7488997,7724454,1977460224,1977.460224,52,44,100,1,20250815_211716
1755260156.7588837,7724493,1977470208,1977.470208,56,43,96,1,20250815_211716
1755260156.7688675,7724532,1977480192,1977.480192,59,43,91,1,20250815_211716
1755260156.7788515,7724571,1977490176,1977.490176,62,43,88,1,20250815_211716
1755260156.7888355,7724610,1977500160,1977.50016,65,43,86,1,20250815_211716
1755260156.7988195,7724649,1977510144,1977.510144,68,43,89,1,20250815_211716
1755260156.8090596,7724689,1977520384,1977.520384,72,43,86,1,20250815_211716
1755260156.8190436,7724728,1977530368,1977.530368,75,42,85,1,20250815_211716
1755260156.8290277,7724767,1977540352,1977.540352,78,42,87,1,20250815_211716
1755260156.8390114,7724806,1977550336,1977.550336,81,42,86,1,20250815_211716
1755260156.8489954,7724845,1977560320,1977.56032,84,42,88,1,20250815_211716
1755260156.8589797,7724884,1977570304,1977.570304,87,42,88,1,20250815_211716
1755260156.8689637,7724923,1977580288,1977.580288,91,42,87,1,20250815_211716
1755260156.8789475,7724962,1977590272,1977.590272,94,41,87,1,20250815_211716
1755260156.8889315,7725001,1977600256,1977.600256,97,41,87,1,20250815_211716
1755260156.8989155,7725040,1977610240,1977.61024,100,41,87,1,20250815_211716
1755260156.9088995,7725079,1977620224,1977.620224,103,41,87,1,20250815_211716
1755260156.9188836,7725118,1977630208,1977.630208,107,40,87,1,20250815_211716
1755260156.9288676,7725157,1977640192,1977.640192,110,40,87,1,20250815_211716
1755260156.9388516,7725196,1977650176,1977.650176,113,40,88,1,20250815_211716
1755260156.9490914,7725236,1977660416,1977.660416,116,40,87,1,20250815_211716
1755260156.9590757,7725275,1977670400,1977.6704,119,40,88,1,20250815_211716
1755260156.9690597,7725314,1977680384,1977.680384,123,40,89,1,20250815_211716
1755260156.9790435,7725353,1977690368,1977.690368,126,39,89,1,20250815_211716
1755260156.9890275,7725392,1977700352,1977.700352,129,40,89,1,20250815_211716
1755260156.9990115,7725431,1977710336,1977.710336,132,40,90,1,20250815_211716
1755260157.0089955,7725470,1977720320,1977.72032,135,40,90,1,20250815_211716
1755260157.0189795,7725509,1977730304,1977.730304,138,40,92,1,20250815_211716
1755260157.0289636,7725548,1977740288,1977.740288,142,40,92,1,20250815_211716
1755260157.0389476,7725587,1977750272,1977.750272,145,40,93,1,20250815_211716
1755260157.0489316,7725626,1977760256,1977.760256,148,40,96,1,20250815_211716
1755260157.0589156,7725665,1977770240,1977.77024,151,40,98,1,20250815_211716
1755260157.0688996,7725704,1977780224,1977.780224,154,41,103,1,20250815_211716
1755260157.0788836,7725743,1977790208,1977.790208,158,41,108,1,20250815_211716
1755260157.0891235,7725783,1977800448,1977.800448,161,41,113,1,20250815_211716
1755260157.0991075,7725822,1977810432,1977.810432,164,41,119,1,20250815_211716
1755260157.1090915,7725861,1977820416,1977.820416,167,41,122,1,20250815_211716
1755260157.1190755,7725900,1977830400,1977.8304,170,42,127,1,20250815_211716
1755260157.1290596,7725939,1977840384,1977.840384,173,42,132,1,20250815_211716
1755260157.1390436,7725978,1977850368,1977.850368,177,42,138,1,20250815_211716
1755260157.1490276,7726017,1977860352,1977.860352,180,42,143,1,20250815_211716
1755260157.1590116,7726056,1977870336,1977.870336,183,42,144,1,20250815_211716
1755260157.1689956,7726095,1977880320,1977.88032,186,42,145,1,20250815_211716
1755260157.1789796,7726134,1977890304,1977.890304,189,42,144,1,20250815_211716
1755260157.1889637,7726173,1977900288,1977.900288,193,42,146,1,20250815_211716
1755260157.1989474,7726212,1977910272,1977.910272,196,42,148,1,20250815_211716
1755260157.2089314,7726251,1977920256,1977.920256,199,42,149,1,20250815_211716
1755260157.2189157,7726290,1977930240,1977.93024,202,42,149,1,20250815_211716
1755260157.2291555,7726330,1977940480,1977.94048,205,42,150,1,20250815_211716
1755260157.2391396,7726369,1977950464,1977.950464,209,42,149,1,20250815_211716
1755260157.2491236,7726408,1977960448,1977.960448,212,42,150,1,20250815_211716
1755260157.2591076,7726447,1977970432,1977.970432,215,42,151,1,20250815_211716
1755260157.2690916,7726486,1977980416,1977.980416,218,43,151,1,20250815_211716
1755260157.2790756,7726525,1977990400,1977.9904,221,42,152,1,20250815_211716
1755260157.2890596,7726564,1978000384,1978.000384,224,42,152,1,20250815_211716
1755260157.2990437,7726603,1978010368,1978.010368,228,43,152,1,20250815_211716
1755260157.3090274,7726642,1978020352,1978.020352,231,42,151,1,20250815_211716
1755260157.3190114,7726681,1978030336,1978.030336,234,43,152,1,20250815_211716
1755260157.3289957,7726720,1978040320,1978.04032,237,42,152,1,20250815_211716
1755260157.3389795,7726759,1978050304,1978.050304,240,43,152,1,20250815_211716
1755260157.3489635,7726798,1978060288,1978.060288,244,43,152,1,20250815_211716
1755260157.3589475,7726837,1978070272,1978.070272,247,44,152,1,20250815_211716
1755260157.3689315,7726876,1978080256,1978.080256,250,44,152,1,20250815_211716
1755260157.3791716,7726916,1978090496,1978.090496,253,43,152,1,20250815_211716
1755260157.3891556,7726955,1978100480,1978.10048,1,43,152,1,20250815_211716
1755260157.3991396,7726994,1978110464,1978.110464,5,44,151,1,20250815_211716
1755260157.4091237,7727033,1978120448,1978.120448,8,44,151,1,20250815_211716
1755260157.4191074,7727072,1978130432,1978.130432,11,44,151,1,20250815_211716
1755260157.4290917,7727111,1978140416,1978.140416,14,44,149,1,20250815_211716
1755260157.4390757,7727150,1978150400,1978.1504,17,43,148,1,20250815_211716
1755260157.4490595,7727189,1978160384,1978.160384,20,44,147,1,20250815_211716
1755260157.4590435,7727228,1978170368,1978.170368,24,43,145,1,20250815_211716
1755260157.4690275,7727267,1978180352,1978.180352,27,44,144,1,20250815_211716
1755260157.4790115,7727306,1978190336,1978.190336,30,44,142,1,20250815_211716
1755260157.4889956,7727345,1978200320,1978.20032,33,44,140,1,20250815_211716
1755260157.4989796,7727384,1978210304,1978.210304,36,44,137,1,20250815_211716
1755260157.5089636,7727423,1978220288,1978.220288,40,44,133,1,20250815_211716
1755260157.5192037,7727463,1978230528,1978.230528,43,44,132,1,20250815_211716
1755260157.5291874,7727502,1978240512,1978.240512,46,44,127,1,20250815_211716
1755260157.5391717,7727541,1978250496,1978.250496,49,44,118,1,20250815_211716
1755260157.5491557,7727580,1978260480,1978.26048,52,44,107,1,20250815_211716
1755260157.5591395,7727619,1978270464,1978.270464,56,44,102,1,20250815_211716
1755260157.5691235,7727658,1978280448,1978.280448,59,43,95,1,20250815_211716
1755260157.5791075,7727697,1978290432,1978.290432,62,43,91,1,20250815_211716
1755260157.5890915,7727736,1978300416,1978.300416,65,43,88,1,20250815_211716
1755260157.5990756,7727775,1978310400,1978.3104,68,42,87,1,20250815_211716
1755260157.6090596,7727814,1978320384,1978.320384,71,42,88,1,20250815_211716
1755260157.6190436,7727853,1978330368,1978.330368,75,42,86,1,20250815_211716
1755260157.6290276,7727892,1978340352,1978.340352,78,42,84,1,20250815_211716
1755260157.6390116,7727931,1978350336,1978.350336,81,42,85,1,20250815_211716
1755260157.6489956,7727970,1978360320,1978.36032,84,41,86,1,20250815_211716
1755260157.6592357,7728010,1978370560,1978.37056,87,42,87,1,20250815_211716
1755260157.6692195,7728049,1978380544,1978.380544,91,42,87,1,20250815_211716
1755260157.6792035,7728088,1978390528,1978.390528,94,41,87,1,20250815_211716
1755260157.6891875,7728127,1978400512,1978.400512,97,41,87,1,20250815_211716
1755260157.6991715,7728166,1978410496,1978.410496,100,41,86,1,20250815_211716
1755260157.7091556,7728205,1978420480,1978.42048,103,41,86,1,20250815_211716
1755260157.7191396,7728244,1978430464,1978.430464,106,41,86,1,20250815_211716
1755260157.7291236,7728283,1978440448,1978.440448,110,41,86,1,20250815_211716
1755260157.7391076,7728322,1978450432,1978.450432,113,41,87,1,20250815_211716
1755260157.7490916,7728361,1978460416,1978.460416,116,41,87,1,20250815_211716
1755260157.7590756,7728400,1978470400,1978.4704,119,40,85,1,20250815_211716
1755260157.7690597,7728439,1978480384,1978.480384,122,41,87,1,20250815_211716
1755260157.7790434,7728478,1978490368,1978.490368,126,41,88,1,20250815_211716
1755260157.7890277,7728517,1978500352,1978.500352,129,41,88,1,20250815_211716
1755260157.7990117,7728556,1978510336,1978.510336,132,40,88,1,20250815_211716
1755260157.8092515,7728596,1978520576,1978.520576,135,41,90,1,20250815_211716
1755260157.8192356,7728635,1978530560,1978.53056,138,40,90,1,20250815_211716
1755260157.8292196,7728674,1978540544,1978.540544,142,41,91,1,20250815_211716
1755260157.8392036,7728713,1978550528,1978.550528,145,41,93,1,20250815_211716
1755260157.8491876,7728752,1978560512,1978.560512,148,41,94,1,20250815_211716
1755260157.8591716,7728791,1978570496,1978.570496,151,41,97,1,20250815_211716
1755260157.8691556,7728830,1978580480,1978.58048,154,41,101,1,20250815_211716
1755260157.8791397,7728869,1978590464,1978.590464,157,42,106,1,20250815_211716
1755260157.8891234,7728908,1978600448,1978.600448,161,42,112,1,20250815_211716
1755260157.8991077,7728947,1978610432,1978.610432,164,42,118,1,20250815_211716
1755260157.9090917,7728986,1978620416,1978.620416,167,42,123,1,20250815_211716
1755260157.9190755,7729025,1978630400,1978.6304,170,43,127,1,20250815_211716
1755260157.9290595,7729064,1978640384,1978.640384,173,43,131,1,20250815_211716
1755260157.9390435,7729103,1978650368,1978.650368,177,43,138,1,20250815_211716
1755260157.9492836,7729143,1978660608,1978.660608,180,43,143,1,20250815_211716
1755260157.9592676,7729182,1978670592,1978.670592,183,44,144,1,20250815_211716
1755260157.9692516,7729221,1978680576,1978.680576,186,44,144,1,20250815_211716
1755260157.9792356,7729260,1978690560,1978.69056,189,44,144,1,20250815_211716
1755260157.9892197,7729299,1978700544,1978.700544,193,43,146,1,20250815_211716
1755260157.9992034,7729338,1978710528,1978.710528,196,43,148,1,20250815_211716
1755260158.0091877,7729377,1978720512,1978.720512,199,43,148,1,20250815_211716
1755260158.0191717,7729416,1978730496,1978.730496,202,43,148,1,20250815_211716
1755260158.0291555,7729455,1978740480,1978.74048,205,43,150,1,20250815_211716
1755260158.0391395,7729494,1978750464,1978.750464,208,43,148,1,20250815_211716
1755260158.0491235,7729533,1978760448,1978.760448,212,44,150,1,20250815_211716
1755260158.0591075,7729572,1978770432,1978.770432,215,44,151,1,20250815_211716
1755260158.0690916,7729611,1978780416,1978.780416,218,43,151,1,20250815_211716
1755260158.0790756,7729650,1978790400,1978.7904,221,43,152,1,20250815_211716
1755260158.0890596,7729689,1978800384,1978.800384,224,43,150,1,20250815_211716
1755260158.0992994,7729729,1978810624,1978.810624,228,44,152,1,20250815_211716
1755260158.1092834,7729768,1978820608,1978.820608,231,43,151,1,20250815_211716
1755260158.1192677,7729807,1978830592,1978.830592,234,44,152,1,20250815_211716
1755260158.1292517,7729846,1978840576,1978.840576,237,44,153,1,20250815_211716
1755260158.1392355,7729885,1978850560,1978.85056,240,45,153,1,20250815_211716
1755260158.1492195,7729924,1978860544,1978.860544,244,44,152,1,20250815_211716
1755260158.1592035,7729963,1978870528,1978.870528,247,45,151,1,20250815_211716
1755260158.1691875,7730002,1978880512,1978.880512,250,45,152,1,20250815_211716
1755260158.1791716,7730041,1978890496,1978.890496,253,44,151,1,20250815_211716
1755260158.1891556,7730080,1978900480,1978.90048,1,44,151,1,20250815_211716
1755260158.1991396,7730119,1978910464,1978.910464,4,44,151,1,20250815_211716
1755260158.2091236,7730158,1978920448,1978.920448,8,45,151,1,20250815_211716
1755260158.2191076,7730197,1978930432,1978.930432,11,44,150,1,20250815_211716
1755260158.2290916,7730236,1978940416,1978.940416,14,45,149,1,20250815_211716
1755260158.2393315,7730276,1978950656,1978.950656,17,44,148,1,20250815_211716
1755260158.2493155,7730315,1978960640,1978.96064,20,45,147,1,20250815_211716
1755260158.2592995,7730354,1978970624,1978.970624,24,45,145,1,20250815_211716
1755260158.2692835,7730393,1978980608,1978.980608,27,45,144,1,20250815_211716
1755260158.2792675,7730432,1978990592,1978.990592,30,44,142,1,20250815_211716
1755260158.2892516,7730471,1979000576,1979.000576,33,45,139,1,20250815_211716
1755260158.2992356,7730510,1979010560,1979.01056,36,44,135,1,20250815_211716
1755260158.3092196,7730549,1979020544,1979.020544,40,44,133,1,20250815_211716
1755260158.3192036,7730588,1979030528,1979.030528,43,44,130,1,20250815_211716
1755260158.3291876,7730627,1979040512,1979.040512,46,45,120,1,20250815_211716
1755260158.3394277,7730667,1979050752,1979.050752,49,44,113,1,20250815_211716
1755260158.3494115,7730706,1979060736,1979.060736,52,44,103,1,20250815_211716
1755260158.3593955,7730745,1979070720,1979.07072,55,44,98,1,20250815_211716
1755260158.3693795,7730784,1979080704,1979.080704,59,44,92,1,20250815_211716
1755260158.3793635,7730823,1979090688,1979.090688,62,43,88,1,20250815_211716
1755260158.3893476,7730862,1979100672,1979.100672,65,43,86,1,20250815_211716
1755260158.3993316,7730901,1979110656,1979.110656,68,43,86,1,20250815_211716
1755260158.4093156,7730940,1979120640,1979.12064,71,43,87,1,20250815_211716
1755260158.4192996,7730979,1979130624,1979.130624,75,43,87,1,20250815_211716
1755260158.4292836,7731018,1979140608,1979.140608,78,42,85,1,20250815_211716
1755260158.4392676,7731057,1979150592,1979.150592,81,42,86,1,20250815_211716
1755260158.4492517,7731096,1979160576,1979.160576,84,42,88,1,20250815_211716
1755260158.4592354,7731135,1979170560,1979.17056,87,42,88,1,20250815_211716
1755260158.4694755,7731175,1979180800,1979.1808,91,42,87,1,20250815_211716
1755260158.4794595,7731214,1979190784,1979.190784,94,42,86,1,20250815_211716
1755260158.4894435,7731253,1979200768,1979.200768,97,42,87,1,20250815_211716
1755260158.4994276,7731292,1979210752,1979.210752,100,42,86,1,20250815_211716
1755260158.5094116,7731331,1979220736,1979.220736,103,41,87,1,20250815_211716
1755260158.5193956,7731370,1979230720,1979.23072,106,41,88,1,20250815_211716
1755260158.5293796,7731409,1979240704,1979.240704,110,41,88,1,20250815_211716
1755260158.5393636,7731448,1979250688,1979.250688,113,41,88,1,20250815_211716
1755260158.5493476,7731487,1979260672,1979.260672,116,41,87,1,20250815_211716
1755260158.5593317,7731526,1979270656,1979.270656,119,40,87,1,20250815_211716
1755260158.5693154,7731565,1979280640,1979.28064,122,40,87,1,20250815_211716
1755260158.5792994,7731604,1979290624,1979.290624,126,40,89,1,20250815_211716
1755260158.5892837,7731643,1979300608,1979.300608,129,40,88,1,20250815_211716
1755260158.5992675,7731682,1979310592,1979.310592,132,40,89,1,20250815_211716
1755260158.6095076,7731722,1979320832,1979.320832,135,40,90,1,20250815_211716
1755260158.6194916,7731761,1979330816,1979.330816,138,40,90,1,20250815_211716
1755260158.6294756,7731800,1979340800,1979.3408,141,40,92,1,20250815_211716
1755260158.6394596,7731839,1979350784,1979.350784,145,40,92,1,20250815_211716
1755260158.6494436,7731878,1979360768,1979.360768,148,40,95,1,20250815_211716
1755260158.6594276,7731917,1979370752,1979.370752,151,40,97,1,20250815_211716
1755260158.6694117,7731956,1979380736,1979.380736,154,40,100,1,20250815_211716
1755260158.6793954,7731995,1979390720,1979.39072,157,41,105,1,20250815_211716
1755260158.6893797,7732034,1979400704,1979.400704,161,41,113,1,20250815_211716
1755260158.6993637,7732073,1979410688,1979.410688,164,41,118,1,20250815_211716
1755260158.7093475,7732112,1979420672,1979.420672,167,42,122,1,20250815_211716
1755260158.7193315,7732151,1979430656,1979.430656,170,42,126,1,20250815_211716
1755260158.7293155,7732190,1979440640,1979.44064,173,42,129,1,20250815_211716
1755260158.7392995,7732229,1979450624,1979.450624,177,42,134,1,20250815_211716
1755260158.7492836,7732268,1979460608,1979.460608,180,42,142,1,20250815_211716
1755260158.7595236,7732308,1979470848,1979.470848,183,42,144,1,20250815_211716
1755260158.7695076,7732347,1979480832,1979.480832,186,42,144,1,20250815_211716
1755260158.7794917,7732386,1979490816,1979.490816,189,42,144,1,20250815_211716
1755260158.7894754,7732425,1979500800,1979.5008,192,42,146,1,20250815_211716
1755260158.7994597,7732464,1979510784,1979.510784,196,42,147,1,20250815_211716
1755260158.8094437,7732503,1979520768,1979.520768,199,42,149,1,20250815_211716
1755260158.8194275,7732542,1979530752,1979.530752,202,42,149,1,20250815_211716
1755260158.8294115,7732581,1979540736,1979.540736,205,42,150,1,20250815_211716
1755260158.8393955,7732620,1979550720,1979.55072,208,42,149,1,20250815_211716
1755260158.8493795,7732659,1979560704,1979.560704,212,42,151,1,20250815_211716
1755260158.8593636,7732698,1979570688,1979.570688,215,42,151,1,20250815_211716
1755260158.8693476,7732737,1979580672,1979.580672,218,42,151,1,20250815_211716
1755260158.8793316,7732776,1979590656,1979.590656,221,42,151,1,20250815_211716
1755260158.8893156,7732815,1979600640,1979.60064,224,42,152,1,20250815_211716
1755260158.8992996,7732854,1979610624,1979.610624,228,42,152,1,20250815_211716
1755260158.9095397,7732894,1979620864,1979.620864,231,41,151,1,20250815_211716
1755260158.9195237,7732933,1979630848,1979.630848,234,42,152,1,20250815_211716
1755260158.9295075,7732972,1979640832,1979.640832,237,42,152,1,20250815_211716
1755260158.9394915,7733011,1979650816,1979.650816,240,42,152,1,20250815_211716
1755260158.9494755,7733050,1979660800,1979.6608,243,43,152,1,20250815_211716
1755260158.9594595,7733089,1979670784,1979.670784,247,43,152,1,20250815_211716
1755260158.9694436,7733128,1979680768,1979.680768,250,44,152,1,20250815_211716
1755260158.9794276,7733167,1979690752,1979.690752,253,43,152,1,20250815_211716
1755260158.9894116,7733206,1979700736,1979.700736,1,43,150,1,20250815_211716
1755260158.9993956,7733245,1979710720,1979.71072,4,43,152,1,20250815_211716
1755260159.0093796,7733284,1979720704,1979.720704,8,43,151,1,20250815_211716
1755260159.0193636,7733323,1979730688,1979.730688,11,42,150,1,20250815_211716
1755260159.0293477,7733362,1979740672,1979.740672,14,43,149,1,20250815_211716
1755260159.0393314,7733401,1979750656,1979.750656,17,43,149,1,20250815_211716
1755260159.0495715,7733441,1979760896,1979.760896,20,43,147,1,20250815_211716
1755260159.0595555,7733480,1979770880,1979.77088,24,43,145,1,20250815_211716
1755260159.0695395,7733519,1979780864,1979.780864,27,43,144,1,20250815_211716
1755260159.0795236,7733558,1979790848,1979.790848,30,44,142,1,20250815_211716
1755260159.0895076,7733597,1979800832,1979.800832,33,43,140,1,20250815_211716
1755260159.0994916,7733636,1979810816,1979.810816,36,43,137,1,20250815_211716
1755260159.1094756,7733675,1979820800,1979.8208,39,42,132,1,20250815_211716
1755260159.1194596,7733714,1979830784,1979.830784,43,43,131,1,20250815_211716
1755260159.1294436,7733753,1979840768,1979.840768,46,43,123,1,20250815_211716
1755260159.1394277,7733792,1979850752,1979.850752,49,43,115,1,20250815_211716
1755260159.1494114,7733831,1979860736,1979.860736,52,43,106,1,20250815_211716
1755260159.1593957,7733870,1979870720,1979.87072,55,42,99,1,20250815_211716
1755260159.1693797,7733909,1979880704,1979.880704,59,42,93,1,20250815_211716
1755260159.1793635,7733948,1979890688,1979.890688,62,42,90,1,20250815_211716
1755260159.1893475,7733987,1979900672,1979.900672,65,41,86,1,20250815_211716
1755260159.1995876,7734027,1979910912,1979.910912,68,41,85,1,20250815_211716
1755260159.2095716,7734066,1979920896,1979.920896,71,41,88,1,20250815_211716
1755260159.2195556,7734105,1979930880,1979.93088,74,41,86,1,20250815_211716
1755260159.2295396,7734144,1979940864,1979.940864,78,41,84,1,20250815_211716
1755260159.2395236,7734183,1979950848,1979.950848,81,40,85,1,20250815_211716
1755260159.2495077,7734222,1979960832,1979.960832,84,40,86,1,20250815_211716
1755260159.2594914,7734261,1979970816,1979.970816,87,40,87,1,20250815_211716
1755260159.2694757,7734300,1979980800,1979.9808,90,39,87,1,20250815_211716
1755260159.2794597,7734339,1979990784,1979.990784,94,39,87,1,20250815_211716
1755260159.2894435,7734378,1980000768,1980.000768,97,39,87,1,20250815_211716
1755260159.2994275,7734417,1980010752,1980.010752,100,39,87,1,20250815_211716
1755260159.3094115,7734456,1980020736,1980.020736,103,39,87,1,20250815_211716
1755260159.3193955,7734495,1980030720,1980.03072,106,38,86,1,20250815_211716
1755260159.3293796,7734534,1980040704,1980.040704,110,38,87,1,20250815_211716
1755260159.3393636,7734573,1980050688,1980.050688,113,38,86,1,20250815_211716
1755260159.3496037,7734613,1980060928,1980.060928,116,38,87,1,20250815_211716
1755260159.3595874,7734652,1980070912,1980.070912,119,38,87,1,20250815_211716
1755260159.3695714,7734691,1980080896,1980.080896,122,38,88,1,20250815_211716
1755260159.3795557,7734730,1980090880,1980.09088,125,38,88,1,20250815_211716
1755260159.3895397,7734769,1980100864,1980.100864,129,38,89,1,20250815_211716
1755260159.3995235,7734808,1980110848,1980.110848,132,38,88,1,20250815_211716
1755260159.4095075,7734847,1980120832,1980.120832,135,38,89,1,20250815_211716
1755260159.4194915,7734886,1980130816,1980.130816,138,39,90,1,20250815_211716
1755260159.4294755,7734925,1980140800,1980.1408,141,38,91,1,20250815_211716
1755260159.4394596,7734964,1980150784,1980.150784,145,39,92,1,20250815_211716
1755260159.4494436,7735003,1980160768,1980.160768,148,39,94,1,20250815_211716
1755260159.4594276,7735042,1980170752,1980.170752,151,39,97,1,20250815_211716
1755260159.4694116,7735081,1980180736,1980.180736,154,39,100,1,20250815_211716
1755260159.4793956,7735120,1980190720,1980.19072,157,40,108,1,20250815_211716
1755260159.4896357,7735160,1980200960,1980.20096,161,40,114,1,20250815_211716
1755260159.4996195,7735199,1980210944,1980.210944,164,40,119,1,20250815_211716
1755260159.5096035,7735238,1980220928,1980.220928,167,41,124,1,20250815_211716
1755260159.5195875,7735277,1980230912,1980.230912,170,41,127,1,20250815_211716
1755260159.5295715,7735316,1980240896,1980.240896,173,41,132,1,20250815_211716
1755260159.5395555,7735355,1980250880,1980.25088,176,41,139,1,20250815_211716
1755260159.5495396,7735394,1980260864,1980.260864,180,41,144,1,20250815_211716
1755260159.5595236,7735433,1980270848,1980.270848,183,42,145,1,20250815_211716
1755260159.5695076,7735472,1980280832,1980.280832,186,41,144,1,20250815_211716
1755260159.5794916,7735511,1980290816,1980.290816,189,41,144,1,20250815_211716
1755260159.5894756,7735550,1980300800,1980.3008,192,41,146,1,20250815_211716
1755260159.5994596,7735589,1980310784,1980.310784,196,42,148,1,20250815_211716
1755260159.6094437,7735628,1980320768,1980.320768,199,41,149,1,20250815_211716
1755260159.6194274,7735667,1980330752,1980.330752,202,40,148,1,20250815_211716
1755260159.6294117,7735706,1980340736,1980.340736,205,41,150,1,20250815_211716
1755260159.6396515,7735746,1980350976,1980.350976,208,41,150,1,20250815_211716
1755260159.6496356,7735785,1980360960,1980.36096,211,41,151,1,20250815_211716
1755260159.6596196,7735824,1980370944,1980.370944,215,41,151,1,20250815_211716
1755260159.6696036,7735863,1980380928,1980.380928,218,41,152,1,20250815_211716
1755260159.6795876,7735902,1980390912,1980.390912,221,41,151,1,20250815_211716
1755260159.6895716,7735941,1980400896,1980.400896,224,41,152,1,20250815_211716
1755260159.6995556,7735980,1980410880,1980.41088,227,41,152,1,20250815_211716
1755260159.7095397,7736019,1980420864,1980.420864,231,41,153,1,20250815_211716
1755260159.7195234,7736058,1980430848,1980.430848,234,41,153,1,20250815_211716
1755260159.7295074,7736097,1980440832,1980.440832,237,42,153,1,20250815_211716
1755260159.7394917,7736136,1980450816,1980.450816,240,41,152,1,20250815_211716
1755260159.7494757,7736175,1980460800,1980.4608,243,42,152,1,20250815_211716
1755260159.7594595,7736214,1980470784,1980.470784,247,42,152,1,20250815_211716
1755260159.7694435,7736253,1980480768,1980.480768,250,42,152,1,20250815_211716
1755260159.7796836,7736293,1980491008,1980.491008,253,42,152,1,20250815_211716
1755260159.7896676,7736332,1980500992,1980.500992,1,42,152,1,20250815_211716
1755260159.7996516,7736371,1980510976,1980.510976,4,42,150,1,20250815_211716
1755260159.8096356,7736410,1980520960,1980.52096,7,42,151,1,20250815_211716
1755260159.8196197,7736449,1980530944,1980.530944,11,42,151,1,20250815_211716
1755260159.8296034,7736488,1980540928,1980.540928,14,42,149,1,20250815_211716
1755260159.8395877,7736527,1980550912,1980.550912,17,42,149,1,20250815_211716
1755260159.8495717,7736566,1980560896,1980.560896,20,42,148,1,20250815_211716
1755260159.8595555,7736605,1980570880,1980.57088,23,42,147,1,20250815_211716
1755260159.8695395,7736644,1980580864,1980.580864,27,42,146,1,20250815_211716
1755260159.8795235,7736683,1980590848,1980.590848,30,42,142,1,20250815_211716
1755260159.8895075,7736722,1980600832,1980.600832,33,42,140,1,20250815_211716
1755260159.8994915,7736761,1980610816,1980.610816,36,42,137,1,20250815_211716
1755260159.9094756,7736800,1980620800,1980.6208,39,42,135,1,20250815_211716
1755260159.9194596,7736839,1980630784,1980.630784,43,42,132,1,20250815_211716
1755260159.9296997,7736879,1980641024,1980.641024,46,42,126,1,20250815_211716
1755260159.9396834,7736918,1980651008,1980.651008,49,42,120,1,20250815_211716
1755260159.9496677,7736957,1980660992,1980.660992,52,42,106,1,20250815_211716
1755260159.9596517,7736996,1980670976,1980.670976,55,42,101,1,20250815_211716
1755260159.9696355,7737035,1980680960,1980.68096,58,41,94,1,20250815_211716
1755260159.9796195,7737074,1980690944,1980.690944,62,41,90,1,20250815_211716
1755260159.9896035,7737113,1980700928,1980.700928,65,40,86,1,20250815_211716
1755260159.9995875,7737152,1980710912,1980.710912,68,40,84,1,20250815_211716
1755260160.0095716,7737191,1980720896,1980.720896,71,40,86,1,20250815_211716
1755260160.0195556,7737230,1980730880,1980.73088,74,40,86,1,20250815_211716
1755260160.0295396,7737269,1980740864,1980.740864,78,40,86,1,20250815_211716
1755260160.0395236,7737308,1980750848,1980.750848,81,39,84,1,20250815_211716
1755260160.0495076,7737347,1980760832,1980.760832,84,40,86,1,20250815_211716
1755260160.0594916,7737386,1980770816,1980.770816,87,39,87,1,20250815_211716
1755260160.0697317,7737426,1980781056,1980.781056,90,39,87,1,20250815_211716
1755260160.0797155,7737465,1980791040,1980.79104,94,39,87,1,20250815_211716
1755260160.0896995,7737504,1980801024,1980.801024,97,39,88,1,20250815_211716
1755260160.0996835,7737543,1980811008,1980.811008,100,39,86,1,20250815_211716
1755260160.1096675,7737582,1980820992,1980.820992,103,39,88,1,20250815_211716
1755260160.1196516,7737621,1980830976,1980.830976,106,39,87,1,20250815_211716
1755260160.1296356,7737660,1980840960,1980.84096,109,38,86,1,20250815_211716
1755260160.1396196,7737699,1980850944,1980.850944,113,38,87,1,20250815_211716
1755260160.1496036,7737738,1980860928,1980.860928,116,38,88,1,20250815_211716
1755260160.1595876,7737777,1980870912,1980.870912,119,38,87,1,20250815_211716
1755260160.1695716,7737816,1980880896,1980.880896,122,38,87,1,20250815_211716
1755260160.1795557,7737855,1980890880,1980.89088,125,38,88,1,20250815_211716
1755260160.1895394,7737894,1980900864,1980.900864,129,38,88,1,20250815_211716
1755260160.1995234,7737933,1980910848,1980.910848,132,38,89,1,20250815_211716
1755260160.2097635,7737973,1980921088,1980.921088,135,38,89,1,20250815_211716
1755260160.2197475,7738012,1980931072,1980.931072,138,38,90,1,20250815_211716
1755260160.2297316,7738051,1980941056,1980.941056,141,38,90,1,20250815_211716
1755260160.2397156,7738090,1980951040,1980.95104,144,38,91,1,20250815_211716
1755260160.2496996,7738129,1980961024,1980.961024,148,38,93,1,20250815_211716
1755260160.2596836,7738168,1980971008,1980.971008,151,38,94,1,20250815_211716
1755260160.2696676,7738207,1980980992,1980.980992,154,38,97,1,20250815_211716
1755260160.2796516,7738246,1980990976,1980.990976,157,39,102,1,20250815_211716
1755260160.2896357,7738285,1981000960,1981.00096,160,40,109,1,20250815_211716
1755260160.2996194,7738324,1981010944,1981.010944,164,39,114,1,20250815_211716
1755260160.3096037,7738363,1981020928,1981.020928,167,39,120,1,20250815_211716
1755260160.3195877,7738402,1981030912,1981.030912,170,40,125,1,20250815_211716
1755260160.3295715,7738441,1981040896,1981.040896,173,40,127,1,20250815_211716
1755260160.3395555,7738480,1981050880,1981.05088,176,40,133,1,20250815_211716
1755260160.3497956,7738520,1981061120,1981.06112,180,40,140,1,20250815_211716
1755260160.3597796,7738559,1981071104,1981.071104,183,40,144,1,20250815_211716
1755260160.3697636,7738598,1981081088,1981.081088,186,40,145,1,20250815_211716
1755260160.3797476,7738637,1981091072,1981.091072,189,40,145,1,20250815_211716
1755260160.3897316,7738676,1981101056,1981.101056,192,40,146,1,20250815_211716
1755260160.3997157,7738715,1981111040,1981.11104,195,40,146,1,20250815_211716
1755260160.4096994,7738754,1981121024,1981.121024,199,40,149,1,20250815_211716
1755260160.4196837,7738793,1981131008,1981.131008,202,40,149,1,20250815_211716
1755260160.4296677,7738832,1981140992,1981.140992,205,40,150,1,20250815_211716
1755260160.4396515,7738871,1981150976,1981.150976,208,39,149,1,20250815_211716
1755260160.4496355,7738910,1981160960,1981.16096,211,40,151,1,20250815_211716
1755260160.4596195,7738949,1981170944,1981.170944,215,40,150,1,20250815_211716
1755260160.4696035,7738988,1981180928,1981.180928,218,40,150,1,20250815_211716
1755260160.4795876,7739027,1981190912,1981.190912,221,40,152,1,20250815_211716
1755260160.4898276,7739067,1981201152,1981.201152,224,39,151,1,20250815_211716
1755260160.4998116,7739106,1981211136,1981.211136,227,40,152,1,20250815_211716
1755260160.5097957,7739145,1981221120,1981.22112,231,40,152,1,20250815_211716
1755260160.5197794,7739184,1981231104,1981.231104,234,40,153,1,20250815_211716
1755260160.5297637,7739223,1981241088,1981.241088,237,41,152,1,20250815_211716
1755260160.5397477,7739262,1981251072,1981.251072,240,40,152,1,20250815_211716
1755260160.5497315,7739301,1981261056,1981.261056,243,41,152,1,20250815_211716
1755260160.5597155,7739340,1981271040,1981.27104,246,41,151,1,20250815_211716
1755260160.5696995,7739379,1981281024,1981.281024,250,41,152,1,20250815_211716
1755260160.5796835,7739418,1981291008,1981.291008,253,41,152,1,20250815_211716
1755260160.5896676,7739457,1981300992,1981.300992,1,41,151,1,20250815_211716
1755260160.5996516,7739496,1981310976,1981.310976,4,41,151,1,20250815_211716
1755260160.6096356,7739535,1981320960,1981.32096,7,41,149,1,20250815_211716
1755260160.6196196,7739574,1981330944,1981.330944,11,41,150,1,20250815_211716
1755260160.6296036,7739613,1981340928,1981.340928,14,41,149,1,20250815_211716
1755260160.6398437,7739653,1981351168,1981.351168,17,41,148,1,20250815_211716
1755260160.6498277,7739692,1981361152,1981.361152,20,42,148,1,20250815_211716
1755260160.6598115,7739731,1981371136,1981.371136,23,41,146,1,20250815_211716
1755260160.6697955,7739770,1981381120,1981.38112,27,42,145,1,20250815_211716
1755260160.6797795,7739809,1981391104,1981.391104,30,41,142,1,20250815_211716
1755260160.6897635,7739848,1981401088,1981.401088,33,41,140,1,20250815_211716
1755260160.6997476,7739887,1981411072,1981.411072,36,41,136,1,20250815_211716
1755260160.7097316,7739926,1981421056,1981.421056,39,41,134,1,20250815_211716
1755260160.7197156,7739965,1981431040,1981.43104,42,41,131,1,20250815_211716
1755260160.7296996,7740004,1981441024,1981.441024,46,40,124,1,20250815_211716
1755260160.7399397,7740044,1981451264,1981.451264,49,40,114,1,20250815_211716
1755260160.7499237,7740083,1981461248,1981.461248,52,40,104,1,20250815_211716
1755260160.7599075,7740122,1981471232,1981.471232,55,40,98,1,20250815_211716
1755260160.7698915,7740161,1981481216,1981.481216,58,40,93,1,20250815_211716
1755260160.7798755,7740200,1981491200,1981.4912,62,39,89,1,20250815_211716
1755260160.7898595,7740239,1981501184,1981.501184,65,39,86,1,20250815_211716
1755260160.7998435,7740278,1981511168,1981.511168,68,39,85,1,20250815_211716
1755260160.8100836,7740318,1981521408,1981.521408,71,39,87,1,20250815_211716
1755260160.8200676,7740357,1981531392,1981.531392,74,38,85,1,20250815_211716
1755260160.8300517,7740396,1981541376,1981.541376,78,38,84,1,20250815_211716
1755260160.8400354,7740435,1981551360,1981.55136,81,37,85,1,20250815_211716
1755260160.8500197,7740474,1981561344,1981.561344,84,38,85,1,20250815_211716
1755260160.8600037,7740513,1981571328,1981.571328,87,37,87,1,20250815_211716
1755260160.8699875,7740552,1981581312,1981.581312,90,37,87,1,20250815_211716
1755260160.8802276,7740592,1981591552,1981.591552,94,37,87,1,20250815_211716
1755260160.8902116,7740631,1981601536,1981.601536,97,36,88,1,20250815_211716
1755260160.9001956,7740670,1981611520,1981.61152,100,36,87,1,20250815_211716
1755260160.9101796,7740709,1981621504,1981.621504,103,36,86,1,20250815_211716
1755260160.9201636,7740748,1981631488,1981.631488,106,36,86,1,20250815_211716
1755260160.9301476,7740787,1981641472,1981.641472,110,35,86,1,20250815_211716
1755260160.9403875,7740827,1981651712,1981.651712,113,35,87,1,20250815_211716
1755260160.9503715,7740866,1981661696,1981.661696,116,35,86,1,20250815_211716
1755260160.9603555,7740905,1981671680,1981.67168,119,35,87,1,20250815_211716
1755260160.9703395,7740944,1981681664,1981.681664,122,35,87,1,20250815_211716
1755260160.9803236,7740983,1981691648,1981.691648,125,34,87,1,20250815_211716
1755260160.9903076,7741022,1981701632,1981.701632,129,34,88,1,20250815_211716
1755260161.0002916,7741061,1981711616,1981.711616,132,34,88,1,20250815_211716
1755260161.0102756,7741100,1981721600,1981.7216,135,34,88,1,20250815_211716
1755260161.0205154,7741140,1981731840,1981.73184,138,34,89,1,20250815_211716
1755260161.0304997,7741179,1981741824,1981.741824,141,34,89,1,20250815_211716
1755260161.0404837,7741218,1981751808,1981.751808,145,33,91,1,20250815_211716
1755260161.0504675,7741257,1981761792,1981.761792,148,34,92,1,20250815_211716
1755260161.0604515,7741296,1981771776,1981.771776,151,34,94,1,20250815_211716
1755260161.0704355,7741335,1981781760,1981.78176,154,34,98,1,20250815_211716
1755260161.0804195,7741374,1981791744,1981.791744,157,34,102,1,20250815_211716
1755260161.0906596,7741414,1981801984,1981.801984,161,34,109,1,20250815_211716
1755260161.1006436,7741453,1981811968,1981.811968,164,34,115,1,20250815_211716
1755260161.1106277,7741492,1981821952,1981.821952,167,34,120,1,20250815_211716
1755260161.1206114,7741531,1981831936,1981.831936,170,34,124,1,20250815_211716
1755260161.1305954,7741570,1981841920,1981.84192,173,34,128,1,20250815_211716
1755260161.1405797,7741609,1981851904,1981.851904,177,34,134,1,20250815_211716
1755260161.1505637,7741648,1981861888,1981.861888,180,34,141,1,20250815_211716
1755260161.1605475,7741687,1981871872,1981.871872,183,34,144,1,20250815_211716
1755260161.1705315,7741726,1981881856,1981.881856,186,34,144,1,20250815_211716
1755260161.1807716,7741766,1981892096,1981.892096,189,34,144,1,20250815_211716
1755260161.1907556,7741805,1981902080,1981.90208,192,34,145,1,20250815_211716
1755260161.2007396,7741844,1981912064,1981.912064,196,34,146,1,20250815_211716
1755260161.2107236,7741883,1981922048,1981.922048,199,34,149,1,20250815_211716
1755260161.2207077,7741922,1981932032,1981.932032,202,33,148,1,20250815_211716
1755260161.2306914,7741961,1981942016,1981.942016,205,33,150,1,20250815_211716
1755260161.2406754,7742000,1981952000,1981.952,208,34,150,1,20250815_211716
1755260161.2506597,7742039,1981961984,1981.961984,212,34,151,1,20250815_211716
1755260161.2606435,7742078,1981971968,1981.971968,215,34,151,1,20250815_211716
1755260161.2706275,7742117,1981981952,1981.981952,218,34,151,1,20250815_211716
1755260161.2806115,7742156,1981991936,1981.991936,221,34,152,1,20250815_211716
1755260161.2905955,7742195,1982001920,1982.00192,224,34,152,1,20250815_211716
1755260161.3005795,7742234,1982011904,1982.011904,228,34,152,1,20250815_211716
1755260161.3105636,7742273,1982021888,1982.021888,231,34,152,1,20250815_211716
1755260161.3208036,7742313,1982032128,1982.032128,234,34,153,1,20250815_211716
1755260161.3307877,7742352,1982042112,1982.042112,237,34,153,1,20250815_211716
1755260161.3407714,7742391,1982052096,1982.052096,240,35,152,1,20250815_211716
1755260161.3507557,7742430,1982062080,1982.06208,243,35,151,1,20250815_211716
1755260161.3607397,7742469,1982072064,1982.072064,247,35,152,1,20250815_211716
1755260161.3707235,7742508,1982082048,1982.082048,250,35,151,1,20250815_211716
1755260161.3807075,7742547,1982092032,1982.092032,253,35,150,1,20250815_211716
1755260161.3906915,7742586,1982102016,1982.102016,1,35,150,1,20250815_211716
1755260161.4006755,7742625,1982112000,1982.112,4,35,151,1,20250815_211716
1755260161.4106596,7742664,1982121984,1982.121984,8,35,150,1,20250815_211716
1755260161.4206436,7742703,1982131968,1982.131968,11,35,150,1,20250815_211716
1755260161.4306276,7742742,1982141952,1982.141952,14,35,149,1,20250815_211716
1755260161.4406116,7742781,1982151936,1982.151936,17,35,148,1,20250815_211716
1755260161.4505956,7742820,1982161920,1982.16192,20,35,147,1,20250815_211716
1755260161.4605796,7742859,1982171904,1982.171904,24,35,146,1,20250815_211716
1755260161.4708197,7742899,1982182144,1982.182144,27,35,143,1,20250815_211716
1755260161.4808035,7742938,1982192128,1982.192128,30,35,142,1,20250815_211716
1755260161.4907875,7742977,1982202112,1982.202112,33,35,139,1,20250815_211716
1755260161.5007715,7743016,1982212096,1982.212096,36,35,136,1,20250815_211716
1755260161.5107555,7743055,1982222080,1982.22208,39,35,133,1,20250815_211716
1755260161.5207396,7743094,1982232064,1982.232064,43,35,130,1,20250815_211716
1755260161.5307236,7743133,1982242048,1982.242048,46,35,120,1,20250815_211716
1755260161.5407076,7743172,1982252032,1982.252032,49,35,112,1,20250815_211716
1755260161.5506916,7743211,1982262016,1982.262016,52,34,102,1,20250815_211716
1755260161.5606756,7743250,1982272000,1982.272,55,34,96,1,20250815_211716
1755260161.5706596,7743289,1982281984,1982.281984,59,34,93,1,20250815_211716
1755260161.5806437,7743328,1982291968,1982.291968,62,34,90,1,20250815_211716
1755260161.5906274,7743367,1982301952,1982.301952,65,33,86,1,20250815_211716
1755260161.6006114,7743406,1982311936,1982.311936,68,34,85,1,20250815_211716
1755260161.6108515,7743446,1982322176,1982.322176,71,34,88,1,20250815_211716
1755260161.6208355,7743485,1982332160,1982.33216,74,33,86,1,20250815_211716
1755260161.6308196,7743524,1982342144,1982.342144,78,33,85,1,20250815_211716
1755260161.6408036,7743563,1982352128,1982.352128,81,33,85,1,20250815_211716
1755260161.6507876,7743602,1982362112,1982.362112,84,33,86,1,20250815_211716
1755260161.6607716,7743641,1982372096,1982.372096,87,33,88,1,20250815_211716
1755260161.6707556,7743680,1982382080,1982.38208,90,33,87,1,20250815_211716
1755260161.6807396,7743719,1982392064,1982.392064,94,33,87,1,20250815_211716
1755260161.6907237,7743758,1982402048,1982.402048,97,32,87,1,20250815_211716
1755260161.7007074,7743797,1982412032,1982.412032,100,32,85,1,20250815_211716
1755260161.7106917,7743836,1982422016,1982.422016,103,32,86,1,20250815_211716
1755260161.7206757,7743875,1982432000,1982.432,106,32,86,1,20250815_211716
1755260161.7306595,7743914,1982441984,1982.441984,110,31,86,1,20250815_211716
1755260161.7406435,7743953,1982451968,1982.451968,113,31,88,1,20250815_211716
1755260161.7508836,7743993,1982462208,1982.462208,116,31,87,1,20250815_211716
1755260161.7608676,7744032,1982472192,1982.472192,119,31,88,1,20250815_211716
1755260161.7708516,7744071,1982482176,1982.482176,122,31,88,1,20250815_211716
1755260161.7808356,7744110,1982492160,1982.49216,125,31,87,1,20250815_211716
1755260161.7908196,7744149,1982502144,1982.502144,129,31,89,1,20250815_211716
1755260161.8008037,7744188,1982512128,1982.512128,132,31,88,1,20250815_211716
1755260161.8107874,7744227,1982522112,1982.522112,135,31,90,1,20250815_211716
1755260161.8207717,7744266,1982532096,1982.532096,138,31,90,1,20250815_211716
1755260161.8307557,7744305,1982542080,1982.54208,141,32,91,1,20250815_211716
1755260161.8407395,7744344,1982552064,1982.552064,145,31,92,1,20250815_211716
1755260161.8507235,7744383,1982562048,1982.562048,148,32,94,1,20250815_211716
1755260161.8607075,7744422,1982572032,1982.572032,151,32,97,1,20250815_211716
1755260161.8706915,7744461,1982582016,1982.582016,154,32,100,1,20250815_211716
1755260161.8806756,7744500,1982592000,1982.592,157,32,106,1,20250815_211716
1755260161.8906596,7744539,1982601984,1982.601984,161,32,113,1,20250815_211716
1755260161.9008996,7744579,1982612224,1982.612224,164,33,119,1,20250815_211716
1755260161.9108837,7744618,1982622208,1982.622208,167,33,123,1,20250815_211716
1755260161.9208674,7744657,1982632192,1982.632192,170,33,127,1,20250815_211716
1755260161.9308517,7744696,1982642176,1982.642176,173,33,131,1,20250815_211716
1755260161.9408357,7744735,1982652160,1982.65216,176,33,139,1,20250815_211716
1755260161.9508195,7744774,1982662144,1982.662144,180,33,143,1,20250815_211716
1755260161.9608035,7744813,1982672128,1982.672128,183,33,144,1,20250815_211716
1755260161.9707875,7744852,1982682112,1982.682112,186,33,145,1,20250815_211716
1755260161.9807715,7744891,1982692096,1982.692096,189,33,145,1,20250815_211716
1755260161.9907556,7744930,1982702080,1982.70208,192,33,146,1,20250815_211716
1755260162.0007396,7744969,1982712064,1982.712064,196,33,148,1,20250815_211716
1755260162.0107236,7745008,1982722048,1982.722048,199,33,148,1,20250815_211716
1755260162.0207076,7745047,1982732032,1982.732032,202,33,149,1,20250815_211716
1755260162.0306916,7745086,1982742016,1982.742016,205,32,148,1,20250815_211716
1755260162.0409317,7745126,1982752256,1982.752256,208,33,150,1,20250815_211716
1755260162.0509157,7745165,1982762240,1982.76224,212,33,150,1,20250815_211716
1755260162.0608995,7745204,1982772224,1982.772224,215,33,150,1,20250815_211716
1755260162.0708835,7745243,1982782208,1982.782208,218,33,151,1,20250815_211716
1755260162.0808675,7745282,1982792192,1982.792192,221,32,151,1,20250815_211716
1755260162.0908515,7745321,1982802176,1982.802176,224,33,152,1,20250815_211716
1755260162.1008356,7745360,1982812160,1982.81216,227,33,152,1,20250815_211716
1755260162.1108196,7745399,1982822144,1982.822144,231,33,152,1,20250815_211716
1755260162.1208036,7745438,1982832128,1982.832128,234,33,152,1,20250815_211716
1755260162.1307876,7745477,1982842112,1982.842112,237,33,152,1,20250815_211716
1755260162.1407716,7745516,1982852096,1982.852096,240,33,152,1,20250815_211716
1755260162.1507556,7745555,1982862080,1982.86208,243,34,152,1,20250815_211716
1755260162.1607397,7745594,1982872064,1982.872064,247,34,151,1,20250815_211716
1755260162.1707234,7745633,1982882048,1982.882048,250,34,151,1,20250815_211716
1755260162.1809635,7745673,1982892288,1982.892288,253,34,152,1,20250815_211716
1755260162.1909475,7745712,1982902272,1982.902272,1,36,151,1,20250815_211716
1755260162.2009315,7745751,1982912256,1982.912256,4,34,151,1,20250815_211716
1755260162.2109156,7745790,1982922240,1982.92224,7,34,150,1,20250815_211716
1755260162.2208996,7745829,1982932224,1982.932224,11,34,150,1,20250815_211716
1755260162.2308836,7745868,1982942208,1982.942208,14,34,150,1,20250815_211716
1755260162.2408676,7745907,1982952192,1982.952192,17,34,149,1,20250815_211716
1755260162.2508516,7745946,1982962176,1982.962176,20,34,147,1,20250815_211716
1755260162.2608356,7745985,1982972160,1982.97216,23,34,145,1,20250815_211716
1755260162.2708197,7746024,1982982144,1982.982144,27,34,144,1,20250815_211716
1755260162.2808034,7746063,1982992128,1982.992128,30,34,142,1,20250815_211716
1755260162.2907877,7746102,1983002112,1983.002112,33,34,138,1,20250815_211716
1755260162.3007717,7746141,1983012096,1983.012096,36,33,134,1,20250815_211716
1755260162.3110116,7746181,1983022336,1983.022336,39,33,131,1,20250815_211716
1755260162.3209956,7746220,1983032320,1983.03232,43,33,128,1,20250815_211716
1755260162.3309796,7746259,1983042304,1983.042304,46,33,119,1,20250815_211716
1755260162.3409636,7746298,1983052288,1983.052288,49,33,110,1,20250815_211716
1755260162.3509476,7746337,1983062272,1983.062272,52,33,102,1,20250815_211716
1755260162.3609316,7746376,1983072256,1983.072256,55,33,97,1,20250815_211716
1755260162.3709157,7746415,1983082240,1983.08224,59,33,92,1,20250815_211716
1755260162.3808994,7746454,1983092224,1983.092224,62,32,88,1,20250815_211716
1755260162.3908834,7746493,1983102208,1983.102208,65,32,86,1,20250815_211716
1755260162.4008677,7746532,1983112192,1983.112192,68,32,87,1,20250815_211716
1755260162.4108517,7746571,1983122176,1983.122176,71,32,86,1,20250815_211716
1755260162.4208355,7746610,1983132160,1983.13216,74,32,85,1,20250815_211716
1755260162.4310756,7746650,1983142400,1983.1424,78,31,84,1,20250815_211716
1755260162.4410596,7746689,1983152384,1983.152384,81,32,86,1,20250815_211716
1755260162.4510436,7746728,1983162368,1983.162368,84,32,88,1,20250815_211716
1755260162.4610276,7746767,1983172352,1983.172352,87,31,87,1,20250815_211716
1755260162.4710116,7746806,1983182336,1983.182336,90,31,87,1,20250815_211716
1755260162.4809957,7746845,1983192320,1983.19232,94,31,86,1,20250815_211716
1755260162.4909794,7746884,1983202304,1983.202304,97,31,88,1,20250815_211716
1755260162.5009634,7746923,1983212288,1983.212288,100,31,85,1,20250815_211716
1755260162.5109477,7746962,1983222272,1983.222272,103,31,87,1,20250815_211716
1755260162.5209315,7747001,1983232256,1983.232256,106,31,86,1,20250815_211716
1755260162.5309155,7747040,1983242240,1983.24224,109,31,87,1,20250815_211716
1755260162.5408995,7747079,1983252224,1983.252224,113,30,87,1,20250815_211716
1755260162.5508835,7747118,1983262208,1983.262208,116,31,87,1,20250815_211716
1755260162.5608675,7747157,1983272192,1983.272192,119,30,87,1,20250815_211716
1755260162.5711076,7747197,1983282432,1983.282432,122,30,88,1,20250815_211716
1755260162.5810916,7747236,1983292416,1983.292416,125,30,86,1,20250815_211716
1755260162.5910757,7747275,1983302400,1983.3024,129,30,88,1,20250815_211716
1755260162.6010594,7747314,1983312384,1983.312384,132,30,89,1,20250815_211716
1755260162.6110437,7747353,1983322368,1983.322368,135,30,89,1,20250815_211716
1755260162.6210277,7747392,1983332352,1983.332352,138,30,90,1,20250815_211716
1755260162.6310115,7747431,1983342336,1983.342336,141,30,90,1,20250815_211716
1755260162.6409955,7747470,1983352320,1983.35232,145,30,91,1,20250815_211716
1755260162.6509795,7747509,1983362304,1983.362304,148,30,93,1,20250815_211716
1755260162.6609635,7747548,1983372288,1983.372288,151,31,95,1,20250815_211716
1755260162.6709476,7747587,1983382272,1983.382272,154,30,97,1,20250815_211716
1755260162.6809316,7747626,1983392256,1983.392256,157,31,101,1,20250815_211716
1755260162.6909156,7747665,1983402240,1983.40224,160,31,108,1,20250815_211716
1755260162.7008996,7747704,1983412224,1983.412224,164,31,114,1,20250815_211716
1755260162.7108836,7747743,1983422208,1983.422208,167,31,119,1,20250815_211716
1755260162.7211237,7747783,1983432448,1983.432448,170,31,124,1,20250815_211716
1755260162.7311077,7747822,1983442432,1983.442432,173,31,128,1,20250815_211716
1755260162.7410915,7747861,1983452416,1983.452416,176,31,132,1,20250815_211716
1755260162.7510755,7747900,1983462400,1983.4624,180,31,141,1,20250815_211716
1755260162.7610595,7747939,1983472384,1983.472384,183,31,143,1,20250815_211716
1755260162.7710435,7747978,1983482368,1983.482368,186,32,145,1,20250815_211716
1755260162.7810276,7748017,1983492352,1983.492352,189,31,144,1,20250815_211716
1755260162.7910116,7748056,1983502336,1983.502336,192,31,145,1,20250815_211716
1755260162.8009956,7748095,1983512320,1983.51232,196,31,146,1,20250815_211716
1755260162.8109796,7748134,1983522304,1983.522304,199,31,148,1,20250815_211716
1755260162.8209636,7748173,1983532288,1983.532288,202,31,149,1,20250815_211716
1755260162.8309476,7748212,1983542272,1983.542272,205,31,150,1,20250815_211716
1755260162.8409317,7748251,1983552256,1983.552256,208,31,150,1,20250815_211716
1755260162.8509154,7748290,1983562240,1983.56224,211,31,149,1,20250815_211716
1755260162.8611555,7748330,1983572480,1983.57248,215,31,150,1,20250815_211716
1755260162.8711395,7748369,1983582464,1983.582464,218,31,151,1,20250815_211716
1755260162.8811235,7748408,1983592448,1983.592448,221,31,151,1,20250815_211716
1755260162.8911076,7748447,1983602432,1983.602432,224,31,151,1,20250815_211716
1755260162.9010916,7748486,1983612416,1983.612416,227,31,152,1,20250815_211716
1755260162.9110756,7748525,1983622400,1983.6224,231,31,152,1,20250815_211716
1755260162.9210596,7748564,1983632384,1983.632384,234,31,152,1,20250815_211716
1755260162.9310436,7748603,1983642368,1983.642368,237,31,153,1,20250815_211716
1755260162.9410276,7748642,1983652352,1983.652352,240,31,152,1,20250815_211716
1755260162.9510117,7748681,1983662336,1983.662336,243,32,152,1,20250815_211716
1755260162.9609954,7748720,1983672320,1983.67232,247,31,150,1,20250815_211716
1755260162.9709797,7748759,1983682304,1983.682304,250,32,152,1,20250815_211716
1755260162.9809637,7748798,1983692288,1983.692288,253,32,151,1,20250815_211716
1755260162.9909475,7748837,1983702272,1983.702272,1,32,152,1,20250815_211716
1755260163.0009315,7748876,1983712256,1983.712256,4,31,150,1,20250815_211716
1755260163.0111716,7748916,1983722496,1983.722496,7,32,152,1,20250815_211716
1755260163.0211556,7748955,1983732480,1983.73248,11,32,151,1,20250815_211716
1755260163.0311396,7748994,1983742464,1983.742464,14,32,150,1,20250815_211716
1755260163.0411236,7749033,1983752448,1983.752448,17,32,149,1,20250815_211716
1755260163.0511076,7749072,1983762432,1983.762432,20,32,147,1,20250815_211716
1755260163.0610917,7749111,1983772416,1983.772416,23,31,147,1,20250815_211716
1755260163.0710754,7749150,1983782400,1983.7824,27,32,143,1,20250815_211716
1755260163.0810597,7749189,1983792384,1983.792384,30,32,142,1,20250815_211716
1755260163.0910437,7749228,1983802368,1983.802368,33,32,138,1,20250815_211716
1755260163.1010275,7749267,1983812352,1983.812352,36,32,136,1,20250815_211716
1755260163.1110115,7749306,1983822336,1983.822336,39,31,132,1,20250815_211716
1755260163.1209955,7749345,1983832320,1983.83232,42,32,130,1,20250815_211716
1755260163.1309795,7749384,1983842304,1983.842304,46,31,121,1,20250815_211716
1755260163.1409636,7749423,1983852288,1983.852288,49,31,113,1,20250815_211716
1755260163.1509476,7749462,1983862272,1983.862272,52,32,104,1,20250815_211716
1755260163.1611876,7749502,1983872512,1983.872512,55,31,98,1,20250815_211716
1755260163.1711717,7749541,1983882496,1983.882496,58,31,93,1,20250815_211716
1755260163.1811554,7749580,1983892480,1983.89248,62,31,89,1,20250815_211716
1755260163.1911397,7749619,1983902464,1983.902464,65,31,87,1,20250815_211716
1755260163.2011237,7749658,1983912448,1983.912448,68,31,86,1,20250815_211716
1755260163.2111075,7749697,1983922432,1983.922432,71,31,87,1,20250815_211716
1755260163.2210915,7749736,1983932416,1983.932416,74,31,86,1,20250815_211716
1755260163.2310755,7749775,1983942400,1983.9424,78,30,84,1,20250815_211716
1755260163.2410595,7749814,1983952384,1983.952384,81,30,84,1,20250815_211716
1755260163.2510436,7749853,1983962368,1983.962368,84,30,87,1,20250815_211716
1755260163.2610276,7749892,1983972352,1983.972352,87,30,88,1,20250815_211716
1755260163.2710116,7749931,1983982336,1983.982336,90,30,88,1,20250815_211716
1755260163.2809956,7749970,1983992320,1983.99232,93,30,86,1,20250815_211716
1755260163.2909796,7750009,1984002304,1984.002304,97,30,88,1,20250815_211716
1755260163.3012197,7750049,1984012544,1984.012544,100,30,87,1,20250815_211716
1755260163.3112037,7750088,1984022528,1984.022528,103,31,88,1,20250815_211716
1755260163.3211875,7750127,1984032512,1984.032512,106,29,86,1,20250815_211716
1755260163.3311715,7750166,1984042496,1984.042496,109,29,87,1,20250815_211716
1755260163.3411555,7750205,1984052480,1984.05248,113,29,87,1,20250815_211716
1755260163.3511395,7750244,1984062464,1984.062464,116,29,87,1,20250815_211716
1755260163.3611236,7750283,1984072448,1984.072448,119,29,88,1,20250815_211716
1755260163.3711076,7750322,1984082432,1984.082432,122,29,88,1,20250815_211716
1755260163.3810916,7750361,1984092416,1984.092416,125,29,88,1,20250815_211716
1755260163.3910756,7750400,1984102400,1984.1024,129,29,88,1,20250815_211716
1755260163.4010596,7750439,1984112384,1984.112384,132,29,89,1,20250815_211716
1755260163.4110436,7750478,1984122368,1984.122368,135,29,90,1,20250815_211716
1755260163.4210277,7750517,1984132352,1984.132352,138,29,90,1,20250815_211716
1755260163.4310114,7750556,1984142336,1984.142336,141,29,91,1,20250815_211716
1755260163.4409957,7750595,1984152320,1984.15232,144,29,91,1,20250815_211716
1755260163.4512355,7750635,1984162560,1984.16256,148,30,94,1,20250815_211716
1755260163.4612195,7750674,1984172544,1984.172544,151,30,95,1,20250815_211716
1755260163.4712036,7750713,1984182528,1984.182528,154,30,99,1,20250815_211716
1755260163.4811876,7750752,1984192512,1984.192512,157,30,102,1,20250815_211716
1755260163.4911716,7750791,1984202496,1984.202496,160,30,110,1,20250815_211716
1755260163.5011556,7750830,1984212480,1984.21248,164,30,116,1,20250815_211716
1755260163.5111396,7750869,1984222464,1984.222464,167,30,120,1,20250815_211716
1755260163.5211236,7750908,1984232448,1984.232448,170,30,125,1,20250815_211716
1755260163.5311077,7750947,1984242432,1984.242432,173,30,129,1,20250815_211716
1755260163.5410914,7750986,1984252416,1984.252416,176,31,133,1,20250815_211716
1755260163.5510757,7751025,1984262400,1984.2624,180,31,140,1,20250815_211716
1755260163.5610597,7751064,1984272384,1984.272384,183,31,143,1,20250815_211716
1755260163.5710435,7751103,1984282368,1984.282368,186,31,143,1,20250815_211716
1755260163.5810275,7751142,1984292352,1984.292352,189,31,143,1,20250815_211716
1755260163.5912676,7751182,1984302592,1984.302592,192,31,146,1,20250815_211716
1755260163.6012516,7751221,1984312576,1984.312576,195,31,147,1,20250815_211716
1755260163.6112356,7751260,1984322560,1984.32256,199,31,149,1,20250815_211716
1755260163.6212196,7751299,1984332544,1984.332544,202,30,148,1,20250815_211716
1755260163.6312037,7751338,1984342528,1984.342528,205,30,149,1,20250815_211716
1755260163.6411874,7751377,1984352512,1984.352512,208,30,150,1,20250815_211716
1755260163.6511714,7751416,1984362496,1984.362496,211,30,150,1,20250815_211716
1755260163.6611557,7751455,1984372480,1984.37248,215,30,151,1,20250815_211716
1755260163.6711397,7751494,1984382464,1984.382464,218,30,151,1,20250815_211716
1755260163.6811235,7751533,1984392448,1984.392448,221,30,151,1,20250815_211716
1755260163.6911075,7751572,1984402432,1984.402432,224,30,151,1,20250815_211716
1755260163.7010915,7751611,1984412416,1984.412416,227,30,151,1,20250815_211716
1755260163.7110755,7751650,1984422400,1984.4224,230,30,152,1,20250815_211716
1755260163.7210596,7751689,1984432384,1984.432384,234,30,152,1,20250815_211716
1755260163.7310436,7751728,1984442368,1984.442368,237,30,152,1,20250815_211716
1755260163.7412837,7751768,1984452608,1984.452608,240,30,152,1,20250815_211716
1755260163.7512674,7751807,1984462592,1984.462592,243,31,152,1,20250815_211716
1755260163.7612514,7751846,1984472576,1984.472576,246,31,152,1,20250815_211716
1755260163.7712357,7751885,1984482560,1984.48256,250,31,151,1,20250815_211716
1755260163.7812195,7751924,1984492544,1984.492544,253,31,152,1,20250815_211716
1755260163.7912035,7751963,1984502528,1984.502528,1,31,151,1,20250815_211716
1755260163.8011875,7752002,1984512512,1984.512512,4,31,151,1,20250815_211716
1755260163.8111715,7752041,1984522496,1984.522496,7,31,151,1,20250815_211716
1755260163.8211555,7752080,1984532480,1984.53248,11,31,151,1,20250815_211716
1755260163.8311396,7752119,1984542464,1984.542464,14,30,150,1,20250815_211716
1755260163.8411236,7752158,1984552448,1984.552448,17,31,149,1,20250815_211716
1755260163.8511076,7752197,1984562432,1984.562432,20,31,147,1,20250815_211716
1755260163.8610916,7752236,1984572416,1984.572416,23,31,147,1,20250815_211716
1755260163.8710756,7752275,1984582400,1984.5824,26,31,145,1,20250815_211716
1755260163.8810596,7752314,1984592384,1984.592384,30,31,143,1,20250815_211716
1755260163.8912995,7752354,1984602624,1984.602624,33,31,140,1,20250815_211716
1755260163.9012835,7752393,1984612608,1984.612608,36,30,136,1,20250815_211716
1755260163.9112675,7752432,1984622592,1984.622592,39,30,132,1,20250815_211716
1755260163.9212515,7752471,1984632576,1984.632576,42,31,130,1,20250815_211716
1755260163.9312356,7752510,1984642560,1984.64256,46,31,123,1,20250815_211716
1755260163.9412196,7752549,1984652544,1984.652544,49,30,115,1,20250815_211716
1755260163.9512036,7752588,1984662528,1984.662528,52,30,105,1,20250815_211716
1755260163.9611876,7752627,1984672512,1984.672512,55,30,100,1,20250815_211716
1755260163.9711716,7752666,1984682496,1984.682496,58,30,96,1,20250815_211716
1755260163.9811556,7752705,1984692480,1984.69248,62,29,90,1,20250815_211716
1755260163.9911397,7752744,1984702464,1984.702464,65,29,86,1,20250815_211716
1755260164.0011234,7752783,1984712448,1984.712448,68,29,85,1,20250815_211716
1755260164.0111074,7752822,1984722432,1984.722432,71,29,88,1,20250815_211716
1755260164.0210917,7752861,1984732416,1984.732416,74,29,85,1,20250815_211716
1755260164.0313315,7752901,1984742656,1984.742656,77,29,84,1,20250815_211716
1755260164.0413156,7752940,1984752640,1984.75264,81,29,85,1,20250815_211716
1755260164.0512996,7752979,1984762624,1984.762624,84,28,86,1,20250815_211716
1755260164.0612836,7753018,1984772608,1984.772608,87,29,87,1,20250815_211716
1755260164.0712676,7753057,1984782592,1984.782592,90,28,86,1,20250815_211716
1755260164.0812516,7753096,1984792576,1984.792576,93,28,87,1,20250815_211716
1755260164.0912356,7753135,1984802560,1984.80256,97,28,87,1,20250815_211716
1755260164.1012197,7753174,1984812544,1984.812544,100,29,86,1,20250815_211716
1755260164.1112034,7753213,1984822528,1984.822528,103,28,86,1,20250815_211716
1755260164.1211874,7753252,1984832512,1984.832512,106,27,86,1,20250815_211716
1755260164.1311717,7753291,1984842496,1984.842496,109,27,87,1,20250815_211716
1755260164.1411555,7753330,1984852480,1984.85248,112,28,87,1,20250815_211716
1755260164.1511395,7753369,1984862464,1984.862464,116,27,87,1,20250815_211716
1755260164.1611235,7753408,1984872448,1984.872448,119,27,87,1,20250815_211716
1755260164.1713636,7753448,1984882688,1984.882688,122,27,87,1,20250815_211716
1755260164.1813476,7753487,1984892672,1984.892672,125,27,88,1,20250815_211716
1755260164.1913316,7753526,1984902656,1984.902656,128,27,88,1,20250815_211716
1755260164.2013156,7753565,1984912640,1984.91264,132,27,88,1,20250815_211716
1755260164.2112997,7753604,1984922624,1984.922624,135,27,88,1,20250815_211716
1755260164.2212834,7753643,1984932608,1984.932608,138,27,90,1,20250815_211716
1755260164.2312677,7753682,1984942592,1984.942592,141,27,90,1,20250815_211716
1755260164.2412517,7753721,1984952576,1984.952576,144,27,92,1,20250815_211716
1755260164.2512355,7753760,1984962560,1984.96256,148,27,92,1,20250815_211716
1755260164.2612195,7753799,1984972544,1984.972544,151,27,95,1,20250815_211716
1755260164.2712035,7753838,1984982528,1984.982528,154,27,98,1,20250815_211716
1755260164.2811875,7753877,1984992512,1984.992512,157,29,103,1,20250815_211716
1755260164.2911716,7753916,1985002496,1985.002496,160,27,108,1,20250815_211716
1755260164.3011556,7753955,1985012480,1985.01248,163,28,114,1,20250815_211716
1755260164.3111396,7753994,1985022464,1985.022464,167,28,120,1,20250815_211716
1755260164.3213797,7754034,1985032704,1985.032704,170,28,125,1,20250815_211716
1755260164.3313634,7754073,1985042688,1985.042688,173,28,128,1,20250815_211716
1755260164.3413477,7754112,1985052672,1985.052672,176,29,135,1,20250815_211716
1755260164.3513317,7754151,1985062656,1985.062656,179,28,142,1,20250815_211716
1755260164.3613155,7754190,1985072640,1985.07264,183,28,144,1,20250815_211716
1755260164.3712995,7754229,1985082624,1985.082624,186,29,144,1,20250815_211716
1755260164.3812835,7754268,1985092608,1985.092608,189,29,144,1,20250815_211716
1755260164.3912675,7754307,1985102592,1985.102592,192,28,146,1,20250815_211716
1755260164.4012516,7754346,1985112576,1985.112576,195,28,147,1,20250815_211716
1755260164.4112356,7754385,1985122560,1985.12256,199,28,148,1,20250815_211716
1755260164.4212196,7754424,1985132544,1985.132544,202,28,149,1,20250815_211716
1755260164.4312036,7754463,1985142528,1985.142528,205,28,149,1,20250815_211716
1755260164.4411876,7754502,1985152512,1985.152512,208,28,149,1,20250815_211716
1755260164.4511716,7754541,1985162496,1985.162496,211,28,150,1,20250815_211716
1755260164.4614117,7754581,1985172736,1985.172736,214,28,150,1,20250815_211716
1755260164.4713955,7754620,1985182720,1985.18272,218,27,151,1,20250815_211716
1755260164.4813795,7754659,1985192704,1985.192704,221,28,151,1,20250815_211716
1755260164.4913635,7754698,1985202688,1985.202688,224,28,151,1,20250815_211716
1755260164.5013475,7754737,1985212672,1985.212672,227,28,152,1,20250815_211716
1755260164.5113316,7754776,1985222656,1985.222656,230,28,152,1,20250815_211716
1755260164.5213156,7754815,1985232640,1985.23264,234,28,152,1,20250815_211716
1755260164.5312996,7754854,1985242624,1985.242624,237,28,153,1,20250815_211716
1755260164.5412836,7754893,1985252608,1985.252608,240,29,152,1,20250815_211716
1755260164.5512676,7754932,1985262592,1985.262592,243,29,151,1,20250815_211716
1755260164.5612516,7754971,1985272576,1985.272576,246,28,150,1,20250815_211716
1755260164.5712357,7755010,1985282560,1985.28256,250,29,149,1,20250815_211716
1755260164.5812194,7755049,1985292544,1985.292544,253,29,150,1,20250815_211716
1755260164.5912037,7755088,1985302528,1985.302528,1,29,150,1,20250815_211716
1755260164.6011877,7755127,1985312512,1985.312512,4,29,150,1,20250815_211716
1755260164.6114275,7755167,1985322752,1985.322752,7,29,150,1,20250815_211716
1755260164.6214116,7755206,1985332736,1985.332736,10,29,149,1,20250815_211716
1755260164.6313956,7755245,1985342720,1985.34272,14,29,149,1,20250815_211716
1755260164.6413796,7755284,1985352704,1985.352704,17,29,148,1,20250815_211716
1755260164.6513636,7755323,1985362688,1985.362688,20,29,147,1,20250815_211716
1755260164.6613476,7755362,1985372672,1985.372672,23,29,146,1,20250815_211716
1755260164.6713316,7755401,1985382656,1985.382656,26,29,143,1,20250815_211716
1755260164.6813157,7755440,1985392640,1985.39264,30,28,140,1,20250815_211716
1755260164.6912994,7755479,1985402624,1985.402624,33,29,138,1,20250815_211716
1755260164.7012837,7755518,1985412608,1985.412608,36,28,134,1,20250815_211716
1755260164.7112677,7755557,1985422592,1985.422592,39,29,132,1,20250815_211716
1755260164.7212515,7755596,1985432576,1985.432576,42,29,128,1,20250815_211716
1755260164.7312355,7755635,1985442560,1985.44256,45,28,121,1,20250815_211716
1755260164.7412195,7755674,1985452544,1985.452544,49,29,112,1,20250815_211716
1755260164.7512035,7755713,1985462528,1985.462528,52,29,104,1,20250815_211716
1755260164.7614436,7755753,1985472768,1985.472768,55,29,99,1,20250815_211716
1755260164.7714276,7755792,1985482752,1985.482752,58,28,93,1,20250815_211716
1755260164.7814116,7755831,1985492736,1985.492736,61,28,90,1,20250815_211716
1755260164.7913957,7755870,1985502720,1985.50272,65,28,87,1,20250815_211716
1755260164.8013794,7755909,1985512704,1985.512704,68,28,85,1,20250815_211716
1755260164.8113637,7755948,1985522688,1985.522688,71,27,87,1,20250815_211716
1755260164.8213477,7755987,1985532672,1985.532672,74,28,86,1,20250815_211716
1755260164.8313315,7756026,1985542656,1985.542656,77,27,85,1,20250815_211716
1755260164.8413155,7756065,1985552640,1985.55264,81,27,85,1,20250815_211716
1755260164.8512995,7756104,1985562624,1985.562624,84,27,86,1,20250815_211716
1755260164.8612835,7756143,1985572608,1985.572608,87,27,87,1,20250815_211716
1755260164.8712676,7756182,1985582592,1985.582592,90,27,87,1,20250815_211716
1755260164.8812516,7756221,1985592576,1985.592576,93,27,86,1,20250815_211716
1755260164.8912356,7756260,1985602560,1985.60256,96,27,87,1,20250815_211716
1755260164.9014754,7756300,1985612800,1985.6128,100,27,87,1,20250815_211716
1755260164.9114594,7756339,1985622784,1985.622784,103,26,88,1,20250815_211716
1755260164.9214437,7756378,1985632768,1985.632768,106,26,87,1,20250815_211716
1755260164.9314277,7756417,1985642752,1985.642752,109,26,86,1,20250815_211716
1755260164.9414115,7756456,1985652736,1985.652736,112,26,86,1,20250815_211716
1755260164.9513955,7756495,1985662720,1985.66272,116,26,88,1,20250815_211716
1755260164.9613795,7756534,1985672704,1985.672704,119,26,88,1,20250815_211716
1755260164.9713635,7756573,1985682688,1985.682688,122,25,88,1,20250815_211716
1755260164.9813476,7756612,1985692672,1985.692672,125,26,88,1,20250815_211716
1755260164.9913316,7756651,1985702656,1985.702656,128,25,88,1,20250815_211716
1755260165.0013156,7756690,1985712640,1985.71264,132,26,89,1,20250815_211716
1755260165.0112996,7756729,1985722624,1985.722624,135,26,90,1,20250815_211716
1755260165.0212836,7756768,1985732608,1985.732608,138,26,91,1,20250815_211716
1755260165.0312676,7756807,1985742592,1985.742592,141,26,91,1,20250815_211716
1755260165.0415075,7756847,1985752832,1985.752832,144,26,93,1,20250815_211716
1755260165.0514915,7756886,1985762816,1985.762816,147,26,95,1,20250815_211716
1755260165.0614755,7756925,1985772800,1985.7728,151,26,97,1,20250815_211716
1755260165.0714595,7756964,1985782784,1985.782784,154,26,101,1,20250815_211716
1755260165.0814435,7757003,1985792768,1985.792768,157,27,107,1,20250815_211716
1755260165.0914276,7757042,1985802752,1985.802752,160,27,113,1,20250815_211716
1755260165.1014116,7757081,1985812736,1985.812736,163,27,118,1,20250815_211716
1755260165.1113956,7757120,1985822720,1985.82272,167,27,122,1,20250815_211716
1755260165.1213796,7757159,1985832704,1985.832704,170,27,127,1,20250815_211716
1755260165.1313636,7757198,1985842688,1985.842688,173,27,131,1,20250815_211716
1755260165.1413476,7757237,1985852672,1985.852672,176,27,137,1,20250815_211716
1755260165.1513317,7757276,1985862656,1985.862656,179,27,143,1,20250815_211716
1755260165.1613154,7757315,1985872640,1985.87264,183,27,144,1,20250815_211716
1755260165.1712997,7757354,1985882624,1985.882624,186,27,144,1,20250815_211716
1755260165.1815395,7757394,1985892864,1985.892864,189,27,145,1,20250815_211716
1755260165.1915236,7757433,1985902848,1985.902848,192,27,146,1,20250815_211716
1755260165.2015076,7757472,1985912832,1985.912832,195,27,148,1,20250815_211716
1755260165.2114916,7757511,1985922816,1985.922816,198,27,149,1,20250815_211716
1755260165.2214756,7757550,1985932800,1985.9328,202,26,148,1,20250815_211716
1755260165.2314596,7757589,1985942784,1985.942784,205,26,150,1,20250815_211716
1755260165.2414436,7757628,1985952768,1985.952768,208,27,150,1,20250815_211716
1755260165.2514277,7757667,1985962752,1985.962752,211,26,150,1,20250815_211716
1755260165.2614114,7757706,1985972736,1985.972736,214,26,151,1,20250815_211716
1755260165.2713954,7757745,1985982720,1985.98272,218,26,151,1,20250815_211716
1755260165.2813797,7757784,1985992704,1985.992704,221,26,152,1,20250815_211716
1755260165.2913637,7757823,1986002688,1986.002688,224,26,152,1,20250815_211716
1755260165.3013475,7757862,1986012672,1986.012672,227,26,152,1,20250815_211716
1755260165.3113315,7757901,1986022656,1986.022656,230,26,152,1,20250815_211716
1755260165.3213155,7757940,1986032640,1986.03264,233,26,151,1,20250815_211716
1755260165.3315556,7757980,1986042880,1986.04288,237,26,153,1,20250815_211716
1755260165.3415396,7758019,1986052864,1986.052864,240,26,152,1,20250815_211716
1755260165.3515236,7758058,1986062848,1986.062848,243,26,152,1,20250815_211716
1755260165.3615077,7758097,1986072832,1986.072832,246,26,152,1,20250815_211716
1755260165.3714914,7758136,1986082816,1986.082816,249,26,152,1,20250815_211716
1755260165.3814754,7758175,1986092800,1986.0928,253,26,152,1,20250815_211716
1755260165.3914597,7758214,1986102784,1986.102784,1,26,151,1,20250815_211716
1755260165.4014435,7758253,1986112768,1986.112768,4,26,151,1,20250815_211716
1755260165.4114275,7758292,1986122752,1986.122752,7,26,151,1,20250815_211716
1755260165.4214115,7758331,1986132736,1986.132736,10,26,151,1,20250815_211716
1755260165.4313955,7758370,1986142720,1986.14272,14,26,148,1,20250815_211716
1755260165.4413795,7758409,1986152704,1986.152704,17,26,149,1,20250815_211716
1755260165.4513636,7758448,1986162688,1986.162688,20,26,147,1,20250815_211716
1755260165.4613476,7758487,1986172672,1986.172672,23,26,146,1,20250815_211716
1755260165.4713316,7758526,1986182656,1986.182656,26,26,145,1,20250815_211716
1755260165.4815714,7758566,1986192896,1986.192896,29,26,142,1,20250815_211716
1755260165.4915557,7758605,1986202880,1986.20288,33,26,140,1,20250815_211716
1755260165.5015397,7758644,1986212864,1986.212864,36,26,136,1,20250815_211716
1755260165.5115235,7758683,1986222848,1986.222848,39,26,134,1,20250815_211716
1755260165.5215075,7758722,1986232832,1986.232832,42,26,128,1,20250815_211716
1755260165.5314915,7758761,1986242816,1986.242816,45,26,125,1,20250815_211716
1755260165.5414755,7758800,1986252800,1986.2528,49,26,115,1,20250815_211716
1755260165.5514596,7758839,1986262784,1986.262784,52,26,106,1,20250815_211716
1755260165.5614436,7758878,1986272768,1986.272768,55,26,100,1,20250815_211716
1755260165.5714276,7758917,1986282752,1986.282752,58,25,94,1,20250815_211716
1755260165.5814116,7758956,1986292736,1986.292736,61,26,91,1,20250815_211716
1755260165.5913956,7758995,1986302720,1986.30272,65,25,87,1,20250815_211716
1755260165.6013796,7759034,1986312704,1986.312704,68,25,86,1,20250815_211716
1755260165.6113636,7759073,1986322688,1986.322688,71,25,88,1,20250815_211716
1755260165.6216035,7759113,1986332928,1986.332928,74,25,85,1,20250815_211716
1755260165.6315875,7759152,1986342912,1986.342912,77,25,84,1,20250815_211716
1755260165.6415715,7759191,1986352896,1986.352896,80,25,85,1,20250815_211716
1755260165.6515555,7759230,1986362880,1986.36288,84,25,86,1,20250815_211716
1755260165.6615396,7759269,1986372864,1986.372864,87,24,86,1,20250815_211716
1755260165.6715236,7759308,1986382848,1986.382848,90,24,87,1,20250815_211716
1755260165.6815076,7759347,1986392832,1986.392832,93,25,86,1,20250815_211716
1755260165.6914916,7759386,1986402816,1986.402816,96,24,88,1,20250815_211716
1755260165.7014756,7759425,1986412800,1986.4128,100,24,87,1,20250815_211716
1755260165.7114596,7759464,1986422784,1986.422784,103,24,87,1,20250815_211716
1755260165.7214437,7759503,1986432768,1986.432768,106,24,86,1,20250815_211716
1755260165.7314274,7759542,1986442752,1986.442752,109,24,86,1,20250815_211716
1755260165.7414114,7759581,1986452736,1986.452736,112,24,87,1,20250815_211716
1755260165.7513957,7759620,1986462720,1986.46272,116,23,86,1,20250815_211716
1755260165.7613797,7759659,1986472704,1986.472704,119,24,87,1,20250815_211716
1755260165.7716196,7759699,1986482944,1986.482944,122,24,86,1,20250815_211716
1755260165.7816036,7759738,1986492928,1986.492928,125,23,88,1,20250815_211716
1755260165.7915876,7759777,1986502912,1986.502912,128,23,88,1,20250815_211716
1755260165.8015716,7759816,1986512896,1986.512896,131,23,89,1,20250815_211716
1755260165.8115556,7759855,1986522880,1986.52288,135,23,89,1,20250815_211716
1755260165.8215396,7759894,1986532864,1986.532864,138,23,90,1,20250815_211716
1755260165.8315237,7759933,1986542848,1986.542848,141,23,91,1,20250815_211716
1755260165.8415074,7759972,1986552832,1986.552832,144,24,92,1,20250815_211716
1755260165.8514917,7760011,1986562816,1986.562816,147,24,94,1,20250815_211716
1755260165.8614757,7760050,1986572800,1986.5728,151,24,96,1,20250815_211716
1755260165.8714595,7760089,1986582784,1986.582784,154,24,99,1,20250815_211716
1755260165.8814435,7760128,1986592768,1986.592768,157,24,103,1,20250815_211716
1755260165.8914275,7760167,1986602752,1986.602752,160,24,111,1,20250815_211716
1755260165.9014115,7760206,1986612736,1986.612736,163,24,116,1,20250815_211716
1755260165.9116516,7760246,1986622976,1986.622976,166,25,120,1,20250815_211716
1755260165.9216356,7760285,1986632960,1986.63296,170,24,126,1,20250815_211716
1755260165.9316196,7760324,1986642944,1986.642944,173,24,129,1,20250815_211716
1755260165.9416037,7760363,1986652928,1986.652928,176,24,134,1,20250815_211716
1755260165.9515874,7760402,1986662912,1986.662912,179,24,142,1,20250815_211716
1755260165.9615717,7760441,1986672896,1986.672896,182,25,144,1,20250815_211716
1755260165.9715557,7760480,1986682880,1986.68288,186,25,144,1,20250815_211716
1755260165.9815395,7760519,1986692864,1986.692864,189,24,143,1,20250815_211716
1755260165.9915235,7760558,1986702848,1986.702848,192,24,145,1,20250815_211716
1755260166.0015075,7760597,1986712832,1986.712832,195,24,146,1,20250815_211716
1755260166.0114915,7760636,1986722816,1986.722816,198,24,148,1,20250815_211716
1755260166.0214756,7760675,1986732800,1986.7328,202,24,148,1,20250815_211716
1755260166.0314596,7760714,1986742784,1986.742784,205,24,150,1,20250815_211716
1755260166.0414436,7760753,1986752768,1986.752768,208,24,150,1,20250815_211716
1755260166.0514276,7760792,1986762752,1986.762752,211,24,150,1,20250815_211716
1755260166.0616674,7760832,1986772992,1986.772992,214,24,150,1,20250815_211716
1755260166.0716517,7760871,1986782976,1986.782976,217,24,151,1,20250815_211716
1755260166.0816357,7760910,1986792960,1986.79296,221,24,151,1,20250815_211716
1755260166.0916195,7760949,1986802944,1986.802944,224,24,151,1,20250815_211716
1755260166.1016035,7760988,1986812928,1986.812928,227,24,152,1,20250815_211716
1755260166.1115875,7761027,1986822912,1986.822912,230,24,152,1,20250815_211716
1755260166.1215715,7761066,1986832896,1986.832896,233,24,152,1,20250815_211716
1755260166.1315556,7761105,1986842880,1986.84288,237,24,152,1,20250815_211716
1755260166.1415396,7761144,1986852864,1986.852864,240,24,153,1,20250815_211716
1755260166.1515236,7761183,1986862848,1986.862848,243,24,152,1,20250815_211716
1755260166.1615076,7761222,1986872832,1986.872832,246,24,152,1,20250815_211716
1755260166.1714916,7761261,1986882816,1986.882816,249,24,152,1,20250815_211716
1755260166.1814756,7761300,1986892800,1986.8928,253,24,152,1,20250815_211716
1755260166.1914597,7761339,1986902784,1986.902784,1,24,151,1,20250815_211716
1755260166.2016995,7761379,1986913024,1986.913024,4,24,151,1,20250815_211716
1755260166.2116835,7761418,1986923008,1986.923008,7,24,151,1,20250815_211716
1755260166.2216675,7761457,1986932992,1986.932992,10,24,151,1,20250815_211716
1755260166.2316515,7761496,1986942976,1986.942976,13,24,150,1,20250815_211716
1755260166.2416356,7761535,1986952960,1986.95296,17,24,149,1,20250815_211716
1755260166.2516196,7761574,1986962944,1986.962944,20,24,148,1,20250815_211716
1755260166.2616036,7761613,1986972928,1986.972928,23,24,146,1,20250815_211716
1755260166.2715876,7761652,1986982912,1986.982912,26,24,144,1,20250815_211716
1755260166.2815716,7761691,1986992896,1986.992896,29,24,143,1,20250815_211716
1755260166.2915556,7761730,1987002880,1987.00288,33,23,138,1,20250815_211716
1755260166.3015397,7761769,1987012864,1987.012864,36,24,135,1,20250815_211716
1755260166.3115234,7761808,1987022848,1987.022848,39,24,132,1,20250815_211716
1755260166.3215077,7761847,1987032832,1987.032832,42,24,131,1,20250815_211716
1755260166.3314917,7761886,1987042816,1987.042816,45,24,122,1,20250815_211716
1755260166.3414755,7761925,1987052800,1987.0528,49,24,116,1,20250815_211716
1755260166.3517156,7761965,1987063040,1987.06304,52,23,106,1,20250815_211716
1755260166.3616996,7762004,1987073024,1987.073024,55,24,100,1,20250815_211716
1755260166.3716836,7762043,1987083008,1987.083008,58,23,95,1,20250815_211716
1755260166.3816676,7762082,1987092992,1987.092992,61,23,91,1,20250815_211716
1755260166.3916516,7762121,1987102976,1987.102976,64,23,88,1,20250815_211716
1755260166.4016356,7762160,1987112960,1987.11296,68,23,86,1,20250815_211716
1755260166.4116197,7762199,1987122944,1987.122944,71,22,89,1,20250815_211716
1755260166.4216034,7762238,1987132928,1987.132928,74,23,86,1,20250815_211716
1755260166.4315877,7762277,1987142912,1987.142912,77,22,84,1,20250815_211716
1755260166.4415717,7762316,1987152896,1987.152896,80,22,85,1,20250815_211716
1755260166.4515555,7762355,1987162880,1987.16288,84,23,86,1,20250815_211716
1755260166.4615395,7762394,1987172864,1987.172864,87,22,87,1,20250815_211716
1755260166.4715235,7762433,1987182848,1987.182848,90,22,87,1,20250815_211716
1755260166.4815075,7762472,1987192832,1987.192832,93,22,86,1,20250815_211716
1755260166.4917476,7762512,1987203072,1987.203072,96,22,87,1,20250815_211716
1755260166.5017316,7762551,1987213056,1987.213056,99,22,87,1,20250815_211716
1755260166.5117157,7762590,1987223040,1987.22304,103,21,86,1,20250815_211716
1755260166.5216994,7762629,1987233024,1987.233024,106,22,86,1,20250815_211716
1755260166.5316834,7762668,1987243008,1987.243008,109,21,86,1,20250815_211716
1755260166.5416677,7762707,1987252992,1987.252992,112,21,86,1,20250815_211716
1755260166.5516517,7762746,1987262976,1987.262976,115,21,87,1,20250815_211716
1755260166.5616355,7762785,1987272960,1987.27296,119,21,88,1,20250815_211716
1755260166.5716195,7762824,1987282944,1987.282944,122,21,87,1,20250815_211716
1755260166.5816035,7762863,1987292928,1987.292928,125,21,88,1,20250815_211716
1755260166.5915875,7762902,1987302912,1987.302912,128,21,88,1,20250815_211716
1755260166.6015716,7762941,1987312896,1987.312896,131,21,88,1,20250815_211716
1755260166.6115556,7762980,1987322880,1987.32288,135,21,89,1,20250815_211716
1755260166.6215396,7763019,1987332864,1987.332864,138,21,90,1,20250815_211716
1755260166.6317794,7763059,1987343104,1987.343104,141,21,90,1,20250815_211716
1755260166.6417634,7763098,1987353088,1987.353088,144,21,92,1,20250815_211716
1755260166.6517477,7763137,1987363072,1987.363072,147,21,93,1,20250815_211716
1755260166.6617315,7763176,1987373056,1987.373056,150,21,95,1,20250815_211716
1755260166.6717155,7763215,1987383040,1987.38304,154,21,99,1,20250815_211716
1755260166.6816995,7763254,1987393024,1987.393024,157,21,103,1,20250815_211716
1755260166.6916835,7763293,1987403008,1987.403008,160,21,111,1,20250815_211716
1755260166.7016675,7763332,1987412992,1987.412992,163,22,116,1,20250815_211716
1755260166.7116516,7763371,1987422976,1987.422976,166,21,121,1,20250815_211716
1755260166.7216356,7763410,1987432960,1987.43296,170,22,126,1,20250815_211716
1755260166.7316196,7763449,1987442944,1987.442944,173,22,129,1,20250815_211716
1755260166.7416036,7763488,1987452928,1987.452928,176,22,135,1,20250815_211716
1755260166.7515876,7763527,1987462912,1987.462912,179,22,142,1,20250815_211716
1755260166.7615716,7763566,1987472896,1987.472896,182,22,144,1,20250815_211716
1755260166.7715557,7763605,1987482880,1987.48288,186,22,145,1,20250815_211716
1755260166.7817955,7763645,1987493120,1987.49312,189,22,145,1,20250815_211716
1755260166.7917795,7763684,1987503104,1987.503104,192,21,146,1,20250815_211716
1755260166.8017635,7763723,1987513088,1987.513088,195,22,148,1,20250815_211716
1755260166.8117476,7763762,1987523072,1987.523072,198,21,148,1,20250815_211716
1755260166.8217316,7763801,1987533056,1987.533056,201,21,148,1,20250815_211716
1755260166.8317156,7763840,1987543040,1987.54304,205,21,148,1,20250815_211716
1755260166.8416996,7763879,1987553024,1987.553024,208,22,150,1,20250815_211716
1755260166.8516836,7763918,1987563008,1987.563008,211,21,151,1,20250815_211716
1755260166.8616676,7763957,1987572992,1987.572992,214,21,150,1,20250815_211716
1755260166.8716516,7763996,1987582976,1987.582976,217,21,151,1,20250815_211716
1755260166.8816354,7764035,1987592960,1987.59296,221,21,151,1,20250815_211716
1755260166.8916194,7764074,1987602944,1987.602944,224,21,151,1,20250815_211716
1755260166.9016037,7764113,1987612928,1987.612928,227,21,151,1,20250815_211716
1755260166.9115877,7764152,1987622912,1987.622912,230,20,151,1,20250815_211716
1755260166.9218276,7764192,1987633152,1987.633152,233,21,152,1,20250815_211716
1755260166.9318116,7764231,1987643136,1987.643136,237,21,151,1,20250815_211716
1755260166.9417956,7764270,1987653120,1987.65312,240,22,152,1,20250815_211716
1755260166.9517796,7764309,1987663104,1987.663104,243,21,152,1,20250815_211716
1755260166.9617636,7764348,1987673088,1987.673088,246,21,151,1,20250815_211716
1755260166.9717476,7764387,1987683072,1987.683072,249,21,151,1,20250815_211716
1755260166.9817317,7764426,1987693056,1987.693056,252,21,151,1,20250815_211716
1755260166.9917154,7764465,1987703040,1987.70304,1,21,151,1,20250815_211716
1755260167.0016994,7764504,1987713024,1987.713024,4,21,150,1,20250815_211716
1755260167.0116837,7764543,1987723008,1987.723008,7,21,151,1,20250815_211716
1755260167.0216677,7764582,1987732992,1987.732992,10,21,151,1,20250815_211716
1755260167.0316515,7764621,1987742976,1987.742976,13,20,150,1,20250815_211716
1755260167.0418916,7764661,1987753216,1987.753216,17,21,149,1,20250815_211716
1755260167.0518756,7764700,1987763200,1987.7632,20,20,148,1,20250815_211716
1755260167.0618596,7764739,1987773184,1987.773184,23,21,146,1,20250815_211716
1755260167.0718436,7764778,1987783168,1987.783168,26,20,144,1,20250815_211716
1755260167.0818276,7764817,1987793152,1987.793152,29,20,142,1,20250815_211716
1755260167.0918117,7764856,1987803136,1987.803136,33,20,139,1,20250815_211716
1755260167.1020515,7764896,1987813376,1987.813376,36,20,135,1,20250815_211716
1755260167.1120355,7764935,1987823360,1987.82336,39,20,132,1,20250815_211716
1755260167.1220195,7764974,1987833344,1987.833344,42,20,128,1,20250815_211716
1755260167.1320035,7765013,1987843328,1987.843328,45,19,121,1,20250815_211716
1755260167.1419876,7765052,1987853312,1987.853312,49,20,113,1,20250815_211716
1755260167.1519716,7765091,1987863296,1987.863296,52,19,103,1,20250815_211716
1755260167.1619556,7765130,1987873280,1987.87328,55,19,96,1,20250815_211716
1755260167.1721954,7765170,1987883520,1987.88352,58,19,92,1,20250815_211716
1755260167.1821797,7765209,1987893504,1987.893504,61,19,89,1,20250815_211716
1755260167.1921637,7765248,1987903488,1987.903488,64,19,86,1,20250815_211716
1755260167.2021475,7765287,1987913472,1987.913472,68,19,86,1,20250815_211716
1755260167.2121315,7765326,1987923456,1987.923456,71,18,88,1,20250815_211716
1755260167.2221155,7765365,1987933440,1987.93344,74,18,85,1,20250815_211716
1755260167.2320995,7765404,1987943424,1987.943424,77,18,84,1,20250815_211716
1755260167.2423396,7765444,1987953664,1987.953664,80,18,85,1,20250815_211716
1755260167.2523236,7765483,1987963648,1987.963648,84,18,86,1,20250815_211716
1755260167.2623076,7765522,1987973632,1987.973632,87,18,87,1,20250815_211716
1755260167.2722917,7765561,1987983616,1987.983616,90,17,86,1,20250815_211716
1755260167.2822754,7765600,1987993600,1987.9936,93,18,87,1,20250815_211716
1755260167.2922597,7765639,1988003584,1988.003584,96,17,87,1,20250815_211716
1755260167.3022437,7765678,1988013568,1988.013568,100,18,87,1,20250815_211716
1755260167.3122275,7765717,1988023552,1988.023552,103,17,87,1,20250815_211716
1755260167.3222115,7765756,1988033536,1988.033536,106,18,87,1,20250815_211716
1755260167.3321955,7765795,1988043520,1988.04352,109,17,87,1,20250815_211716
1755260167.3424356,7765835,1988053760,1988.05376,112,17,88,1,20250815_211716
1755260167.3524196,7765874,1988063744,1988.063744,116,17,87,1,20250815_211716
1755260167.3624036,7765913,1988073728,1988.073728,119,17,88,1,20250815_211716
1755260167.3723876,7765952,1988083712,1988.083712,122,17,89,1,20250815_211716
1755260167.3823717,7765991,1988093696,1988.093696,125,17,90,1,20250815_211716
1755260167.3923554,7766030,1988103680,1988.10368,128,17,90,1,20250815_211716
1755260167.4023397,7766069,1988113664,1988.113664,131,17,90,1,20250815_211716
1755260167.4123237,7766108,1988123648,1988.123648,135,17,91,1,20250815_211716
1755260167.4223075,7766147,1988133632,1988.133632,138,17,92,1,20250815_211716
1755260167.4322915,7766186,1988143616,1988.143616,141,17,93,1,20250815_211716
1755260167.4422755,7766225,1988153600,1988.1536,144,17,94,1,20250815_211716
1755260167.4522595,7766264,1988163584,1988.163584,147,17,96,1,20250815_211716
1755260167.4622436,7766303,1988173568,1988.173568,151,17,99,1,20250815_211716
1755260167.4722276,7766342,1988183552,1988.183552,154,17,104,1,20250815_211716
1755260167.4822116,7766381,1988193536,1988.193536,157,17,109,1,20250815_211716
1755260167.4924514,7766421,1988203776,1988.203776,160,17,116,1,20250815_211716
1755260167.5024354,7766460,1988213760,1988.21376,163,18,120,1,20250815_211716
1755260167.5124197,7766499,1988223744,1988.223744,166,17,124,1,20250815_211716
1755260167.5224037,7766538,1988233728,1988.233728,170,18,127,1,20250815_211716
1755260167.5323875,7766577,1988243712,1988.243712,173,17,132,1,20250815_211716
1755260167.5423715,7766616,1988253696,1988.253696,176,18,139,1,20250815_211716
1755260167.5523555,7766655,1988263680,1988.26368,179,17,144,1,20250815_211716
1755260167.5623395,7766694,1988273664,1988.273664,182,18,146,1,20250815_211716
1755260167.5723236,7766733,1988283648,1988.283648,186,18,144,1,20250815_211716
1755260167.5823076,7766772,1988293632,1988.293632,189,18,145,1,20250815_211716
1755260167.5922916,7766811,1988303616,1988.303616,192,17,147,1,20250815_211716
1755260167.6022756,7766850,1988313600,1988.3136,195,18,148,1,20250815_211716
1755260167.6122596,7766889,1988323584,1988.323584,198,17,148,1,20250815_211716
1755260167.6222436,7766928,1988333568,1988.333568,202,18,149,1,20250815_211716
1755260167.6324835,7766968,1988343808,1988.343808,205,17,150,1,20250815_211716
1755260167.6424675,7767007,1988353792,1988.353792,208,18,150,1,20250815_211716
1755260167.6524515,7767046,1988363776,1988.363776,211,17,151,1,20250815_211716
1755260167.6624355,7767085,1988373760,1988.37376,214,17,150,1,20250815_211716
1755260167.6724195,7767124,1988383744,1988.383744,217,17,151,1,20250815_211716
1755260167.6824036,7767163,1988393728,1988.393728,221,17,151,1,20250815_211716
1755260167.6923876,7767202,1988403712,1988.403712,224,17,152,1,20250815_211716
1755260167.7023716,7767241,1988413696,1988.413696,227,17,152,1,20250815_211716
1755260167.7123556,7767280,1988423680,1988.42368,230,17,152,1,20250815_211716
1755260167.7223396,7767319,1988433664,1988.433664,233,17,152,1,20250815_211716
1755260167.7323236,7767358,1988443648,1988.443648,237,17,151,1,20250815_211716
1755260167.7423077,7767397,1988453632,1988.453632,240,17,151,1,20250815_211716
1755260167.7522914,7767436,1988463616,1988.463616,243,17,151,1,20250815_211716
1755260167.7622757,7767475,1988473600,1988.4736,246,18,152,1,20250815_211716
1755260167.7722597,7767514,1988483584,1988.483584,249,17,151,1,20250815_211716
1755260167.7824996,7767554,1988493824,1988.493824,253,17,152,1,20250815_211716
1755260167.7924836,7767593,1988503808,1988.503808,1,17,151,1,20250815_211716
1755260167.8024676,7767632,1988513792,1988.513792,4,17,152,1,20250815_211716
1755260167.8124516,7767671,1988523776,1988.523776,7,16,151,1,20250815_211716
1755260167.8224356,7767710,1988533760,1988.53376,10,17,150,1,20250815_211716
1755260167.8324196,7767749,1988543744,1988.543744,13,17,150,1,20250815_211716
1755260167.8424037,7767788,1988553728,1988.553728,17,17,148,1,20250815_211716
1755260167.8523874,7767827,1988563712,1988.563712,20,17,147,1,20250815_211716
1755260167.8623714,7767866,1988573696,1988.573696,23,17,146,1,20250815_211716
1755260167.8723557,7767905,1988583680,1988.58368,26,16,143,1,20250815_211716
1755260167.8823397,7767944,1988593664,1988.593664,29,17,141,1,20250815_211716
1755260167.8925796,7767984,1988603904,1988.603904,33,16,137,1,20250815_211716
1755260167.9025636,7768023,1988613888,1988.613888,36,17,134,1,20250815_211716
1755260167.9125476,7768062,1988623872,1988.623872,39,16,132,1,20250815_211716
1755260167.9225316,7768101,1988633856,1988.633856,42,16,129,1,20250815_211716
1755260167.9325156,7768140,1988643840,1988.64384,45,16,125,1,20250815_211716
1755260167.9424996,7768179,1988653824,1988.653824,49,17,113,1,20250815_211716
1755260167.9524837,7768218,1988663808,1988.663808,52,16,104,1,20250815_211716
1755260167.9627235,7768258,1988674048,1988.674048,55,17,98,1,20250815_211716
1755260167.9727075,7768297,1988684032,1988.684032,58,16,91,1,20250815_211716
1755260167.9826915,7768336,1988694016,1988.694016,61,17,89,1,20250815_211716
1755260167.9926755,7768375,1988704000,1988.704,65,16,86,1,20250815_211716
1755260168.0026596,7768414,1988713984,1988.713984,68,17,86,1,20250815_211716
1755260168.0126436,7768453,1988723968,1988.723968,71,16,87,1,20250815_211716
1755260168.0226276,7768492,1988733952,1988.733952,74,16,85,1,20250815_211716
1755260168.0326116,7768531,1988743936,1988.743936,77,15,84,1,20250815_211716
1755260168.0428514,7768571,1988754176,1988.754176,80,16,85,1,20250815_211716
1755260168.0528357,7768610,1988764160,1988.76416,84,16,87,1,20250815_211716
1755260168.0628195,7768649,1988774144,1988.774144,87,16,88,1,20250815_211716
1755260168.0728035,7768688,1988784128,1988.784128,90,15,86,1,20250815_211716
1755260168.0827875,7768727,1988794112,1988.794112,93,16,86,1,20250815_211716
1755260168.0927715,7768766,1988804096,1988.804096,96,15,87,1,20250815_211716
1755260168.1027555,7768805,1988814080,1988.81408,100,16,86,1,20250815_211716
1755260168.1127396,7768844,1988824064,1988.824064,103,15,86,1,20250815_211716
1755260168.1227236,7768883,1988834048,1988.834048,106,16,86,1,20250815_211716
1755260168.1327076,7768922,1988844032,1988.844032,109,15,87,1,20250815_211716
1755260168.1426916,7768961,1988854016,1988.854016,112,15,87,1,20250815_211716
1755260168.1526756,7769000,1988864000,1988.864,116,15,88,1,20250815_211716
1755260168.1626596,7769039,1988873984,1988.873984,119,15,89,1,20250815_211716
1755260168.1726437,7769078,1988883968,1988.883968,122,15,88,1,20250815_211716
1755260168.1828835,7769118,1988894208,1988.894208,125,15,90,1,20250815_211716
1755260168.1928675,7769157,1988904192,1988.904192,128,15,89,1,20250815_211716
1755260168.2028515,7769196,1988914176,1988.914176,131,15,90,1,20250815_211716
1755260168.2128356,7769235,1988924160,1988.92416,135,15,91,1,20250815_211716
1755260168.2228196,7769274,1988934144,1988.934144,138,15,91,1,20250815_211716
1755260168.2328036,7769313,1988944128,1988.944128,141,15,92,1,20250815_211716
1755260168.2427876,7769352,1988954112,1988.954112,144,15,93,1,20250815_211716
1755260168.2527716,7769391,1988964096,1988.964096,147,15,95,1,20250815_211716
1755260168.2627556,7769430,1988974080,1988.97408,151,15,98,1,20250815_211716
1755260168.2727396,7769469,1988984064,1988.984064,154,15,102,1,20250815_211716
1755260168.2827237,7769508,1988994048,1988.994048,157,16,108,1,20250815_211716
1755260168.2927074,7769547,1989004032,1989.004032,160,15,115,1,20250815_211716
1755260168.3026917,7769586,1989014016,1989.014016,163,15,119,1,20250815_211716
1755260168.3126757,7769625,1989024000,1989.024,167,16,124,1,20250815_211716
1755260168.3229156,7769665,1989034240,1989.03424,170,16,128,1,20250815_211716
1755260168.3328996,7769704,1989044224,1989.044224,173,15,133,1,20250815_211716
1755260168.3428836,7769743,1989054208,1989.054208,176,16,140,1,20250815_211716
1755260168.3528676,7769782,1989064192,1989.064192,179,16,144,1,20250815_211716
1755260168.3628516,7769821,1989074176,1989.074176,182,16,144,1,20250815_211716
1755260168.3728356,7769860,1989084160,1989.08416,186,16,144,1,20250815_211716
1755260168.3828197,7769899,1989094144,1989.094144,189,16,144,1,20250815_211716
1755260168.3928034,7769938,1989104128,1989.104128,192,16,147,1,20250815_211716
1755260168.4027874,7769977,1989114112,1989.114112,195,16,148,1,20250815_211716
1755260168.4127717,7770016,1989124096,1989.124096,198,15,148,1,20250815_211716
1755260168.4227557,7770055,1989134080,1989.13408,202,16,149,1,20250815_211716
1755260168.4327395,7770094,1989144064,1989.144064,205,15,149,1,20250815_211716
1755260168.4427235,7770133,1989154048,1989.154048,208,16,150,1,20250815_211716
1755260168.4527075,7770172,1989164032,1989.164032,211,15,150,1,20250815_211716
1755260168.4626915,7770211,1989174016,1989.174016,214,16,150,1,20250815_211716
1755260168.4729316,7770251,1989184256,1989.184256,217,15,151,1,20250815_211716
1755260168.4829156,7770290,1989194240,1989.19424,221,16,152,1,20250815_211716
1755260168.4928997,7770329,1989204224,1989.204224,224,15,152,1,20250815_211716
1755260168.5028834,7770368,1989214208,1989.214208,227,15,151,1,20250815_211716
1755260168.5128677,7770407,1989224192,1989.224192,230,15,152,1,20250815_211716
1755260168.5228517,7770446,1989234176,1989.234176,233,16,152,1,20250815_211716
1755260168.5328355,7770485,1989244160,1989.24416,237,16,151,1,20250815_211716
1755260168.5428195,7770524,1989254144,1989.254144,240,16,152,1,20250815_211716
1755260168.5528035,7770563,1989264128,1989.264128,243,16,151,1,20250815_211716
1755260168.5627875,7770602,1989274112,1989.274112,246,16,149,1,20250815_211716
1755260168.5727715,7770641,1989284096,1989.284096,249,16,147,1,20250815_211716
1755260168.5827556,7770680,1989294080,1989.29408,253,17,146,1,20250815_211716
1755260168.5927396,7770719,1989304064,1989.304064,1,16,143,1,20250815_211716
1755260168.6027236,7770758,1989314048,1989.314048,4,16,140,1,20250815_211716
1755260168.6129634,7770798,1989324288,1989.324288,7,16,138,1,20250815_211716
1755260168.6229477,7770837,1989334272,1989.334272,10,16,136,1,20250815_211716
1755260168.6329317,7770876,1989344256,1989.344256,13,16,132,1,20250815_211716
1755260168.6429155,7770915,1989354240,1989.35424,17,16,130,1,20250815_211716
1755260168.6528995,7770954,1989364224,1989.364224,20,16,127,1,20250815_211716
1755260168.6628835,7770993,1989374208,1989.374208,23,16,127,1,20250815_211716
1755260168.6728675,7771032,1989384192,1989.384192,26,16,127,1,20250815_211716
1755260168.6828516,7771071,1989394176,1989.394176,29,16,127,1,20250815_211716
1755260168.6928356,7771110,1989404160,1989.40416,33,16,126,1,20250815_211716
1755260168.7028196,7771149,1989414144,1989.414144,36,16,127,1,20250815_211716
1755260168.7128036,7771188,1989424128,1989.424128,39,16,127,1,20250815_211716
1755260168.7227876,7771227,1989434112,1989.434112,42,17,125,1,20250815_211716
1755260168.7327716,7771266,1989444096,1989.444096,45,16,122,1,20250815_211716
1755260168.7427557,7771305,1989454080,1989.45408,49,16,117,1,20250815_211716
1755260168.7527394,7771344,1989464064,1989.464064,52,16,112,1,20250815_211716
1755260168.7629795,7771384,1989474304,1989.474304,55,17,109,1,20250815_211716
1755260168.7729635,7771423,1989484288,1989.484288,58,16,103,1,20250815_211716
1755260168.7829475,7771462,1989494272,1989.494272,61,17,99,1,20250815_211716
1755260168.7929316,7771501,1989504256,1989.504256,64,16,95,1,20250815_211716
1755260168.8029156,7771540,1989514240,1989.51424,68,16,92,1,20250815_211716
1755260168.8128996,7771579,1989524224,1989.524224,71,16,89,1,20250815_211716
1755260168.8228836,7771618,1989534208,1989.534208,74,16,88,1,20250815_211716
1755260168.8328676,7771657,1989544192,1989.544192,77,16,89,1,20250815_211716
1755260168.8428516,7771696,1989554176,1989.554176,80,17,86,1,20250815_211716
1755260168.8528357,7771735,1989564160,1989.56416,84,17,86,1,20250815_211716
1755260168.8628194,7771774,1989574144,1989.574144,87,17,86,1,20250815_211716
1755260168.8728034,7771813,1989584128,1989.584128,90,17,88,1,20250815_211716
1755260168.8827877,7771852,1989594112,1989.594112,93,17,87,1,20250815_211716
1755260168.8927715,7771891,1989604096,1989.604096,96,16,86,1,20250815_211716
1755260168.9030116,7771931,1989614336,1989.614336,100,17,87,1,20250815_211716
1755260168.9129956,7771970,1989624320,1989.62432,103,16,87,1,20250815_211716
1755260168.9229796,7772009,1989634304,1989.634304,106,17,87,1,20250815_211716
1755260168.9329636,7772048,1989644288,1989.644288,109,16,88,1,20250815_211716
1755260168.9429476,7772087,1989654272,1989.654272,112,16,85,1,20250815_211716
1755260168.9529316,7772126,1989664256,1989.664256,115,16,88,1,20250815_211716
1755260168.9629157,7772165,1989674240,1989.67424,119,17,86,1,20250815_211716
1755260168.9728994,7772204,1989684224,1989.684224,122,16,87,1,20250815_211716
1755260168.9828837,7772243,1989694208,1989.694208,125,17,87,1,20250815_211716
1755260168.9928677,7772282,1989704192,1989.704192,128,17,87,1,20250815_211716
1755260169.0028515,7772321,1989714176,1989.714176,131,16,87,1,20250815_211716
1755260169.0128355,7772360,1989724160,1989.72416,135,16,87,1,20250815_211716
1755260169.0228195,7772399,1989734144,1989.734144,138,17,87,1,20250815_211716
1755260169.0328035,7772438,1989744128,1989.744128,141,16,87,1,20250815_211716
1755260169.0427876,7772477,1989754112,1989.754112,144,17,87,1,20250815_211716
1755260169.0530276,7772517,1989764352,1989.764352,147,16,87,1,20250815_211716
1755260169.0630116,7772556,1989774336,1989.774336,150,17,87,1,20250815_211716
1755260169.0729957,7772595,1989784320,1989.78432,154,16,86,1,20250815_211716
1755260169.0829794,7772634,1989794304,1989.794304,157,17,87,1,20250815_211716
1755260169.0929637,7772673,1989804288,1989.804288,160,17,88,1,20250815_211716
1755260169.1029477,7772712,1989814272,1989.814272,163,20,88,1,20250815_211716
1755260169.1129315,7772751,1989824256,1989.824256,166,31,89,1,20250815_211716
1755260169.1229155,7772790,1989834240,1989.83424,170,34,87,1,20250815_211716
1755260169.1328995,7772829,1989844224,1989.844224,173,31,88,1,20250815_211716
1755260169.1428835,7772868,1989854208,1989.854208,176,47,89,1,20250815_211716
1755260169.1528676,7772907,1989864192,1989.864192,179,34,90,1,20250815_211716
1755260169.1628516,7772946,1989874176,1989.874176,182,31,90,1,20250815_211716
1755260169.1728356,7772985,1989884160,1989.88416,186,28,92,1,20250815_211716
1755260169.1828196,7773024,1989894144,1989.894144,189,21,92,1,20250815_211716
1755260169.1930594,7773064,1989904384,1989.904384,192,17,93,1,20250815_211716
1755260169.2030437,7773103,1989914368,1989.914368,195,14,97,1,20250815_211716
1755260169.2130277,7773142,1989924352,1989.924352,198,14,100,1,20250815_211716
1755260169.2230115,7773181,1989934336,1989.934336,201,17,104,1,20250815_211716
1755260169.2329955,7773220,1989944320,1989.94432,205,15,108,1,20250815_211716
1755260169.2429795,7773259,1989954304,1989.954304,208,17,114,1,20250815_211716
1755260169.2529635,7773298,1989964288,1989.964288,211,16,118,1,20250815_211716
1755260169.2629476,7773337,1989974272,1989.974272,214,19,122,1,20250815_211716
1755260169.2729316,7773376,1989984256,1989.984256,217,16,126,1,20250815_211716
1755260169.2829156,7773415,1989994240,1989.99424,221,15,128,1,20250815_211716
1755260169.2928996,7773454,1990004224,1990.004224,224,15,133,1,20250815_211716
1755260169.3028836,7773493,1990014208,1990.014208,227,16,137,1,20250815_211716
1755260169.3128676,7773532,1990024192,1990.024192,230,16,142,1,20250815_211716
1755260169.3228517,7773571,1990034176,1990.034176,233,18,144,1,20250815_211716
1755260169.3330915,7773611,1990044416,1990.044416,237,17,146,1,20250815_211716
1755260169.3430755,7773650,1990054400,1990.0544,240,19,147,1,20250815_211716
1755260169.3530595,7773689,1990064384,1990.064384,243,18,147,1,20250815_211716
1755260169.3630435,7773728,1990074368,1990.074368,246,19,147,1,20250815_211716
1755260169.3730276,7773767,1990084352,1990.084352,249,19,148,1,20250815_211716
1755260169.3830116,7773806,1990094336,1990.094336,252,20,148,1,20250815_211716
1755260169.3929956,7773845,1990104320,1990.10432,1,19,146,1,20250815_211716
1755260169.4029796,7773884,1990114304,1990.114304,4,20,145,1,20250815_211716
1755260169.4129636,7773923,1990124288,1990.124288,7,20,144,1,20250815_211716
1755260169.4229476,7773962,1990134272,1990.134272,10,22,142,1,20250815_211716
1755260169.4329317,7774001,1990144256,1990.144256,13,22,142,1,20250815_211716
1755260169.4429154,7774040,1990154240,1990.15424,17,24,141,1,20250815_211716
1755260169.4528997,7774079,1990164224,1990.164224,20,24,140,1,20250815_211716
1755260169.4628837,7774118,1990174208,1990.174208,23,26,138,1,20250815_211716
1755260169.4728675,7774157,1990184192,1990.184192,26,25,135,1,20250815_211716
1755260169.4831076,7774197,1990194432,1990.194432,29,27,133,1,20250815_211716
1755260169.4930916,7774236,1990204416,1990.204416,33,27,130,1,20250815_211716
1755260169.5030756,7774275,1990214400,1990.2144,36,29,129,1,20250815_211716
1755260169.5130596,7774314,1990224384,1990.224384,39,28,129,1,20250815_211716
1755260169.5230436,7774353,1990234368,1990.234368,42,29,129,1,20250815_211716
1755260169.5330276,7774392,1990244352,1990.244352,45,28,130,1,20250815_211716
1755260169.5430117,7774431,1990254336,1990.254336,48,29,129,1,20250815_211716
1755260169.5529954,7774470,1990264320,1990.26432,52,27,130,1,20250815_211716
1755260169.5629797,7774509,1990274304,1990.274304,55,28,130,1,20250815_211716
1755260169.5729637,7774548,1990284288,1990.284288,58,27,130,1,20250815_211716
1755260169.5829475,7774587,1990294272,1990.294272,61,29,130,1,20250815_211716
1755260169.5929315,7774626,1990304256,1990.304256,64,28,132,1,20250815_211716
1755260169.6029155,7774665,1990314240,1990.31424,68,29,131,1,20250815_211716
1755260169.6128995,7774704,1990324224,1990.324224,71,28,132,1,20250815_211716
1755260169.6231396,7774744,1990334464,1990.334464,74,29,132,1,20250815_211716
1755260169.6331236,7774783,1990344448,1990.344448,77,28,134,1,20250815_211716
1755260169.6431077,7774822,1990354432,1990.354432,80,30,134,1,20250815_211716
1755260169.6530914,7774861,1990364416,1990.364416,83,29,134,1,20250815_211716
1755260169.6630754,7774900,1990374400,1990.3744,87,29,133,1,20250815_211716
1755260169.6730597,7774939,1990384384,1990.384384,90,29,132,1,20250815_211716
1755260169.6830437,7774978,1990394368,1990.394368,93,29,132,1,20250815_211716
1755260169.6930275,7775017,1990404352,1990.404352,96,27,129,1,20250815_211716
1755260169.7030115,7775056,1990414336,1990.414336,99,28,128,1,20250815_211716
1755260169.7129955,7775095,1990424320,1990.42432,103,26,128,1,20250815_211716
1755260169.7229795,7775134,1990434304,1990.434304,106,26,128,1,20250815_211716
1755260169.7329636,7775173,1990444288,1990.444288,109,24,128,1,20250815_211716
1755260169.7429476,7775212,1990454272,1990.454272,112,25,129,1,20250815_211716
1755260169.7529316,7775251,1990464256,1990.464256,115,25,131,1,20250815_211716
1755260169.7631714,7775291,1990474496,1990.474496,119,29,129,1,20250815_211716
1755260169.7731557,7775330,1990484480,1990.48448,122,32,127,1,20250815_211716
1755260169.7831397,7775369,1990494464,1990.494464,125,32,122,1,20250815_211716
1755260169.7931235,7775408,1990504448,1990.504448,128,28,115,1,20250815_211716
1755260169.8031075,7775447,1990514432,1990.514432,131,27,110,1,20250815_211716
1755260169.8130915,7775486,1990524416,1990.524416,134,24,105,1,20250815_211716
1755260169.8230755,7775525,1990534400,1990.5344,138,25,102,1,20250815_211716
1755260169.8330595,7775564,1990544384,1990.544384,141,25,102,1,20250815_211716
1755260169.8430436,7775603,1990554368,1990.554368,144,27,100,1,20250815_211716
1755260169.8530276,7775642,1990564352,1990.564352,147,23,99,1,20250815_211716
1755260169.8630116,7775681,1990574336,1990.574336,150,22,99,1,20250815_211716
1755260169.8729956,7775720,1990584320,1990.58432,154,22,99,1,20250815_211716
1755260169.8829796,7775759,1990594304,1990.594304,157,23,99,1,20250815_211716
1755260169.8929636,7775798,1990604288,1990.604288,160,23,100,1,20250815_211716
1755260169.9029477,7775837,1990614272,1990.614272,163,24,100,1,20250815_211716
1755260169.9131875,7775877,1990624512,1990.624512,166,23,100,1,20250815_211716
1755260169.9231715,7775916,1990634496,1990.634496,170,24,100,1,20250815_211716
1755260169.9331555,7775955,1990644480,1990.64448,173,23,102,1,20250815_211716
1755260169.9431396,7775994,1990654464,1990.654464,176,24,102,1,20250815_211716
1755260169.9531236,7776033,1990664448,1990.664448,179,25,107,1,20250815_211716
1755260169.9631076,7776072,1990674432,1990.674432,182,26,109,1,20250815_211716
1755260169.9730916,7776111,1990684416,1990.684416,185,24,115,1,20250815_211716
1755260169.9830756,7776150,1990694400,1990.6944,189,26,116,1,20250815_211716
1755260169.9930596,7776189,1990704384,1990.704384,192,26,116,1,20250815_211716
1755260170.0030437,7776228,1990714368,1990.714368,195,27,113,1,20250815_211716
1755260170.0130274,7776267,1990724352,1990.724352,198,26,110,1,20250815_211716
1755260170.0230114,7776306,1990734336,1990.734336,201,26,107,1,20250815_211716
1755260170.0329957,7776345,1990744320,1990.74432,205,25,104,1,20250815_211716
1755260170.0429797,7776384,1990754304,1990.754304,208,27,102,1,20250815_211716
1755260170.0532196,7776424,1990764544,1990.764544,211,27,104,1,20250815_211716
1755260170.0632036,7776463,1990774528,1990.774528,214,28,103,1,20250815_211716
1755260170.0731876,7776502,1990784512,1990.784512,217,28,105,1,20250815_211716
1755260170.0831716,7776541,1990794496,1990.794496,221,29,105,1,20250815_211716
1755260170.0931556,7776580,1990804480,1990.80448,224,29,107,1,20250815_211716
1755260170.1031396,7776619,1990814464,1990.814464,227,30,109,1,20250815_211716
1755260170.1131237,7776658,1990824448,1990.824448,230,29,115,1,20250815_211716
1755260170.1231074,7776697,1990834432,1990.834432,233,30,116,1,20250815_211716
1755260170.1330914,7776736,1990844416,1990.844416,236,28,120,1,20250815_211716
1755260170.1430757,7776775,1990854400,1990.8544,240,28,123,1,20250815_211716
1755260170.1530595,7776814,1990864384,1990.864384,243,29,126,1,20250815_211716
1755260170.1630435,7776853,1990874368,1990.874368,246,28,125,1,20250815_211716
1755260170.1730275,7776892,1990884352,1990.884352,249,27,124,1,20250815_211716
1755260170.1830115,7776931,1990894336,1990.894336,252,28,125,1,20250815_211716
1755260170.1929955,7776970,1990904320,1990.90432,1,24,125,1,20250815_211716
1755260170.2032356,7777010,1990914560,1990.91456,4,27,127,1,20250815_211716
1755260170.2132196,7777049,1990924544,1990.924544,7,27,127,1,20250815_211716
1755260170.2232037,7777088,1990934528,1990.934528,10,27,127,1,20250815_211716
1755260170.2331874,7777127,1990944512,1990.944512,13,27,126,1,20250815_211716
1755260170.2431717,7777166,1990954496,1990.954496,16,28,128,1,20250815_211716
1755260170.2531557,7777205,1990964480,1990.96448,20,27,127,1,20250815_211716
1755260170.2631395,7777244,1990974464,1990.974464,23,28,127,1,20250815_211716
1755260170.2731235,7777283,1990984448,1990.984448,26,27,128,1,20250815_211716
1755260170.2831075,7777322,1990994432,1990.994432,29,28,128,1,20250815_211716
1755260170.2930915,7777361,1991004416,1991.004416,32,26,129,1,20250815_211716
1755260170.3030756,7777400,1991014400,1991.0144,36,27,128,1,20250815_211716
